3.54279
3.84
4.16
2.56
2.24
3.68
2.72
3.68
3.61846
3.04
2.88
4
3.36
1.28
1.92
2.08
4.32
3.36
3.36
3.2
4.48
4
3.68
3.84
4.16
3.68
3.2
3.84
3.52
2.4
2.88
1.92
1.6
1.76
2.56
3.52
3.68
4.48
3.2
2.24
3.2
3.2
3.36
2.88
2.08
3.2
3.84
2.56
2.24
4
4.16
1.6
4.16
4.8
2.88
2.88
3.2
3.36
3.04
3.2
3.04
5.28
2.56
2.4
2.72
5.28
5.92
2.72
5.28
5.28
3.04
2.88
2.56
4.64
5.12
3.84
5.12
2.88
4.48
2.4
3.52
4.32
3.04
3.2
5.6
5.28
3.68
3.68
3.52
4
1.6
4.48
5.6
3.84
4
3.52
4
4.16
3.52
4.96
3.04
4.48
3.36
5.28
4.21333
3.84
4.05333
5.44
3.04
4.4
4.16
4.48
4.64
3.84
4
6.88
3.68
5.44
4.96
4.48
4.16
3.68
5.12
4.96
2.88
4
5.76
6.08
3.68
5.28
3.52
3.78667
6.08
2.56
4.32
4.08
6.72
4.48
3.68
4.8
6.72
1.76
3.52
5.28
4.8
4.8
3.68
4.32
3.84
5.12
4.8
2.72
5.12
4.32
4.32
5.44
5.6
3.52
2.88
3.52
1.6
5.76
5.44
3.52
3.36
4.16
4.8
4.64
4.64
4.16
4.16
4.32
4
3.84
4.32
5.12
4
3.84
4.64
2.56
4.32
4.8
3.04
8.64
4.4
3.2
7.36
3.2
3.04
5.6
4.96
4.96
4.8
5.12
4
4.48
4.16
1.92
3.84
7.2
3.68
3.04
4.48
4.8
3.52
5.28
4.64
3.04
5.12
4.8
5.44
4.56
7.84
3.84
7.2
2.24
3.36
5.92
4.48
4.32
7.2
2.4
3.36
5.44
4.48
5.28
4.32
3.68
6.88
3.2
4.8
5.44
5.76
5.76
4.32
2.56
5.92
3.36
3.36
7.04
5.76
3.68
4.96
5.28
3.2
3.68
5.92
4.96
3.68
5.12
4
4.8
4.48
3.04
6.56
5.12
5.92
3.36
5.76
2.88
3.68
5.76
4.16
4.8
6.72
2.88
3.36
8.16
5.76
3.2
5.44
4
3.68
3.2
5.44
4.48
4.32
3.2
5.44
2.4
4.96
3.36
7.52
4.96
5.44
4
7.04
3.36
4.96
8.48
2.24
2.88
4.96
2.4
4
3.04
4.16
7.2
5.44
5.76
4.72
6.88
5.12
3.2
4.96
3.36
4.8
3.52
4.48
4
4
4.16
3.68
3.36
3.84
3.52
3.2
3.84
3.68
3.36
4
3.84
4
4.16
3.68
2.24
4.48
5.12
3.52
4.32
4.16
4.64
5.12
6.08
3.36
3.2
5.76
3.84
4.16
2.56
3.36
2.72
3.36
4.16
1.76
3.68
2.72
2.88
3.2
3.52
2.82667
3.52
3.04
3.36
4.64
3.36
3.04
4.16
3.84
3.84
4
3.52
2.4
4
3.84
4.16
3.68
3.36
3.36
2.88
3.36
5.12
2.24
2.72
2.72
4
3.52
4.64
4.48
2.88
3.52
2.88
2.88
3.68
4.48
4.64
3.52
4
4.96
3.04
4.16
2.88
4.64
4.24
5.28
3.04
4.16
3.52
3.68
5.28
2.56
5.6
3.2
3.2
3.84
4.48
4.48
3.2
3.52
3.04
4.8
2.88
2.72
5.12
4.64
4
4.16
4.16
2.56
2.56
5.28
2.4
3.36
3.2
3.52
4.48
2.4
3.68
4.32
3.68
2.4
3.84
3.36
3.2
4.64
3.2
4.16
3.68
3.36
3.04
3.04
3.2
3.84
3.04
2.56
3.68
3.04
3.52
3.2
2.24
4.48
3.04
1.92
3.2
1.76
3.04
2.88
2.72
1.92
4.16
3.2
3.36
3.04
4
2.72
3.2
2.56
4
2.56
3.52
2.24
2.4
2.8
1.92
3.04
2.72
3.68
1.6
3.04
3.04
2.88
3.52
2.4
4.48
2.88
3.2
1.92
3.68
1.92
2.56
1.76
2.88
2.08
2.88
1.92
1.92
1.92
3.04
2.88
3.36
1.44
2.4
2.08
2.56
2.08
2.24
2.24
1.2
2.56
1.28
2.24
0.96
1.44
1.76
1.12
2.4
0.96
0.8
2.08
0.88
1.44
1.12
1.76
0.64
0.8
1.44
0.8
1.92
1.12
0.96
1.12
0.64
0.64
0.64
0.64
1.28
1.28
0.64
1.28
0.64
0.8
1.12
0.64
1.28
1.12
0.8
0.96
0.64
1.28
0.64
1.28
1.28
0.64
1.28
0.64
1.44
0.96
0.96
1.12
0.64
1.28
0.64
0.64
1.6
0.8
1.28
1.28
0.64
1.28
0.64
1.12
0.64
0.64
0.64
0.64
0.64
0.64
0.8
0.64
0.72
0.96
0.96
0.64
0.64
0.64
0.8
0.64
1.28
0.96
1.12
0.64
0.64
0.96
0.8
0.96
1.12
0.96
0.96
0.32
0.64
1.12
0.96
1.6
0.32
0.96
0.32
0.32
0.16
0.48
1.44
0.96
0.96
0.16
0.32
0.56
1.44
0.8
0.96
0.32
0.32
0.16
1.12
0.32
0.96
0.32
0.24
0.32
0.32
1.12
0.64
0.48
0.48
0.48
0.96
0.48
0.16
0.48
0.8
0.64
0.08
0.32
0.16
0.48
0.48
0.64
0.64
0.16
0.48
0.32
1.12
0.32
0.8
0.32
1.12
0.64
0.8
0.96
0.32
0.96
0.64
0.32
0.8
0.48
0.96
1.12
0.16
0.88
0.48
1.28
0.64
0.88
0.16
1.12
0.48
0.32
0.8
0.16
0.96
1.12
0.32
0.4
0.32
1.28
0.64
1.44
1.12
0.64
0.32
0.48
1.28
0.56
0.48
0.64
0.64
0.64
0.64
0.64
0.48
0.48
0.8
0.64
0.32
0.48
0.64
0.64
0.64
0.96
0.48
1.12
0.8
0.64
1.76
0.64
1.6
1.04
0.64
0.64
0.96
0.64
1.44
1.12
1.12
1.28
1.12
1.28
0.64
0.64
1.44
0.96
0.96
1.12
0.64
0.64
1.12
0.64
1.44
1.12
0.8
1.12
0.64
0.64
1.28
0.48
1.28
0.64
0.64
0.64
0.64
1.12
0.64
1.12
0.64
0.64
0.8
0.64
0.106667
0.16
0.213333
0.426667
0.32
0.64
0.8
1.28
0.32
0.56
0.64
0.64
1.28
0.64
0
0.64
0.64
0.72
1.76
0.32
0.64
0.64
0.56
1.76
0.8
0.64
0.32
0.64
0.96
0.32
0.48
0.4
0.24
0.24
0.16
0.48
0.032
0.48
0.16
0.48
0.08
0.08
0.64
0.48
0.16
0.48
0.04
0.128
0.16
0.32
0.106667
1.12
0.16
0.16
0.48
0.32
0.106667
0.48
0.16
0.16
0.32
0.64
0.16
0.32
0.08
0.8
0.24
0.08
0.08
0.24
0.16
0.24
0.08
0.16
0.32
0.32
0.48
0.32
0.16
0.32
0.16
0.8
0.32
0.16
0.16
0.32
0.32
0.96
0.48
0.48
0.32
0.16
0.32
1.12
0.32
0.48
0.16
0.16
0.24
1.12
0.32
0.8
0.106667
0.8
0.48
0.32
0.04
0.213333
0.16
0.16
0.16
0.08
0.24
0.16
0.16
0.16
0.106667
0.48
0.64
0.32
0.48
0.48
0.24
0.64
0.32
0.8
0.096
0.48
0.48
1.12
0.64
0.12
0.8
0.32
0.8
0.64
0.64
0.48
0.16
0.48
0.64
0.64
1.12
0.64
0.64
0.48
0.16
0.48
0.64
0.16
1.12
0.16
0.64
0.48
0.16
0.56
0.56
0.16
0.64
0.48
0.16
0.24
0.32
0.16
0.96
0.48
0.32
0.137143
0.64
0.32
0.213333
0.24
0.64
0.32
0.213333
0.32
0.64
0.32
0.213333
0.32
0.8
0.24
0.64
0.32
0.16
0.32
0.48
0.4
0.32
0.0685714
0.08
0.32
0.0533333
0.16
0.32
0.24
0.16
0.64
0.32
0.128
0.32
0.64
0.192
0.32
0.96
0.32
0.192
0.32
0.96
0.32
0.16
0.32
0.128
0.32
0.16
0
0.128
0.04
0.16
0.16
0.032
0.16
0.32
0.32
0.16
0.32
0.64
0.32
0.32
0.106667
0.16
0.96
0.32
0.32
0.106667
0.32
0.8
0.32
0.16
0.24
0.96
0.64
0.08
0.8
0.48
0.106667
0.213333
0.0266667
0.32
0.032
0.16
0.32
0.32
0.48
0.08
0.08
0.64
0.48
0.64
0.096
0.48
0.8
0.12
0.16
0.64
0.32
0.213333
0.64
0.64
0.64
0.096
0.32
0.56
0.24
0.16
0.24
0.16
0.0533333
0.16
0.213333
0.16
0.32
0
0.426667
0.32
0.64
0.56
1.28
0.32
0.56
0.48
0.72
1.28
0.0172973
0.064
0.032
0.0355556
0.32
0.106667
0.32
0.106667
0.96
0.96
0.16
1.76
1.92
0.96
0.8
0.48
0.96
0.8
1.12
0.64
0
0
0
0.64
0
0.16
0.64
0.096
0
0.48
0
1.12
0.64
0.16
0.64
0.64
0.64
0.64
0.48
0.48
0.64
0.106667
0
0
0.12
0.12
1.28
0.213333
0.8
0.64
0.64
0.8
0.64
1.28
0.8
0.32
1.12
1.12
0.4
0.64
0.16
0
0
0
0.64
0
0
0.64
0.16
0.4
0
0.08
0.64
0.8
0.32
0.48
0.96
0.373333
0.32
0.64
1.92
0.8
0.32
0.48
0.192
0.8
0.128
1.12
0.64
0.96
1.6
1.76
0.8
0.96
1.12
0.8
0.426667
3.68
3.52
3.2
2.24
0.8
1.28
1.28
0.0376471
0.0266667
0
0.426667
2.72
4.16
2.56
3.04
2.4
0.96
0.8
1.12
1.76
1.28
2.4
0.746667
0
0
0.16
0.0533333
0.8
0.96
1.76
0.8
0.8
0.32
0.64
0.64
0.64
0.8
0.88
0.128
0.16
0.32
0
0.64
0.0492308
0
0.0114286
0.0666667
0.032
0.0266667
0.64
0.064
0
0.01
0
0
0.00592593
0.128
0
0
0.64
0.0457143
0.00666667
0
1.28
0.16
0.137143
0
0.16
0.124444
0.16
0.32
2.08
4.16
3.52
1.44
0.96
0.1
2.4
5.76
2.4
1.28
0.64
0.96
0.145455
0
1.92
3.84
4.8
2.08
0.64
0.64
0.64
1.44
1.76
0.32
1.28
1.28
1.92
0.08
0.16
0.48
0.213333
0.16
0.8
1.44
1.28
0.64
0.64
0.16
0.64
1.28
0.08
0
0.64
0.0110345
0.16
0.0533333
0.48
0.0135593
0.64
0.032
0.24
0.64
0.0304762
0.06
1.44
0.0266667
0.64
0.32
0.8
0.032
0.64
0.0130612
2.24
2.08
0.64
0.48
0.32
1.12
0.32
0.64
0.032
0.32
2.24
1.92
0.8
0
0.64
0.64
0.373333
0.16
0.096
0.64
0.128
0.16
0.373333
0.48
0.32
0.00333333
0.12
0.096
0
0
0
0.0266667
0.16
0
0
0
0.16
1.44
0.1
0.032
0
0.00444444
0.96
0.32
0
0.64
0.0114286
5.44
0.64
0.96
1.12
1.12
1.44
0.0571429
0
3.2
0.48
0.48
1.28
1.12
0.8
0.0123077
0.106667
0.64
0.56
0.24
0.16
0.48
0.4
0.08
0.0228571
0.16
0.008
0.16
0.00842105
0.0228571
0.16
0.00727273
0.16
0.0114286
0.00842105
0.08
0.032
0
0
0
0.04
0
0.08
0.0457143
0.0266667
0.032
0.8
2.4
0.96
0.32
0
0.16
0.00941176
0.0533333
0.16
0.00432432
0.096
0.16
0.032
1.92
0.373333
0.48
1.6
0.72
0.00842105
0.0533333
0.16
0.0123077
0.4
0.0228571
0.16
0.24
0.0228571
0.02
0.016
0.16
0.0282353
0.0533333
0.16
0.004
0.0106667
0
0
0.16
0.32
0.032
0
0
0
0
0
0.08
0
0.02
0
0.16
0.16
0.08
0.04
0.0266667
0.08
0
2.4
0.96
1.92
0.16
0.32
0.0666667
0
0
0.0177778
0
0
0
0.00761905
0.0355556
0.0533333
0.16
0.0123077
0.2
0.04
0.8
0.064
0.0228571
0.0228571
0.16
0.008
0.32
0.02
0.0533333
0.16
0.0106667
0.0853333
0.64
0.213333
0.64
0.106667
0.0533333
0.48
0.0470588
0.16
0.16
0.00941176
0.0533333
0.16
0.00571429
0.08
0.0123077
0.0228571
0.48
1.28
0.0533333
0.16
0.48
0.4
0.04
0.0145455
0.0457143
0.0533333
0.16
0.08
0.00727273
0.0114286
0.008
0
0.48
0.106667
1.12
0.0711111
0
0.0457143
0.0533333
0.16
0.0106667
0.0228571
0.08
0.02
0.02
0.16
0.008
0.64
0.0355556
0.0457143
0.0533333
0.16
0.01
0.64
0.0492308
0
0.64
0.213333
0.64
0.213333
0.04
0.48
0.08
0
0.64
0.0581818
0.48
0.16
0.0266667
0
0
0.016
0
0.0533333
0.08
0.64
0.32
0.64
0
0.08
0.016
0.02
0.64
0.48
0.48
0.48
0.0266667
0.01
0.0533333
0.16
0.16
0.8
1.12
0.213333
0.96
0
0
0.0355556
0
0
0
0.008
0.24
0.04
0.0145455
0.106667
0
0.213333
0.0533333
0.16
0.02
0.533333
0.016
0.0436364
0.032
0.04
0.0106667
0.48
0.064
0.016
0.0533333
0.08
0.64
0.8
0.04
0.12
0
0.08
1.28
0.0342857
0.48
0.1
0.0369231
0.0152381
0.04
0.032
0.16
0
0.04
0
1.92
0.48
0.16
0.0064
0.0188235
0
0.0426667
0.0145455
0.0145455
0.0123077
0.0114286
0.00888889
0.16
0.32
0.0457143
0.016
0.0533333
0.0533333
0.16
0.0106667
0.32
0.08
0.0177778
0.64
0.032
0.0145455
0.0110345
0.0533333
0.04
0.04
0.01
0.32
0.00551724
1.04
0
0.48
0.56
0.0171429
0.0533333
0.128
0.0581818
0.0177778
0.0252632
0.048
0.008
0.48
0.04
0.0145455
0.0533333
0.0533333
0.16
0.0114286
0.64
0.16
0.06
0.64
0.00842105
0.16
0.0145455
0.16
0.04
0.0533333
0.0154839
0.64
0.0369231
0.266667
0.106667
0.0145455
0.16
0.0457143
0.00842105
0.00888889
0
0.32
0.0228571
0.0145455
0.0355556
0.0106667
0.0426667
0.0304762
0.0145455
0.00914286
0.0533333
0.00941176
1.6
0.16
0.0125843
0.0152381
0.00615385
0.008
0.16
0.04
0.016
0
0.0355556
0.0114286
0.04
0.0304762
0.0145455
0.00744186
0
0.16
0.64
0.00592593
0.00248062
0.00842105
0.16
0.04
0.0145455
0.032
0.0106667
0.0426667
0.00864865
0.04
0.00307692
0.142222
0.048
0.48
0.32
0.022069
0.0123077
0.04
0.0278261
0
0.0206452
0.16
0.0168421
0.032
0.01
0.16
0.022069
0.0114286
0.00695652
0.00761905
0.48
1.12
0.64
0.8
0.116364
0.032
4.8
0.96
0.48
0.48
0.96
1.28
0.64
0.32
0.0533333
0.36
0.32
0.213333
0.0192
0.0533333
0.0342857
0.096
0.16
0.0213333
0.08
0
0.0533333
0.0152381
0.0118519
0.00367816
0.0290909
0.64
0.04
0.8
1.28
0
0
0.32
0.64
0.0208696
0.0118519
0.0426667
0.064
0.032
0.016
0.0228571
0.16
0.0457143
0.04
0.0355556
0.048
0.0218182
0.0110345
0.0145455
0.16
0.008
0.32
0.16
0.64
0.8
0.0581818
0.96
0.96
1.92
0.4
0.64
0.64
0.32
0.64
0.96
0.32
0.16
0
0.32
0.16
0.048
0
0
0.0252632
0.08
0.00615385
0.0336842
0.32
0.0282353
0.048
0.00421053
0.32
0.0123077
0.106667
0.32
0.0133333
0.0228571
0.0133333
0
0.00533333
0.142222
0.16
0.32
0.08
0.96
0.064
0.192
0.128
1.12
0.112
0.32
0.64
0.24
0.00888889
0.0103226
0.32
0.0228571
0.16
0
0.0457143
0.24
0.00592593
0.0168421
0.32
0.0246154
0.106667
0.0492308
0.24
0.00842105
0.00969697
0
0.00561404
0.64
2.4
2.56
0.12
0.48
0.32
0.64
0.8
1.12
1.28
1.28
0.106667
1.28
2.56
3.2
0.0457143
0
0.96
0.96
0.64
0.32
1.28
0.8
0.373333
0.48
0.0727273
0
0.32
0.48
0.0032
0.170667
0.64
0.48
0.8
0.32
0.0426667
0.48
0.00340426
0.96
1.28
0.0290909
0
0.64
1.12
0.16
0.48
0.0133333
0.48
0.00179775
0
0
1.28
0.12
0.256
0.32
0.16
0.64
0.64
1.44
0.08
0.032
0.106667
0.24
0.00888889
0.0213333
0.0426667
0.32
0.16
0.251429
0.096
0.64
0.64
0.182857
0.0133333
0.24
0.00253968
0.0252632
0.0228571
0.016
0
0.00355556
0.112
0
0.64
0.32
0.00410256
0.0266667
0.64
0.08
0.0133333
0.08
0.032
0.096
0
0.64
0.32
0.02
0.0145455
0.48
0.0015534
0.0103226
0.0106667
0
0
0.101818
0.64
0.16
0.16
0.0228571
0.0711111
0.24
0.00941176
0.0103226
0.00230216
0.00969697
0.0106667
0
0
0
0
0
0.0533333
0.16
0.032
0.64
0.16
0.16
0.0228571
0
0.0581818
0.24
0.0123077
0.00864865
0.00444444
0.0307692
0.64
0.00213333
0.064
0
0.0581818
0
0
0
0
0
0.0571429
0.0145455
0.4
0.02
0.0133333
0.0133333
0.00432432
0.00228571
0
0.04
0.096
0.48
0.0152381
0.00888889
0.08
0.32
0.00219178
0.8
0.0290909
0.16
0.48
0.32
0.0228571
0
0.064
0.24
0.00101266
0
0.02
0
0
0.16
0.0727273
0.64
0.00432432
0
0
0.101818
0
0.64
0.32
0.02
0.064
0.24
0.000914286
0.00390244
0.08
0.16
0.08
0.16
0.64
0.00761905
0.0266667
0.16
0.0145455
0.00484848
0.96
0.0145455
0.64
0.16
0.16
0.0228571
0.48
0.0145455
0.48
0.032
0.0533333
0.00109589
2.4
3.04
1.28
0.64
0.02
4.32
3.04
1.76
0.64
1.28
0.0222222
0.00888889
0.00216216
0.96
0.0145455
0.64
0.16
0.88
0.48
0.16
0.48
0.016
0.32
0.16
0.00106667
2.88
1.28
0.0533333
2.08
3.52
1.92
1.28
0.32
0.48
0.0133333
4.16
4.96
1.6
1.28
0.64
1.28
1.28
1.12
0.0492308
0.8
1.44
0.16
1.12
0.64
0.213333
0.0581818
0.32
0.16
0.106667
0.01
0.00516129
0
4.16
0.64
0.0213333
0.48
0.16
0.64
0.128
0.64
0.213333
0.64
0.0470588
0.00307692
0.116364
0.64
0.0711111
0.0133333
0.00118519
0.096
0.16
0.0108108
1.28
0.16
0.16
0.48
0.32
0
0.64
0.16
0.0133333
0.00313725
0.128
0
0.64
0.064
0.0145455
0.00146789
0.0133333
0.01
0.0581818
0.64
0.16
0.32
0.0114286
0.00271186
0
1.28
0.144
0.64
0.213333
0.64
0.64
0.04
0.0133333
0.00727273
0.0114286
0.0106667
0.64
1.28
0.0888889
0.64
0.32
0.16
0.48
0.32
0.128
0.0123077
0.00121212
0.64
0.64
0.106667
0
0.64
0
0.32
0.16
0.48
0.0290909
1.28
0.64
0.96
0.0355556
0.12
0.0145455
0.64
2.08
0.16
0
0.64
0.213333
0.64
0.64
0.01
0.00225352
0.0123077
0.00119403
1.28
0
0.16
0.64
0.32
0.16
0.64
0.48
0.00477612
1.28
0.16
0.16
0.48
0.32
0
0.64
0.133333
0.0123077
0.00313725
0.192
0.64
0.32
0.16
0.0914286
0.0133333
0.00132231
0.0246154
0
0.0426667
1.76
0.56
0
0
0.16
0.96
0.64
1.28
0.12
0.96
0.272
0.8
0.96
0.8
0.0430769
1.28
1.28
0.0177778
0.48
0.16
0.32
0.16
0.48
0.133333
0.0533333
0.08
0.24
0.128
0.0032
0.96
0.176
0.64
0.32
0.16
0.64
0.64
0.032
0.0145455
0.00432432
0
0.0533333
0.00163265
0.64
0.16
0.16
0.32
0.16
0.64
0.8
0.32
0.00363636
0.00727273
0.00186047
1.28
0.144
0.64
0.213333
0.48
0.32
0.128
0.0133333
0.00457143
1.12
1.28
0.32
0.48
0.0457143
0.64
2.4
0.04
1.12
0.0571429
2.4
0.16
0
0
0.0106667
0.16
0
0.00516129
0.32
0.32
0.144
0
0.32
0.16
0.48
0.0115942
0.0064
0.00285714
0.96
0.195556
0.32
0.32
0.32
0.16
0.48
0.2
0.64
0.0266667
0.106667
0.0015534
0.32
2.08
0.28
0
0.8
1.28
1.12
0.0757895
0.189091
0.213333
0.64
0.00567376
0.16
0.48
0.0426667
1.28
0.0123077
0.64
0.00808081
0.32
0.146667
0.16
1.28
0.0914286
1.6
3.36
0.1
0.16
0.8
2.24
1.6
0.0421053
0
0.416
0.0266667
0.32
0.16
0.64
0.64
0.00761905
0.0177778
0.0533333
0
0.00283186
0.213333
0.26
0.32
0.64
0.32
0.16
0.64
0.0266667
0.0145455
0.00197531
0.173333
0.8
1.28
0
3.2
0.16
0.48
0.96
0.137143
0
0.2
0.16
0.0266667
0.213333
0.00571429
0
0.064
0
0.00592593
0.00367816
0.0123077
0.00421053
0
0
0.106667
2.24
1.28
0.8
0.096
0.32
3.2
0.28
0.8
0.64
1.28
3.52
1.6
0.14
2.88
0.0711111
3.52
3.68
1.76
2.4
0.0444444
1.6
0.24
0.32
0.0182857
0.32
0.106667
0
0.32
0.00695652
0.00653061
0.0581818
0.0228571
0.02
0
0.0228571
0
0
0.64
0.08
0.64
0.064
0.16
1.44
4.64
0.8
0.64
0
0
0.0457143
0.64
0.106667
0
0.16
0.00228571
0.032
0.0533333
0.016
0.00744186
0
1.28
0.64
0.00477612
0
0
0.64
0.0355556
0.16
0.0727273
2.24
0
0.16
0.96
2.56
1.28
0.024
0.16
0.16
0.00484848
0.032
0.16
0.0145455
0.0564706
0.64
0.00207792
0.142222
0
0
0
0.64
0.32
0.0213333
0
0
0
0
0
0
0
0
0
0.32
0
0.0177778
1.44
0.08
0.64
0.32
0.64
0.64
0.32
0.8
0.2
0
0.128
0
0.64
0.08
0.32
0.0457143
0.064
0.64
0.32
0.00280702
0.128
0.64
0.32
0.0168421
0
0.0984615
0
0.16
0.48
0.00556522
0.0581818
0.0290909
0.0609524
0.64
0.32
0.00278261
0.128
0.96
0.48
0.16
0.64
0.16
0.32
0.032
0.64
1.6
0.48
0
1.28
0.8
0.0342857
0.64
0.00914286
0.24
0.04
0.0145455
1.28
1.12
0.48
0.96
0.24
0.96
0.426667
0.064
0.32
1.6
0.08
0.96
0.32
0.0266667
0.182857
0.48
0.0342857
0.64
0.0872727
0.00336842
1.12
1.6
0.24
0
1.12
0.48
0.48
0.8
0.16
0.0581818
0.0336842
0.64
0.032
0.16
0.48
0.0118519
0
0.64
0.213333
0.48
0.16
0.64
0
0.0711111
0.32
0.64
0.0426667
0.013913
0.32
0.32
0.00556522
0.0266667
0.0188235
0.0152381
0.48
0.88
0.64
2.08
0.64
0.096
0.106667
0.022069
0.64
0.32
0.016
0.0228571
0.16
0.032
0.0246154
0.064
0
0
0
0.0064
0.00258065
0.16
0
0
0
0.02
0.16
0.64
0.96
0.24
0.08
0.32
7.52
2.72
3.68
1.92
1.6
1.44
1.92
1.6
0.64
1.28
0.128
1.92
6.72
2.02667
0.16
1.44
1.44
2.08
2.08
1.6
1.6
0.16
0.4
0.16
0.064
0.16
0.16
0.0533333
0.08
0.016
0.48
0.64
1.12
0.08
0
0.0137143
0.16
0.00313725
0.746667
1.28
0.0106667
0.08
0.008
0.48
0.8
0.032
0.32
0.0376471
0.96
0
0.32
0.64
0.0213333
1.92
0.96
0
0.96
0.96
0.06
0.4
0
0
0.0137931
0.08
0.0188235
0.32
1.28
0.32
0.96
0.96
0.064
0.32
2.56
0.64
0.96
0.96
0.96
0.064
1.6
2.64
0.32
1.28
0.64
1.28
1.28
0.0666667
0.32
0.64
0.64
1.28
0.0145455
0.96
0.16
0.0266667
0.32
0.064
0
0.064
0.32
0
0.0237037
0
0.64
0.0355556
0
0
0.64
0.32
0.16
0.16
0.106667
0.106667
0.32
0.32
0.32
0.32
0.32
0
0.04
0.96
2.24
0
0
1.92
0.64
1.28
0.137143
0.64
0.16
1.44
1.92
0
0.16
1.28
0.8
0.0861538
1.6
0
0
0.32
0.64
0.0492308
0.0457143
0.0228571
0.96
0.32
0.0355556
0.32
3.52
1.28
0.96
0.106667
0.04
1.92
0.64
1.12
0.0872727
0.0106667
0.16
0.0110345
0.0168421
0.256
0.032
0.32
0.32
0.04
0.32
0
1.76
0.24
0.128
0.32
0.0266667
0.16
0.186667
0.0457143
0
0.32
0.48
0.16
0.0290909
0.0457143
0
0.64
0
0.96
0.96
0.182857
0.32
0.32
0.128
1.92
0.16
0.64
0.0888889
0
0
0
0.16
0
0.00941176
2.24
0.32
0
0
0
1.28
1.12
0.048
0.0872727
0.4
0.96
0.0581818
0.8
0.18
0.0290909
0.16
0.16
0.032
0.08
0.64
0.0168421
0
0
0.0533333
0.106667
0.032
2.24
3.04
0.96
0.0673684
0.64
0.174545
0.08
0.16
0.213333
0.0355556
0.32
0.32
0
0.0533333
2.56
1.6
4.16
1.28
0.8
0.64
2.08
1.12
1.28
0.064
0.32
0.32
0.64
0.16
2.72
2.56
1.28
0.64
0.4
0.16
0.64
0.96
1.28
0.128
0.08
1.76
0.16
0.48
0.32
0.106667
0.16
0.96
0.4
0.16
0.64
0.32
0.32
0.32
0.32
0.64
0.64
0.08
0.0123077
0.00695652
0
0
0
0.0666667
2.4
0.88
0.08
0.64
0.4
0.032
0
3.2
0.192
0.16
0.08
2.88
0.08
0.48
0.96
0.64
0.032
0.32
0.48
0.64
0.64
0.32
0
2.24
0.32
0
0.64
0.32
0.064
0.2
0.08
0
0
1.44
0.64
0.0266667
1.12
0.08
0
0
0.106667
0.32
0.0213333
0.16
0.16
0.64
0.32
0.032
0.64
0.64
0.0711111
0.106667
0.01
0.08
0.32
0.16
0.266667
0.64
1.28
0.32
0.16
0.128
0.8
0.08
0
0.16
0.0355556
0
0.64
0.64
0.0290909
0.16
0.0177778
0
0.16
0.0457143
0.16
0.28
0.64
0.0266667
0.64
0.48
0.128
0.128
0.032
0.08
0.16
1.12
0.048
3.04
0.8
0.16
0
0.0123077
0.16
0.08
0.16
0.64
0.00888889
0.64
0.08
0.0457143
0.32
0.32
0.48
1.28
0.032
0.0355556
0
0.64
0.02
2.08
2.24
0.96
1.28
0.8
0.00853333
0.0228571
0.96
0.32
0.064
0
2.88
0
0.96
0.96
0.48
0.16
0.48
0.64
0.128
0
0.32
3.2
0.64
0.64
1.28
1.28
0.32
0
0.48
0.0711111
0.64
3.84
1.92
0.16
1.12
0.64
1.92
0.64
0.64
0.32
0.08
0.48
0.84
0.64
1.28
0.0208696
0.8
0.106667
0.0213333
0.48
0.64
0.32
0.24
0
0.213333
0.0355556
0.64
0.32
0.16
0.01
0.08
0
0
0
0
0.00615385
0
0.2
0
0.0533333
0.32
0.64
0.64
0
0
0
0.96
0.16
0.32
0.0355556
0.32
0.64
0.48
0.16
0
0.533333
1.28
0.0246154
0
0
0
0
0
0.16
0.08
0.0106667
0.64
0.08
0
0.0685714
0.32
0.64
0.0290909
0.0533333
1.44
0.72
0.64
0.32
0.0282353
1.28
0.746667
0.48
0.16
0.064
0.64
0.373333
0.48
0.96
1.28
0.016
0.16
0.0581818
0.8
0.02
0.0457143
0.106667
0.0106667
1.28
0.0246154
0.16
0.48
0.64
0.12
0.0457143
0.0228571
0.96
1.12
0.64
0.16
0
0.64
0.12
0
0
0.32
0.0266667
0.0457143
0.08
0.08
0.016
0.032
0.04
0.106667
0.01
0.0228571
0
0
0.16
0.192
0.64
0.0533333
0
0
0.16
0.96
0
3.04
0.096
1.12
0.08
0.0228571
0.0123077
0
0.08
0.0228571
0.0533333
0.16
0.0581818
0.224
0
1.6
0.186667
0.48
0
0.24
0
0.48
0.106667
0.32
0.16
0.0470588
0.64
0.0492308
0.96
0.64
0.048
0.16
0.00156863
0.00941176
0.00363636
0.32
0.08
0
0.96
0.128
0.32
0.00592593
0.0492308
0.16
0.0290909
0.213333
0.08
0
0.0246154
0.64
0.016
0
1.92
0.12
0
0.32
3.04
0.056
0.48
0.48
0.064
0.32
1.92
0.16
0.16
0.16
1.28
0.0492308
0.342857
0.16
0.96
0.0297674
0
0
0.64
0
0.0426667
0.32
0.68
0.64
1.12
1.6
1.44
0.48
0.32
0.12
0
1.12
1.28
0.0711111
0
0.96
1.6
0.8
0.00888889
1.12
0.0533333
0.8
0.1
0.16
0.0145455
0.00761905
0.0182857
0.96
0.32
0.32
0.04
0.16
0.56
0.64
0.04
0
1.70667
0.64
1.28
0.96
0.96
0.0914286
1.28
0.64
0.96
0.96
0.0853333
0.32
0.64
0.0064
0.24
0.64
0.0290909
0.0533333
0.24
0.08
0.16
0.32
0.0188235
0
0.0304762
0.8
0.16
0.32
0.0168421
0.0172973
0.426667
0.64
0.32
0.48
0.08
0.182857
0.213333
0.0426667
0.48
1.12
0.8
0.96
1.6
1.12
0.96
0.96
0.0369231
0.8
0.32
0
2.56
2.56
1.28
0.0106667
0.266667
0.64
0.01
0.416
0.64
1.76
0.96
0.08
0
0.0273171
0.0581818
0
0.0336842
0.0984615
0.32
0
0.16
0.64
0.32
0.48
0.04
0.16
0.096
0
0
0.213333
0.213333
0
0
0
0.64
0.96
0.16
0.0457143
1.76
0.08
0.16
0.32
0
0.64
0.048
3.52
6.56
2.32
1.28
1.28
0.64
1.28
1.28
0.64
1.28
1.28
0.064
0.672
0.64
0.8
0.128
0.32
0.213333
0.3
0
0.64
0.64
0
0.48
0.128
1.28
4.48
1.28
0.64
0.0533333
0.8
4.48
3.2
0.64
0.64
0.16
1.12
0.64
0.64
1.28
0.64
0.96
0.0177778
0.8
0.02
0.32
1.76
2.72
1.28
1.28
1.28
0.16
0.96
0.04
0.32
0.137143
0.0746667
0.213333
0.64
0.0165517
0
0.96
0.0290909
0.16
0.32
1.12
0.48
0.08
0.64
0.186667
0.16
0
0.64
0.48
0.16
0.16
0.08
0
1.92
0.8
1.12
0.48
0.32
0.0266667
0.32
0.48
0.0266667
1.04
0.64
0.48
0.16
0.32
0.48
0.0228571
0.373333
0.56
0.0376471
0.4
0.0186047
0.24
0.032
0.64
0.0711111
0.48
0.16
0.106667
0.32
0.14
0.08
0
0.64
0.48
0.064
0.064
0
0.106667
0.04
0.16
0.114286
0.0064
0.16
0
0.04
0.04
0.0266667
0.0290909
0.106667
0.293333
0.48
0.213333
0.32
0.48
0.64
0
0.137143
0.032
0.16
0.16
0.4
0.16
0.32
0.08
0.114286
0.0533333
0.96
0.64
0.0120755
0
0.0533333
0.48
0.213333
0
0.48
0.96
0.106667
0.32
1.12
0.0492308
0.4
0.16
0
0.0571429
0.8
0.373333
0
0
0
0
0
0.64
0.28
0.48
0.32
0.4
0.08
0.32
0.48
0.064
2.08
3.36
0.64
1.28
0.64
0.16
0.0145455
1.76
2.72
1.6
0.64
0.186667
0.0436364
1.44
1.44
0.48
0.16
0.0564706
0.28
0.32
0.266667
0.01
0.0032
0.0926316
0.32
0.48
0.0457143
0.16
0.00113475
0.64
0.101818
0.32
0.48
0.16
0.16
0.32
2.56
0.32
1.28
0.0188235
2.88
1.44
0.32
0.64
0.8
0.96
0.213333
0.0533333
0.064
1.76
0.64
1.12
0.08
0.96
1.12
0.64
0.48
0.0933333
0.8
0.0457143
0.32
0.4
0.0571429
0.0533333
0.0128
1.6
1.12
1.28
0.16
0.56
0.114286
0.64
0.32
0.8
0.213333
0.48
0
0
0.0581818
0
0
0.0727273
0.2
1.12
0.56
0.64
0.373333
0.0533333
0.32
0
0.106667
0.64
0.0581818
0.16
1.12
0.0914286
0
1.28
0.16
0.48
0.182857
0.0457143
0.00914286
0.64
0.16
0.96
0
0.373333
0.106667
0.16
0.48
3.04
1.28
0.64
0.08
0.0145455
0.48
2.4
0.8
0.96
0.00888889
0.48
0.64
0.16
0.16
0.00761905
0.0266667
0.00271186
0.64
0.0861538
0.16
0.32
0.64
0
0.373333
0.32
0.16
0.0369231
0.0336842
0
2.24
0.48
0.96
0.05
0.64
0.24
1.6
0.08
0.16
0.213333
0.08
0.32
0
0.08
0.0984615
0.64
0.0914286
0.0711111
0.32
0
0.0457143
1.76
0.48
0.213333
0.12
0.32
1.28
0.96
0.48
0.64
0.64
0.32
0.32
0
0.16
0.32
0.16
0.16
0.96
0.16
0.0266667
0.0457143
1.6
1.12
0.48
0.64
0.16
0.56
0.0228571
0.48
0.16
0.96
0.16
0.0457143
1.12
0.0914286
0.213333
1.12
0.16
0.16
0.0581818
0.0711111
0
0.256
0.128
0.213333
0.16
0.0436364
1.12
0.56
0.08
0.64
0.48
0.213333
0.213333
0.0436364
0.016
0.213333
0.04
0.56
0.64
0.24
0
0.213333
0.2
0.48
0.213333
0.213333
0.48
0.0436364
0.0436364
0.08
0.32
0.015
0.64
1.76
0.0533333
0.32
0.48
0.32
0.32
0.16
0.24
0.16
0.032
0.0228571
0.106667
0.16
0.0727273
0.0888889
0.0666667
0.48
0.56
0.08
0.32
0.64
0.32
0.32
0.08
0.0533333
0.08
0.32
0.0738462
0.213333
0.0533333
0
1.76
0.64
0.0533333
0.64
0.48
0.213333
0.213333
0.24
0.0711111
0.0120755
0.48
1.28
0.124444
0.64
0.48
0.213333
0.213333
0.24
0.112
0.48
0.106667
0.32
0.064
0.32
0.32
0.0246154
0.064
0.0426667
1.76
0.124444
0.32
0.48
0.32
0
0.213333
0.24
0.0711111
0.0130612
0.0711111
0.0492308
0.0711111
0.128
0.0355556
0.32
0
0.0336842
0.0457143
0.64
1.6
0.0711111
0.32
0.48
0.32
0.16
0.24
0.24
0.064
0.0120755
1.12
0.64
0.124444
0.32
0.48
0.32
0.16
0.24
0.03
0.0376471
0.213333
0.0355556
0.0914286
0
1.12
1.28
0.06
0.32
0.48
0.213333
0.213333
0.48
0.064
0.013617
0.0436364
0.048
0.04
0.24
0
0.0252632
0.48
0.00761905
0.0106667
1.76
0.64
0.0533333
0.64
0.48
0.213333
0.213333
0.24
0.064
0.0116364
0.03
0.00705882
0.64
1.6
0.08
0
0.64
0.48
0.213333
0.213333
0.24
0.0711111
0.0145455
0
0.0369231
0.06
0.04
0.0135593
0
1.76
0.48
0.0533333
0.64
0
0.48
0.32
0.32
0.08
0.0090566
0.32
0.16
0.06
0.12
0.0533333
0.04
0.06
0.08
0.00727273
0.00432432
1.76
0.64
0.0533333
0.32
0.48
0.32
0.32
0.16
0.24
0.0711111
0
0.00460432
0.586667
0.0533333
0.32
0.48
0.128
0.00324324
1.12
0.64
0.64
0.0533333
0.32
0.48
0.32
0
0.32
0.24
0.064
0.00463768
0
1.12
0.32
0.0533333
0.32
0.48
0.128
0.0177778
0.4
0.64
0.00134454
0
1.44
0.32
0.32
0.0533333
0.64
0.48
0.213333
0.213333
0.0208696
2.72
1.44
0.0505263
0.00507936
0.96
0.00340426
0.0228571
0.00235294
0
0.101053
0.0228571
0.00347826
0.00984615
0.0290909
0.00507936
0.32
0.16
0.0727273
0.0202532
1.6
1.28
0.0492308
0.064
0
0.0114286
0.0304762
0.16
0.00380952
0.0266667
0.00444444
3.36
0.0757895
0.64
1.44
0.64
0.0444444
0
0.0457143
0.0914286
0.0188235
0.106667
3.04
0.8
0.96
0.0106667
0.08
0.00842105
0.32
0.0246154
0.00533333
0.0228571
0.0177778
0.0213333
0.08
0.00888889
0.16
0.0114286
0.426667
0.48
0.0125
0.0673684
0.0152381
0.00941176
0.032
0.0168421
0.064
0.0213333
0.08
0.0152381
0.96
0.128
0.0177778
0.02
0.00477612
2.4
0.16
0.48
0.04
0.64
0.0533333
0.64
0
1.12
0.0117073
0.0177778
0.01
0.0266667
0.106667
0.32
0.64
0.00842105
0.32
1.76
0.266667
0.213333
0.01
0.04
0.0533333
0.16
0.16
0.04
0.16
0.16
0.32
0.16
0.32
0.16
0.16
0.32
0.16
0.0533333
0.16
0.0228571
0.0228571
0.16
0.16
0.64
0.16
0.64
1.28
1.44
1.52
0.64
0.373333
0.48
0.8
0.8
1.12
0.64
0.8
0.32
0.48
0.16
0.32
0.48
0.32
0.96
1.6
0.8
0.8
0.24
0
0.8
0.64
0.32
0.8
0.48
0.64
0.8
0.48
0.96
0.96
0.64
0.16
1.76
0.48
0.88
0.48
0.32
0.48
0.64
0.32
0.16
