0
56000
1000
0
0
1000
1002
0
0
0
999
0
0
0
0
1002
0
0
1
1000
0
0
0
0
0
0
1000
0
0
0
0
0
0
1002
0
0
1002
995
777
1
0
0
1221
0
0
0
487
515
0
0
0
0
0
0
996
0
0
0
1008
0
0
995
0
1000
0
0
0
0
0
998
0
0
0
1004
0
3995
0
0
0
1000
1004
0
1000
1000
1000
1001
1000
997
999
411
997
834
781
225
1000
1005
0
997
1001
999
1000
67
1004
0
1001
999
828
545
1001
0
1001
999
1002
998
1631
1000
1002
0
1001
999
1000
1001
1001
1001
1000
1995
1
1001
0
1004
1996
1999
1000
0
1001
1999
1000
0
1001
0
1001
2001
0
676
333
2002
0
998
1001
0
1003
999
1997
1000
894
108
999
1001
1002
998
999
1001
999
1002
998
2000
1000
1000
0
1000
1001
0
1001
1000
1003
996
1002
1002
997
27
1002
0
2000
998
1000
1004
0
998
1000
1001
1997
1000
1001
2000
0
999
528
475
998
1002
1000
1000
1001
997
1003
999
999
1004
995
1005
997
1000
998
1004
997
1000
1001
998
1001
1003
1000
998
998
2000
0
589
732
2002
477
521
449
553
998
258
1001
0
382
1001
999
439
565
1001
2710
289
0
865
138
1003
0
1000
1000
749
440
1999
0
1001
0
1002
1002
997
999
999
1001
1000
1000
1002
1001
997
1002
0
1002
312
1002
0
2001
0
1
1000
1002
1000
999
999
1000
1005
996
1001
1001
0
1
1002
999
999
1001
1000
1000
1003
999
996
1004
542
103
995
1000
472
177
1002
0
1001
1001
999
1003
1004
992
998
1001
1000
1000
1001
1001
1001
999
1002
1000
998
999
1001
1000
1001
998
1001
998
1002
1001
1001
998
1000
1000
1002
998
1000
1001
1002
999
998
1000
1001
998
1002
1000
1002
996
1001
1001
1000
998
1001
1001
1001
999
1000
1000
1000
999
1000
1001
1002
998
1001
998
1002
1000
1000
999
1003
998
1000
1001
198
983
1006
1001
999
1001
1000
1007
1019
1006
0
1002
1003
997
1001
1036
1001
0
1008
1002
833
985
25
997
996
1005
998
1002
998
1000
1001
433
1007
0
1003
1002
999
999
102
988
1009
0
1002
1002
999
997
1002
998
1000
1002
999
1000
999
1001
1002
997
1000
1000
110
987
1012
0
999
1000
1000
1001
999
1000
984
1019
1008
0
1001
1002
999
1000
999
1000
1001
1000
1000
1001
999
1000
999
1001
1001
999
1000
1288
0
1030
1008
0
1002
1000
999
1000
1001
1000
999
1000
1001
1000
999
1001
1000
1000
999
1001
1000
1000
53
1005
0
1005
1002
999
999
1001
1001
999
1000
1001
999
999
1001
1184
0
1012
0
999
1000
1000
1001
999
1000
1000
1000
1000
1000
1000
32
1000
998
1002
999
1001
999
1001
999
1001
999
91
987
994
1008
1002
999
1001
998
107
980
1009
1004
996
1000
1001
999
1000
1000
1002
998
1117
0
1010
0
1000
1000
1004
996
1000
1000
1001
999
1004
996
1003
997
1000
1000
1001
999
1000
1000
1001
999
1000
1000
1001
999
1000
1000
1002
1002
996
1002
999
999
1000
1000
1001
1000
999
1000
1001
999
1000
1000
1004
996
1000
1000
1001
999
1000
1000
1001
999
1000
1000
1001
1003
724
1288
0
1010
0
1002
148
988
1010
0
1001
1000
998
1001
1001
999
999
1001
999
1001
999
1001
999
1001
999
1001
999
1035
1009
0
1001
1002
999
1027
0
998
999
999
1002
997
1001
1002
998
1000
1000
1002
999
1001
998
1002
178
1005
0
1006
998
1000
1000
1002
998
1003
999
1002
997
1001
998
1002
999
1000
1000
1002
997
1002
1000
999
1001
998
999
1002
1000
1001
999
1001
999
1001
997
1002
999
1000
999
1001
999
1001
1001
1001
997
17
1001
997
1000
1003
999
998
1045
0
1008
0
1001
1001
999
1003
996
1001
1001
999
1002
1001
996
1003
998
999
1000
1001
1000
999
1001
1000
1000
1000
1002
997
1000
1002
999
1226
0
1011
0
999
1000
1001
998
1001
999
1000
1002
999
999
1001
1001
1000
1001
1260
0
1009
0
1002
998
1002
998
1000
1005
997
998
1000
1000
1002
999
999
1001
1001
999
999
1003
998
999
1000
1002
1001
997
1000
1001
1001
998
1000
1002
999
1001
1000
1000
1000
999
999
1000
1004
997
1000
999
1002
1025
1008
0
1002
1000
999
1001
1000
1000
999
1001
1000
1000
999
1002
999
1001
998
1001
1000
1000
302
987
1011
0
999
1003
997
1000
1001
1000
999
1000
1000
1001
1000
999
1000
1001
999
1000
177
990
992
1008
1002
998
1001
998
1001
999
1001
1002
998
999
1000
1001
999
1000
1000
1001
1000
999
1002
999
999
1267
0
257
997
996
1007
1001
1000
1000
1000
999
1003
997
1002
998
1002
999
1001
1194
0
1010
0
1002
1002
996
1000
1000
1260
0
1010
0
1244
0
1009
0
1050
0
1030
1008
0
1002
1001
998
1001
1001
1000
1000
1001
998
1002
1000
999
998
1002
999
1002
1000
999
999
598
1047
101
1000
1009
0
1001
1000
1000
999
1002
998
1000
1000
1001
999
1000
1000
84
987
1009
0
1001
1001
998
1000
1002
1000
1000
999
1000
1001
1001
997
1002
999
1000
999
1002
999
999
1000
1001
1000
999
1000
1001
1000
1002
998
1000
1001
998
1000
1001
1000
999
1000
1001
1000
53
1007
0
1003
1074
1153
0
1009
0
1208
0
1009
0
1000
1001
1012
1026
1011
0
999
1000
1000
1001
999
1001
1000
1001
999
1000
1000
1001
999
1000
1000
1000
1000
163
987
717
1292
0
1010
0
1004
997
1000
999
1001
999
1001
1002
998
1001
999
999
1001
999
1003
997
1005
995
1001
999
1002
999
69
981
1011
997
1001
1266
0
1010
0
1001
1170
0
1010
0
1001
1000
999
1000
1001
999
1000
1000
1001
999
1001
999
18
998
998
1002
1002
998
1000
1000
1004
996
1000
1000
1001
1180
0
1011
0
1002
997
1000
1001
999
1001
999
1001
999
1000
1000
15
999
1002
998
1001
999
1000
1000
1001
1002
997
1002
1001
997
1000
1001
1033
0
998
1002
1000
1001
998
1001
1002
998
999
1000
1000
1001
999
1001
999
1001
999
1001
999
1001
999
1001
999
1001
999
1000
1003
997
1001
1001
997
1000
1001
1001
999
1000
1000
1001
999
1000
1000
1001
1003
996
1000
1003
997
1000
1000
1001
999
1002
998
15
998
999
1000
1003
999
999
1000
1001
998
1000
999
1002
999
1002
997
1002
999
1000
999
1002
999
1000
999
1002
999
1000
999
1001
1304
0
1008
0
1003
998
1000
1002
1000
998
1001
999
999
1001
1135
0
1228
0
1007
0
1004
334
805
1003
1247
0
1117
0
775
1230
0
157
998
997
54
987
1005
999
8
999
999
1001
1000
1000
999
1000
1001
1000
1000
7
1001
1000
1000
998
1003
998
999
1003
996
1001
1000
90
992
1003
1001
1000
999
1003
1269
0
812
196
500
1001
998
1003
1003
997
1000
1000
93
1014
1000
1005
0
1002
997
1000
1003
997
208
994
236
993
687
1001
368
38
1125
91
953
56
994
999
1003
1000
999
1000
1001
999
1001
1000
1001
998
1001
1001
1000
998
1263
0
1004
0
1105
0
1003
0
1002
998
1001
1001
999
999
1002
996
1001
0
0
0
4
14
0
0
5
11
0
0
3
6
0
0
3
0
0
1
13
0
0
1
10
0
0
5
8
0
0
3
12
0
0
0
7
0
0
6
16
0
1
9
15
0
5
9
0
0
1
8
0
0
0
6
0
0
0
6
0
0
4
16
0
0
4
14
0
1
5
14
0
0
6
11
0
0
4
0
0
0
8
0
0
2
12
0
0
5
9
0
0
6
11
0
0
1
7
0
0
10
19
0
0
7
17
0
3
8
0
0
5
12
0
0
0
3
0
0
0
16
0
0
0
18
0
0
1
14
0
0
7
15
0
0
4
12
0
0
4
0
0
2
10
0
0
7
8
0
0
4
7
0
0
7
13
0
0
4
10
0
0
4
12
0
1
5
16
0
0
9
0
0
2
9
0
0
0
6
0
0
7
17
0
0
5
13
0
0
7
17
0
0
4
17
0
0
5
13
0
0
4
0
0
0
9
0
0
1
10
0
0
5
10
0
0
7
10
0
2
2
9
0
0
3
17
0
0
8
15
0
0
5
0
0
0
8
0
0
1
8
0
0
1
17
0
0
3
15
0
0
6
10
0
2
7
11
0
0
4
10
0
0
10
0
0
5
12
0
0
3
8
0
0
1
9
0
0
3
13
0
0
0
12
0
0
8
14
0
0
10
14
0
0
10
0
0
0
11
0
0
0
7
0
0
2
12
0
0
4
13
0
0
6
11
0
0
5
17
0
0
8
12
0
5
11
414
1405
2405
3405
4405
5405
6405
7405
8405
4288
4000
4461
5369
6244
7151
8027
9027
10027
11027
12027
12965
9911
