3.7593
3.52
1.6
3.2
2.88
4.16
4.32
3.36
3.2
4.32
4.24
3.57333
3.41333
3.2
3.52
3.36
2.24
2.88
3.36
3.04
2.8
4.48
2.88
3.36
2.88
3.52
3.84
5.12
3.68
2.72
3.68
4.16
2.88
4.48
2.08
4
2.88
3.52
4.8
3.52
3.36
4
4.64
3.36
4.48
3.2
4.64
3.04
2.4
4.96
4.96
3.2
4.8
2.24
4.32
3.2
4.48
4.32
4.16
4.32
3.84
4.48
4.32
4.32
4.32
4.8
4.16
6.56
5.92
5.76
3.52
5.28
2.72
4.32
6.56
5.12
4.48
2.88
6.24
4
5.28
4
3.68
4.64
5.6
4.96
4.48
4.48
5.44
6.56
3.84
3.52
1.6
4.32
6.08
4
4.64
4.8
4.64
3.2
5.6
4.64
4.8
5.6
4.16
3.84
3.52
3.84
4.16
5.6
4
3.04
4.8
5.28
4.8
5.12
3.68
4.16
3.84
4.32
5.12
5.12
6.24
5.6
4.64
4.96
4.96
5.44
4.64
5.76
5.12
1.92
3.84
4.96
4.32
4.64
4.8
4.8
4.8
3.68
4.96
4.64
4.96
4.24
4.64
4.48
6.4
3.36
5.92
2.08
6.4
3.52
3.84
4.64
6.4
3.36
5.92
3.68
4.48
4.32
4.32
4.48
5.44
6.08
4.48
4.8
4.96
5.28
5.12
3.36
5.6
6.24
3.2
5.6
5.92
3.2
4.8
4.8
4
5.92
6.08
3.36
7.2
3.52
4.8
3.36
5.92
4
3.52
3.84
4.32
7.52
4.48
4.96
5.44
6.08
4.64
3.68
6.56
5.44
4.64
5.12
5.44
4.64
6.08
4.48
2.88
4.96
3.68
3.68
7.04
4.48
5.12
3.68
6.4
4.32
3.52
6.88
4
2.88
7.36
6.24
3.2
6.08
6.4
5.76
5.92
2.56
4.32
2.4
8.32
4.16
5.92
3.2
6.88
5.44
4
6.24
4.8
3.84
4.96
6.08
3.68
3.52
5.44
6.24
3.04
3.36
4.16
6.56
4
5.92
6.4
5.76
3.04
4.96
5.28
5.28
8
3.2
3.36
7.68
2.24
6.08
3.2
4.64
3.36
4.8
5.44
6.24
4.96
7.2
4.96
4.16
4.96
5.44
4.96
5.6
4.32
3.84
4.32
5.28
4.8
5.76
4.16
3.2
2.56
4.64
5.6
4.64
4.96
3.52
4.48
5.6
4.16
4.48
3.68
4.32
3.2
5.12
5.6
4.96
3.68
4.64
3.52
3.52
4.8
3.36
4.96
4.48
2.56
5.6
3.52
4.16
5.6
4.96
3.84
4.16
5.76
3.36
4.64
3.52
4.64
4.16
3.84
3.04
4
3.2
4.96
3.04
3.36
4.64
3.84
3.84
3.68
4.96
3.52
5.28
4.48
3.52
5.6
4.32
5.6
4.64
1.92
4.48
4.64
3.52
6.88
4
3.2
3.84
5.92
3.2
3.68
4.32
3.84
3.36
5.12
3.36
3.36
4.64
3.52
6.08
1.76
4.32
3.36
2.88
4.32
3.84
5.28
3.2
4.32
4.48
3.52
5.28
4.16
3.84
4.8
2.88
3.2
4.48
4.16
4.32
3.84
3.04
5.6
3.36
4.96
4.8
3.68
3.84
4.96
4
3.2
4.8
2.72
5.6
3.36
3.84
3.04
4
4.32
1.6
3.36
2.08
2.72
3.04
2.24
2.4
3.36
1.76
2.72
2.4
1.6
1.6
2.24
2.4
1.92
1.76
2.24
1.6
1.44
3.04
1.76
1.44
1.28
0.96
1.12
1.44
0.8
1.12
2.24
0.8
1.44
1.76
2.08
0.96
1.44
1.28
0.96
0.8
0.48
0.96
1.44
1.12
1.28
0.8
0.48
0.32
0.96
0.16
0.48
1.28
1.12
0.64
0.96
0.32
0.48
0.64
0.64
1.28
0.32
0.96
0.64
0.8
0.64
0.48
0.32
0.64
0.64
0.64
0.96
0.64
0.32
0.48
0.48
0.48
0.8
1.28
0.16
0.48
0.64
0
0.48
0.48
0.96
0.8
0.64
0.48
0.64
0.8
0.8
0.48
0.32
0.48
0.48
0.48
0.16
0.32
0.64
0.64
0.64
0.64
0.48
0.32
0.48
1.12
1.6
1.6
0.48
0.64
0.8
1.12
0.96
0.16
0.96
0.48
1.28
1.28
0.64
0.16
0.8
0.64
0.48
0.8
0.48
0.96
0.32
0.48
0.48
0.48
0.8
1.28
0.32
0.32
0.48
0.16
0.96
0.8
0.32
0.48
0.16
0.16
0.16
0.16
1.12
0.64
0.96
0.64
0.64
0.32
0.8
0.48
0.64
0.96
1.12
0.48
1.44
0
0.8
0.48
0.48
0.32
0.64
0.48
0.48
0.48
0.48
0.64
0.64
0.96
0.16
0.8
0.16
1.44
1.44
0.48
0.8
0.32
1.28
0.8
0.8
0.96
0.64
0.32
0.32
0.96
0.16
0.32
0.16
1.28
0.48
0.8
0.16
0.32
1.12
0.64
0.64
0.64
0.32
0.8
0.16
0.48
0.64
0.64
0.64
1.44
1.12
0.8
0.48
0.48
0.96
0.48
0.8
1.12
0.96
0.96
0.32
0.8
0.48
0.16
0.48
1.28
1.12
1.12
0.48
0.96
0.8
1.6
0.32
1.12
0.48
0.8
0.48
0.8
0.16
0.48
0.32
0.8
0.64
0.48
0.96
0.64
0.32
0.8
0.48
0.64
1.12
0.8
0.8
0.8
0.32
0.48
0.96
1.28
0.64
0.64
0.8
0.8
0.64
0.64
0.32
0.64
0.64
0
0.64
0.32
0.32
1.28
1.12
0.32
0.8
0.48
1.12
0.64
0.48
0.64
0.64
1.76
0.8
0.8
0.96
0.8
1.12
0.64
0.64
0.8
0.48
0.8
0.64
0.96
0.96
0.64
0.64
0.48
0.96
1.12
0.48
0.64
0.48
1.12
0.32
0.32
0.8
0.64
0.48
0.96
0.48
0.96
1.12
0.96
0.48
1.28
0.8
0.96
0.96
0.8
1.76
0.96
1.28
1.28
0.64
0.8
0.8
0.96
0.96
1.28
1.12
0.32
0.32
0.96
0.96
0.8
0.48
0.32
1.12
0.48
0.32
0.32
1.76
0.96
0.8
1.44
1.6
0.8
0.64
0.32
1.12
1.44
1.12
0.64
1.44
0.64
0.96
0.96
1.6
1.12
0.96
0.8
0.96
0.8
1.92
0.8
0.8
0.8
1.28
0.96
1.28
0.48
1.12
0.64
0.96
0.64
0.8
0.32
0.96
0.96
0.32
0.8
1.28
0.8
1.44
1.28
0.96
1.12
0.96
1.28
1.28
0.96
0.48
1.28
0.64
0.8
0.8
0.8
1.28
0.32
0.32
1.28
0.64
0.8
0.8
1.12
0.64
1.12
0.16
0.96
1.28
0.96
0.8
0.64
0.32
0.48
0.96
0.8
0.64
0.64
0.8
0.8
0.96
0.48
0.48
0.8
0.48
1.12
0.64
1.44
0.16
1.12
0.8
0.48
0.48
0.32
0.64
0.96
0.64
0.96
0.32
0.48
0.96
0.96
0.48
0.48
0.8
0.96
0.8
0.96
0.32
0.48
1.12
1.12
0.96
0.48
0.64
0.96
0.96
1.28
0.8
1.6
1.44
0.32
0.8
0.96
1.44
0
0.8
0.64
0.8
1.12
0.96
1.28
0.72
0.48
0.16
0.8
0.32
0.32
0.64
0.8
0.96
0.64
0.64
0.8
0.96
0.48
0.32
0.64
0.48
1.28
0.48
0.8
0.48
0.48
1.44
0.96
0.32
1.44
0.8
1.28
0.64
0.16
1.12
0.32
0.32
1.12
1.12
0.8
0.72
0.32
0.96
0.64
0.64
0.48
0.48
0.16
0.32
0.48
0.48
0.96
0.48
0.64
1.12
0.48
0.96
0.64
0.32
0.64
0.48
0.8
1.12
0.64
0.16
0.96
0.48
0.64
0.64
0.64
0.48
1.12
0.8
1.6
1.28
0.48
0.32
1.12
0.48
0.96
1.12
1.12
0.64
0.48
1.04
0.96
0.8
0.64
0.96
0.56
0
1.2
0.96
0.48
0.96
0.32
0.32
0.16
0.64
0.48
0.8
1.28
0.48
1.12
0.64
1.12
0.8
0.48
0.48
0.96
0.8
0.64
0.48
0.64
0.64
0.64
1.12
0.8
0.48
0.8
0.48
0.48
0.96
0.48
0.48
0.8
1.44
0.8
0.64
0.8
1.28
0.8
0.48
1.12
0.16
0.48
0.8
0.48
0.96
0
0.32
0.96
0.32
0.64
0.32
1.12
0.16
0.8
0.32
0.8
0.64
0.72
0.64
1.28
0.32
0.64
1.12
0.96
0.8
1.44
0.96
0.16
1.28
0.48
0.8
1.12
0.48
0.16
0.64
0.96
0.48
0.48
0.8
0.32
0.48
0.8
0.32
0.96
0.96
1.12
0.96
0.48
0.48
0.16
1.12
0.32
0.96
0.96
0.48
1.28
0.48
0.48
1.28
0.64
0.32
0.96
0.8
1.28
0.48
0.96
0.8
0.32
0.48
1.12
0.8
0.32
1.12
0.64
1.28
0.64
0.8
0.8
0.8
1.12
0.96
0.48
0.64
0.48
1.44
1.44
0.56
0.32
0.96
0.48
0.96
0.48
0.64
1.28
0.96
0.48
0.48
0.8
0.64
0.32
0.64
0.32
0.32
1.12
1.6
0.48
0.64
0.64
0.96
0.64
0.32
0.8
0.8
0.8
0.8
0.8
0.8
1.28
0.64
0.48
0.32
1.76
1.12
0.96
0.32
0.96
0.64
1.12
0.32
1.12
0.48
0.64
0.8
0.48
1.44
0.48
1.12
0.32
0.88
0.8
1.12
0.64
0.64
0.56
0.64
0.16
0.16
1.92
0.64
0.16
0.32
1.12
1.12
0.96
0.8
0.48
0
0.8
0.96
1.12
0.48
0.32
0.32
0.64
0.8
0.8
0.64
0.48
0.64
0.16
1.28
0.32
1.28
0.32
0.48
1.12
0.16
0.48
0.96
1.44
0.32
0.8
0.96
0.64
1.44
0.96
0.96
0.96
0.32
0.48
0.64
0.16
0.8
0.8
0.48
1.12
1.6
0.48
0.16
0.32
0.64
0.16
0.32
0.96
0.96
1.28
0.64
0.64
0.16
0.8
0.32
0.48
0.48
1.12
1.12
0.8
0.96
1.12
0.16
0.32
1.12
0.32
0.8
0.8
1.12
0.8
0.64
0.8
0.16
0.56
1.28
0.16
0.32
0.64
1.6
0.32
0.8
0.64
0.48
1.12
0.8
1.12
0.48
0.8
0.48
1.12
1.12
0.96
1.28
0.48
0.48
0.64
0.96
0.64
0.48
0.96
0.8
0.64
1.6
0.16
0.48
1.12
0.96
0.8
0.16
1.12
1.12
1.12
1.28
1.44
1.28
1.28
0.64
0.8
0.8
1.28
0.16
0.64
0.8
0.64
1.6
1.12
0.32
1.28
0.64
0.64
0.48
0.48
0.56
1.44
0.8
0.48
1.12
0.48
0.96
1.12
0.96
0.16
0.48
0.8
0.48
1.12
0.64
0.16
0.32
1.44
0.32
0.32
0.8
0.48
0.32
1.28
0.64
0.8
0.96
0.96
0.48
0.48
0.8
0.48
1.12
0.16
0.8
0.64
0.48
0.64
1.12
0.8
1.12
1.28
0.64
0.96
0.64
1.28
1.12
0.8
1.12
0.64
0.32
0.96
1.28
0.96
0.8
1.12
1.12
1.12
0.8
0.96
0.96
0.96
0.48
1.76
0.8
1.28
1.12
0.8
0
1.28
0.96
0.16
0.64
0.32
0.16
1.6
0.96
0.32
0.96
1.12
0.8
1.12
0.8
0.48
0.64
1.44
0.64
0.8
0.48
1.12
0.8
0.48
0.8
1.28
0.32
0.16
0.16
0.32
0.64
0.8
0.8
0.64
1.6
0.64
0.32
0.96
0.64
0.48
2.56
1.76
1.28
0.96
0.8
0.96
0.96
0.96
1.76
0.8
1.28
2.56
1.6
3.84
2.88
2.08
2.56
3.36
4
3.04
2.4
4.16
0.64
0.8
1.12
2.24
0.64
0.96
2.08
1.6
3.36
2.88
1.28
1.12
0.96
1.12
1.12
0.8
0.96
1.12
0.64
0.96
0.64
1.76
0.96
2.24
2.4
2.4
1.76
2.24
2.72
1.76
2.24
4.64
3.04
2.88
4.16
4.64
6.24
4.96
11.04
1.76
7.04
4
3.84
7.2
7.2
7.84
7.36
4.96
6.88
9.12
7.68
8.32
6.72
9.12
7.68
7.04
8
6.24
5.44
5.6
7.52
9.12
7.84
7.04
6.56
4
5.12
12.64
12.48
9.12
8.32
4.96
8.32
7.68
7.84
7.84
7.84
7.52
3.04
8.64
7.2
9.12
10.56
5.28
7.52
7.36
6.72
4.64
5.76
6.08
6.88
6.88
7.84
5.28
5.12
7.52
6.24
6.72
5.6
8.48
8.48
5.6
3.2
3.68
2.4
3.04
4.16
6.56
6.24
7.68
8.96
7.2
7.84
6.24
6.56
9.44
8.64
4.8
8.32
6.56
6.56
6.88
7.04
8.8
4.48
8.32
7.52
6.56
5.6
4.64
2.4
5.44
7.68
7.52
8
9.6
10.08
7.36
11.36
8.48
7.04
6.56
6.88
6.88
7.36
7.36
8.8
12.16
8.48
8.8
9.6
10.72
11.2
9.12
8
7.84
5.12
10.4
8.96
10.56
7.68
7.84
5.44
5.6
8.8
7.04
10.72
8.32
9.6
9.12
9.76
10.4
10.56
9.92
8.32
6.24
7.2
12.8
11.04
9.76
10.4
6.56
4.96
9.76
9.6
13.28
11.2
10.4
9.92
8
7.84
11.36
9.28
6.08
5.12
2.88
4.8
5.92
6.24
5.76
5.6
7.2
9.12
9.92
9.6
9.76
9.12
8.96
10.08
7.84
7.52
7.84
6.88
8
9.76
6.72
8.32
7.84
7.04
6.72
7.52
8.48
7.04
7.68
7.04
8.48
10.4
7.52
8.32
3.68
4.8
4.64
5.76
7.04
3.04
5.12
5.6
6.72
7.52
7.04
6.4
4.8
4.64
5.6
3.2
3.36
2.08
1.44
1.12
2.72
2.4
2.08
2.72
0.48
1.92
1.76
1.92
1.6
1.76
1.44
3.52
1.92
1.28
2.08
2.08
1.44
1.28
1.92
1.12
2.88
3.52
2.24
1.76
1.6
1.76
1.92
1.76
3.04
2.24
0.8
2.56
2.4
2.56
1.6
1.28
2.24
2.08
1.44
1.44
1.76
1.76
2.24
1.92
2.72
2.08
2.08
1.44
1.92
2.56
1.76
2.24
1.44
2.08
1.44
1.44
1.44
1.6
1.6
1.12
1.44
1.44
1.28
0.96
1.28
0.32
2.08
0.48
0.96
1.44
1.28
1.12
0.96
0.64
1.12
1.28
1.92
1.44
1.76
0.8
1.28
2.08
0.48
0.96
0.48
1.76
0.96
1.44
1.44
2.08
1.28
1.28
0.96
1.28
1.76
1.76
1.92
1.12
2.4
0.8
1.44
0.64
0.96
0.64
1.76
0.64
2.08
1.28
2.24
1.44
0.48
1.44
1.6
1.28
1.44
0.64
1.44
1.76
1.44
0.96
0.64
2.08
1.12
1.12
0.8
1.44
1.12
0.16
1.44
1.44
0.96
0.48
2.4
1.92
0.64
1.28
1.92
1.76
1.44
0.64
0.32
1.28
1.6
1.12
0.96
1.76
0.8
0.96
1.44
2.08
1.6
1.76
1.28
0.96
0.96
1.6
1.76
0.96
1.28
1.44
0.8
1.12
0.96
1.92
0.8
0.96
0.8
1.6
1.44
1.28
0.64
0.48
1.28
2.24
0.96
1.44
0.64
1.12
1.28
1.6
1.28
0.96
1.28
1.44
1.92
1.76
1.28
1.92
0.64
1.12
1.28
0.96
1.44
0.96
1.6
1.28
1.12
1.44
1.12
1.6
0.64
0.96
0.8
0.96
1.92
1.28
1.28
1.76
1.12
0.64
0.96
1.76
0.96
1.6
0.96
2.08
0.8
0.96
1.6
1.76
1.44
0.96
1.12
0.96
0.96
1.12
1.6
1.6
1.28
1.28
1.76
1.76
0.8
1.12
1.44
0.96
1.28
0.96
0.48
1.44
0.96
1.28
1.28
0.64
1.76
1.76
0.96
1.12
2.56
2.4
0.96
1.12
1.28
1.12
0.48
0.96
1.92
0.32
1.76
0.48
1.92
1.28
0.32
0.96
0.8
2.08
1.6
1.28
1.28
1.44
0.64
1.44
1.44
1.12
0.8
1.28
0.8
1.12
1.44
0.32
1.76
1.44
1.28
1.28
1.44
1.12
1.44
0.96
0.48
0.48
2.08
0.64
