3.78327
3.68
3.52
4
3.52
4.32
4.48
5.6
3.04
3.84
4.64
3.8
3.28
5.76
2.56
4.08
4
4
3.36
2.88
4.16
3.36
3.68
4.8
3.2
3.36
4.48
3.6
4.96
3.84
2.08
4.32
2.72
5.6
3.2
3.36
3.68
2.24
5.28
3.2
4.8
4.64
3.04
2.88
5.12
3.04
3.68
3.04
2.72
2.08
4.64
3.68
3.36
2.56
5.28
2.56
2.72
5.28
6.24
1.44
2.56
4
5.28
3.68
4.16
3.84
3.52
4.8
3.36
4.8
4.16
3.84
5.28
6.4
4.8
4.64
3.52
5.92
6.24
3.52
5.12
4.96
4.64
4.32
3.36
4.32
5.92
5.44
2.24
5.28
3.68
4.32
4.8
6.24
4
8.16
3.2
6.4
3.04
5.6
4.96
3.2
4
4.32
4
7.36
4.32
3.68
4.16
5.76
4.64
6.4
3.2
6
5.92
3.84
7.36
5.76
4.32
5.28
6.72
3.36
4.32
5.6
3.84
4.8
3.36
3.36
5.12
5.92
3.2
5.12
5.28
3.84
4.32
4.8
5.44
4.8
4.96
7.52
3.2
4
5.6
6.56
4.64
2.24
3.2
5.12
4.48
4.64
3.68
6.72
5.12
5.28
2.88
5.6
6.56
3.52
5.92
5.92
4.96
5.28
2.88
7.2
3.36
1.6
5.12
7.04
3.52
5.12
5.92
4.16
4.48
4.96
7.36
5.12
4.32
6.72
4
5.6
4
8.48
4.96
4.32
2.72
5.12
4.48
4.32
4.8
5.44
4.64
4.64
5.44
7.36
5.12
6.72
4.64
7.36
3.2
4.32
6.08
5.92
5.6
5.44
2.56
4.16
4.8
6.56
3.84
3.36
9.44
3.36
6.08
3.04
7.04
3.04
5.12
4.32
9.92
4.16
5.12
6.88
6.88
2.08
2.72
4.32
4.16
7.04
4.96
5.6
4.48
4
8
3.52
6.08
4.32
7.04
5.6
4.32
5.44
8.32
6.4
3.36
4
5.76
4.48
5.6
5.28
4.32
5.12
5.44
4.96
7.36
5.6
2.72
6.72
4.16
6.88
6.72
6.08
5.44
3.84
4.64
6.72
3.52
4.32
4.8
4.96
6.56
4
5.6
8.8
3.52
6.08
7.04
4.64
4
9.12
3.84
5.12
8.8
4.64
2.56
4.16
10.08
3.84
6.56
4.96
3.52
5.28
7.84
4.32
2.72
3.52
6.4
5.6
5.6
4
7.52
3.84
5.28
3.84
5.76
2.88
3.52
5.12
4.96
5.44
5.6
2.56
3.84
5.12
4
4.96
3.36
4.48
3.68
3.68
5.6
2.72
3.84
2.56
4.48
5.44
3.2
4.8
3.36
4.32
4
3.68
3.2
3.68
3.68
4.16
3.04
4.8
4
4.16
5.12
3.36
1.76
5.28
2.88
4.64
3.52
3.84
3.84
4.16
4.48
4
4.16
3.84
4.32
4
6.56
2.4
2.72
4.64
5.6
4.32
1.92
3.84
3.04
5.28
3.2
5.12
3.2
4.16
3.68
3.68
3.84
3.68
3.52
3.68
3.84
3.52
4.16
3.2
3.68
2.4
4.96
4.48
3.68
4.8
4.8
4.16
4.48
3.04
3.84
3.36
4.16
3.52
5.28
4.16
3.68
3.36
5.28
4.48
3.84
2.56
5.12
4.32
3.84
4.16
3.36
4.8
4.16
3.04
4.48
3.2
2.72
5.12
4.96
4.48
3.84
3.84
4.48
5.28
1.76
3.84
5.28
5.44
3.2
3.68
3.2
2.8
3.36
3.04
2.72
2.4
1.76
2.08
3.04
2.56
2.08
2.24
2.72
2.48
2.88
2.88
2.88
2.88
3.04
2.24
3.52
2.4
3.04
2.4
3.68
3.2
3.36
3.36
2.24
2.72
2.56
2.4
4.32
3.2
2.56
2.24
3.2
2.72
2.4
3.84
2.56
3.36
3.36
2.88
2.24
2.88
3.04
3.68
2.88
3.04
2.08
3.84
3.68
3.2
2.4
2.4
3.2
3.04
2.4
2.56
2.72
2.4
2.88
1.92
1.76
2.4
1.12
2.24
2.88
1.76
1.92
2.88
2.4
2.4
2.08
2.72
1.6
0.8
1.76
1.28
1.76
1.76
1.92
0.96
1.92
1.44
1.44
1.12
0.64
1.76
0.96
1.44
1.28
1.12
1.6
1.44
2.4
2.08
2.08
1.6
2.4
1.28
1.76
1.76
1.6
2.24
1.12
1.12
1.6
1.76
1.76
2.4
1.28
1.76
1.6
1.28
1.76
1.28
1.76
2.08
1.6
2.08
1.76
1.12
2.24
1.92
1.92
2.08
1.76
1.76
1.28
1.92
1.6
2.4
1.28
1.44
1.6
1.28
0.8
0.96
2.24
1.12
0.96
1.6
1.44
1.6
0.8
1.6
2.4
0.96
1.28
1.92
1.12
2.08
1.76
1.76
1.76
1.12
1.28
1.6
1.28
1.28
0.64
1.92
1.12
1.6
1.12
1.6
1.44
1.76
2.08
1.76
1.6
1.28
1.6
1.92
2.4
1.92
2.24
1.28
3.04
1.92
2.72
2.4
1.44
1.76
2.4
1.44
0.96
2.08
1.76
1.76
1.6
1.76
1.92
1.6
1.92
0.96
1.92
1.92
1.6
1.6
2.08
2.4
1.6
1.6
1.28
1.12
1.6
1.76
1.6
1.76
1.76
1.12
2.08
1.44
1.44
0.48
0.96
0.96
0.8
1.76
0.96
0.96
0.96
1.28
1.92
1.44
1.28
1.12
1.44
0.8
1.12
0.8
1.44
0.96
0.8
1.28
1.44
0.8
0.64
0.8
0.96
0.8
0.96
0.8
0.8
0.96
0.64
0.32
0.8
0.96
0.64
0.48
0.48
0.8
1.28
0.8
1.44
0.96
0.64
0.48
0.8
0.64
0.8
0.32
1.12
1.12
1.12
0.64
0.32
0.8
1.12
1.76
0.8
0
0.64
0.8
0.96
0.96
0.32
0.8
1.12
0.96
1.12
0.96
0.64
0.64
0.96
0.48
1.44
0.8
0.48
0.96
1.28
0.64
0.8
1.12
0.64
1.12
1.44
1.12
0.96
0.8
2.08
1.44
1.6
1.44
1.12
0.8
0.96
0.64
1.44
0.48
1.12
0.48
0.96
1.28
1.44
0.48
1.12
1.76
0.32
0.96
0.8
1.28
0.64
0.48
0.8
1.12
0.96
0.64
0.8
0.96
1.6
1.12
1.6
0.8
0.8
0.8
1.12
0.96
0.16
0.64
1.12
1.12
1.12
0.48
0.64
0.96
0.64
0.8
1.28
1.6
0.8
0.8
0.96
0.16
0.8
0.96
1.12
1.12
0
0.8
0.48
0.96
0.8
0.48
0.8
0.16
0.32
0.8
0.96
0.48
0.16
0.16
0.64
0.48
0.16
0.32
0.48
0.8
0.64
0.48
0.32
0.64
0.48
0.8
0.48
0.48
0.48
1.12
0.48
0.16
0.64
0.64
0.32
0.72
0.48
0.16
0.16
0.64
0.8
0.4
1.12
0.48
0.32
0.8
0.48
0.64
0.48
0.32
0.48
0.48
0.8
0.32
0.8
0.88
0.32
0.8
0.48
0.32
0.48
0.48
0.16
0.48
0.48
0.96
0.96
1.12
0.8
0.8
0.64
0.8
1.12
0.32
0.48
0.8
1.28
1.44
0.96
0.8
0.64
0.48
0.64
1.28
1.28
2.08
1.6
0.64
0.96
1.6
0.8
1.12
1.28
1.12
0.96
1.76
0.32
0.96
0.64
1.44
1.44
1.28
1.76
1.12
2.24
0.96
0.96
0.96
0.96
0.48
0.64
1.6
0.96
0.48
0.96
0.48
1.92
1.44
1.76
1.12
1.6
0.96
1.44
0.64
1.28
1.28
0.96
1.28
1.28
0.96
0.64
0.96
0.64
0.16
1.76
0.64
1.6
0.64
0.8
0.96
1.12
0.96
1.44
0.96
1.28
1.44
0.8
1.12
1.28
0.48
0.8
1.12
1.28
0.64
0.96
1.12
0.96
1.12
1.6
1.12
0.64
0.64
1.28
1.12
0.64
0
0.64
0.64
0.64
0.96
0.8
0.64
0.8
0.96
1.44
1.44
0.32
0.96
1.6
1.44
0.8
0.64
0.32
1.28
1.28
0.8
0.16
0.8
0.64
0.8
0.8
0.96
0.48
0.96
1.28
1.44
0.64
0.16
1.44
0.48
0.64
0
0.16
0.96
0.8
0.48
0.16
0.48
0
0.32
0.32
0.32
0.16
0.32
0.32
0.48
0.8
0.64
0.32
0.8
0.16
0.8
0.32
0.16
0.32
0.16
0.64
0.16
0.32
0.48
0.64
0.16
0.64
0.8
0.64
0.8
0.32
0.16
0.48
0.32
0.16
0.64
0.64
0.56
0.64
0.16
0.16
0.48
0.48
0.32
0.48
0.96
0.64
0
0.32
0.8
0.64
0.16
0.64
0.32
0.48
0.64
0.8
0.16
0.64
0.32
0.24
0.16
0.48
0.32
0.64
0.48
0.32
0.48
0.16
0.48
0.64
0.16
1.12
0.48
0.96
0.8
0.16
0.48
0.16
0.32
0.48
0.32
0.64
0.64
0.48
0.48
0.96
0
0.32
0.32
0.96
0.32
0.64
0.48
0.48
0.48
0.96
0.32
0.48
1.44
0
0.96
0.8
0.16
0.16
0.32
0.32
0.96
0.64
1.44
1.12
1.76
0.64
0.8
0.8
0.96
1.76
1.12
1.28
1.44
1.92
1.6
1.28
1.92
1.28
0.64
0.96
1.92
0.96
1.6
0.48
1.12
1.6
1.44
1.76
1.76
1.44
1.28
1.76
1.44
0.96
0.96
1.44
2.08
1.12
1.44
1.44
0.8
1.76
1.44
1.28
1.44
1.76
1.6
1.28
1.6
1.28
0.96
0.8
1.44
1.44
1.6
0.8
1.76
1.92
1.76
0.8
1.44
1.6
1.28
0.96
1.12
0.48
0.48
0.64
0.64
0.64
0.64
0.8
0.64
0.8
0.96
0.96
0.8
0.8
0.96
0.8
0.64
0.8
1.44
0.96
0.96
1.12
0.32
0.8
0.64
1.28
0.16
1.12
0.96
1.28
1.12
0.64
0.96
0.8
1.28
0.8
1.28
0.96
0.64
0.96
0.64
1.28
0.8
0.96
0.8
0.48
1.44
1.12
0.8
0.32
1.12
0.8
0.64
0
0.8
0.4
0.64
0.64
0.8
0.48
0.32
0.48
0.48
0.48
1.12
0.48
0.64
1.6
0.32
0
0.48
0.48
0.64
0.64
0.48
0.32
0.16
0.48
0.56
0
0.48
0.48
0.32
0.16
0.64
0.32
0.32
0.96
0.64
0.48
0
0.48
0.48
0.8
0.48
0.16
0.48
0.48
0.64
0.48
0.96
0.8
0
0.32
0.8
0.64
0.48
0.96
0.64
0.8
0.32
0.64
0.16
0.48
0.64
0.32
0.48
0.8
0.32
0.32
0.48
0.64
0.16
0.64
0.48
1.12
0.48
0.16
0.64
0.16
0.48
0
0.96
0.16
0.32
0.48
0.8
0.32
0.48
0.64
0.32
0.8
0
0.48
0.48
0.64
0.64
0.48
0.32
0.8
0
0.32
0.32
0.64
0.64
0.48
0
0.64
0.32
1.28
0.96
1.28
0.8
1.6
0.48
1.44
1.6
0.96
0.96
1.28
1.6
1.12
0.96
0.64
1.6
1.76
1.92
1.28
1.28
1.12
1.92
2.24
1.92
1.28
2.56
1.92
2.08
2.4
2.24
1.76
2.24
1.6
2.08
1.6
2.08
2.88
2.4
1.44
1.28
0.96
0.8
0.48
1.76
2.56
2.08
2.4
1.28
1.44
1.28
1.6
0.8
0.8
1.12
1.12
0.64
1.44
0.16
0.32
0.64
1.44
1.28
0.32
0.16
0.64
0.64
0.8
1.28
1.12
1.76
1.92
2.72
1.6
1.6
1.12
0.96
0.8
0.8
1.44
0.96
0.8
1.12
1.44
0.64
0.64
1.76
1.44
1.28
1.12
2.4
1.12
1.28
0.96
0.96
0.64
0.48
0.48
0.64
1.28
0.48
1.12
0.64
0.64
0.8
0.8
0.16
3.52
1.6
1.6
2.72
2.56
3.2
3.04
2.56
2.88
2.08
2.4
4.48
3.68
2.4
1.6
1.76
0.8
1.28
1.28
0.8
0.32
0.32
1.44
5.76
1.76
2.4
2.4
1.6
3.52
1.12
1.12
2.88
1.6
3.04
2.56
2.08
2.24
2.88
2.24
2.56
2.72
2.08
2.4
1.28
2.24
2.08
2.88
2.56
1.6
3.2
2.24
2.08
2.24
1.28
0.8
2.56
4.32
3.36
2.56
5.12
1.6
1.92
2.08
1.44
1.76
1.44
1.12
2.24
2.4
4.8
4.16
4.16
4.16
5.6
5.28
4
3.84
2.4
2.72
2.24
3.52
4
4
5.28
3.2
3.84
1.92
2.88
2.56
4
3.36
3.36
6.56
4.32
3.2
3.36
2.72
2.24
2.08
1.6
1.44
3.2
3.36
6.88
6.4
3.84
3.04
2.4
2.72
2.56
2.72
2.72
2.88
4
3.52
3.04
3.04
0.96
1.76
2.4
4.16
4
4.8
6.4
6.4
4.16
3.68
6.4
6.4
3.84
4
4.32
4.48
5.28
4.48
6.56
4
10.08
5.76
7.04
6.56
5.6
4.16
6.08
4.32
8.16
10.56
10.08
6.72
6.08
3.84
1.6
2.4
2.24
5.44
9.12
4.48
5.12
5.28
5.76
7.36
7.52
6.56
10.08
7.04
7.36
13.28
12.64
9.44
9.44
7.68
8.64
11.2
15.2
11.52
5.76
16.32
12.8
13.76
12.64
14.08
12.64
8
9.28
12.8
10.72
9.76
9.44
12.32
13.6
9.12
11.2
14.88
10.24
6.88
3.2
11.52
9.76
11.36
9.92
12.64
10.56
12.8
15.52
13.44
17.12
10.56
11.68
14.72
13.76
12.32
12.48
11.68
12
7.52
14.88
15.04
13.12
12.96
11.2
13.12
10.72
12
13.92
13.44
13.76
15.04
17.12
15.04
15.2
12
14.24
12.16
11.84
8.64
12.48
13.76
13.92
15.84
15.68
11.52
11.36
12.8
15.36
15.2
15.2
14.4
14.4
11.2
15.68
13.44
15.04
13.6
8.16
15.04
14.24
13.6
14.88
13.44
11.2
14.08
14.88
11.2
15.2
12
11.2
13.28
11.68
10.72
11.36
10.08
12
12.8
6.88
12.16
11.04
12.96
15.2
13.76
12.64
14.88
15.52
16.96
16
17.6
18.24
15.2
17.28
16
16
17.44
8.16
17.44
16.64
17.12
16.48
13.44
18.4
15.52
16.64
9.76
17.92
16
11.84
9.44
16.48
13.6
17.28
15.68
15.36
17.6
5.92
16.8
15.68
13.12
13.76
15.2
17.6
17.6
17.44
16.8
14.08
15.84
15.36
18.4
15.04
17.92
17.44
13.76
17.6
9.44
14.56
10.4
14.72
14.24
13.6
11.52
14.88
13.12
15.68
13.92
15.68
13.76
15.36
13.76
12.8
14.24
13.6
12.96
7.84
15.2
16.48
16.96
16.8
13.76
15.92
16.64
16.08
15.84
15.52
16.4
8.16
12
16.48
8.96
15.68
18.4
16.16
19.04
16.48
15.2
16.08
16.32
14.24
15.36
16
15.84
15.68
10.72
12.48
12.8
16.64
8.8
16.8
15.2
16
15.84
15.68
18.4
16.48
17.44
17.6
18.4
16.16
13.92
16.96
15.84
16
15.36
7.04
18.08
16
17.6
16.8
16
16.48
17.6
13.6
16.16
16
15.52
14.08
16.64
12.64
16.32
14.56
11.84
9.6
8.32
5.6
11.04
13.76
12.32
10.56
10.24
12.48
15.36
15.68
14.24
12.8
16.96
15.04
8.8
15.04
14.24
18.24
16.16
16.48
19.2
17.28
17.36
18.72
17.2
18
6.56
16
17.28
18.4
15.2
16
15.84
16.16
18.08
15.84
15.04
16.32
17.44
17.76
18.24
18.24
18.4
16.64
13.92
17.76
18.32
18.08
17.12
10.24
17.6
17.6
16
17.76
14.08
17.76
16
16.8
16.8
14.24
17.12
6.88
13.76
18.24
14.4
14.4
11.52
18.08
18.4
17.44
17.6
17.44
17.44
15.2
12.96
14.24
14.72
15.36
16.48
8.16
16.96
18.4
16.48
18.4
18.24
18
12
15.52
18.08
15.04
17.28
18.4
18.08
14.56
12.48
16.64
13.76
8.16
8.8
10.88
15.2
16.48
16.32
15.84
15.84
16.8
18.08
15.04
17.92
16.16
13.76
17.92
16.48
17.28
13.28
12.96
9.6
16.16
16.96
10.72
19.2
13.44
14.24
13.44
15.52
16.8
14.56
16.32
15.36
17.92
16.32
14.08
16.88
10.4
17.6
13.92
18.4
16.8
12.8
17.6
17.28
10.72
8.32
9.6
13.12
13.44
18.56
16.48
17.44
16.64
17.92
16.32
4.64
18.24
17.44
13.92
8.96
13.92
12.8
15.52
16.32
19.2
11.2
14.56
18.08
17.28
15.52
15.36
17.6
15.68
8.32
12.8
14.72
17.44
16.64
12.32
15.52
18.4
18.4
16.48
16.64
13.12
12.48
10.72
16.48
16
17.6
18.08
13.28
6.88
18.08
17.12
14.72
16.32
15.52
15.04
16.8
15.68
9.76
9.6
10.56
16.16
17.44
16.64
18.08
11.84
13.92
13.76
9.28
15.84
15.04
18.08
16.48
13.2
17.92
14.24
19.04
17.12
14.1333
10.88
15.68
7.52
10.88
15.52
7.36
15.52
15.36
16.48
18.24
16.96
16
16.64
16.48
17.92
17.6
16.16
12.96
16.8
18.72
17.76
17.12
16.48
17.6
8.8
17.28
12.32
7.36
11.84
16.48
16.96
18.24
7.52
2.08
8.16
7.52
9.92
8.48
6.4
11.68
15.68
8.64
15.68
13.76
15.04
5.28
6.4
5.6
5.28
9.92
8
8.32
4.32
7.04
1.44
1.92
1.28
1.2
2.24
1.6
1.28
1.12
1.6
2.72
0.64
0.8
1.92
1.28
1.6
1.12
2.24
1.12
0.48
1.6
0.8
1.28
1.44
1.92
1.44
0.64
0.96
0.64
1.28
1.6
1.12
1.6
1.92
0.64
0.32
0.96
0.72
0.64
0.96
0.48
1.6
0.48
1.44
0.96
0.8
1.28
1.28
0.64
1.6
0.64
0.64
1.44
0.96
1.12
1.28
1.12
1.6
0.8
1.44
1.76
1.28
0.96
0.8
0.8
1.12
0.8
1.12
1.6
1.44
1.76
1.44
1.12
0.64
1.6
1.12
1.12
0.8
0.8
0.64
1.12
0.32
0.64
0.32
0.64
0.16
0.48
0.96
0.48
0.48
0.48
0.32
0
0.64
0.48
0.16
0.64
0.16
0.96
0
0.16
0.8
0.8
0.64
0.96
0.32
0.48
0.8
0.48
0.48
0.64
0.32
0.16
0.64
0.32
0.8
1.44
0.48
1.6
0.16
0.64
0.48
1.12
0.32
0.32
0.64
0.48
0.64
0.48
0.64
0.48
0.16
0.96
0.32
0.16
0.32
0.48
0.64
0.48
0.48
0.48
0.16
0.32
0.8
1.12
0.56
1.12
0.64
0.8
0.8
0.48
0.32
0.32
0.32
0.64
0.32
0.48
0.56
0.64
0.8
0.32
0.16
0.96
0.16
0.32
0.48
0.64
0.32
1.44
0.48
0.48
0.16
0.96
0.96
0.8
0.16
0.64
0.16
0.8
0
0.96
0.48
0.48
0
0.32
0.96
0.32
0.96
0.72
0.96
0.96
0.64
0.32
0
0.8
0.64
0.32
0.64
0.64
0.16
0.16
0.32
0.96
0.64
0.32
0.64
0.64
0.64
0.8
0.8
1.12
0.32
0.56
0.48
0.48
1.28
0.64
0.48
0.64
0.32
0.48
0.8
0.16
0.32
0.8
0.16
0.32
0.48
0.32
0.16
0.96
0.8
0.64
0.48
0.8
0.48
0.16
0.48
0.32
0.32
0
0.96
0.32
0.32
0.96
0.64
0.32
0.48
0.8
0.64
0.32
0.32
0.48
0.48
0.64
0.8
0.64
0.16
0.48
0.16
0.48
0.48
0.48
0.32
0.64
0.16
0.16
0.32
0.32
0.32
0.64
0.32
0.96
0.96
0.48
0.48
0.96
0.64
0.32
0.48
0.48
0.48
0.64
0.8
0.32
0.16
0.64
0.32
0.48
0.64
0.48
0.64
0.32
0.8
0.64
0.64
0.64
0.8
0.48
0.32
0.64
