3.77868
3.04
3.52
3.68
3.36
3.36
3.36
5.44
2.88
4.48
2.88
3.48
4.48
3.2
2.72
2.88
3.68
5.44
3.2
3.04
2.88
3.52
3.52
4.8
3.2
6.08
3.68
4.32
4.8
3.2
5.12
2.4
1.12
3.84
4
4
3.84
4.48
3.36
3.04
3.52
2.88
4.64
3.04
3.04
2.88
3.2
3.36
4.48
3.04
4.64
1.92
3.68
6.24
4
3.2
3.36
4.48
3.68
4.64
6.08
2.88
3.2
3.84
6.08
4.32
3.68
4.64
6.56
2.4
1.92
4.32
5.12
4.8
2.24
4.96
4.32
4.64
5.12
7.04
4.8
4.16
5.6
4.96
6.24
4
2.88
4.32
4.96
4.64
3.2
4.32
6.4
5.44
5.6
4.8
5.44
5.76
3.36
5.12
6.72
7.04
4
2.72
3.04
4.64
5.76
4.96
4
4.32
4
4.64
7.2
2.08
4
6.88
4.16
3.2
5.12
4.96
4.16
5.44
6.08
3.36
4
4.48
5.12
4
3.52
4.8
4.8
6.24
2.56
6.4
3.2
4.96
5.28
4.32
5.44
4.64
5.92
5.6
3.68
3.84
3.84
4.64
7.36
3.52
4.96
4.48
4.8
4.48
5.92
5.6
4.32
4.8
4.16
5.76
3.84
4.64
5.6
4.64
5.6
5.92
4.64
5.76
3.68
2.08
7.36
6.24
4.8
5.6
3.68
6.08
4.16
6.72
3.84
4.96
4.32
5.44
4.96
5.44
3.04
7.52
5.6
6.08
2.08
5.76
6.08
5.28
4.64
4.16
7.36
5.76
5.6
4.64
4.8
6.56
3.68
8.32
3.36
4
5.28
4.96
5.28
4
1.76
3.84
4.48
7.04
5.92
3.84
6
4.32
4.8
7.04
6.24
4.96
6.88
7.84
4.32
4.48
6.4
6.56
2.56
3.68
4.48
4.8
6.88
3.04
5.44
6.56
5.6
4.32
3.36
5.28
6.08
5.92
7.04
3.68
6.4
4.96
5.44
4.32
3.52
4.64
6.08
3.84
6.88
3.68
7.68
3.84
5.44
6.24
5.12
5.44
6.08
5.6
3.52
7.04
5.44
3.36
3.36
4.48
5.6
5.76
4
5.28
4.8
6.08
4.32
4.96
8.16
3.04
4.8
6.24
7.2
4
9.76
3.84
5.28
5.44
7.68
2.24
2.56
10.24
2.72
3.36
8.32
5.76
5.28
4.48
5.6
5.28
4.16
4.32
5.76
5.92
5.28
8.8
3.84
5.28
2.24
8
3.2
3.84
4.48
7.36
3.84
4.96
4.32
3.68
4.16
4.64
5.12
3.2
3.84
5.76
4.16
3.52
3.52
3.04
3.36
3.2
3.84
5.28
3.52
4.32
4.48
4
3.52
3.04
3.2
3.36
4.8
4.16
4.96
3.52
3.04
4.16
4.48
2.24
4
4
3.2
4.16
3.84
4.32
5.44
3.2
4.96
4.16
4.16
3.52
4.32
5.28
6.08
3.04
6.56
5.6
4.32
1.6
3.52
2.72
5.12
3.04
4.96
3.2
3.68
4
3.52
4.48
3.68
4.16
4.48
3.04
3.52
3.2
3.36
3.2
1.92
4.48
4.32
4
4
4.8
4.16
4
3.84
4.48
4.16
3.36
4.96
4.8
4
4.8
3.68
3.68
4
4.16
1.92
4.48
3.84
4.48
5.12
3.52
3.52
5.28
3.84
4.96
4
4.32
4.8
4.8
4.48
4.64
3.2
3.68
3.52
2.4
4
3.84
3.84
3.52
2.88
1.76
3.12
2.56
2.88
3.68
2.88
2.56
2.08
3.52
1.92
3.2
2.24
3.04
2.56
2.56
4.16
2.24
2.72
2.88
3.04
3.52
3.04
3.2
1.92
3.2
3.52
2.56
2.72
3.04
1.76
4
2.56
4.32
2.4
2.56
1.44
3.04
2.56
3.12
3.68
3.2
3.04
2.72
2.4
2.72
3.04
2.56
3.68
2.08
3.04
1.6
3.04
3.36
3.68
2.56
2.4
3.04
4.16
2.72
2.24
2.24
2.88
3.04
1.92
2.56
2.08
1.6
3.04
1.76
2.08
1.76
2.56
3.36
1.92
1.92
2.72
1.6
0.96
2.08
1.76
1.76
1.44
1.52
1.12
1.12
1.28
1.28
0.8
0.96
1.28
0.96
0.8
1.6
1.92
1.92
2.56
2.4
1.28
1.76
1.92
1.76
2.08
1.76
1.92
1.6
1.6
1.92
1.92
1.44
1.28
2.24
1.76
1.44
1.44
1.92
1.44
1.6
1.92
2.24
1.76
1.44
1.6
1.28
2.08
1.76
2.24
2.08
1.6
2.08
1.6
1.44
1.76
1.76
1.12
1.6
1.44
1.28
1.76
0.8
1.6
0.96
0.64
2.24
0.96
1.76
0.96
1.44
1.28
1.6
1.76
1.28
1.28
1.76
1.76
1.6
1.12
1.44
1.12
2.08
1.44
1.44
0.96
1.6
1.6
1.76
1.28
0.96
1.44
1.6
1.44
1.28
1.44
1.12
1.44
1.76
2.24
1.6
1.76
1.6
2.88
2.08
2.08
2.4
1.76
1.92
1.76
1.44
1.6
2.08
2.08
0.96
1.6
1.6
2.4
1.92
2.08
1.12
2.08
2.08
1.12
1.6
1.92
2.56
1.28
1.12
1.6
0.8
1.28
1.28
1.92
1.28
1.76
1.44
1.92
1.6
1.28
0.48
1.28
0.96
0.8
0.8
2.24
0.48
1.76
0.32
1.28
0.96
0.96
1.28
1.28
0.64
1.28
0.8
1.12
1.28
0.48
1.6
1.76
1.44
0.64
0.96
0.48
1.12
0.64
1.12
1.12
1.28
0.8
1.12
1.28
0.96
0.96
0.96
0.96
1.28
0.96
1.12
0.48
0.96
1.12
0.48
1.76
0.48
1.12
0.8
0.48
0.96
1.12
0.48
0.96
0.8
0.64
0.64
0.32
1.92
1.44
0.96
0.64
0.96
1.44
0.48
0.8
0.64
0.96
0.48
0.32
1.28
0.64
0.96
0.48
0.8
0.96
1.44
0.64
0.48
0.32
0.48
0.8
0.96
0.8
0.96
0.96
0.96
0.96
2.08
1.12
0.48
1.12
0.8
0.48
0.16
1.12
0.64
0.48
1.12
1.28
0.64
1.76
0.96
0.8
0.64
1.12
1.6
1.12
0.16
0.32
1.12
0.8
1.28
0.64
1.44
1.12
1.12
1.44
1.44
1.92
0.96
1.12
1.12
1.44
0.48
0.48
0.64
1.12
1.44
0.32
0.32
1.44
0.96
1.28
1.44
0.64
0.48
0.64
0.48
1.12
0.32
0.64
1.44
1.12
1.12
0.48
0.64
0.8
1.28
0.48
0.16
0.48
0.48
0.64
0.32
0.48
0.64
0.32
0.32
0.48
0.16
0.32
0.16
0.8
0.16
0.8
0.48
0.32
0.16
0.96
0.32
1.28
0.16
0.16
0.48
0.48
0.64
0.64
0.48
0.32
1.04
1.12
0.32
0.64
0.32
0.48
0.32
0.48
0.32
0.96
0.32
0.8
0.32
0.16
0.8
0.8
0.16
0.32
0.64
0.64
0
0.32
0.16
1.28
0.56
1.12
0.16
0.48
0.32
0.72
0.48
0.32
0.48
0.48
0.8
1.44
0
0.8
0.8
1.12
1.12
0.64
1.76
0.8
1.12
1.6
0.96
0.16
1.12
0.64
1.6
2.08
1.12
1.28
0.8
1.28
0.96
1.44
1.12
0.48
0.96
0.8
0.8
0.48
0.48
1.6
0.96
1.44
0.64
1.76
1.28
1.6
0.64
0.64
1.28
0.8
1.12
0.96
0.48
0.64
0.64
1.6
0.8
0.96
1.28
1.6
0.64
2.24
0.32
0.96
0.96
1.12
1.12
1.76
0.32
0.32
0.96
0.96
1.12
1.28
0.32
0.64
1.44
1.12
0.96
0.48
1.12
1.76
0.96
1.44
0.8
1.28
1.28
0.64
0.16
0.96
0.8
1.44
0.64
0.8
0.8
0.64
1.12
0.8
0.48
0.48
0.96
1.28
0.64
0.8
0.64
1.44
0.96
1.6
0.96
0.96
0.64
0.8
0.64
0.8
0.8
0.96
0.48
1.12
0.64
0.96
0.96
0.32
1.28
0.96
1.28
0.8
0.24
1.12
0.96
0.8
0.64
0.8
0.48
1.28
0.48
0.8
1.12
0.64
0.16
0.32
0.48
0.32
0.16
0.32
0.64
0.8
0.16
0.16
0.48
0.8
0.96
0.32
0.64
0.64
0.32
0.32
0.8
0.16
0.48
0.96
0.48
0.32
0.64
0.32
0.48
0.16
0.96
0.96
0.48
0.16
0.64
0.16
0.64
0.32
0.48
0.8
0
0.8
0.48
0.16
0.96
0
0.64
0.32
0.64
0.64
0.16
0.96
0.48
0.32
0.4
0.32
0.8
0.64
0.8
0.64
0.16
0.64
0.48
0.16
0.48
0.48
0.32
1.44
0.96
0.96
0.48
0.96
1.12
0.16
0.8
0.32
0.48
0.32
0.32
0.64
0.32
0.8
0.8
0.32
1.12
0.64
0.16
0.8
1.28
0.48
0.64
0.32
1.28
0.16
0.8
1.12
0.32
0.64
0.64
0.32
0.96
0.32
0.32
0.32
0.16
0.8
0.88
0.32
0.64
0.64
0
0.64
0.32
0.4
1.12
1.6
0.8
1.28
0.64
1.6
1.12
0.64
0.48
1.12
1.44
1.28
0.96
0.96
1.92
1.28
1.44
1.76
1.28
0.64
0.96
2.08
0.8
0.8
1.12
2.08
2.08
1.28
1.28
1.44
1.76
1.6
0.96
2.08
0.96
1.12
0.96
1.6
1.12
1.44
1.44
1.44
2.08
2.24
1.6
1.44
1.92
1.6
1.6
2.08
1.12
0.96
1.28
1.92
1.6
1.76
1.28
1.28
2.24
1.92
1.6
1.44
1.44
1.44
1.12
0.8
0.48
0.8
0.64
1.28
0.64
1.12
0.32
0.64
1.6
1.6
1.12
0.48
1.76
0.8
0.64
1.28
0.64
0.8
0.8
1.12
0.64
0.64
1.44
1.12
0.8
0.64
1.28
0.64
1.12
1.12
0.8
0.8
0.64
1.28
0.96
1.12
0.96
0.48
1.44
0.64
1.12
0.48
0.8
0.8
0.8
0.8
1.12
0.96
0.48
0.96
0.64
0.8
0.64
0.16
0.48
0.64
0.16
0.8
0.48
0.48
0.32
0.64
0.96
0.16
0.8
0.32
0.4
0.48
0.48
0.64
0.32
0.32
0.64
0.48
0.48
0.96
0.32
0.16
0.8
0.16
0.64
0.32
0.48
0.64
0.32
0.64
0.16
0.48
0.8
0.96
0.32
0.64
0.48
0.8
0.16
0
0.32
0.16
0.64
0.32
0.96
1.12
1.12
0.4
0.64
0.48
0.64
0.64
0.16
0.48
0.16
0.8
0.16
1.28
0.32
0.64
0.16
0.64
0.48
0.32
0.48
0.32
0.48
0.96
0.64
0.96
0.48
0.32
0.48
0.48
0.48
0.64
0.48
0.48
0.64
0.48
0.64
0.64
0.64
0.64
0.48
0.16
0.8
0.16
0.32
0.32
0.48
0.64
0.32
0.64
0.48
0.8
0.32
0.32
0.32
0.48
0.32
0.16
0.32
0.64
0.16
0.96
0.8
0.8
0.96
0.96
0.64
0.8
1.44
0.96
0.64
0.64
1.12
1.44
0.8
0.32
0.16
1.92
1.6
1.92
1.12
1.6
1.12
1.6
2.24
2.56
1.76
2.56
1.92
1.12
1.92
2.56
1.12
1.6
1.6
2.88
1.6
1.92
2.08
1.44
1.76
0.96
1.12
0.96
0.8
1.76
2.88
1.44
1.92
0.96
1.28
0.96
1.76
1.28
0.8
0.96
1.12
0.32
2.24
0.32
0.8
1.12
0
1.44
1.12
0.96
0.48
0.8
0.16
0.96
1.28
1.12
1.6
1.6
2.4
1.76
1.12
0.16
0.96
1.28
1.28
1.12
0.96
0.8
0.16
0.64
0.64
0.8
1.12
1.44
0.96
0.64
1.92
0.64
1.28
0.8
1.12
0.48
0.32
0
1.12
1.6
1.12
0.96
0.8
0.8
0.64
0.48
0.48
0.48
3.68
0.64
2.24
2.72
1.92
1.92
2.72
3.2
2.4
1.76
2.56
4.32
4.16
2.4
1.28
1.12
0.64
1.12
0.8
0.64
0.48
0.32
1.6
5.6
1.92
2.24
3.04
2.56
2.56
1.28
1.44
3.2
1.12
3.36
2.56
2.08
2.08
2.56
1.76
2.4
2.08
1.6
2.56
1.28
2.08
1.92
2.4
2.24
1.76
3.04
1.92
1.76
2.72
1.76
0.64
2.72
3.68
3.52
1.6
4.64
1.44
1.6
1.6
1.6
2.56
1.28
1.28
2.08
2.08
4.32
4.96
4.16
4.8
6.08
4.64
4
4
2.72
2.24
1.6
2.08
4
4
4.32
4.96
3.52
0.96
3.2
2.24
4.16
2.4
4.32
5.92
4.32
3.2
3.04
3.04
2.24
1.44
1.12
1.6
3.04
3.2
6.56
7.2
3.36
1.92
1.76
2.72
2.24
2.56
3.04
2.56
3.52
4
2.88
3.52
1.28
2.56
3.2
3.2
4.16
5.12
6.24
5.44
3.84
3.36
7.36
5.6
4.48
4
4.64
5.12
5.28
4.16
7.36
4.64
9.76
6.08
8.32
6.4
5.28
5.76
5.44
3.52
8.16
10.4
9.92
6.4
5.12
3.84
1.6
1.92
1.76
5.76
8.48
5.44
4.32
5.6
5.76
6.88
7.52
6.72
9.92
7.84
8
12.8
13.12
9.28
9.76
7.36
8.8
10.56
15.04
11.68
7.36
14.72
12.8
14.72
10.24
14.88
13.6
6.72
9.44
11.68
10.24
8.48
9.6
8
13.44
8.96
10.56
12.48
14.56
10.88
3.84
10.4
9.76
11.36
10.24
13.6
10.72
10.72
14.4
16
16.96
10.72
9.92
14.72
14.56
12.64
11.84
12.64
13.12
7.2
14.88
13.76
15.36
12.8
12
12
11.84
11.68
13.92
13.12
13.76
12.32
18.4
16.96
13.76
12.48
13.28
12.16
13.44
8.64
12.96
14.56
14.08
16
15.36
10.24
11.84
10.56
15.68
14.56
14.24
14.56
10.72
12.32
13.76
15.2
14.72
12.64
8.64
13.6
15.04
13.28
14.88
13.12
14.24
12.64
16.64
12.16
14.08
12.16
12.32
13.44
13.76
12.48
11.04
11.52
12.96
14.08
5.92
14.72
12.8
16.48
13.92
10.24
16.48
15.36
15.36
15.68
15.84
18.08
15.68
15.52
16.64
17.28
16.32
14.56
8.64
16.96
17.92
15.36
15.2
17.44
16
16.32
11.52
15.2
16.8
12.96
11.2
15.52
16
18.4
14.56
17.12
17.44
16
8.64
14.08
12
11.68
11.2
16.8
16.48
17.6
17.12
12.64
16.64
15.2
19.04
14.08
17.92
16.8
15.52
15.52
14.24
9.12
13.76
13.6
13.92
12.32
13.76
11.84
16
15.2
16.64
14.08
13.76
15.44
15.2
14.56
15.2
14.72
14.4
16.64
8.32
17.44
16.64
15.84
15.52
17.12
14.96
18.4
16.56
18.4
17.12
9.92
16
15.52
17.6
9.12
11.84
15.84
19.2
16.48
15.68
15.84
17.36
13.28
15.68
12.96
13.92
14.4
10.08
9.76
16
15.52
17.44
8.16
14.4
13.76
17.92
15.68
17.4933
17.12
18.4
17.6
17.44
14.08
9.28
16.8
14.08
16.64
16
13.28
8.16
17.28
16.64
18.08
17.44
15.68
17.44
18.88
15.52
14.72
17.12
16.16
16.16
15.04
16.48
14.08
10.88
8
6.4
8.64
4.96
9.12
12.16
9.12
10.56
12.16
14.56
15.14
15.52
10.4
17.76
14.56
9.6
15.04
14.2933
16
17.6
17.76
18.56
16.96
18.4
18.08
17.2
17.36
8.8
14.72
17.92
17.28
13.6
13.44
16.32
15.52
16.8
16.48
15.84
15.84
14.88
18.72
14.72
17.44
17.6
17.76
8.32
18.4
17.12
18.08
17.44
16.48
17.12
9.76
16.32
16
14.88
17.6
16.48
17.12
15.44
15.84
14.88
15.04
8.64
16.48
15.04
16
14.88
16.32
16.16
16.64
18.4
17.6
18.32
19.2
17.28
15.68
14.08
15.2
14.72
15.68
7.68
16.64
15.68
16.48
16.48
18.08
18
19.2
16.32
17.76
16.48
13.92
15.36
16.96
16.16
15.68
14.08
15.36
18.08
8.64
10.72
10.72
15.36
17.92
15.36
18.08
16.48
16.64
17.12
11.04
18.24
16
13.44
17.44
15.84
17.44
15.36
10.4
9.6
17.12
17.28
11.2
18.88
13.44
14.56
12.64
15.44
15.04
16.96
13.28
15.84
16.96
17.44
16.48
16.88
9.12
17.44
15.2
18.56
16.64
12
17.44
15.68
13.44
8.32
9.76
12.96
13.6
18.08
15.68
17.44
16.32
18.24
16
5.92
18.24
17.44
14.88
7.2
9.92
15.04
13.92
14.72
18.24
16.64
16.8
18.16
17.12
15.92
15.04
18.24
14.08
7.68
14.88
14.56
17.6
17.6
11.52
16.48
18.4
16.48
18.24
16.16
11.52
11.68
10.4
17.44
15.84
17.76
17.92
12.96
7.2
18.4
15.52
15.52
16.8
15.68
15.36
16.48
17.76
7.68
8.96
8.96
13.6
17.12
16.48
18.72
16
13.6
13.12
8.48
15.2
16.8
18.56
15.52
14
17.6
13.76
18.56
16.64
14.3467
12
15.36
8.64
11.2
15.84
9.6
13.12
14.72
19.2
17.28
17.28
17.76
18.4
15.52
18.08
17.92
15.52
17.76
15.36
17.12
16.64
16.32
12.64
17.44
8.48
17.12
12.96
7.68
11.68
16
15.36
17.92
10.4
1.44
8.32
8.8
9.12
6.88
12.32
16
8.64
16.64
16.16
13.76
3.68
5.6
4.8
5.12
10.88
6.24
8.8
4.32
7.52
1.92
1.76
0.96
1.12
1.28
1.6
1.28
1.12
0.64
0.48
0.96
0.8
1.6
1.28
1.92
1.12
1.6
0.8
1.92
1.12
0.96
1.44
0.96
0.8
1.76
1.12
0.8
0.8
1.76
0.96
0.8
0.96
1.44
1.6
0.8
0.96
0.8
0.96
1.44
1.6
1.12
0.32
0.96
1.28
1.6
1.12
0.32
0.64
0.64
0.96
0.8
1.28
1.6
1.92
1.6
0.64
0.96
0.48
1.76
0.32
0.64
0.8
1.44
0.8
1.44
0.8
1.92
0.8
1.28
0.48
1.44
1.12
1.44
0.96
1.44
1.44
1.12
0.96
1.44
1.28
0.48
0.32
0.64
0.48
0.8
0.32
1.12
0.96
0.32
0.32
0.48
0.32
0.48
0.64
1.12
0.64
0.64
0.48
0.8
0.8
0.96
0.64
0.96
0.48
0.16
0.48
0.96
0.16
0.48
0.16
0.64
0.48
0.48
0.8
0.96
0.48
0.96
0.8
0.32
0.16
0.64
0.64
0.16
0.32
0.8
0.32
0.48
0.32
0.64
0.16
0.48
0.64
0
1.12
1.44
0.48
0.96
0.16
0.16
0.64
0.32
0.16
0.8
0.64
0.96
0.48
0.48
0.96
0.56
1.12
0.48
0.48
0.64
0
0.64
0.64
0.32
0.32
0.64
0.32
0.56
0.64
0.32
0.48
0.32
0.48
0.48
0.8
0.16
0
0.16
0.48
0.48
0.64
0.8
0.64
0.48
0.32
0.32
0.16
0.48
0.32
1.12
0.48
0.96
0.64
0.32
0.48
0.16
0.64
0.48
0.32
0.32
0.64
0.96
0.48
0.48
0.16
0.32
0.8
0.32
0.8
0.48
0.48
0.32
0.16
0.48
0.64
0.96
0.32
0.64
0.64
0.32
0.64
0.96
0.64
0.32
0.8
0.16
0.16
0.48
0.16
0.64
0.64
0.32
0.48
0.8
0.32
0.16
0.32
0.64
1.44
0.8
0.32
0.64
0.16
0.48
0.16
0.48
0.8
0.64
0.48
0.96
0.16
0.32
0.48
0.32
0.8
0.32
0.96
0
0.96
0.64
0.32
0.64
0.96
0.8
0.16
0.32
0
0.32
0.48
0.48
0.96
0.48
0.64
0.96
0
0.64
0.8
0.8
1.12
0.64
0.72
0.16
0.64
0.48
0.48
0.96
0.8
0.16
0
0.48
0.32
0.48
0.96
0.48
0.16
0.64
0.64
0.48
0.16
0.48
0.48
0.48
0.96
1.28
0.16
1.12
0.8
0.8
0.64
