5.14282
4.32
4.64
3.52
4.64
2.96
3.52
4.128
4.16
4.48
3.2
3.36
3.84
3.68
3.04
3.04
3.2
5.12
5.2
3.84
4.32
3.84
3.68
5.28
2.4
4.32
3.68
3.84
4.8
3.68
5.12
4.16
4.32
3.52
3.2
4.64
3.68
4.72
3.68
3.52
6.24
3.04
5.28
3.68
3.68
5.76
5.44
4.64
5.12
4
3.36
4.32
6.08
4
3.68
3.52
4.48
5.44
4.8
4.32
4.96
3.52
3.04
3.52
4.16
3.52
5.12
6.08
3.84
4
5.28
4.16
4.8
4.48
6.08
5.76
5.12
5.44
4
6.56
4.16
4.8
1.44
4.8
5.28
4.96
4.48
4.48
6.08
5.92
5.12
5.2
3.84
6.88
4.8
4.64
4.4
4.32
4
5.44
5.6
4.48
4.48
6.72
5.28
4.48
5.28
4.96
3.68
5.6
3.36
4.96
4.16
4.8
4.48
4.8
4.96
4.48
5.28
3.52
6.4
4.16
4.96
4.8
4.32
4.8
6.08
5.04
5.12
7.04
4
5.6
4
7.36
2.4
6.88
5.44
5.76
5.76
4.48
4
5.6
4.96
4.48
5.6
4.16
4.96
5.92
4.48
3.36
4.8
4.8
4.64
4.32
1.6
3.68
4.8
3.36
4.64
3.36
4.16
5.76
4.96
4.64
3.68
4.16
4.32
4.48
7.68
4.48
5.44
5.28
4.8
5.92
5.6
4.32
5.04
5.01333
9.12
4
4.64
4.16
4.64
5.12
5.6
4.16
4.16
4.96
4.32
3.52
4.64
2.88
5.76
5.12
3.2
4.64
4.64
5.12
5.12
4.64
2.88
5.12
3.68
4.64
4.85333
4.88
5.08
4.64
5.6
4.48
5.28
5.28
3.36
8.8
1.92
3.2
7.04
5.44
5.44
4.16
4.64
4
3.36
4.48
4.16
4.96
4.16
5.44
4.16
5.12
3.84
3.04
4.32
2.08
4.32
4.8
3.84
4.48
4.48
5.6
3.84
3.84
5.12
5.6
5.12
4.64
4.48
3.68
5.28
4.64
4.32
5.28
3.84
2.88
5.44
5.28
4.96
4.32
5.84
7.2
4.32
4
4.69333
5.44
3.36
5.44
4.4
7.84
2.08
4.32
4
5.28
4
4.96
4.48
5.6
2.72
5.36
4.48
5.28
4
4.8
7.04
5.92
4.32
3.52
4.48
3.68
4.16
5.12
3.36
4.96
4
4.96
4
4.8
4.96
4.32
5.92
4.8
7.68
2.56
5.6
3.12
4.96
4
4.64
5.76
3.2
4
5.12
5.44
4.8
5.12
3.84
4.8
4.8
3.84
4.16
4.64
4.16
4.8
2.88
3.2
4.8
4.64
4.8
5.76
5.92
4.48
4.32
4.48
5.12
4.48
4.48
4.96
4.48
4.48
4.48
5.76
3.52
2.72
3.84
4.16
5.92
4.64
5.28
4.48
4.48
4.90667
5.12
4.96
4.16
5.12
5.6
6.56
6.88
2.72
2.72
3.84
4.16
4.16
5.76
5.28
4.32
4.16
4.16
5.92
4.96
4.32
4.64
4
2.88
4.48
4
4.48
4.64
4
4
4.48
5.28
5.28
2.88
4.48
5.44
4.48
6.24
4.8
4.48
3.84
5.28
3.68
4
5.12
3.36
5.28
6.08
1.76
3.68
4.16
4.96
3.68
5.12
4.48
4.32
4.48
5.76
4
2.4
4.16
4.64
3.04
3.2
4
4.16
3.84
3.52
3.36
3.2
2.88
5.12
3.2
5.44
3.36
5.12
2.56
3.36
3.2
3.36
4.32
3.2
4.48
3.84
3.04
3.36
4
1.76
3.84
3.68
5.28
4.48
3.68
4.8
2.88
3.84
3.04
3.2
3.52
3.68
3.84
3.52
3.68
4.48
3.36
3.84
2.4
3.2
3.52
3.68
3.84
4.32
4.16
3.04
4.8
4
3.04
3.36
3.36
3.36
3.68
3.52
3.36
4.32
3.52
2.72
2.56
3.36
3.52
3.52
4.96
3.36
3.04
3.52
3.52
4
4.16
3.68
4.48
4.32
4.48
4.16
4.32
3.68
3.2
2.24
4
3.36
2.72
3.68
2.88
3.36
3.36
4.16
3.52
4.16
3.52
3.68
3.52
4.16
3.2
4.32
3.36
3.68
5.44
1.92
3.2
4
3.52
4.16
4.32
3.84
3.84
4.64
3.52
3.04
3.52
3.36
3.84
4.48
4.16
2.72
3.36
2.72
2.56
3.68
3.36
3.04
3.84
3.68
3.68
3.52
3.36
3.2
3.2
3.36
2.72
4
4.16
3.52
3.36
4.16
4.16
4.16
2.88
4.8
4.16
4
2.88
2.88
4.16
3.68
3.84
3.2
4
3.36
2.88
3.68
4
3.84
4.32
3.84
4.32
1.76
4.64
3.52
3.52
3.2
3.04
4.32
3.68
3.68
3.68
3.68
3.36
3.68
3.52
3.52
3.36
4
3.04
3.2
4
3.04
3.68
3.2
4
3.04
3.36
3.84
3.2
3.2
4.32
3.52
4
2.56
3.68
3.36
3.2
3.52
3.68
3.52
2.08
4.16
4.16
3.52
3.84
3.04
2.88
4
4.32
3.36
3.36
3.52
2.72
3.84
4
4
3.68
2.4
3.2
3.04
1.92
3.68
3.68
4.64
3.52
3.52
3.68
2.88
3.36
4
3.52
3.36
4.96
4.96
4
3.52
3.36
4.32
3.36
2.4
4.16
2.88
4.96
4.48
3.68
3.36
3.84
3.36
5.76
4.32
3.84
4.8
4.32
2.72
4.32
4.48
4
3.68
4.64
2.24
3.36
3.36
4.32
4.48
3.36
3.52
3.84
3.84
3.36
3.84
4.16
4.64
4
3.52
3.2
3.36
3.84
4
2.56
3.68
4
3.84
4.32
4.16
3.04
4.48
3.36
3.84
3.36
4.64
4.32
4.16
5.28
3.36
3.68
5.92
3.52
4.8
3.2
3.04
4.64
3.84
4.48
3.52
4
4.48
3.84
4.16
3.2
3.52
3.84
3.68
3.2
5.44
4.48
4.64
3.84
2.24
4
3.36
2.88
4.32
4.64
3.84
3.84
4.64
4.8
4.64
5.28
4.16
5.28
4
4
5.44
4.16
5.04
2.24
3.2
3.2
4.48
4.16
4.64
4.32
4
4.16
3.68
4.16
3.84
3.36
4.8
3.52
3.2
3.2
3.68
3.68
1.6
3.84
3.84
3.52
4.48
2.784
3.52
4.16
4.32
4.8
3.2
3.2
3.84
3.68
1.92
3.84
4.72
3.52
4.16
3.04
4.16
4.32
5.12
4.48
3.52
3.2
5.28
3.84
5.44
5.12
2.56
4
4.32
4.32
4.64
4.48
4.64
3.84
4.8
4.64
4.32
4
3.52
3.84
4.32
4.48
4
4.16
4.48
4.32
2.88
4
3.84
4.32
4.8
4.16
4.64
3.68
4.96
3.68
4.16
3.84
4.16
4.32
4.16
3.68
4.48
4.64
2.72
5.76
4.64
5.6
3.68
5.12
4.48
5.12
4.96
4
5.28
3.04
4.8
3.68
3.04
4
3.84
3.84
4.64
4.16
2.24
4
4.64
4.48
4.8
4.96
3.68
4.48
4.96
3.68
3.44
3.68
4.96
5.28
5.6
4.48
3.84
5.12
2
3.52
5.44
5.12
3.84
5.6
5.12
4.96
4.32
5.92
5.28
6.08
4.64
5.6
5.92
5.6
4.48
4.96
5.6
2.88
5.12
4.48
4.64
4.8
5.6
4.96
5.28
5.76
5.44
4.64
6.72
4.96
6.56
4.64
5.44
5.92
5.12
6.08
2.88
5.6
5.28
5.28
5.12
4.32
5.6
4.96
4.64
3.84
5.12
4.8
5.76
5.6
4.64
5.28
5.44
3.2
5.76
4.96
3.2
6.4
4.96
3.52
5.92
4.48
4.96
3.84
4.96
4.64
5.92
4.16
4.32
6.88
5.12
4.8
4.48
4.64
5.44
2.56
5.6
4.48
5.44
5.44
4.48
3.2
5.12
5.6
5.92
4.8
4.96
6.08
5.44
4.96
5.76
3.84
5.28
4.96
5.6
3.36
4.64
4.96
4.48
4.64
5.28
5.44
5.44
5.76
6.88
4
4.64
4
5.28
5.44
5.92
6.56
5.28
6.72
3.04
5.6
5.28
6.08
6.08
5.92
5.6
4.8
4.8
5.28
5.92
6.4
4.96
6.08
5.92
4.96
5.44
5.6
5.44
3.52
5.6
5.76
6.08
6.24
6.24
6.56
6.56
5.12
4.96
2.88
5.12
5.6
5.76
5.76
5.6
5.28
5.6
5.92
4
4.8
6.4
7.04
6.24
5.92
7.04
5.28
5.12
6.88
4.96
5.28
5.44
4.8
6.24
5.6
5.6
6.08
5.92
3.2
6.24
5.44
6.24
7.68
6.24
5.44
6.08
5.44
5.6
4.8
5.6
6.24
6.24
6.08
7.04
5.12
5.12
5.12
2.72
6.24
6.56
5.44
5.6
6.24
6.4
7.2
6.56
5.76
5.44
6.24
6.08
7.04
4.96
6.72
5.28
7.2
6.72
6.08
3.68
5.92
4.64
5.44
6.08
6.72
5.44
5.44
6.56
6.72
5.12
5.76
6.08
5.6
7.52
7.68
6.08
6.56
6.24
3.68
5.76
6.24
6.08
5.76
6.56
6.08
5.76
8.8
5.44
5.6
6.08
5.6
5.12
5.6
5.6
5.12
6.08
6.56
6.24
3.2
5.6
6.08
5.76
6.24
6.24
5.12
6.4
5.92
5.92
5.6
6.4
5.76
5.28
5.44
4.16
5.28
6.08
5.76
3.36
6.24
5.6
4.32
5.6
4.96
5.6
5.44
6.56
6.08
5.44
5.92
4.8
4.64
6.56
5.12
4.48
5.44
6.24
5.12
2.88
6.88
4.64
6.24
4.48
4.48
6.72
5.92
6.56
6.72
4.32
5.6
3.68
6.88
6.88
7.04
6.72
6.72
5.28
3.04
6.88
6.56
5.44
5.28
3.84
4
5.28
5.28
5.44
4.64
6.24
5.28
6.56
6.24
5.6
5.44
6.24
5.76
4.64
1.92
5.12
4
6.72
5.92
5.12
6.4
5.6
7.36
5.12
6.88
4.8
5.76
5.92
3.68
5.28
8
5.28
5.44
4
5.76
5.92
5.76
5.28
5.44
5.76
4.96
4.16
6.08
7.04
5.12
6.4
5.76
5.92
6.24
5.6
6.72
6.08
5.28
2.88
5.12
5.6
4.48
6.72
7.36
5.76
5.28
5.76
5.92
7.04
4.64
6.08
5.76
7.2
5.12
5.44
6.24
5.92
3.36
5.76
5.44
6.24
6.72
6.08
5.44
5.12
4.8
5.6
7.52
7.04
5.92
4.32
6.88
4.64
5.92
5.44
5.6
4.32
3.2
5.92
5.44
4.8
4.32
7.52
5.6
7.84
5.6
7.04
5.28
6.08
5.28
5.92
7.36
6.24
5.12
4
6.08
2.88
5.6
6.56
4.96
5.92
4.8
4.96
5.44
5.12
5.6
5.12
6.88
4.96
5.6
5.12
5.76
5.76
5.44
4.32
6.56
2.4
6.72
6.88
5.76
4.64
6.56
6.24
5.12
6.08
5.6
6.24
5.28
6.4
4.64
6.24
5.28
5.6
5.44
5.44
3.2
5.6
4
6.08
4.16
5.92
6.4
6.24
5.28
5.44
5.76
4.96
4.8
4.32
5.12
5.92
5.76
4.8
6.08
4.32
3.52
5.12
6.88
5.12
4.64
5.44
4.8
4.64
5.6
5.12
5.12
4.32
6.08
5.44
5.6
4.48
5.92
4.16
4.48
2.24
4.8
4.64
6.4
3.36
4.32
5.44
5.76
5.44
4
4.96
4.96
4.16
4.64
4.64
4.8
4.32
5.6
5.6
5.76
2.56
4.32
4.8
4.64
5.76
5.44
4.16
4.8
6.4
4.32
5.12
4.64
4
4.96
4.48
4.16
3.84
3.84
3.68
2.4
4.8
6.08
4.32
5.92
5.6
4
3.84
4.8
5.44
6.4
3.84
4.64
4.96
6.08
5.28
4.8
4.32
5.6
4.48
2.4
5.6
5.76
4.48
4.8
5.44
4.16
4.48
4
4.64
4.96
5.76
5.76
4.64
4.96
5.12
5.92
6.56
4.8
3.84
6.4
5.12
4.96
4.48
4.8
5.12
4.8
5.28
4.48
4.64
4
4.96
4.16
3.84
5.28
5.12
7.04
4.8
4.48
3.04
4.64
5.76
4.64
4.8
6.72
5.44
6.4
6.4
5.6
4.48
6.72
5.44
6.56
5.6
5.92
4.48
6.56
5.92
2.24
6.72
6.56
4.8
4.96
6.88
5.76
5.44
5.44
7.04
5.44
5.44
5.12
5.76
4.8
6.72
5.6
6.24
5.6
7.84
3.68
4.96
5.76
8.32
7.04
7.36
5.76
5.28
6.56
6.08
6.72
5.28
6.4
4.8
4.96
6.24
6.08
7.36
8.16
2.88
5.6
6.4
6.24
6.08
7.04
6.24
5.44
8.32
7.04
6.72
7.84
5.6
7.04
6.72
4.96
8.48
4.96
6.88
5.44
3.84
6.72
3.84
6.4
8
4.16
6.56
6.56
7.68
6.56
5.12
7.68
5.28
7.04
5.44
5.76
6.08
5.28
6.4
2.56
4.8
6.88
5.92
5.44
5.44
5.76
4.96
5.28
5.12
5.44
6.4
5.6
6.08
4
5.28
8.48
7.36
5.76
6.24
3.2
5.28
4.32
6.4
6.72
4.96
6.72
5.12
7.2
4.96
6.88
5.92
4
5.76
5.44
6.88
5.6
6.56
5.12
5.12
5.76
6.4
5.6
4
5.92
4.96
5.6
5.76
7.2
2.72
7.04
6.88
4
5.12
5.6
5.92
4.16
5.76
5.44
4.83491
4
5.6
4.16
5.12
4.64
4.32
5.12
4.64
4.64
4.96
4.8
6.24
4.96
4.48
4.96
4.8
5.6
3.84
4.96
4.48
5.6
5.92
6.88
5.12
4.96
5.76
1.92
7.04
5.92
5.76
6.56
5.6
4.64
6.08
5.44
4.64
5.92
5.44
6.56
5.6
7.2
5.6
5.28
5.6
4.8
5.44
3.36
5.6
6.08
5.6
4.48
6.4
4.16
5.28
4.96
6.08
6.08
6.08
4.16
5.92
5.12
6.56
4.64
6.24
5.12
4.96
7.04
6.88
5.28
6.08
5.6
5.92
7.68
6.08
5.6
7.68
6.08
4.96
5.92
7.04
6.24
7.36
4.96
5.44
6.4
4.48
5.28
4.8
6.72
6.08
5.6
7.2
4.8
7.36
5.44
7.2
5.44
5.76
6.4
8.16
5.76
7.2
5.28
5.6
2.56
8
5.76
7.2
8.64
3.2
6.72
6.88
6.24
7.36
4
7.68
6.08
7.36
5.28
7.52
7.68
3.36
6.72
6.56
3.2
7.84
4.64
6.72
4.8
6.88
6.24
6.4
6.56
4.8
4.64
8.48
7.84
5.28
6.72
7.68
7.52
5.92
4.96
4.64
5.76
7.04
7.2
6.4
6.56
7.68
6.24
7.2
7.68
6.56
6.72
5.92
7.36
6.88
6.72
6.72
6.24
7.04
5.6
4
5.44
5.6
7.68
4.96
7.04
4.8
7.04
4.64
9.12
5.44
8.16
5.92
5.12
8.96
6.88
7.52
5.92
5.76
5.44
5.6
5.76
7.36
5.12
6.4
6.88
4.8
6.88
6.08
5.44
6.56
5.12
4.64
5.92
7.84
6.08
5.92
5.44
6.72
3.2
6.08
6.08
5.44
6.4
6.4
6.24
6.08
6.4
4.8
7.04
4.48
6.56
5.44
5.76
6.08
6.88
6.24
6.24
2.88
6.4
6.08
6.4
4.64
5.76
5.28
5.76
6.08
5.28
6.56
5.92
5.76
6.88
5.12
4.96
5.76
6.56
6.08
6.08
4.8
4.48
6.72
5.6
4.16
4.8
6.24
5.44
4.32
5.44
7.04
4.32
6.24
5.28
5.12
6.08
5.12
6.88
5.44
2.88
5.76
7.04
6.4
5.44
5.12
5.92
6.56
5.6
7.04
3.68
6.4
4.16
6.4
7.52
6.24
6.88
6.56
5.92
5.44
4.16
7.04
4.48
7.36
6.24
5.6
5.6
6.88
5.76
5.92
5.6
6.08
4.64
6.72
6.4
4.96
4.96
6.56
6.72
2.24
7.04
5.76
6.08
5.6
6.24
5.44
5.28
7.04
5.6
5.76
3.68
5.44
4.8
6.72
5.44
5.92
4
8.16
5.76
3.52
6.72
4.32
6.4
7.2
6.88
5.44
5.44
5.28
6.08
6.72
6.88
5.92
6.08
5.12
5.28
6.08
5.28
5.92
2.72
7.52
4.96
5.28
5.92
5.92
4.8
5.92
5.6
4.96
5.44
6.88
5.28
5.6
5.28
5.44
6.88
7.04
6.24
7.36
3.36
5.76
7.04
4.64
6.4
6.08
5.12
4.8
6.56
5.28
7.2
6.08
5.92
6.72
6.56
5.28
7.2
5.44
6.24
4
5.28
5.92
5.92
6.08
6.08
5.92
4.96
5.6
5.76
5.28
5.76
6.56
6.4
5.12
5.92
6.08
5.76
4.64
6.08
3.52
7.52
6.24
5.28
6.88
5.92
4.48
6.72
5.76
6.56
6.72
5.92
5.12
6.72
5.92
5.76
6.72
5.76
5.6
3.52
5.44
6.56
5.44
6.56
6.4
7.36
6.4
5.6
5.12
6.56
6.24
5.12
6.88
5.92
5.76
6.88
5.6
5.92
6.4
4.16
6.24
5.12
6.24
6.24
5.12
8.16
5.76
4.16
7.04
6.4
6.4
5.76
5.44
4.64
5.76
6.08
6.56
5.28
4.16
4.96
7.36
5.44
6.24
6.08
5.12
5.44
6.08
5.12
4.64
5.44
4.8
5.12
4.64
4.8
6.72
5.6
5.76
4.48
3.04
6.56
4.96
6.4
5.92
6.4
4.32
5.6
5.6
5.12
5.44
4.16
5.76
4.64
5.92
5.6
5.28
5.6
5.28
2.88
6.08
4.96
5.92
6.08
5.6
4.96
5.44
6.24
5.92
5.76
4.96
6.88
4.8
5.44
4.8
6.72
6.08
5.28
5.44
3.36
4.8
5.76
4.64
4.48
4
6.72
5.28
5.6
4.8
5.6
6.08
4.96
5.44
5.92
5.12
4.64
5.44
5.28
2.88
5.44
5.28
6.88
4.96
5.44
5.44
5.28
4.8
5.6
4.96
6.08
4.8
4.64
4.8
4.16
6.56
4.8
5.28
5.28
5.28
3.68
6.4
4.48
6.08
4.96
5.76
5.6
5.12
6.08
5.28
4.16
5.44
5.44
5.28
7.04
5.44
5.76
5.76
3.04
5.92
4.48
3.84
4.8
4.8
4.8
4
4.32
5.76
4.96
4.96
4.48
5.28
4.32
4.32
5.12
4.96
5.44
4.16
2.56
5.76
4.64
4.32
4.48
3.84
6.72
4.32
4.96
4.64
4
4.64
4.48
5.76
4.64
4.8
5.12
4.8
4.64
2.72
5.28
4.64
5.6
3.84
5.12
4
4.16
4.96
4.16
4.64
4.48
4.96
4.16
5.28
4.8
5.6
5.6
3.84
5.28
3.2
4.64
6.08
5.76
4.8
5.12
4.32
4.96
5.28
4.8
5.76
6.56
5.76
5.6
5.44
5.28
4.16
3.68
4
2.56
5.6
4.8
4.48
4.32
3.36
4.96
3.84
3.68
4.32
3.68
4
3.36
5.12
4.32
4.96
3.52
4
3.36
3.2
2.4
3.84
4.32
4.64
4
3.84
4.32
4.32
4.48
4
4.64
4.8
4.48
4.64
4
4.48
3.84
4
3.36
3.04
4.32
4.96
3.52
4.16
5.76
3.68
4.16
3.84
5.28
4.32
3.36
3.2
4.32
4.32
4.64
3.52
5.44
3.2
4.32
3.04
4
3.36
4
4.32
4.16
3.84
5.6
4.48
4.32
3.84
5.76
4.64
4.8
4
4.64
3.68
2.88
3.68
2.56
4.48
3.84
4
4.16
4.32
4.96
3.36
3.84
3.84
3.84
3.36
3.84
4.64
4.64
3.36
3.68
4.32
4.32
4.48
2.88
4.96
4
4.64
3.84
4
3.52
5.12
3.68
4.48
3.68
4.8
4.64
3.68
4.32
3.68
3.84
3.68
4.16
1.92
4.64
4
4.16
4.96
4.32
3.52
3.52
4.32
3.68
3.68
4.16
3.84
4.16
3.2
4.32
4.48
4
5.12
4
3.52
4.48
4.16
4.64
3.84
4.16
4
4
4.32
5.12
3.84
4.48
4.8
3.68
4.48
4
3.68
3.36
4.48
2.56
3.84
4.32
4.48
4.8
4
5.28
5.6
3.68
3.84
4.16
4.8
4
4.48
5.28
3.2
3.68
3.52
5.12
3.36
3.36
4.32
3.68
4.16
4
3.68
4.16
4.48
3.68
4.64
3.52
4.32
4.16
4.64
4.16
4.8
4
3.84
3.52
2.24
4.8
4.16
3.36
3.84
3.52
4.16
2.88
3.84
3.84
3.36
3.52
3.68
4.16
3.52
3.04
4.16
3.2
4.8
3.04
3.52
3.68
3.04
3.04
2.56
3.2
3.2
4
3.04
2.56
3.52
3.2
2.88
2.88
3.04
3.04
3.68
3.04
4
2.88
9.12
7.68
8.32
9.44
8.48
8.96
10.08
7.36
8.48
9.28
10.24
8.16
8.48
8
7.36
8.8
7.36
8.8
8.96
4.8
9.44
7.84
8.64
7.84
8.48
8.64
9.28
7.84
8.8
8.64
6.88
8.96
7.52
8.32
8
9.28
9.12
8.8
4.32
8.48
8.96
9.28
8.32
8.48
8.8
7.84
7.36
9.6
7.36
7.2
8.64
8.96
9.76
8.64
7.68
7.52
7.68
8.96
4.16
6.4
6.24
8.16
7.84
6.56
5.44
7.84
7.04
7.68
6.4
6.56
8.8
7.04
7.68
7.52
7.04
8.32
7.84
4.16
7.52
8
5.76
5.44
7.2
7.2
9.28
7.04
6.4
8.16
6.08
5.6
6.56
5.76
5.76
5.44
5.6
4.96
5.92
2.88
5.12
6.08
6.4
5.6
5.6
5.92
6.56
6.24
7.36
5.28
6.08
5.6
5.44
5.28
4.96
5.44
4.8
4.48
3.36
4.8
4.96
5.12
4.64
4.32
5.6
4.48
5.92
8
4.64
4
4.16
6.08
5.76
5.12
3.68
4
4.64
3.52
2.24
4.48
4.32
4
3.68
3.2
4.32
3.68
5.44
6.56
7.84
4.32
5.6
6.88
5.6
8
7.52
4.48
4.64
1.92
4.64
3.84
3.52
5.28
6.08
4.48
4.16
4.16
5.12
4.32
4.16
4.48
4.48
4
4.16
4.48
4.48
4.16
4.64
3.52
4.96
4.48
3.68
8.16
13.92
12.16
6.08
6.56
8
4.48
5.44
4.48
6.88
5.6
4.16
4.16
9.92
15.68
6.56
7.84
8.8
11.68
7.36
8
8.96
6.88
7.36
8.48
8.96
7.68
9.6
8.64
7.68
8.32
13.76
12.96
6.72
9.92
6.56
12.96
10.08
6.88
10.72
7.84
11.52
11.04
9.76
7.52
7.52
8.16
7.84
8.8
8.8
10.72
7.52
8.8
7.04
6.4
11.36
7.36
9.12
7.04
8.96
9.28
9.76
6.72
10.56
10.88
10.72
9.28
9.28
7.2
8
8.64
10.72
8.64
8.16
7.52
9.44
14.56
10.08
7.84
9.44
9.28
7.36
9.6
9.92
10.72
8.32
13.12
11.68
7.84
8.8
9.76
10.56
11.2
4.32
8
7.68
8.48
8.8
9.44
7.04
11.2
13.28
10.4
6.72
12.16
8.32
7.52
4
6.72
3.36
3.52
5.92
5.44
3.04
6.4
4.96
4.16
3.68
4.32
3.84
4.16
7.52
7.36
8.64
9.12
7.84
10.24
8.96
9.12
12.16
9.44
12.8
6.08
11.68
12.48
9.76
12
12.48
10.56
10.88
12.48
4.16
3.2
3.68
5.76
4.16
3.68
5.76
9.12
12.96
10.08
10.08
6.08
12.48
8.16
17.28
16.32
17.28
18.08
15.36
12.64
9.44
14.4
16.96
17.28
16.96
15.84
4.32
6.88
7.84
7.68
3.04
10.4
11.2
8.48
10.88
11.68
12.64
13.12
12.48
15.04
16
15.2
14.72
15.68
14.56
13.92
11.52
8.96
10.72
13.44
7.36
11.04
11.2
8.8
8.64
12.48
15.04
14.08
15.36
11.2
14.08
13.12
12.8
12.8
14.56
15.04
12.32
13.44
14.4
5.92
13.28
12.32
13.44
11.84
10.08
11.2
12.96
15.2
17.76
15.52
13.76
14.88
14.72
14.24
12.8
14.56
15.2
7.2
8.8
6.24
15.68
17.12
15.04
14.56
18.56
16.16
17.28
12.16
9.12
6.4
10.72
10.08
12.8
15.84
12.8
10.56
14.24
11.2
3.68
8.16
12.96
15.36
11.36
9.28
9.92
8
9.6
8.32
8
10.08
7.52
8.96
12.48
8.8
13.6
9.44
9.12
8.48
5.12
14.08
14.72
14.24
15.52
16.32
17.28
16.32
17.28
13.12
9.12
8.8
12.96
11.04
12.16
14.08
17.12
15.2
13.92
6.88
13.92
11.36
8.8
9.44
11.04
13.6
13.92
12.8
12.64
10.24
12.96
12.96
12.96
12.48
9.44
9.12
10.72
9.44
11.52
4.8
8.64
12.8
7.52
7.84
4.8
4.16
4.96
9.28
8
12
13.76
9.28
9.28
6.24
6.56
5.28
6.4
8.48
4.16
7.36
8
6.24
4.48
4.32
3.84
7.2
5.92
7.52
6.24
7.84
4.64
4.64
6.24
5.76
5.6
4.32
4.16
5.92
1.92
4.96
4.64
5.76
3.04
5.92
4.8
4.64
5.28
4.48
4.32
4.8
6.24
5.12
6.4
4.96
7.04
6.24
11.04
3.84
4.64
7.36
5.44
5.44
7.52
8.32
4.8
6.08
8
5.92
3.84
9.12
4.8
8.64
9.28
7.52
9.28
10.08
8
5.44
7.52
8.8
10.56
8.32
8.32
7.52
8.64
10.72
10.56
8.96
8.16
8.16
8.48
9.44
12.64
14.08
8.32
9.28
4
9.12
8
11.2
10.88
9.92
9.12
8.48
9.12
9.44
9.44
10.08
8.96
7.68
5.12
5.28
9.12
6.56
8.64
7.84
4.96
5.28
3.68
7.52
7.2
7.2
5.6
3.84
3.2
4
3.68
3.36
3.68
4.16
3.36
3.36
4
3.52
3.52
1.92
3.04
3.36
3.52
3.84
3.2
3.52
3.68
3.36
3.68
4.16
3.2
4
3.52
3.04
4.96
4.32
4.32
4.16
4.48
2.88
4.8
3.04
3.84
5.28
5.6
6.88
4.64
4.64
7.36
8.8
12.64
11.36
12.48
12.32
10.08
12.48
14.72
16
8.16
12.48
12.32
9.92
8.16
9.76
12.32
11.04
8.64
9.44
7.84
10.4
8.32
9.28
12.16
7.52
10.72
8.8
6.88
4.64
8.96
7.68
8.8
5.92
10.24
11.68
10.96
12.96
9.28
15.68
10.08
9.12
10.24
8.48
8.48
10.56
5.44
8.96
10.56
10.4
13.76
11.52
11.2
15.36
12.8
7.68
9.76
9.76
18.24
17.92
14.24
11.68
12.64
14.08
4.64
14.4
10.56
10.24
16.32
13.28
8.48
12.16
12.88
14.7733
10.8267
11.8933
10.96
12.48
13.84
13.6
16
15.12
17.12
16.32
12.64
10.1333
10.2933
13.92
8.8
17.28
16.32
19.2
16.96
16.48
14.08
10.88
9.44
14.4
12.64
7.84
14.88
9.12
15.2
17.6
12.32
12.8
8.16
4.48
8.96
15.0545
14.76
13.28
13.7
16.64
16.16
8.96
13.12
16.16
17.76
16
19.2
18.56
9.28
15.52
17.6
17.76
16.32
17.28
17.76
14.88
16.96
16.48
17.12
13.6436
10.7733
13.28
15.32
17.1712
17.12
8.64
18.56
16.16
17.6
18.24
18.4
18.56
16.8
17.44
17.12
16.32
18.08
17.92
18.56
17.28
18.08
17.76
18.72
18.08
9.28
18.72
18.56
17.76
17.12
16.64
11.92
18.88
16.48
18.4727
14.8622
18.88
11.2
14.56
19.2
18.88
18.88
18.88
17.12
17.28
18.24
17.44
18.88
19.36
16.96
19.04
19.04
19.2
19.04
8.64
17.12
16.16
14.24
16.8
13.76
13.28
15.68
16.8
17.92
16.8
17.28
17.12
17.76
17.92
18.24
18.24
15.68
16.8
16.32
7.52
18.56
18.56
16.8
18.4
17.28
16.64
17.76
18.24
18.72
16.8
18.24
18.24
18.08
17.76
19.04
18.24
18.4
17.76
8.32
18.88
18.24
19.04
18.4
17.44
18.72
12.96
15.68
18.08
18.88
12
17.12
18.24
19.2
18.4
17.28
18.08
18.08
18.88
8.48
18.4
17.76
18.88
18.56
18.56
17.76
19.2
19.2
18.88
18.08
17.76
18.56
17.28
18.56
18.56
18.56
10.24
9.6
8.64
18.4
18.4
19.04
15.68
15.84
15.2
17.6
15.36
17.12
16.64
18.08
7.79091
5.6
6.48
3.68
6.4
6.74667
5.22667
6.24
2.72
5.06667
5.86667
5.4
5.01333
5.68
5.92
5.01333
1.6
4.04
4.77333
4.32
7.28
7.68
7.84
5.12
8.8
6.96
7.52
8.64
6.08
6.98667
3.84
6.816
6.2637
4.32
6.4
7.2
5.76
6.88
6.88
4
4.96
7.25333
6.24
5.68
4.47467
5.76
4.26667
3.66222
2.24
1.36
1.92
4
2.50667
2.448
1.86667
2.48
3.18222
2.88
2.72
2.4
2.48
2.24
2.72
2.96
4.48
2.67636
4.16
3.52
3.84
4.8
3.84
4.8
3.52
3.04
4.64
4.16
2.29333
1.84
2.835
3.2
2.16
2.32
1.36
1.81333
1.36
4.96
4.96
4.32
4.96
5.28
5.92
4.8
4.96
3.84
5.12
5.6
4.64
5.12
5.12
6.4
4.8
6.08
4.8
6.4
4.48
2.16
2.56
3.2
1.76
3.04
2.72
1.92
2.24
1.92
2.24
3.2
2.4
3.04
2.08
1.92
2.4
2.56
2.24
1.44
1.44
1.92
2.56
2.72
2.56
2.08
2.88
1.92
3.36
2.88
3.2
2.24
2.88
2.08
2.88
1.92
2.56
2.72
2.72
1.76
1.92
2.24
2.08
1.76
3.04
2.56
2.4
2.56
3.68
2.08
2.4
2.24
1.44
3.2
3.2
1.92
2.4
2.4
2.08
0.8
2.24
2.08
2.24
1.76
2.56
1.76
2.24
2.56
1.6
2.24
1.52
2.24
2.08
2.4
1.92
2.56
1.92
1.92
2.08
1.92
1.84
2.56
1.12
2.56
0.96
2.4
2.08
2.32
2.08
1.6
2.24
1.76
2.08
2.08
2.4
1.28
1.76
1.28
2.08
1.76
1.12
2.4
1.6
2.24
1.76
2.88
1.92
2.56
2.24
2.16
1.92
1.12
2.32
2.08
1.92
1.6
1.44
1.28
1.28
2.4
2.56
1.76
2.08
2.72
2.08
1.44
2.08
1.44
1.12
0.96
2.08
2.72
1.76
2.08
2.56
1.92
3.2
2.24
1.92
2.72
3.36
3.36
3.04
2.88
2.88
2.56
1.44
2.56
2.24
1.76
3.52
3.52
1.44
2.24
2.4
1.76
1.44
1.92
2.72
1.92
3.68
2.24
2.08
1.76
2.56
2.4
1.44
1.76
1.12
3.36
2.56
2.08
2.72
1.44
1.44
2.08
2.08
2.08
1.76
2.08
2.72
1.92
2.4
2.24
2.88
1.44
1.76
1.76
1.12
1.28
1.92
2.88
1.44
2.24
2.4
1.76
2.56
2.4
2.88
3.04
2.08
3.2
2.24
1.12
2.4
1.76
2.24
2.24
1.92
1.6
1.44
1.92
1.76
1.92
2.4
2.24
1.44
2.24
2
2.56
2.56
0.96
1.76
2.64
1.92
2.64
2.08
2.24
2.88
2.4
1.44
3.04
1.12
1.76
2.56
1.6
2.56
3.04
1.12
3.04
1.44
2.56
3.68
1.44
1.92
2.08
2.4
2.24
2.56
1.6
2.08
2.56
2.08
1.76
2.4
1.6
3.2
2.08
1.92
2.72
2.24
1.92
1.44
2.4
2.08
2.08
1.76
1.76
2.08
2.4
2.4
2.24
3.04
2.88
2.72
2.72
2.08
1.76
1.76
2.08
2.08
2.08
0.96
2.08
2.24
3.04
1.76
2.72
1.92
1.76
2.24
1.92
2.56
2.08
1.92
2.08
1.28
2.88
1.76
2.24
1.44
2.4
1.92
1.44
2.08
2.24
2.4
1.28
1.92
2.56
1.44
1.92
4
1.76
2.56
2.4
2.88
2.56
2.56
0.96
2.24
2.4
1.76
2.72
1.12
2.4
2.56
2.56
2.56
1.76
1.12
2.24
2.4
1.28
3.36
2.08
2.08
1.6
1.92
2.56
2.08
2.4
1.76
2.72
2.08
1.28
1.12
1.92
2.08
1.6
2.88
1.44
1.12
2.24
2.24
1.76
2.72
4.16
1.44
2.72
1.92
1.92
2.88
1.6
2.24
1.44
1.28
2.72
2.24
2.4
2.24
0.96
1.92
2.72
2.56
1.92
