0
50000
0
0
0
1696
0
1220
1
0
0
1
1084
0
0
0
998
0
0
761
1
243
796
1
199
0
999
0
0
0
0
0
0
1001
0
0
0
0
0
0
0
0
1004
0
0
0
0
0
0
1006
994
995
0
0
1000
0
2002
0
998
0
1
1002
0
0
537
463
0
0
0
0
1003
0
1000
999
1002
999
1001
999
1999
0
3000
1000
0
1001
0
0
333
996
2540
0
1000
1001
0
1001
1002
1004
946
995
1999
1000
204
1796
1000
1000
739
1238
0
1635
369
996
1000
2952
48
555
384
1063
0
1008
2992
0
1000
0
375
630
889
1004
1001
0
2995
0
2535
465
251
750
0
1001
203
999
1000
1000
1000
2863
1135
1
999
1002
0
1001
1001
997
1002
1000
1000
999
999
719
1002
0
1000
1000
1000
1001
999
1998
217
784
4694
0
0
1000
0
291
715
995
1004
695
381
999
346
2003
1286
711
1
999
1000
1
1003
1862
1135
0
1001
0
1002
1003
995
2002
997
1000
2002
998
0
1000
1002
0
1001
999
1000
1001
0
1002
1003
1000
996
999
1
1002
1002
1996
1000
1001
0
848
1151
1000
1000
143
859
1000
1001
0
1000
1001
1001
1002
998
1000
999
778
1003
0
998
1001
999
1000
1000
1000
1002
1001
1001
0
1
1001
999
1002
3682
315
4000
0
250
751
0
0
1
1002
0
1003
1001
998
27
1001
0
1002
23
1001
0
4000
1000
0
1000
0
1001
0
0
1000
1002
1002
996
1001
1000
1002
0
1001
1001
999
1002
0
999
1419
2000
0
2001
999
0
774
227
496
998
1001
1001
207
1001
302
639
1999
999
1000
4000
0
0
645
340
17
1002
0
1004
1002
997
996
1001
1987
1000
1003
2997
1000
1000
0
1000
1002
998
0
1000
1002
0
115
997
1999
1
1002
0
110
1002
0
296
995
2999
0
208
26
2001
2000
0
0
999
1002
0
1163
196
999
1001
1001
1001
1001
996
999
2999
1000
0
419
583
162
1001
1002
997
1000
1000
1004
0
997
1001
1000
1003
0
1002
1001
59
1002
0
1001
999
1002
998
943
616
238
1004
0
718
1287
148
160
854
988
1010
995
1000
999
1002
1001
999
999
1002
999
1000
996
1001
1000
1001
998
1001
999
1001
999
1001
999
1045
0
1003
0
1000
1000
1001
1000
1001
999
1001
999
1003
998
1001
999
1000
1002
1000
999
1000
1001
999
1000
1002
1000
1000
1002
998
999
998
999
999
1001
1001
999
998
1001
1000
1000
1000
1000
1000
1000
999
1001
1000
1000
999
1001
1000
1000
999
1001
1000
1003
1000
997
1001
999
1001
999
1000
1001
998
1001
1000
1000
1000
1001
396
101
994
1004
999
999
999
1001
1000
47
994
414
1003
0
1000
1001
999
1000
558
876
473
655
997
1004
999
80
1003
0
1001
998
1001
1001
1000
999
999
1000
1002
999
1001
1002
999
998
999
1000
1002
999
999
1001
1001
999
1000
999
1002
1000
1003
999
1000
998
999
999
1001
999
1000
1000
1001
999
1002
999
1002
1001
998
999
1003
999
997
1001
1003
1001
997
998
1000
523
75
1003
0
1002
180
1003
0
1001
998
1001
1001
1000
1001
1001
998
998
1001
1002
652
1007
0
999
1000
532
993
1001
1002
997
1001
1000
1002
998
1001
1001
1001
998
1001
656
1130
0
183
836
1010
0
997
1001
1001
998
1000
1003
1001
995
998
1000
1000
1000
1000
1000
1000
999
1001
1000
1000
998
1001
1002
998
999
1002
1000
999
999
1002
999
1000
1000
1000
1001
1000
999
1000
999
1001
1000
1001
998
1001
1000
1002
76
1002
0
1001
1002
998
193
1004
0
999
1001
999
1000
1000
1000
1000
1002
999
1000
999
1002
1001
999
1001
999
1003
999
1002
997
1000
998
1000
1000
999
1000
1000
1000
1000
1000
1000
1000
1000
1000
1000
1000
1000
1000
1001
1000
1001
1001
997
1002
1000
1001
388
993
1003
1000
1000
999
1003
997
1002
998
1002
999
1001
1002
999
999
998
667
1004
0
317
1004
0
1001
1331
0
559
933
1004
0
779
209
1004
0
1000
1001
675
115
295
997
1007
998
1000
1001
1000
1000
1002
1000
1000
999
1002
998
1002
1001
1001
998
1000
1000
1000
998
998
1000
1000
1037
1004
0
1001
1001
999
1000
1000
1001
1001
999
999
1001
999
1001
999
1001
999
1001
999
1002
999
1001
1004
997
998
1002
999
1002
998
1001
999
1001
998
1002
1000
999
999
1001
998
1001
1002
1001
996
1001
996
1002
1001
1001
998
999
183
996
997
1002
1001
1000
1000
999
1000
99
646
366
1004
0
1001
1000
1002
997
1007
994
1002
997
1002
1004
38
1004
0
1004
1001
999
1001
997
1004
58
1005
0
1001
37
597
605
585
995
42
170
997
1000
1005
999
1171
0
1008
0
998
999
968
226
1001
291
282
994
1005
675
441
1004
0
613
1008
0
173
88
999
997
1009
994
1000
1003
998
387
989
1041
0
326
110
907
984
1007
999
1001
1000
999
218
990
1006
482
1184
0
1005
0
1005
1000
998
1000
999
1000
997
838
988
1006
1002
1001
1000
999
999
998
999
1004
997
1002
998
1003
1004
994
1001
1001
999
999
999
1003
1106
0
1010
0
1000
994
1003
1000
1003
997
997
1000
1001
998
951
157
1005
0
1002
999
999
1001
173
993
1007
999
1000
998
749
1007
0
999
1002
997
1002
998
1000
1000
1000
1001
1000
999
1000
997
1000
1002
1000
1003
24
996
998
1004
1001
999
998
1000
1002
999
999
1001
1002
997
1002
793
1084
0
1006
0
1001
756
994
1006
901
988
1006
999
1002
997
1001
1001
1000
359
1009
0
1001
1164
0
1008
0
1056
0
996
1005
1006
515
1006
0
1000
1001
1001
996
1003
1000
1000
998
1002
1005
995
349
992
1005
1000
1003
998
1001
208
747
994
1008
999
1001
998
1001
1001
997
220
1008
0
1002
998
1000
1000
1000
997
1002
1000
1003
997
1002
996
1002
998
1002
694
987
1007
1000
1000
1000
998
31
215
1008
1007
0
1001
1001
40
522
329
991
1006
1004
1001
999
1235
0
1010
0
999
1003
999
999
997
1003
1000
1000
999
1005
999
997
1001
1002
998
1000
998
1002
1000
1000
999
1002
998
1001
997
1003
998
1000
999
1003
1000
1000
998
1003
999
996
999
1001
1002
997
15
1001
1001
998
1001
1000
1001
1002
997
1000
1001
998
1000
1001
1001
998
1000
1001
1000
1107
0
1005
0
1003
996
1002
999
1001
999
1002
998
1002
1000
1001
1066
1047
0
1006
0
1001
999
1001
999
1003
997
1001
999
1001
998
1002
999
1000
999
1002
1000
1001
998
1000
1001
1000
998
1003
999
1000
1000
1002
998
1000
998
1002
1000
1000
998
1003
1000
999
998
1002
1001
998
1000
1002
999
999
999
1003
999
999
999
1003
1001
998
999
1001
1000
999
1068
0
1006
0
1002
1003
997
999
999
1002
1000
999
999
1002
1000
1000
999
1002
1000
999
999
1003
998
1000
999
1000
1002
998
1000
1001
1000
1000
999
1001
1086
0
1010
0
1001
997
1001
1002
998
1000
999
1002
999
1000
1000
998
1000
998
1004
85
1005
0
1003
1000
998
999
1000
1001
66
1152
0
1005
0
1001
1001
1001
996
1001
1001
1001
998
1000
999
1002
999
1000
1000
1003
1036
747
203
990
999
21
418
995
1006
1000
1003
998
1001
1000
998
1000
1002
1203
0
1008
0
998
1002
1000
1003
997
1211
0
726
1010
0
996
1002
1000
998
1001
1002
999
1000
1000
999
1001
1107
0
982
1025
0
997
258
108
119
1385
1000
1007
0
1001
1002
997
409
232
999
10
1168
84
858
926
928
302
17
862
1001
197
989
994
1007
1002
999
1000
1001
999
530
988
1005
1003
999
999
1004
1000
1088
0
790
1214
0
1009
0
1002
999
998
1000
1004
996
1000
1000
1003
995
1002
1001
102
983
1006
1001
1004
994
1002
1001
1003
995
1001
999
55
1002
0
84
987
1000
134
987
999
1004
1004
998
999
1196
0
810
150
990
211
1242
0
1008
0
1000
1003
98
991
998
1005
1000
1001
1031
890
1116
0
1007
0
1001
850
177
987
1005
1003
1001
28
1003
0
1005
156
990
996
912
1151
0
1010
0
997
1002
1000
1000
998
999
1001
1002
999
1001
1001
998
999
999
1004
998
1001
1000
998
1001
999
999
1001
1001
999
1002
997
1002
999
1000
1002
1002
1136
0
1176
0
1007
0
1001
1003
1253
0
865
1140
0
1006
0
1003
999
1000
998
1003
999
1000
954
98
1007
0
1001
85
991
997
1004
1003
998
1000
999
1051
0
964
1035
1005
0
1112
0
1006
0
1004
1139
0
949
66
1009
0
99
1009
0
999
1000
1001
997
1003
1070
1000
1009
0
998
1051
0
997
1004
1003
1000
999
999
1002
999
1000
1000
1000
1003
997
1000
1000
1000
1000
1038
1005
0
1002
1000
1000
23
998
996
1004
1001
1000
999
1000
1001
999
1000
1000
1002
1001
997
1004
996
1169
0
1007
0
1003
998
999
1000
1000
1002
998
124
988
1001
1002
1003
997
1000
1000
144
1179
21
1001
0
1005
250
1079
1120
0
1005
0
1001
999
1000
1000
1001
80
991
1001
1002
1000
40
1001
0
1006
1133
0
852
1151
0
715
1289
0
1005
0
134
738
963
1080
1307
0
1006
0
1000
254
991
1000
1002
1002
1001
998
1001
1030
1005
0
1000
112
991
802
241
999
1005
0
74
124
1000
1005
0
1003
998
1000
999
1003
208
311
32
1004
0
1001
1001
1002
999
998
1000
1000
74
992
1005
0
1002
999
999
1001
999
1001
1001
1112
0
1005
0
1102
0
1004
0
1111
0
79
804
1196
0
1014
1004
0
29
258
1001
641
866
523
479
999
999
1003
1126
0
1003
0
210
990
1014
1002
0
77
1003
0
1000
1001
999
1000
1000
1003
997
1117
0
849
156
123
1000
1002
0
1000
1000
1001
17
1000
705
299
1000
1002
0
1001
999
1000
1002
1000
1000
998
1000
1001
999
1000
1000
1001
999
1000
1000
1001
999
1001
999
1001
1001
998
1000
1001
999
999
1000
1001
999
1000
1000
1001
1029
1000
1002
0
80
1000
900
104
1000
1001
0
1001
1001
999
1001
1000
1104
1000
1002
0
1220
21
1010
1042
1000
1001
0
1001
1000
999
1000
1001
1000
999
1000
1152
91
721
782
5
996
1001
0
1000
1000
1120
0
1001
0
1000
1000
1000
1000
1000
1001
999
1000
1000
1000
1000
1000
1000
1000
1000
1000
1000
1000
1000
1000
1000
1075
701
926
1200
1227
0
1001
0
1000
1000
1000
1000
1000
1000
137
1000
1002
0
999
1000
167
1000
1001
0
1000
1001
999
1000
1000
1001
999
1127
0
1001
0
1000
1000
936
1005
1000
1000
1001
0
1000
1000
1001
999
1000
1000
1001
999
871
843
615
512
369
383
699
1000
1001
0
1001
999
1000
1000
1001
999
1000
1000
1001
999
1000
1000
1001
999
1000
1000
1001
999
1000
57
210
1023
1001
0
1001
999
1000
1000
1001
999
1000
1180
0
1001
0
1000
1001
999
21
1001
0
1000
1000
1000
1001
999
1000
1000
1001
999
1000
1000
166
1107
970
32
1000
1001
0
217
1000
1001
0
1000
1001
999
1000
1000
1001
999
1000
1000
1001
999
1000
1000
1001
999
1000
1000
1000
1000
1000
1000
1000
1000
1000
241
1001
0
697
926
1377
0
1001
0
1000
142
999
1001
0
1000
1000
0
0
0
0
0
0
0
0
0
0
0
0
0
0
0
0
0
0
0
6
0
0
0
0
0
0
0
0
0
0
0
0
10
0
0
0
0
0
3
0
0
0
0
0
0
6
0
0
0
0
0
0
5
0
0
0
0
0
2
0
0
0
0
0
0
12
0
0
0
0
0
0
0
0
0
0
0
0
3
0
0
0
0
0
0
14
0
0
0
0
0
1
0
0
0
0
0
0
5
0
0
0
0
0
0
0
0
0
0
0
0
7
0
0
0
0
0
0
7
0
0
0
0
0
4
0
0
0
0
0
0
6
0
0
0
0
0
0
0
0
0
0
0
0
7
0
0
0
0
0
0
9
0
0
0
0
0
0
0
0
0
0
0
0
5
0
0
0
0
0
1
0
0
0
0
0
0
9
0
0
0
0
0
0
6
0
0
0
0
0
3
0
0
0
0
0
0
10
0
0
0
0
0
5
0
0
0
0
0
0
7
0
0
0
0
0
5
5
0
0
0
0
0
4
0
0
0
0
0
0
2
0
0
0
0
0
3
0
0
0
0
0
0
5
0
0
0
0
0
0
5
0
0
0
0
0
3
0
0
0
0
0
0
4
0
0
0
0
0
2
0
0
0
0
0
0
4
0
0
0
0
0
0
9
0
0
0
0
0
5
0
0
0
0
0
0
4
0
0
0
0
0
5
0
0
0
0
0
0
5
0
0
0
0
0
0
11
0
0
0
0
0
3
0
0
0
0
0
0
5
0
0
0
0
0
1
0
0
0
0
0
0
4
0
0
0
0
0
0
6
0
0
0
0
0
4
0
0
0
0
0
0
7
0
0
0
0
0
1
0
0
0
0
0
0
10
0
0
0
0
0
0
10
0
0
0
0
0
2
0
0
0
0
0
0
5
0
0
0
0
0
3
0
0
0
0
0
0
4
0
0
0
0
0
0
8
0
0
0
0
0
0
0
0
0
0
0
0
6
0
0
0
0
0
0
0
0
0
0
0
0
5
0
0
0
0
0
0
6
0
0
0
0
0
6
0
0
0
0
0
1
9
0
0
0
0
0
0
0
0
0
0
0
0
8
0
0
0
0
0
0
9
0
0
0
0
0
0
0
0
0
0
0
0
11
0
0
0
0
0
1
0
0
0
0
0
0
2
0
0
0
0
0
0
3
0
0
0
0
0
0
0
0
0
0
0
0
10
0
0
0
0
0
3
0
0
0
0
0
0
3
0
0
0
0
0
0
9
0
0
0
0
0
4
0
0
0
0
0
0
8
0
0
0
0
0
0
0
0
0
0
0
0
12
0
0
0
0
0
0
15
0
0
0
0
0
2
0
0
0
0
0
0
8
0
0
0
0
0
3
0
0
0
0
0
0
4
0
0
0
0
0
0
12
0
0
0
0
0
0
0
0
0
0
0
0
9
0
0
0
0
0
4
0
0
0
0
0
0
9
0
0
0
0
0
0
12
0
0
0
0
0
0
0
0
0
0
0
0
6
0
0
0
0
0
0
0
0
0
0
0
0
3
0
0
0
0
0
3
7
0
0
0
0
0
0
0
0
0
0
0
0
8
0
0
0
0
0
0
0
0
0
0
0
0
8
0
0
0
0
0
2
10
0
0
0
0
0
0
0
0
0
0
0
0
1
0
0
0
0
0
3
0
0
0
0
0
0
7
0
0
0
0
0
0
13
0
0
0
0
0
2
0
0
0
0
0
0
6
0
0
0
0
0
2
0
0
0
0
0
0
7
0
0
0
0
0
0
10
0
0
0
0
0
1
0
0
0
0
0
0
0
0
0
0
0
0
0
0
0
0
0
0
0
5
0
0
0
0
0
3
6
0
0
0
0
0
4
0
0
0
0
0
0
7
0
0
0
0
0
1
0
0
0
0
0
0
5
0
0
0
0
0
0
11
0
0
0
0
0
0
0
0
0
0
0
0
6
0
0
0
0
0
4
0
0
0
0
0
0
7
0
0
0
0
0
0
9
0
0
0
0
0
0
0
0
0
0
0
2
6
0
0
0
0
0
0
0
0
0
0
0
0
4
0
0
0
0
0
0
13
0
0
0
0
0
5
0
0
0
0
0
0
4
0
0
0
0
0
3
0
0
0
0
0
0
9
0
0
0
0
0
0
6
0
0
0
0
0
9
0
0
0
0
0
0
8
0
0
0
0
0
0
0
0
0
0
0
0
2
0
0
0
0
0
0
5
0
0
0
0
0
2
0
0
0
0
0
0
2
0
0
0
0
0
0
0
0
0
0
0
0
6
0
0
0
0
0
0
6
0
0
0
0
0
0
0
0
0
0
0
0
7
0
0
0
0
0
0
0
0
0
0
0
0
0
0
0
0
0
0
0
9
0
0
0
0
0
4
0
0
0
0
0
0
2
0
0
0
0
0
2
0
0
0
0
0
0
5
0
0
0
0
0
0
14
0
0
0
0
0
7
0
0
0
0
0
0
10
0
0
0
0
0
4
0
0
0
0
0
0
3
0
0
0
0
0
0
6
0
0
0
0
0
0
0
0
0
0
0
0
6
0
0
0
0
0
0
0
0
0
0
0
0
7
0
0
0
0
0
0
10
0
0
0
0
0
5
0
0
0
0
0
0
7
0
0
0
0
0
1
0
0
0
0
0
0
1
0
0
0
0
0
0
6
0
0
0
0
0
0
0
0
0
0
0
0
5
0
0
0
0
0
3
0
0
0
0
0
0
2
0
0
0
0
0
0
5
0
0
0
0
0
2
0
0
0
0
0
0
9
0
0
0
0
0
0
0
0
0
0
0
0
7
0
0
0
0
0
0
10
0
0
0
0
0
7
0
0
0
0
0
0
9
0
0
0
0
0
0
0
0
0
0
0
0
3
0
0
0
0
0
0
5
0
0
0
0
0
0
0
0
0
0
0
0
11
0
0
0
0
0
0
0
0
0
0
0
0
6
0
0
0
0
0
3
11
0
0
0
0
0
0
0
0
0
0
0
0
8
0
0
0
0
0
0
0
0
0
0
0
0
7
0
0
0
0
0
0
13
0
0
0
0
0
0
0
0
0
0
0
0
6
0
0
0
0
0
2
0
0
0
0
0
0
7
0
0
0
0
0
1
8
0
0
0
0
0
0
0
0
0
0
0
0
4
0
0
0
0
0
3
0
0
0
0
0
0
8
0
0
0
0
0
0
6
0
0
0
0
0
7
0
0
0
0
0
0
4
0
0
0
0
0
2
0
0
0
0
0
0
2
0
0
0
0
0
0
7
0
0
0
0
0
6
0
0
0
0
0
0
8
0
0
0
0
0
0
0
0
0
0
0
0
1
0
0
0
0
0
0
9
0
0
0
0
0
4
0
0
0
0
0
0
8
0
0
0
0
0
4
0
0
0
0
0
0
7
0
0
0
0
0
0
3
0
0
0
0
0
1
0
0
0
0
0
1
9
0
0
0
0
0
2
0
0
0
0
0
0
3
0
0
0
0
0
0
12
0
0
0
0
0
1
0
0
0
0
0
0
6
0
0
0
0
0
0
0
0
0
0
0
0
2
0
0
0
0
0
0
5
0
0
0
0
0
0
0
0
0
0
0
0
9
0
0
0
0
0
2
0
0
0
0
0
0
3
0
0
0
0
0
0
11
0
0
0
0
0
5
0
0
0
0
0
0
7
0
0
0
0
0
0
0
0
0
0
0
0
6
0
0
0
0
0
2
11
0
0
0
0
0
4
0
0
0
0
0
0
6
0
0
0
0
0
2
0
0
0
0
0
0
2
0
0
0
0
0
0
11
0
0
0
0
0
5
0
0
0
0
0
0
5
0
0
0
0
0
1
0
0
0
0
0
0
4
0
0
0
0
0
0
8
0
0
0
0
0
8
0
0
0
0
0
0
11
0
0
0
0
0
0
0
0
0
0
0
0
2
0
0
0
0
0
0
7
0
0
0
0
0
2
0
0
0
0
0
0
5
0
0
0
0
0
0
0
0
0
0
0
0
6
0
0
0
0
0
0
8
0
0
0
0
0
5
0
0
0
0
0
1
6
0
0
0
0
0
7
0
0
0
0
0
0
5
0
0
0
0
0
0
14
0
0
0
0
0
3
0
0
0
0
0
0
2
0
0
0
0
0
2
0
0
0
0
0
0
7
0
0
0
0
0
0
8
0
0
0
0
0
4
0
0
0
0
0
0
7
0
0
0
0
0
0
0
0
0
0
0
0
12
0
0
0
0
0
0
9
0
0
0
0
0
1
0
0
0
0
0
0
2
0
0
0
0
0
0
0
0
0
0
0
0
5
0
0
0
0
0
0
8
0
0
0
0
0
0
0
0
0
0
0
0
5
0
0
0
0
0
0
0
0
0
0
0
0
2
0
0
0
0
0
0
2
0
0
0
0
0
0
0
0
0
0
0
1
7
0
0
0
0
0
0
0
0
0
0
0
0
1
0
0
0
0
0
0
8
0
0
0
0
0
10
0
0
0
0
0
0
16
0
0
0
0
0
0
0
0
0
0
0
0
2
0
0
0
0
0
0
8
0
0
0
0
0
2
0
0
0
0
0
0
8
0
0
0
0
0
0
0
0
0
0
0
0
7
0
0
0
0
0
0
7
0
0
0
0
0
4
0
0
0
0
0
0
4
0
0
0
0
0
1
0
0
0
0
0
0
4
0
0
0
0
0
4
8
0
0
0
0
0
7
0
0
0
0
0
0
8
0
0
0
0
0
0
0
0
0
0
0
0
5
0
0
0
0
0
0
6
0
0
0
0
0
3
0
0
0
0
0
0
7
0
0
0
0
0
0
0
0
0
0
0
0
5
0
0
0
0
0
0
6
0
0
0
0
0
0
0
0
0
0
0
0
4
0
0
0
0
0
2
0
0
0
0
0
0
0
0
0
0
0
0
0
13
0
0
0
0
0
4
0
0
0
0
0
0
1
0
0
0
0
0
0
0
0
0
0
0
0
3
0
0
0
0
0
0
7
0
0
0
0
0
2
0
0
0
0
0
0
0
0
0
0
0
0
0
0
0
0
0
0
0
3
0
0
0
0
0
0
6
0
0
0
0
0
0
0
0
0
0
0
0
7
0
0
0
0
0
5
0
0
0
0
0
0
3
0
0
0
0
0
0
6
0
0
0
0
0
3
0
0
0
0
0
0
10
0
0
0
0
0
0
0
0
0
0
0
0
7
0
0
0
0
0
0
15
0
0
0
0
0
1
0
0
0
0
0
0
2
0
0
0
0
0
0
0
0
0
0
0
0
2
0
0
0
0
0
0
8
0
0
0
0
0
0
0
0
0
0
0
0
0
0
0
0
0
0
2
0
0
0
0
0
0
6
0
0
0
0
0
1
8
0
0
0
0
0
4
0
0
0
0
0
0
9
0
0
0
0
0
1
0
0
0
0
0
0
6
0
0
0
0
0
0
14
0
0
0
0
0
7
0
0
0
0
0
0
2
0
0
0
0
0
0
0
0
0
0
0
0
6
0
0
0
0
0
0
8
0
0
0
0
0
2
0
0
0
0
0
0
9
0
0
0
0
0
0
0
0
0
0
0
0
0
0
0
0
0
0
0
10
0
0
0
0
0
7
0
0
0
0
0
0
4
0
0
0
0
0
2
0
0
0
0
0
0
2
0
0
0
0
0
0
5
0
0
0
0
0
4
0
0
0
0
0
0
4
0
0
0
0
0
4
0
0
0
0
0
0
4
0
0
0
0
0
2
8
0
0
0
0
0
7
0
0
0
0
0
0
4
0
0
0
0
0
7
0
0
0
0
0
0
3
0
0
0
0
0
0
11
0
0
0
0
0
1
0
0
0
0
0
0
11
0
0
0
0
0
0
0
0
0
0
0
0
4
0
0
0
0
0
0
11
0
0
0
0
0
0
0
0
0
0
0
1
6
0
0
0
0
0
2
0
0
0
0
0
0
3
0
0
0
0
0
0
6
0
0
0
0
0
0
0
0
0
0
0
0
11
0
0
0
0
0
3
0
0
0
0
0
0
4
0
0
0
0
0
0
7
0
0
0
0
0
2
0
0
0
0
0
0
4
0
0
0
0
0
0
0
0
0
0
0
0
4
0
0
0
0
0
0
6
0
0
0
0
0
9
0
0
0
0
0
0
7
0
0
0
0
0
0
0
0
0
0
0
0
3
0
0
0
0
0
0
6
0
0
0
0
0
2
0
0
0
0
0
0
6
0
0
0
0
0
0
0
0
0
0
0
0
1
0
0
0
0
0
2
11
0
0
0
0
0
1
0
0
0
0
0
0
6
0
0
0
0
0
5
0
0
0
0
0
0
2
0
0
0
0
0
0
6
0
0
0
0
0
1
0
0
0
0
0
0
8
0
0
0
0
0
0
0
0
0
0
0
0
5
0
0
0
0
0
0
7
0
0
0
0
0
1
0
0
0
0
0
0
7
0
0
0
0
0
0
0
0
0
0
0
0
0
0
0
0
0
0
1
8
0
0
0
0
0
2
0
0
0
0
0
0
4
0
0
0
0
0
0
0
0
0
0
0
0
3
0
0
0
0
0
0
7
0
0
0
0
0
1
0
0
0
0
0
0
6
0
0
0
0
0
0
0
0
0
0
0
0
5
0
0
0
0
0
0
3
0
0
0
0
0
0
0
0
0
0
0
0
13
0
0
0
0
0
0
0
0
0
0
0
0
1
0
0
0
0
0
0
11
0
0
0
0
0
0
0
0
0
0
0
0
1
0
0
0
0
0
0
0
0
0
0
0
0
4
0
0
0
0
0
0
8
0
0
0
0
0
0
0
0
0
0
0
0
4
0
0
0
0
0
0
0
0
0
0
0
0
3
0
0
0
0
0
0
9
0
0
0
0
0
0
0
0
0
0
0
0
9
0
0
0
0
0
0
0
0
0
0
0
0
3
0
0
0
0
0
0
7
0
0
0
0
0
0
0
0
0
0
0
0
3
0
0
0
0
0
0
0
0
0
0
0
0
2
0
0
0
0
0
0
6
0
0
0
0
0
1
0
0
0
0
0
0
5
0
0
0
0
0
0
0
0
0
0
0
0
0
0
0
0
0
0
0
9
0
0
0
0
0
0
0
0
0
0
0
0
5
0
0
0
0
0
0
0
0
0
0
0
0
2
0
0
0
0
0
0
10
0
0
0
0
0
0
0
0
0
0
0
0
0
0
0
0
0
0
0
0
0
0
0
0
0
0
0
0
0
0
0
2
11
0
0
0
0
0
3
0
0
0
0
0
0
2
0
0
0
0
0
0
0
0
0
0
0
0
2
0
0
0
0
0
0
6
0
0
0
0
0
0
0
0
0
0
0
0
11
0
0
0
0
0
0
0
0
0
0
0
0
4
0
0
0
0
0
0
6
0
0
0
0
0
0
0
0
0
0
0
0
9
0
0
0
0
0
0
0
0
0
0
0
0
0
0
0
0
0
0
0
8
0
0
0
0
0
0
0
0
0
0
0
0
8
0
0
0
0
0
0
0
0
0
0
0
0
0
0
0
0
0
0
0
6
0
0
0
0
0
0
0
0
0
0
0
0
4
0
0
0
0
0
0
0
0
0
0
0
0
2
0
0
0
0
0
0
7
0
0
0
0
0
1
0
0
0
0
0
0
6
0
0
0
0
0
0
0
0
0
0
0
0
0
0
0
0
0
0
0
5
0
0
0
0
0
0
0
0
0
0
0
0
3
0
0
0
0
0
2
0
0
0
0
0
0
4
0
0
0
0
0
0
6
0
0
0
0
0
0
0
0
0
0
0
0
3
0
0
0
0
0
0
0
0
0
0
0
0
2
0
0
0
0
0
0
4
0
0
0
0
0
0
0
0
0
0
0
0
5
0
0
0
0
0
128
1124
2124
3124
4124
5124
6124
7124
8124
9124
10124
0
4218
4153
4088
4023
3958
0
2046
1981
1916
727
0
0
0
0
0
3
0
0
0
0
576
1576
2576
3576
4576
5576
6576
7576
8576
9576
10576
9464
10464
