0
48000
0
0
1
999
0
0
1
1003
0
0
2996
2306
1695
0
0
999
0
0
0
1003
0
0
0
752
251
528
0
467
1000
0
0
730
272
998
1000
753
246
0
969
0
34
0
0
0
997
0
0
0
0
0
0
981
1
0
0
0
0
0
0
1018
0
0
0
1006
0
0
0
0
999
0
0
1001
999
1002
876
428
1001
0
1002
1002
1001
1001
997
1000
1000
998
1001
1001
1000
998
1001
1000
1001
999
493
560
410
276
733
992
1005
999
1002
998
1000
1002
1000
997
1001
1032
1017
987
1437
986
2750
0
0
1027
830
830
1000
1069
931
999
1001
999
1001
999
1000
1000
1000
1001
1000
999
783
991
1007
997
999
998
1001
998
1000
1000
1000
1000
1000
1000
69819
1181
1000
6305
695
1000
1000
9000
1872
1128
1000
0
1001
0
1000
1000
999
0
1000
0
1001
1000
0
999
2001
0
999
1001
1000
999
0
0
1000
0
1002
0
0
1000
1001
807
190
1000
1001
0
999
1001
0
1000
1001
0
998
1001
1000
834
166
1999
0
1000
1002
999
3999
1000
1000
4000
1000
0
1001
1999
0
0
1000
0
0
960
46
0
994
0
0
1002
0
0
1000
67
933
0
999
0
1000
0
437
564
0
291
708
0
0
0
0
1001
0
0
0
1002
2996
1000
1000
2000
2000
6000
3000
1000
82
589
330
0
0
1741
260
999
0
999
0
1001
0
0
0
1000
0
0
1002
1000
997
1001
0
1000
0
270
316
1309
2104
1000
0
1000
139
863
0
0
998
0
1214
788
999
0
999
0
1001
0
1000
0
1000
0
0
1000
0
1001
2998
1000
0
1001
2999
1000
0
1000
5733
1268
875
1114
11
0
999
816
186
0
998
0
0
1001
0
0
1001
1000
1764
234
0
0
1000
1003
912
1085
1000
0
1000
1001
0
0
999
1003
0
1
996
0
1002
0
0
407
595
0
396
122
481
878
1
2118
1000
2000
2001
2999
0
0
1
999
0
0
0
0
1003
0
0
0
1003
997
997
0
1000
0
1001
0
1000
0
1000
0
0
1001
3998
0
1000
601
6399
526
475
0
0
0
688
316
0
0
0
0
0
996
0
0
0
0
0
1004
0
1000
999
997
4999
1000
0
1001
1000
1000
0
535
466
0
678
35
996
407
639
995
1004
1000
1001
999
1160
0
997
1004
999
999
1000
1000
72
661
996
1001
919
995
1003
999
237
988
1006
1001
999
1000
1000
773
989
1005
1002
1000
999
1001
1000
1000
1001
805
979
1011
999
1003
998
1001
998
1003
999
1000
997
1002
999
999
999
998
1001
998
1001
1000
1000
999
999
999
1001
999
1002
998
999
1000
230
996
1001
1000
1001
1000
1000
999
1001
1000
1000
999
1001
1000
1000
999
1001
1000
1000
999
1001
1000
1001
999
1000
1000
1001
999
1001
999
1138
0
1000
1003
1001
999
1000
1001
1000
999
1000
1001
1000
999
1000
1000
1001
1000
999
1000
1001
999
1000
1000
1001
999
1001
999
1001
999
1000
1001
1000
1000
1001
998
1001
1000
1001
999
1001
999
1001
999
1000
1000
1001
998
1001
1000
1001
998
1001
1000
1001
998
1001
1000
1001
998
1001
1000
353
306
83
998
1003
1000
1001
999
1001
999
1000
1000
1001
1000
999
1000
1002
999
137
993
1004
998
809
993
1004
999
1003
998
1000
999
1002
999
108
994
1005
998
1001
998
1002
999
999
1000
1002
61
992
1003
1002
999
999
1000
1004
998
998
1000
1006
995
1001
999
1003
997
1000
1001
998
999
1000
1002
1000
1000
998
1001
685
991
1006
998
1001
999
999
322
993
1007
997
998
1000
1003
998
1000
1001
1000
1000
998
1001
1002
998
1000
1002
1002
997
1000
1001
1001
994
1002
999
1002
998
1001
1000
1001
998
1001
999
1001
1001
999
999
1002
999
1000
1000
1001
998
1001
999
1001
999
1001
999
1003
997
1001
999
1002
42
987
1006
998
1000
1001
926
992
1004
1000
1000
1000
999
1001
999
1001
1000
1003
999
998
999
1001
999
511
615
995
1005
999
998
484
729
997
1003
1000
72
993
1002
1001
1002
65
989
1005
998
1002
999
1000
1000
1001
998
1001
999
1143
0
998
1006
1000
997
1002
999
1000
9
999
1001
858
992
1005
1000
1000
999
1001
1001
1002
710
990
1005
1000
1001
1000
997
1000
1001
1002
998
999
1000
1001
998
1001
999
1002
998
1001
999
1002
998
1002
1000
1000
999
999
1002
1000
998
1001
1000
1000
1000
1000
1001
1000
1000
999
1000
1000
842
991
1212
0
997
1005
1002
1000
997
921
992
1004
998
30
990
1005
999
1003
999
1001
997
1000
1002
999
1000
999
1000
1000
999
1002
999
1000
1000
1001
1002
1000
996
1001
351
748
997
1006
999
1001
997
999
1000
1000
999
7
1001
998
1001
1001
1001
496
804
998
141
985
842
990
1007
996
1003
1001
998
998
1000
1000
1000
999
1002
1001
998
1000
999
1002
999
1000
1000
624
991
1004
1000
1002
999
999
1001
1000
999
1001
1002
1000
999
1000
999
453
990
88
986
1006
1000
1000
998
1000
1001
1001
999
1000
998
1001
1000
1001
479
777
618
996
1008
997
1000
1001
998
1000
1000
1000
1001
1001
112
987
1006
998
1001
1000
999
1002
999
30
990
1002
1004
1001
1000
996
1001
735
992
1002
1002
999
1001
999
460
990
1003
1000
1003
1000
998
1002
869
990
1004
1000
1003
997
1002
1000
998
1001
999
1001
1001
1000
997
1000
1002
1001
999
1002
999
1000
998
999
1002
1002
998
1000
999
1000
1001
999
1000
1000
297
994
55
990
1005
1001
999
1000
998
1000
1000
1002
999
1001
1000
714
78
995
1004
1000
1000
1000
1003
1000
999
21
1153
0
1122
0
504
499
990
1007
998
1000
998
1000
1000
1001
998
1000
1000
1001
999
1000
1000
1001
999
1001
999
1001
999
1001
999
1001
998
1002
1001
1000
998
1003
999
1000
999
1000
998
1002
1000
1000
999
1001
999
1002
998
1002
998
1000
999
1001
999
1002
998
1001
998
1002
1001
999
998
1004
997
1001
86
994
1003
1001
998
1003
998
33
990
1006
998
1000
1000
1000
999
1001
998
1002
1001
999
1000
1001
320
993
1003
723
993
1003
999
1002
526
821
996
1004
1001
489
455
992
1005
1000
999
12
989
1006
1004
994
1000
1000
1004
1002
998
995
1002
81
991
455
994
1002
83
993
48
949
991
801
990
1006
999
1001
1000
997
1001
1000
1000
1000
999
1001
363
987
1005
1003
114
1186
0
993
1004
58
797
994
644
991
1005
999
1000
1005
996
1000
1000
403
982
854
993
1004
1000
240
533
30
267
526
672
971
1038
0
1006
339
986
91
988
454
989
1005
888
152
998
1004
1001
1001
1000
999
415
993
1006
998
699
819
118
993
1005
768
995
1007
655
989
1005
294
986
405
843
994
1004
1003
999
996
1000
1003
999
364
373
120
410
407
768
807
994
1004
1001
999
1002
998
998
999
1001
1003
999
999
1001
79
992
998
6
332
86
996
1004
1005
1001
996
996
1000
1001
647
990
712
345
994
438
1035
0
1000
1009
998
395
992
1003
1002
1001
999
997
1000
1002
1003
997
998
1002
1001
1044
0
996
1005
997
1000
1000
1022
0
1006
999
1000
998
1002
1001
53
989
778
986
1008
1000
999
996
998
1000
1004
201
221
998
999
1004
997
1028
0
1003
1002
419
991
1005
153
994
620
997
200
17
997
1001
67
310
1000
205
141
998
1003
1000
518
991
386
993
1005
997
1001
1001
157
1396
175
316
995
1003
87
903
1001
1001
1001
999
1001
999
277
999
999
999
1004
999
184
995
999
456
1238
755
2004
0
654
996
1002
566
993
439
996
48
993
181
994
237
993
1140
0
999
452
88
240
996
76
991
1000
1001
271
994
768
341
40
1287
246
1001
848
997
1380
815
1111
0
999
1001
307
992
1002
1002
240
995
1002
1001
998
605
996
379
2000
0
996
300
994
160
996
159
996
1003
1002
1000
351
75
999
351
1000
1001
1002
1001
2003
1692
0
298
1582
419
549
262
998
1001
999
1005
996
1001
1001
605
994
283
996
770
995
2000
200
272
998
1002
919
293
729
355
575
968
999
1006
995
340
95
999
420
74
1225
0
1000
332
1368
405
849
689
339
229
1001
999
1003
997
1004
476
994
1003
457
993
665
1296
201
994
1004
161
607
1101
0
1104
136
1005
147
998
401
140
149
1004
0
509
243
997
1000
1182
43
1396
0
998
347
997
895
1000
1005
999
493
70
461
515
1169
0
1000
1002
998
241
752
999
1003
1000
999
182
997
1002
1002
1000
1731
0
585
996
1003
998
1003
1326
316
628
19
645
999
74
995
793
1049
0
1000
464
750
996
192
997
1001
998
46
1223
935
924
179
1003
999
1001
762
548
481
999
123
217
998
1003
1003
1001
997
1997
0
999
879
195
1055
999
0
1000
1060
0
291
1159
0
999
1005
1225
0
47
996
1001
2001
0
998
1003
1000
1000
1002
390
726
2005
0
43
706
998
1005
538
658
401
1737
262
1004
671
997
1004
1002
356
140
344
1002
1104
0
998
395
994
747
999
1004
588
439
896
743
999
295
595
239
261
2000
0
997
189
995
643
635
535
500
999
1002
311
850
942
998
1006
920
887
996
537
549
997
1205
139
218
357
462
206
1213
0
996
1003
1454
0
1000
1003
999
281
992
184
992
999
1352
995
0
1001
1185
257
228
169
997
1002
883
996
1004
996
385
999
1003
998
1005
997
2003
0
1011
0
994
1007
124
996
1001
59
994
1002
1937
61
150
838
998
366
197
1145
0
999
444
996
1005
1000
997
137
322
768
91
997
429
666
996
1000
256
994
1002
304
719
1029
187
256
999
1001
546
1000
103
667
997
1002
1150
999
0
53
998
517
330
780
517
1001
1002
998
1003
999
920
245
1356
646
386
997
263
999
282
273
480
390
1001
1001
2003
0
733
993
2004
0
996
1001
1006
362
1001
359
603
851
999
1004
1401
339
1322
680
625
206
999
1004
996
536
20
995
149
714
996
582
52
999
335
994
1003
825
994
1005
2002
0
992
3000
0
0
1311
501
1028
1003
0
997
28
996
1002
1000
1002
1002
442
997
587
603
751
1281
0
2002
0
997
1003
1002
1981
21
1083
916
1380
621
880
505
995
1001
2003
851
146
1000
1004
646
589
302
997
2002
143
854
54
992
682
106
172
999
999
1001
1002
1003
995
1003
996
2006
0
994
1004
1308
0
1717
634
0
1000
1003
1000
422
1144
686
995
3000
1000
1000
0
0
721
410
84
389
451
998
1003
1906
91
1000
772
998
413
1112
0
434
581
1471
477
521
366
997
1003
7
999
1006
997
253
2000
0
999
834
996
1004
905
661
999
1004
998
1001
998
999
678
997
1004
995
1003
1948
54
995
315
189
244
996
1004
999
1998
0
999
688
76
928
446
272
997
297
997
1002
5
659
996
135
998
1545
1455
111
13
419
997
1002
1906
95
1998
0
58
999
925
206
67
1997
0
603
1862
139
491
997
757
997
1003
317
998
999
1002
1063
0
711
855
478
378
1426
1154
0
1000
1003
997
1000
1002
1001
999
269
1999
1
996
1002
1001
997
1005
767
995
788
605
993
1001
1432
571
996
504
298
28
997
1002
1323
1110
0
858
1000
924
651
733
764
1404
0
999
1003
1998
0
999
1004
998
640
42
998
1004
2995
196
94
710
443
191
2335
1000
1000
1
453
545
1003
998
1959
45
995
1005
23
2000
997
1001
0
1000
1006
997
999
1003
997
999
999
2001
0
997
1004
1117
0
998
203
941
904
186
1235
0
995
1001
1484
180
861
999
1006
996
1004
1000
996
1003
1999
0
1037
0
1001
1140
865
395
58
1001
1000
999
1000
1003
1002
998
840
37
286
1055
0
999
1005
999
555
18
201
1002
2340
1318
0
1345
0
426
28
997
1464
0
999
1004
748
85
220
188
1051
0
998
2005
0
731
1628
446
554
1001
418
481
999
406
680
236
1199
0
130
1365
0
1000
37
540
996
585
1002
1156
999
0
1001
681
661
997
523
995
153
995
1003
1258
113
334
1170
999
1000
1000
0
999
1945
60
1761
236
1000
397
994
1001
868
365
1001
1001
1863
138
24
994
1004
996
752
340
306
994
1996
5
999
39
995
1001
1002
48
698
997
1001
468
1091
0
1000
248
997
1001
1473
529
995
1004
1556
17
996
1031
631
1355
0
797
168
994
1002
10
1024
0
1651
0
237
163
996
141
996
500
997
1004
1000
1999
0
2003
0
994
1007
999
1135
0
1000
512
994
1002
999
268
997
1004
36
1206
0
999
1005
995
1000
1006
998
998
1001
999
1001
820
1811
186
455
345
324
769
904
1123
0
282
1056
0
998
6
1077
923
82
994
1419
19
992
1000
1087
1273
1
280
999
1005
997
256
210
996
163
997
570
86
998
887
1091
0
654
999
1001
999
1003
1000
997
507
288
998
539
999
1004
999
1477
1108
283
711
1000
34
991
636
625
257
90
248
1228
6
1000
238
998
1006
998
999
1457
541
1002
153
992
60
994
664
364
795
30
205
49
995
223
998
446
998
566
387
996
312
570
1219
0
797
998
1005
998
820
993
5
1124
41
999
1186
706
294
426
477
997
1005
996
1004
1003
1168
438
1
1003
996
462
67
999
324
539
2000
824
170
680
146
897
998
1003
1001
149
1229
0
257
1000
1004
1011
0
555
261
999
1003
996
166
66
68
996
1760
39
999
501
994
12
995
337
998
148
548
373
1075
357
641
1001
748
747
289
797
1573
0
533
588
356
998
1549
455
287
995
1001
1002
692
819
365
2001
0
257
665
999
279
991
1002
1001
996
1141
0
995
475
327
216
996
1004
1524
272
224
645
142
996
1001
619
997
1003
1085
0
425
1265
0
998
1001
1003
1000
1001
1135
7
999
842
999
538
995
694
997
1003
194
992
1001
1001
510
554
162
944
837
1299
0
226
450
113
997
287
995
1001
1005
996
998
1000
95
700
998
1003
1000
1002
998
424
996
1003
998
1002
291
994
1002
76
995
64
34
332
996
2002
0
998
1084
0
1000
903
994
725
1209
0
1000
1452
1434
0
1000
365
1031
0
1000
1001
1003
1000
1000
998
1999
0
1625
377
997
1005
996
373
524
86
999
548
995
843
1505
0
996
1007
999
1095
0
1000
685
76
1007
0
1002
873
2119
346
0
1053
0
1226
1140
997
0
259
996
2000
998
0
1001
647
998
467
2002
0
991
1078
0
151
29
468
145
997
624
995
315
993
73
999
335
14
485
1649
0
1000
1007
72
993
1315
690
996
1001
998
1002
1002
997
1129
0
998
1004
124
513
996
1003
16
994
155
996
1003
997
1002
279
992
1000
997
1003
181
997
1001
999
193
997
1003
587
993
167
995
1001
647
60
999
1001
1004
1001
993
1000
312
1000
999
1005
670
709
38
552
1119
1031
25
639
660
772
274
45
998
185
994
1000
1002
998
1003
833
1001
2003
996
1000
0
1000
1002
1002
999
89
417
607
997
1002
473
217
609
59
505
550
1000
1001
376
403
995
1003
995
1001
400
998
440
994
523
992
1620
762
939
153
424
997
252
92
773
998
1003
999
177
999
1000
998
232
808
1312
1
82
847
1128
1037
0
135
996
1003
998
1005
995
1001
1000
1998
0
1000
1006
1999
0
1780
1216
0
777
1070
1278
999
126
126
1000
176
573
997
248
377
969
150
1002
109
1550
450
1264
410
673
1098
86
998
122
174
1000
808
886
1085
998
0
1045
0
1000
146
10
1721
1204
17
256
999
7
998
277
557
998
680
2000
0
996
428
997
1001
135
995
674
1291
192
716
998
197
315
706
999
1003
999
1000
653
1033
0
1260
743
346
35
1000
1624
1300
77
997
1000
999
1121
287
1245
754
1230
0
1371
0
998
2005
0
995
287
158
1216
465
1001
320
421
840
172
654
580
999
591
361
1001
1423
581
174
225
999
999
1003
378
996
1003
487
995
235
193
996
963
230
63
342
475
355
3
1001
16
998
168
341
118
999
539
908
1252
0
381
768
38
927
767
539
1200
524
475
1124
503
707
970
1086
376
999
1002
1000
1000
466
996
1001
1000
999
1001
999
1830
1171
999
1000
1001
999
1001
999
1001
999
1001
999
1001
999
1001
0
0
0
0
0
0
0
0
0
0
0
0
0
0
0
0
0
0
0
0
0
3
0
0
0
0
0
0
0
0
0
0
0
0
0
0
0
0
0
0
0
1
3
0
0
0
0
0
0
0
0
0
0
0
0
0
0
0
0
0
0
0
1
4
0
0
0
0
0
0
0
0
0
0
0
0
0
0
0
0
0
0
0
6
0
0
0
0
0
0
0
0
0
0
0
0
0
0
0
0
0
0
0
0
2
0
0
0
0
0
0
0
0
0
0
0
0
0
0
0
0
0
0
52
3
4
0
0
0
0
0
0
0
0
0
0
0
0
0
0
0
0
0
0
83
575
0
0
0
0
0
0
0
0
0
269
0
379
279
239
547
308
469
180
504
355
119
313
0
0
446
453
223
529
324
331
389
273
163
743
24
404
264
0
160
172
0
2
0
0
0
0
0
0
0
0
0
0
0
343
154
433
464
111
198
0
0
0
7
0
0
0
0
0
0
0
0
0
51
0
185
72
0
527
109
282
97
365
0
4
0
0
0
0
0
0
0
0
51
512
181
0
0
0
0
0
0
0
3
1
0
0
0
0
0
0
0
196
352
179
0
0
0
0
0
0
0
0
0
0
3
0
0
0
0
0
0
0
0
0
0
0
0
0
0
0
0
0
756
0
594
449
271
308
574
245
487
739
0
1598
1516
315
483
684
83
149
514
0
99
731
0
12
225
0
0
0
0
391
0
331
0
0
0
0
216
250
52
375
0
0
0
2
0
0
0
0
0
0
0
129
416
0
599
278
518
509
157
451
413
558
186
363
443
245
0
1328
1246
0
1322
1240
0
0
1780
1698
0
683
326
621
428
475
782
101
709
144
390
0
406
0
0
0
0
0
0
0
0
0
0
148
0
0
0
0
14
0
47
417
0
589
0
425
56
0
0
0
0
0
0
0
0
0
0
0
0
265
114
518
594
390
259
286
452
0
0
0
0
333
0
131
193
212
0
0
0
0
8
85
5
0
0
0
0
0
0
229
0
581
460
226
496
13
279
69
540
84
146
0
1
4
0
0
0
0
0
0
0
0
0
0
0
0
0
0
182
0
219
595
252
469
113
0
269
0
0
0
0
0
0
0
0
0
0
0
0
0
70
0
0
0
1
0
0
0
59
142
0
0
0
0
0
0
0
0
0
0
0
0
0
0
1
6
0
0
0
0
0
0
0
0
0
0
0
0
0
0
0
0
0
0
1
0
0
0
0
0
0
0
0
0
0
0
0
0
0
0
0
0
0
0
0
1
3
0
0
0
0
0
0
0
0
0
68
78
340
0
0
0
81
0
0
0
3
7
0
0
0
0
0
0
0
0
0
0
0
0
0
0
0
0
0
0
0
3
5
0
0
0
0
0
0
0
0
0
0
0
0
0
0
0
0
0
0
0
3
0
0
0
0
0
0
0
0
0
0
0
0
0
0
0
0
0
0
0
0
1
0
0
0
0
0
0
0
0
0
0
0
0
0
0
0
0
0
0
0
0
4
0
0
0
0
0
0
0
0
0
0
596
0
69
0
0
0
0
0
0
2
4
0
0
0
0
0
0
0
0
0
0
0
0
0
0
0
0
0
0
0
0
5
0
0
0
0
0
0
0
0
0
0
0
0
0
0
0
0
0
0
0
1
0
0
0
0
0
0
0
0
0
0
0
0
0
0
0
0
0
0
0
0
3
0
0
0
0
0
0
0
0
45
0
0
0
0
0
0
0
0
0
1
4
6
0
0
0
0
0
0
0
0
0
0
0
0
0
0
0
0
0
0
1
1
6
0
0
0
0
0
0
0
0
0
0
0
0
0
0
0
0
0
0
0
2
0
0
0
0
0
0
0
0
0
0
0
0
0
0
0
0
0
0
0
0
5
0
0
0
0
0
0
0
0
0
0
0
0
0
0
0
0
88
149
0
0
6
0
0
0
0
0
0
0
0
0
0
0
0
0
0
0
0
0
161
370
4
5
0
0
0
0
79
0
0
0
0
0
20
115
0
0
0
0
0
0
0
2
0
0
0
0
0
0
0
0
0
0
0
0
0
0
0
0
0
0
0
0
4
0
0
0
0
0
0
0
0
0
0
0
0
0
0
0
0
0
0
0
2
3
0
0
0
0
0
0
0
0
0
0
0
0
0
0
0
0
0
0
0
4
5
0
0
0
0
0
60
0
0
0
0
0
0
0
0
0
0
0
0
0
3
0
0
0
0
0
0
0
0
0
0
0
0
0
0
0
0
0
0
0
3
7
0
0
0
0
0
0
0
0
0
0
0
0
0
0
0
0
0
0
0
1
5
0
0
0
0
0
0
0
0
0
0
0
0
0
0
0
0
0
0
0
3
0
0
0
0
0
0
0
0
0
0
0
0
0
0
0
0
0
0
0
0
2
0
0
81
0
1273
1191
0
0
1589
1507
0
759
133
563
170
0
1844
1762
31
0
1737
1655
308
0
2738
2656
2574
0
0
1359
1277
85
392
0
0
0
0
0
0
0
3
9
0
0
0
0
0
0
0
0
0
0
0
0
0
0
0
0
0
0
2
3
0
0
0
0
0
0
0
0
0
0
0
0
0
0
0
0
0
0
0
1
4
0
0
0
0
0
0
0
0
0
0
0
0
0
0
0
0
0
0
0
3
5
0
0
0
0
0
0
0
0
0
0
0
0
0
0
0
0
0
0
0
0
6
0
0
0
0
0
0
0
0
0
0
0
0
0
0
0
0
0
0
0
3
0
0
0
0
0
0
0
0
0
0
0
0
0
0
0
0
0
0
0
0
4
0
0
0
0
0
0
0
0
0
0
0
0
0
0
0
0
0
0
0
0
6
0
0
0
0
0
0
0
0
0
0
0
0
0
0
0
0
0
0
1
4
5
0
0
0
0
0
0
0
0
0
0
0
0
0
0
0
0
0
0
0
4
0
0
0
0
0
0
0
0
0
0
0
0
0
0
0
0
0
0
0
2
3
0
0
0
0
0
0
0
0
0
0
0
0
0
0
0
0
0
0
0
3
3
0
0
0
0
0
0
0
0
0
0
0
0
0
0
0
0
0
0
0
1
6
0
0
0
0
0
0
0
0
0
0
0
0
0
0
0
0
0
0
0
4
0
0
0
0
0
0
0
0
0
0
0
0
0
0
0
0
0
0
0
0
1
0
0
0
0
0
0
0
0
0
0
0
0
0
0
0
0
0
0
0
0
4
0
0
0
0
0
0
0
0
0
0
0
0
0
0
0
0
0
0
0
0
7
0
0
0
0
0
0
0
0
0
0
0
0
0
0
0
0
0
0
0
3
0
0
0
0
0
0
0
0
0
0
0
0
0
0
0
0
0
0
0
0
4
0
0
0
0
0
0
0
0
0
0
0
0
0
0
0
0
0
0
0
3
3
0
0
0
0
0
0
0
0
0
0
0
0
0
0
0
0
0
0
0
4
7
0
0
0
0
0
0
0
0
0
0
0
0
0
0
0
0
0
0
0
2
0
0
0
0
0
0
0
0
0
0
0
0
0
0
0
0
0
0
0
0
5
0
0
0
0
0
0
0
0
0
0
0
0
0
0
0
0
0
0
0
0
3
0
0
0
0
0
0
0
0
0
0
0
0
0
0
0
0
0
0
0
1
9
0
0
0
0
0
0
0
0
0
0
0
0
0
0
0
0
0
0
0
4
0
0
0
0
0
0
0
0
0
0
0
0
0
0
0
0
0
0
0
2
4
0
0
0
0
0
0
0
0
0
0
0
0
0
0
0
0
0
0
1
3
5
0
0
0
0
0
0
0
0
0
0
0
0
0
0
0
0
0
0
0
3
5
0
0
0
0
0
0
0
0
0
0
0
0
0
0
0
0
0
0
0
3
0
0
0
0
0
0
0
0
0
0
0
0
0
0
0
0
0
0
0
0
2
0
0
0
0
0
0
0
0
0
0
0
0
0
0
0
0
0
0
0
2
3
0
0
0
0
0
0
0
0
0
0
0
0
0
0
0
0
0
0
0
2
9
0
0
0
0
0
0
0
0
0
0
0
0
0
0
0
0
0
0
0
1
0
0
0
0
0
0
0
0
0
0
0
0
0
0
0
0
0
0
0
4
1
0
0
0
0
0
0
0
0
0
0
0
0
0
0
0
0
0
0
0
1
7
0
0
0
0
0
0
0
0
0
0
0
0
0
0
0
0
0
0
0
6
8
0
0
0
0
0
0
0
0
0
0
0
0
0
0
0
0
0
0
0
5
0
0
0
0
0
0
0
0
0
0
0
0
0
0
0
0
0
0
0
0
5
0
0
0
0
0
0
0
0
0
0
0
0
0
0
0
0
0
0
0
1
8
0
0
0
0
0
0
0
0
0
0
0
0
0
0
0
0
0
0
0
0
7
0
0
0
0
0
0
0
0
0
0
0
0
0
0
0
0
0
0
0
2
0
0
0
0
0
0
0
0
0
0
0
0
0
0
0
0
0
0
0
1
2
0
0
0
0
0
0
0
0
0
0
0
0
0
0
0
0
0
0
0
5
7
0
0
0
0
0
0
0
0
0
0
0
0
0
0
0
0
0
0
0
0
6
0
0
0
0
0
0
0
0
0
0
0
0
0
0
0
0
0
0
0
3
0
0
0
0
0
0
0
0
0
0
0
0
0
0
0
0
0
0
0
1
7
0
0
0
0
0
0
0
0
0
0
0
0
0
0
0
0
0
0
0
2
3
0
0
0
0
0
0
0
0
0
0
0
0
0
0
0
0
0
0
0
2
9
0
0
0
0
0
0
0
0
0
0
0
0
0
0
0
0
0
0
0
1
0
0
0
0
0
0
0
0
0
0
0
0
0
0
0
0
0
0
0
0
2
0
0
0
0
0
0
0
0
0
0
0
0
0
0
0
0
0
0
0
0
5
0
0
0
0
0
0
0
0
0
0
0
0
0
0
0
0
0
0
0
3
2
0
0
0
0
0
0
0
0
0
0
0
0
0
0
0
0
0
0
1
3
0
0
0
0
0
0
0
0
0
0
0
0
0
0
0
0
0
0
0
0
2
0
0
0
0
0
0
0
0
0
0
0
0
0
0
0
0
0
0
0
1
6
0
0
0
0
0
0
0
0
0
0
0
0
0
0
0
0
0
0
0
0
11
0
0
0
0
0
0
0
0
0
0
0
0
0
0
0
0
0
0
0
5
0
0
0
0
0
0
0
0
0
0
0
0
0
0
0
0
0
0
0
0
3
0
0
0
0
0
0
0
0
0
0
0
0
0
0
0
0
0
0
0
0
5
0
0
0
0
0
0
0
0
0
0
0
0
0
0
0
0
0
0
0
1
8
0
0
0
0
0
0
0
0
0
0
0
0
0
0
0
0
0
0
2
5
0
0
0
0
0
0
0
0
0
0
0
0
0
0
0
0
0
0
0
0
2
0
0
0
0
0
0
0
0
0
0
0
0
0
0
0
0
0
0
0
0
4
0
0
0
0
0
0
0
0
0
0
0
0
0
0
0
0
0
0
0
2
3
0
0
0
0
0
0
0
0
0
0
0
0
0
0
0
0
0
0
1
4
0
0
0
0
0
0
0
0
0
0
0
0
0
0
0
0
0
0
0
4
4
0
0
0
0
0
0
0
0
0
0
0
0
0
0
0
0
0
0
0
2
7
0
0
0
0
0
0
0
0
0
0
0
0
0
0
0
0
0
0
0
4
8
0
0
0
0
0
0
0
0
0
0
0
0
0
0
0
0
481
1481
2481
3481
4481
5481
6481
7481
8481
9481
10481
11481
12481
13481
606
0
4910
4828
4746
4664
4582
570
0
0
1926
1844
0
0
0
0
0
0
0
0
617
1617
2617
3617
4617
5617
6617
7617
8617
9617
10617
11617
12617
13617
14617
15617
16617
17617
18617
19617
15554
