4.17896
3.52
3.68
2.88
3.36
4.16
3.36
3.92
5.44
4.48
4.32
3.04
3.68
3.68
2.24
3.68
4
4.8
3.04
3.04
4.32
3.52
3.84
5.28
2.56
4.8
3.2
5.44
4.96
2.88
4.64
3.84
4.16
4.8
4.48
4.16
3.52
6.4
5.6
2.4
3.68
4.48
3.36
3.52
2.88
5.76
3.2
4.16
4.96
4
2.72
4.8
3.52
4.96
3.04
2.88
4.32
4.8
3.52
3.68
4.48
4
3.2
1.6
4.48
3.84
3.36
3.36
3.36
3.2
3.84
4.16
5.44
3.36
3.36
5.12
5.12
3.68
3.04
4
3.84
3.84
3.52
4
4.64
4.976
6.72
3.36
4.96
5.12
6.08
3.2
4.26667
7.52
3.04
4.48
4.64
4
4.64
5.28
2.88
4.64
4.64
4.16
5.12
3.68
5.76
5.76
1.76
4.64
4.8
5.44
5.6
4.16
4.8
3.36
3.84
4.32
5.28
3.68
4.16
4.64
4.96
4.64
5.12
4.72
5.76
2.24
4
5.088
4.90667
4.8
5.12
4.16
5.44
4.32
5.76
5.6
3.68
4.8
2.08
4.64
4.16
3.2
5.12
3.84
2.88
5.12
3.68
5.12
4.96
2.88
5.28
5.12
3.36
4.48
4.48
3.2
5.12
4.8
2.24
4.96
4
2.88
4.96
3.36
4.48
4.96
3.68
4.32
5.36
5.44
4.16
4
5.52
1.76
7.52
5.28
4.48
5.12
6.24
3.36
3.68
4.72
6.08
3.68
4.8
6.72
6.88
3.04
4.48
4.64
4
4.8
4.32
5.12
3.84
5.6
4.48
3.84
4.16
3.84
5.6
4.8
7.84
3.2
5.01333
8.48
3.68
2.08
4.64
5.92
4.32
5.44
5.76
4.32
5.44
4.96
6.88
4.48
4.48
4
8.16
2.88
5.12
4.32
6.72
4
3.36
2.72
4.8
5.6
5.44
4
2.72
4.64
4.48
5.12
4.32
5.12
5.36
5.76
4.48
4
4.16
4.64
3.68
6.88
4.96
6.72
4.64
3.68
5.12
5.28
3.04
5.28
6.24
6.08
4.8
3.68
6.72
5.76
4.8
3.68
4.32
5.44
5.28
5.12
4.96
5.76
3.36
6.4
6.08
4.48
6.56
6.88
6.72
4.8
4.48
8.64
4.32
6.4
1.44
4.96
4.32
4.96
4
2.88
4.96
4.64
4.48
3.2
3.36
5.28
3.36
3.36
5.44
4.48
4.8
4.8
3.84
5.6
2.08
4
5.99273
9.28
5.36
7.84
5.44
1.6
7.36
3.68
5.12
5.6
4.64
7.84
3.84
5.12
7.68
3.68
5.12
3.84
6.56
5.12
6.72
3.2
4.96
6.56
3.2
4.8
4.96
7.84
4.16
3.36
5.92
3.36
6.88
4.48
8.48
3.84
4.8
3.68
3.84
5.76
4
4.8
4.8
2.56
6.08
4.64
4.16
2.88
5.12
5.76
3.2
3.36
4.96
4
5.92
4.64
4.96
3.04
3.52
4.48
4
4.32
4.32
3.2
4
3.2
5.12
4.16
5.28
4.48
3.84
3.68
4.64
4.48
5.28
3.68
4.48
4.16
3.36
4.96
3.36
3.04
1.44
5.28
4.64
4.8
4.16
7.2
4.32
5.12
4.32
4.64
5.44
6.4
3.68
5.04
3.52
5.28
5.44
3.2
4.16
2.08
4.16
6.56
5.12
4
6.56
4
3.36
4.96
3.52
3.84
5.76
4.64
6.56
3.84
4.8
3.52
5.6
4.32
3.04
5.76
5.76
5.6
3.52
4.16
4.48
4.8
5.92
3.52
5.6
4.16
3.84
4.64
4.96
3.84
3.36
2.72
5.28
2.08
2.24
4.64
5.44
3.04
3.36
4.96
4.32
5.76
5.44
6.4
3.84
4.32
5.92
2.72
3.84
4.32
4.96
4
4.8
4
5.44
4.8
6.4
4.16
2.56
4.48
3.52
3.52
3.68
4.16
5.12
3.36
7.36
4.48
4.8
5.6
7.04
3.68
7.2
1.76
4.32
6.88
3.68
4.96
4.8
4.16
4.32
3.2
4.64
4.96
3.52
4.32
2.24
6.08
4.48
4.8
3.84
3.04
3.36
4.96
2.56
4.64
4.16
6.4
4.96
3.84
2.72
3.52
2.88
4.48
3.2
4
4.96
5.92
5.12
3.68
3.68
6.24
2.08
3.04
4.96
3.36
4.96
6.24
4.96
4.96
6.08
3.04
6.4
5.12
4.32
4.96
4.16
3.84
3.68
7.36
3.2
2.08
4.16
5.28
3.52
3.84
3.68
3.84
5.92
4.96
4.16
4.8
4.8
4.16
4.8
4.8
4.32
4.64
4.32
5.28
5.12
2.08
4.16
5.6
3.68
4.48
3.2
4.96
4.64
4.32
4.8
5.6
4.16
4.96
5.92
3.84
4.32
4.8
4.16
3.36
2.72
4.48
3.36
2.72
4.32
3.36
5.28
5.12
3.68
5.76
4
5.28
4
5.28
5.6
4.48
3.84
4.48
4.96
3.84
1.76
3.84
4.48
3.84
3.68
1.76
4.16
3.2
3.84
2.56
4.96
3.84
4.16
4.32
3.68
4.96
4.16
4.32
4.48
2.88
3.52
4.32
3.68
3.04
4.32
3.52
4.32
4.48
4.16
4.16
4.8
4.64
3.04
2.88
3.36
3.52
3.2
3.36
3.36
2.24
3.36
2.88
3.68
3.2
2.72
3.04
2.88
3.2
2.4
1.76
2.4
2.72
1.76
3.2
2.08
2.4
2.56
1.92
2.4
1.12
2.88
2.56
2.88
0.96
2.72
3.52
2.08
4
2.08
3.36
2.4
3.36
2.72
2.88
1.92
1.92
1.44
2.56
2.56
3.2
2.4
2.72
2.72
1.76
1.6
2.56
2.08
1.44
0.8
1.92
1.92
2.24
1.76
3.2
1.92
2.4
2.56
2.56
1.44
2.08
2.88
2.08
3.04
3.52
2.08
1.92
1.12
2.72
1.28
2.08
2.08
2.08
2.4
3.04
1.92
2.4
1.44
1.6
1.44
1.28
1.12
2.72
1.44
1.6
1.76
1.12
1.28
1.12
1.6
0.96
1.6
1.28
1.76
1.28
0.64
1.44
1.76
1.28
2.4
1.92
2.08
2.4
2.08
1.76
1.12
2.4
1.44
2.08
1.76
2.24
1.6
1.76
2.08
2.08
1.92
2.4
2.24
1.12
2.72
2.24
1.76
1.6
1.76
2.24
0.96
2.24
1.76
2.4
1.76
2.4
2.24
3.04
2.24
1.92
2.56
2.56
2.24
2.72
2.08
2.08
1.12
2.24
2.56
1.76
1.76
1.92
1.6
2.4
1.12
1.12
1.28
1.28
2.72
1.28
2.24
2.24
3.04
0.64
2.08
1.12
1.92
1.92
1.76
1.12
1.92
0.96
2.4
1.12
2.08
2.24
1.92
1.76
2.08
1.28
1.6
0.96
1.76
0.8
2.08
1.92
2.08
1.28
1.6
0.8
2.08
1.92
0.96
1.6
1.44
1.44
1.28
1.12
0.96
1.28
1.12
0.96
1.76
1.6
1.28
1.92
1.76
2.24
1.6
1.6
1.6
1.28
1.44
0.96
2.56
1.12
2.08
1.12
2.08
1.12
1.44
1.28
1.92
1.12
1.6
1.6
1.76
1.6
0.64
1.6
2.08
3.36
1.92
1.28
2.24
1.44
2.56
2.24
2.56
2.08
1.76
1.6
2.08
2.08
2.4
1.6
1.44
2.88
1.28
2.24
2.4
2.56
1.44
2.4
3.04
1.76
1.28
2.24
1.92
1.28
2.72
1.28
1.12
2.08
2.08
1.76
3.2
2.08
2.4
1.6
2.08
1.44
1.6
1.6
2.08
1.12
1.76
1.44
1.76
2.4
2.24
3.52
1.76
2.24
2.56
3.68
2.08
1.92
1.28
1.92
1.44
0.96
1.76
1.92
1.44
2.4
1.12
1.6
1.28
2.08
0.96
1.76
1.44
0.96
1.6
0.8
1.44
1.44
1.44
0.8
0.8
1.44
0.48
1.76
1.92
2.08
2.08
0.96
2.24
1.12
1.12
2.08
1.12
1.28
1.12
0.48
1.92
1.6
1.12
0.96
1.6
2.24
0.64
1.44
1.92
0.32
0.48
1.28
0.48
1.92
1.28
1.28
1.6
1.12
1.12
2.08
1.92
0.48
1.92
0.8
1.44
1.28
1.6
1.12
1.44
0.16
1.28
0.8
0.96
0.8
0.8
1.92
1.6
1.28
1.76
2.24
0.8
0.96
1.44
0.96
0.96
1.92
0.8
1.92
1.28
1.6
2.08
1.28
1.76
1.44
0.8
1.12
2.08
1.44
1.12
1.6
1.6
1.28
0.96
0.64
0.96
1.6
2.24
0.96
1.76
1.28
1.6
1.44
1.12
1.12
1.12
1.92
1.28
1.28
1.92
0.48
1.44
1.12
0.8
1.44
0.96
1.76
1.28
1.12
1.28
1.92
0.96
0.96
1.44
1.44
0.96
1.6
1.12
1.44
1.6
1.12
0.64
1.92
1.44
1.44
1.92
1.6
1.12
0.96
0.8
0.32
1.28
0.64
2.08
0.96
0.8
1.6
1.44
1.76
1.6
0.48
1.12
1.12
1.28
1.44
1.28
1.44
1.76
1.44
1.6
1.6
1.44
2.08
1.92
2.24
1.92
1.12
1.44
2.08
0.96
1.76
0.64
0.8
0.8
1.12
1.28
1.6
1.92
1.28
1.44
1.92
2.4
1.44
1.6
2.24
1.12
1.44
1.28
1.76
1.12
1.28
0.96
0.64
1.92
1.44
1.44
1.44
1.6
1.6
1.76
1.76
2.08
1.44
1.28
1.44
1.6
1.76
1.28
0.8
1.12
1.28
0.96
1.44
1.44
1.44
2.4
1.28
2.08
1.6
0.8
0.96
1.76
1.44
1.44
1.44
1.6
1.44
1.92
1.44
2.4
0.96
1.6
1.76
0.96
0.64
1.28
1.12
1.12
1.76
1.12
0.96
1.12
0.96
1.6
0.96
2.56
2.72
1.28
1.12
1.28
1.44
1.6
1.28
1.92
1.28
2.24
2.4
1.92
1.76
2.08
1.28
1.76
1.6
0.96
1.92
1.92
0.64
1.44
1.44
1.92
1.44
3.04
0.8
1.12
1.12
1.28
1.44
0.96
0.48
1.12
0.96
1.44
1.28
2.88
1.44
1.92
1.28
1.28
1.92
2.4
1.44
2.4
1.76
1.28
2.08
1.76
0.64
0.96
0.96
1.12
1.92
1.28
1.44
1.92
1.76
1.44
1.6
1.44
1.6
2.24
1.12
1.6
1.28
1.12
1.76
1.92
1.44
0.96
2.56
1.92
2.24
1.6
1.76
1.12
2.08
2.56
2.08
1.76
2.24
1.44
0.96
1.28
0.64
1.28
2.08
1.6
2.56
2.4
2.24
3.36
2.88
2.24
2.24
2.08
2.24
2.4
2.88
2.4
2.08
1.92
1.92
2.72
2.88
2.24
1.28
2.24
0.64
1.28
1.12
2.24
2.08
1.6
1.92
2.08
1.12
0.64
1.76
1.92
1.76
1.76
1.28
0.8
1.6
1.92
1.12
0.64
2.08
0.8
1.44
2.08
1.28
1.12
0.96
1.28
1.44
1.28
0.8
0.8
1.6
0.96
0.96
1.6
1.12
1.6
0.8
1.92
1.6
1.44
1.76
1.12
1.44
1.76
2.24
2.08
1.6
1.28
1.6
2.24
1.6
1.12
0.64
0.64
1.6
0.8
1.28
1.6
1.92
1.76
1.28
1.12
1.28
1.76
1.12
1.44
1.12
0.64
0.96
0.96
1.44
0.64
1.6
1.6
2.08
0.8
1.44
1.12
1.6
1.28
1.28
1.76
1.44
2.4
1.28
1.92
0.8
1.92
0.96
1.44
0.96
0.8
2.08
0.96
1.6
1.28
1.12
1.28
1.12
0.8
2.56
1.44
1.28
0.8
1.44
1.44
1.76
1.12
1.92
1.92
0.64
1.6
0.96
0.64
2.08
2.56
1.12
1.28
1.6
1.44
0.8
0.8
1.6
1.6
1.28
1.44
1.12
1.28
1.28
1.28
0.8
1.44
1.44
1.76
1.76
1.6
1.6
1.44
1.44
0.8
1.44
1.28
1.28
1.44
1.6
1.44
0.48
1.6
1.12
0.96
0.96
2.08
1.12
0.96
0.48
1.6
1.28
1.6
0.8
2.24
0.8
1.92
1.28
1.28
0.64
2.24
1.6
1.12
1.44
0.96
1.92
0.48
2.24
1.28
1.92
1.76
1.92
1.76
2.08
2.08
1.12
1.92
1.44
1.6
2.56
1.28
1.44
1.6
1.44
1.28
0.64
2.24
1.28
2.08
2.08
2.24
2.72
2.72
2.24
1.76
1.92
2.08
1.92
2.72
2.24
2.88
2.24
2.24
2.4
2.24
1.6
2.4
2.08
2.56
4.48
5.12
3.68
4.32
3.68
3.52
3.84
3.52
4.96
3.04
4.96
3.2
1.6
1.6
1.44
1.92
1.44
2.4
3.04
1.28
2.88
2.24
2.08
4.8
2.56
2.88
2.88
2.08
1.92
3.52
4.32
3.68
4.64
3.52
4.32
4.48
4.16
4.8
2.4
1.6
1.44
2.08
2.4
4.16
3.68
4.32
2.4
2.24
2.72
2.08
2.4
2.24
1.76
2.56
1.12
1.76
1.6
1.12
1.12
2.56
1.44
2.08
1.28
3.2
2.24
0.48
1.28
1.92
1.6
2.88
1.76
1.6
1.92
2.08
2.24
1.28
1.76
1.6
1.6
0.8
1.44
1.28
2.56
1.92
3.2
1.44
2.24
2.08
3.68
3.04
3.2
2.56
3.2
1.44
2.4
4
4.48
4.8
2.08
4.16
3.68
2.08
2.08
2.24
1.28
1.28
1.6
2.24
1.6
2.4
4.96
3.04
3.52
4
2.24
3.68
4.96
3.84
3.84
4
3.52
4.96
2.08
2.24
2.88
1.28
1.12
2.56
2.72
3.52
2.88
3.2
4
4.8
4.8
4
3.36
2.4
1.44
1.44
2.08
2.4
2.72
2.88
1.6
4.32
2.24
3.36
1.76
2.08
3.84
4.16
3.68
3.52
3.52
2.72
3.44
1.6
2.88
2.08
2.24
2.08
4.64
4.32
4.8
4.8
4.96
3.68
1.44
2.56
3.68
2.88
2.24
3.36
2.08
2.56
3.04
0.32
1.92
3.04
1.92
3.36
4.48
4.96
2.72
2.08
4.48
2.4
2.4
3.52
5.44
3.36
4.32
3.36
3.36
2.72
2.24
1.28
1.28
1.44
1.28
1.76
1.12
2.24
3.04
3.84
2.88
1.6
4.32
4.16
4.96
4.8
2.88
4
3.68
2.96
2.88
8
8.32
2.56
4.16
7.52
4.16
4.64
3.36
4.32
3.84
5.6
8.48
8.32
2.72
3.68
4
5.6
3.68
5.2
3.52
7.2
7.84
7.52
11.36
4.16
4.8
5.44
3.84
4.48
9.28
6.24
8
5.12
4.32
3.68
4.32
4.32
9.76
9.76
7.04
7.36
7.84
7.04
5.44
5.76
9.12
8.16
4.96
13.44
13.44
11.04
10.88
8.8
10.56
7.04
8.8
7.36
7.68
10.08
10.88
9.44
13.6
3.84
10.56
12.96
8.64
2.08
4
6.72
4.8
3.84
6.72
6.56
7.68
11.2
5.44
14.24
12.64
14.72
8.96
13.92
10.56
8.96
8.64
7.68
9.28
4.64
10.24
6.88
10.24
10.56
10.88
8.8
9.6
11.04
8.48
9.12
10.08
9.6
7.68
8
8
9.6
8.32
9.92
5.44
11.36
9.12
10.08
9.76
7.68
9.28
8.32
9.44
7.36
10.4
8.8
7.68
8.16
8.64
7.84
8.48
9.28
12.16
11.68
7.04
8.64
6.08
7.2
6.72
7.52
8.64
11.52
9.6
11.84
9.6
8.48
10.4
9.44
10.56
10.72
13.28
13.28
10.88
6.4
12.48
12.64
9.76
12.96
9.12
9.12
13.12
11.04
10.88
13.44
12
11.2
10.56
11.84
15.04
12.16
12.32
8.48
12
6.88
12.64
15.36
12.64
12
10.4
10.88
10.08
10.88
10.56
8.16
12
12.32
13.28
11.2
10.56
13.76
12.96
13.76
7.84
10.88
10.88
11.36
8.8
13.76
9.28
15.36
11.36
11.2
13.92
12.64
12.96
14.88
9.92
11.52
11.52
12.48
12.64
7.68
4.96
13.6
10.72
9.76
12.96
11.52
11.84
11.68
9.92
13.44
12.48
12.96
12.8
12.64
14.56
11.52
13.28
12.8
12
5.6
10.56
17.28
11.36
11.04
12.48
16
17.44
15.52
15.36
13.28
12.64
15.36
16.32
16.32
13.44
15.2
15.68
17.44
14.08
8
14.24
16
13.6
12.64
16.96
16.48
13.6
12.96
9.28
13.28
15.36
14.88
14.24
12.48
13.6
12
12.64
14.4
5.76
10.24
12.32
14.08
14.08
11.36
7.84
12.16
13.28
12.16
13.44
12.16
15.2
15.52
15.84
13.76
14.56
13.28
14.56
8.96
17.12
13.28
16.8
13.76
13.6
11.04
15.84
12.32
14.4
14.72
13.76
15.04
15.68
16.48
16.16
16.8
12.16
9.76
8.48
14.08
12.8
13.44
12
15.84
15.52
15.2
14.72
7.84
14.72
15.52
16.96
16.48
16.16
17.6
16.64
15.84
17.44
15.52
8.32
13.92
18.08
16.8
15.52
17.12
16.48
16.32
16.64
17.28
16
18.4
14.72
15.84
15.04
15.68
16.32
18.08
16.48
7.68
17.28
16.16
14.72
16.8
18.4
12.96
17.28
13.12
10.56
14.88
16.32
14.4
18.24
16.32
14.56
13.92
15.68
16.32
16.48
9.44
15.2
16.8
17.28
16.16
14.56
13.92
16.32
15.2
17.76
16.64
16.48
17.76
14.4
13.76
10.88
16.24
17.28
7.36
17.6
16.32
17.44
14.24
13.6
17.12
12.96
11.68
16.8
15.52
16.48
13.76
17.44
16.16
13.92
14.72
17.12
16.64
18.24
8.48
11.68
15.84
15.68
15.04
15.52
17.6
13.76
16.96
17.28
15.04
14.72
16.32
12
15.04
14.4
16.8
17.92
17.12
7.04
14.96
12.64
15.36
17.28
13.28
15.68
10.72
13.44
13.44
17.12
17.28
12.32
17.6
14.72
11.84
9.6
9.76
15.68
7.68
17.12
15.04
14.4
16
16.64
16.64
15.84
14.24
13.76
12.64
15.36
13.28
17.12
17.28
17.12
16
16.8
8.16
13.12
16.16
13.76
16.64
17.28
16.48
16.48
16
10.56
13.76
16
19.2
16.8
17.76
18.4
17.76
17.12
13.76
7.52
15.68
17.28
11.36
9.28
8
9.6
13.44
11.36
10.72
16.48
11.2
9.28
8.16
10.4
12
9.76
11.68
12
4.96
11.04
8.16
12.8
14.24
12
11.36
12.32
15.04
14.72
9.92
9.12
8.32
7.68
9.28
10.24
5.6
12.96
14.08
13
13.28
10.56
15.7333
14
13.12
16.64
8.16
15.36
15.12
13.6
14.72
15.04
15.84
14.72
15.04
15.2
13.12
13.92
16.16
15.2
8.16
11.84
16.16
14.24
14.08
15.52
13.44
14.76
16
14.72
15.84
17.44
14.72
16.16
15.84
8.16
15.36
15.36
17.28
15.2
18.24
15.04
16
14.88
13.76
15.04
15.2
14.08
14.08
16.48
14.24
16.64
15.84
7.68
16
14.24
14.72
17.44
16.56
15.68
16.64
16.64
17.12
16.16
16
16.96
15.92
9.28
15.84
15.68
16.32
16.56
16
15.84
14.9867
15.2
15.68
13.44
14.88
13.76
11.36
13.44
11.84
5.28
10.24
10.4
9.44
11.04
19.04
17.44
17.6
9.04
7.68
7.04
5.44
4.8
7.2
14.72
15.2
8.96
8
4
2.48
4.48
2.72
3.2
2.4
2.24
2.72
3.52
3.84
4
2.24
3.2
3.84
3.36
2.72
2.72
1.44
1.76
1.12
1.92
1.92
2.24
1.76
2.56
1.76
3.84
3.04
1.92
2.24
2.24
2.24
2.24
3.04
3.2
2.72
2.4
2.08
1.92
3.36
3.04
2.56
1.44
1.92
2.88
2.4
2.08
0.8
1.92
2.08
1.28
1.92
1.6
1.44
2.24
1.44
2.4
2.88
1.12
1.76
1.12
1.6
1.44
1.92
2.4
1.6
1.76
1.28
1.6
2.08
1.6
1.76
2.88
1.76
0.96
1.76
1.28
1.12
1.44
2.4
1.28
1.28
1.44
1.44
1.76
1.28
1.12
0.96
1.76
1.44
1.44
2.24
1.44
1.44
1.6
1.28
1.44
0.64
2.24
1.12
0.64
1.44
1.6
0.96
1.92
1.12
2.24
1.92
1.92
0.64
1.44
1.44
1.12
1.12
1.92
0.8
1.28
1.12
0.64
0.8
1.28
1.12
1.6
1.44
1.12
2.24
1.6
0.96
1.44
1.12
1.76
2.24
2.4
2.08
1.12
1.12
1.28
0.8
1.28
0.8
1.28
0.48
0.96
1.28
2.08
1.12
0.96
1.76
1.12
0.64
1.28
1.76
0.96
1.44
0.8
1.92
0.64
1.44
2.08
0.96
1.6
0.64
2.24
0.96
1.28
1.12
1.44
1.92
1.28
1.28
1.76
1.76
2.24
1.12
2.08
0.96
1.6
0.96
1.44
1.6
2.24
0.8
1.6
1.44
0.8
1.44
1.28
1.28
1.44
1.12
0.96
0.8
1.44
1.12
1.28
0.96
1.44
1.44
1.12
1.44
1.44
1.6
1.28
2.08
1.6
0.96
0.8
1.44
0.8
1.28
1.12
0.96
0.96
0.8
0.8
1.6
1.28
1.92
1.12
1.6
1.12
2.24
0.96
1.12
1.6
1.6
1.6
1.6
1.92
0.96
1.12
1.12
1.12
0.64
1.44
1.6
1.92
1.44
0.96
1.12
1.76
2.24
2.08
1.44
1.76
1.44
0.96
1.6
2.08
1.6
1.92
0.96
1.44
0.64
1.44
1.12
0.32
1.44
0.96
1.12
0.64
1.76
2.56
1.92
1.12
0.96
2.08
2.08
1.6
1.12
0.96
1.12
1.6
0.64
0.96
1.92
1.92
0.96
1.28
0.96
1.76
1.12
2.24
1.6
1.28
0.8
1.28
1.12
0.96
1.28
1.44
0.32
1.28
1.76
0.8
0.8
0.8
2.24
1.12
1.28
1.92
1.28
1.92
0.8
1.92
0.8
0.8
1.6
0.96
1.44
1.28
1.6
1.12
1.6
1.92
2.24
1.28
1.28
1.92
1.44
2.08
0.64
2.24
1.28
1.92
1.12
1.76
1.28
1.44
0.8
0.64
1.12
1.28
0.96
1.28
0.8
1.28
1.28
1.44
1.44
1.6
1.12
0.96
2.56
1.28
1.44
1.12
0.96
1.28
1.44
0.8
1.44
1.12
1.12
0.96
1.28
1.44
0.96
0.48
1.44
1.44
1.92
1.76
2.08
0.96
