4.1781
4
3.68
4.16
3.52
4
5.28
3.68
4.16
4.10667
4.4
4
3.52
4
4.96
3.2
3.2
4.48
2.88
4.32
3.84
4.48
4.96
2.24
1.6
4.8
4.48
3.36
4.8
3.84
4.32
3.84
5.44
3.36
6.08
4.16
5.44
2.72
4
5.6
3.2
5.44
3.04
1.92
4.32
4.8
3.68
3.84
3.04
3.84
4.32
4.16
3.68
4.64
4.64
5.12
3.2
4.8
3.84
4.48
4
4.8
5.12
2.24
3.68
2.88
2.88
3.84
3.04
4.32
3.84
3.2
3.52
3.04
4.64
3.04
4.64
3.52
4.16
5.12
2.88
4.48
1.76
4.64
4.16
5.264
6.08
2.88
5.04
4.8
6.24
3.36
5.06667
4.48
2.88
4.8
4.8
4.48
4.64
4.96
5.28
4.64
6.4
4.16
4.48
6.08
3.2
6.56
2.72
3.36
5.12
4
4.48
4.16
3.52
4.96
4.32
4.16
3.84
4.48
3.84
5.76
3.04
6.4
4.32
5.04
6.4
3.2
4.16
4.48
5.76
4.8
7.04
4.8
5.12
5.12
5.6
4.48
3.84
4.64
2.88
5.76
2.56
3.36
4.8
3.2
3.04
4
2.88
4.32
5.12
3.36
4.64
4.96
3.2
4.96
4.8
4.32
3.36
4.64
2.24
3.04
5.12
4.32
4.32
5.12
4.64
4.48
5.44
4.32
4.56
6.24
4.48
3.68
5.16
3.52
4.48
8.8
4.32
4.32
5.92
5.92
3.52
5.04
5.44
3.2
5.12
6.4
6.72
4
5.28
4.32
2.88
4.8
4.48
3.2
7.04
3.36
4
4.96
4.64
4
4.96
3.52
7.36
5.12
4.53333
8.8
3.68
2.72
3.84
5.6
6.72
4.8
6.8
4
4.8
8.48
3.36
4.32
5.28
4.96
7.36
3.2
4.64
5.76
4.96
6.72
1.92
4.96
5.92
2.88
3.2
4.64
3.2
4.96
5.6
4.16
4.8
4.8
5.2
5.28
9.44
2.72
3.04
5.12
7.84
4.48
3.52
4.48
5.6
5.92
3.68
4.96
4.32
5.44
2.88
6.24
6.24
5.44
6.4
5.44
4.32
3.04
3.2
4.64
5.76
6.88
5.76
4.8
5.28
4.96
6.4
7.2
3.36
6.88
5.6
5.28
5.6
4.8
6.24
5.92
1.92
4.32
4.8
3.36
5.44
2.72
4.16
3.68
5.92
3.68
5.28
4
4.48
5.76
4.16
6.56
5.6
4.8
4.48
4.8
2.4
4.32
5.64364
5.12
8
5.92
5.12
4.48
6.72
4.48
3.68
4.96
5.28
8.32
5.12
5.28
6.88
4.32
4.8
4.96
6.4
4.96
4.48
6.88
3.52
7.2
1.76
5.44
4.16
4.16
7.52
4.8
4.32
4.96
5.6
6.08
6.08
4.8
5.12
5.44
3.36
2.88
4.32
5.12
4.64
4.32
4.64
5.12
4.16
4.64
4.8
4.32
4.32
3.52
2.72
5.12
3.36
4.48
3.68
3.68
4.48
2.72
4.32
3.68
4.64
2.24
4.48
3.84
4.16
4.96
3.84
4.96
4.16
4.32
4.96
4.16
4.8
3.36
3.84
3.52
5.12
4.16
5.44
4.16
1.76
3.52
4
4.8
5.44
4.96
4.64
5.76
5.6
5.76
3.84
5.6
3.52
4.56
3.2
5.28
4.16
3.52
5.28
2.56
4.32
4.32
5.92
3.68
5.12
3.2
6.72
4
4.48
4.16
4.32
6.24
4.64
5.76
5.76
3.68
5.92
3.52
3.04
6.56
5.28
4.32
6.24
4.16
4.48
4.48
5.76
4.32
5.44
4.32
3.68
4
5.28
4.48
3.2
3.52
3.52
3.84
3.36
4.48
3.36
3.68
5.6
2.88
4.64
5.44
3.68
6.24
4.96
4.32
6.24
4.64
3.04
4
4.8
5.44
3.36
4.32
5.6
4.48
6.4
4.16
3.84
4.32
4
3.2
6.24
4.48
4.64
4.96
5.28
5.6
5.6
4.48
5.28
4.64
5.76
2.24
3.52
4.96
4.96
3.84
3.84
4.96
4.64
3.2
4.48
4
2.56
4.64
4.32
3.36
3.2
4.32
4.32
4.32
3.04
5.44
3.68
6.24
2.88
4.8
4.64
2.56
3.68
4
3.04
3.2
4.8
5.76
4.32
4.96
6.72
5.6
3.04
4.8
1.92
4.64
3.84
4.8
4.64
3.52
9.12
5.28
5.28
3.2
5.12
4.8
4.64
3.2
8.16
4
5.76
5.28
4.96
2.08
2.88
4.8
3.36
3.84
3.52
5.6
4
4.8
4.32
3.04
5.76
4.32
6.08
5.76
4.16
4.96
5.12
4.96
4.48
2.24
4.96
6.08
3.84
3.36
3.68
4
3.2
3.84
4.32
5.12
5.12
4.32
5.44
5.6
4.16
5.28
4
4.48
3.36
3.04
4
4.8
5.12
2.08
4.48
4.64
4.16
5.28
5.44
4
5.12
3.36
3.84
3.2
4.48
4.64
3.68
3.68
2.24
2.72
3.04
3.2
3.2
3.2
4
3.04
4.32
3.84
3.84
4.96
4.32
4.16
5.12
4.48
3.52
3.36
3.36
3.2
4.64
2.56
2.56
3.04
3.68
4.16
4.64
4
4
3.52
3.84
4
2.88
3.68
3.68
3.68
2.88
3.2
3.2
2.56
3.2
3.68
3.84
3.52
3.04
3.36
2.72
4.16
1.44
1.6
2.72
2.08
2.08
1.92
2.72
2.88
2.56
2.4
1.12
1.44
2.56
2.88
2.56
1.44
2.08
3.52
2.24
2.88
3.2
2.56
2.24
3.36
1.76
2.24
1.6
0.96
2.08
2.56
1.76
3.04
1.6
1.76
1.6
2.08
2.24
1.44
1.44
3.68
0.64
2.08
2.4
1.44
1.76
2.72
2.08
1.92
1.92
2.08
1.92
1.92
3.04
2.4
2.72
2.08
1.92
2.72
1.92
2.56
2.56
1.76
3.04
2.4
2.72
2.4
2.24
1.76
1.12
2.24
1.6
1.76
1.6
3.36
2.08
2.08
0.8
1.6
1.76
1.6
1.6
2.08
2.24
1.92
2.08
2.4
2.88
0.64
1.44
2.08
2.4
2.24
2.08
2.24
2.56
2.88
1.92
2.24
1.28
2.24
2.08
1.6
1.28
2.4
2.56
2.88
1.6
2.88
1.6
2.56
2.72
1.44
1.44
2.56
1.12
2.08
2.4
1.44
2.08
1.6
3.2
1.6
2.56
3.04
2.08
2.24
2.08
1.12
1.6
2.56
0.8
1.12
1.6
1.76
1.92
2.88
1.6
1.76
1.44
3.2
1.6
2.88
1.92
1.76
1.92
1.92
2.56
1.44
2.72
1.76
2.08
0.96
2.72
2.4
2.72
1.76
1.76
2.56
2.56
1.6
0.96
0.8
0.8
0.96
0.8
1.6
1.44
1.28
1.12
2.08
1.92
0.64
1.44
0.48
2.56
1.76
1.28
2.24
1.6
1.44
2.08
1.44
1.44
1.6
1.92
2.4
1.44
2.24
2.88
1.92
2.4
2.24
1.76
1.12
1.92
0.8
1.44
1.44
1.28
1.92
1.28
1.6
2.24
1.12
1.12
1.44
1.12
1.12
1.6
0.64
1.44
1.28
0.96
1.44
1.44
1.12
1.28
1.76
1.76
1.6
2.56
2.56
1.6
2.56
1.44
0.48
2.4
2.24
1.28
1.92
0.64
1.76
2.24
2.72
2.4
2.24
2.56
2.4
2.24
2.72
2.56
1.92
2.4
1.76
1.28
1.44
1.92
2.4
2.08
2.24
2.24
1.92
2.24
1.76
2.08
2.08
2.72
1.44
2.56
1.28
1.92
2.4
1.12
1.28
2.24
1.76
2.72
2.24
2.72
1.28
3.36
1.6
1.92
1.76
1.28
2.24
0.48
1.12
1.76
1.44
1.76
2.08
1.12
0.64
1.76
1.12
1.92
1.44
0.8
1.28
1.6
1.28
1.92
1.44
1.28
1.92
0.8
0.64
1.44
1.6
1.6
1.6
1.44
0.96
1.28
2.08
1.12
1.12
1.12
1.6
1.76
2.72
1.76
1.28
1.28
0.96
2.56
1.6
1.12
1.76
1.92
1.76
0.8
1.12
1.28
1.44
0.64
1.12
1.28
1.12
1.44
1.6
1.12
2.4
2.4
0.8
1.12
0.8
0.8
1.44
0.96
1.6
1.76
0.8
0.64
1.44
1.28
1.28
1.28
2.24
1.28
2.4
0.64
1.76
2.56
1.44
1.12
2.4
1.76
1.28
1.92
0.96
1.44
1.12
0.8
0.8
2.08
1.12
1.28
1.12
1.6
0.64
0.8
1.12
1.12
1.76
2.08
1.44
0.8
1.92
0.64
1.44
1.76
1.76
1.12
1.12
1.28
1.6
1.44
1.92
1.28
1.12
1.28
1.44
1.28
0.32
2.08
1.28
0.64
0.96
1.28
1.44
1.28
0.8
1.12
0.64
1.28
1.44
0.8
1.6
1.6
1.12
1.28
2.08
1.44
1.12
1.6
1.44
1.12
0.96
0.64
2.4
1.6
0.64
1.44
1.44
1.28
1.92
1.92
1.12
0.64
1.92
1.76
0.96
1.92
1.28
1.44
0.8
1.44
0.96
1.12
1.12
2.08
1.6
1.12
1.76
2.08
0.48
0.48
1.44
2.08
0.64
2.08
1.28
1.6
1.12
1.6
0.8
0.8
2.08
0.96
1.12
1.28
1.6
0.96
0.96
0.96
2.24
0.64
1.92
1.76
1.12
1.12
0.8
1.6
2.24
2.24
1.28
1.44
1.76
1.28
1.12
1.6
1.76
1.12
1.12
0.48
1.44
1.28
2.4
1.6
1.76
1.76
0.8
2.08
1.28
1.28
1.12
1.6
1.12
1.6
1.28
2.08
1.28
1.44
1.76
1.44
1.92
1.6
1.28
1.76
1.6
1.12
1.44
1.28
0.96
1.12
0.8
1.28
1.12
1.44
1.44
1.92
0.96
1.12
2.08
1.44
2.4
0.96
1.92
2.24
1.44
1.12
0.8
1.28
1.92
1.6
1.44
0.96
2.56
1.28
1.6
1.6
1.12
1.6
1.6
1.92
0.96
1.44
1.12
0.96
1.6
0.96
0.96
0.8
1.44
1.28
2.24
1.92
0.96
1.28
1.12
1.44
0.96
1.76
1.28
2.08
1.12
1.12
1.6
1.92
2.56
1.92
1.76
1.12
0.64
0.96
1.12
0.8
0.64
0.8
1.6
1.12
2.24
1.12
1.6
1.92
1.28
0.96
1.28
1.76
1.12
0.8
1.6
0.96
1.76
1.12
1.12
1.12
1.44
1.12
1.44
2.08
1.6
3.04
2.4
2.88
1.44
0.96
1.28
1.44
2.24
2.08
1.28
0.96
1.76
2.56
1.76
2.4
2.08
2.72
2.72
1.44
2.4
2.24
1.44
2.24
1.76
1.76
2.88
1.76
2.4
2.24
2.24
1.92
0.8
1.76
1.12
1.92
1.28
1.44
1.92
1.28
1.76
1.44
1.92
2.4
1.6
1.92
1.6
0.64
1.28
1.12
1.28
1.6
0.8
1.6
1.6
0.48
1.28
1.44
1.28
1.12
0.8
2.08
1.28
1.12
0.96
2.24
0.64
1.28
0.96
0.8
0.96
1.44
1.76
0.8
1.76
1.12
1.28
0.48
0.8
1.44
1.12
0.8
0.64
0.8
1.12
1.44
1.44
1.6
1.12
1.28
1.6
1.28
1.76
1.76
0.96
1.44
1.76
1.44
1.28
1.92
1.12
1.12
1.12
0.8
2.08
1.28
0.64
1.44
0.96
1.12
1.44
1.12
0.96
1.12
1.12
1.92
2.56
0.64
1.44
1.12
1.28
1.12
1.44
1.12
1.12
1.12
1.92
1.12
0.32
1.12
1.12
1.76
1.76
1.6
0.8
1.6
2.24
0.48
1.76
1.6
2.08
0.8
1.44
0.8
1.12
1.28
1.44
1.12
1.76
1.28
1.6
0.64
1.76
1.92
1.76
1.92
1.28
2.08
1.28
0.8
0.64
1.76
1.6
1.92
2.08
1.76
1.44
1.28
1.76
0.96
1.12
1.6
0.96
0.32
1.12
1.76
1.92
1.44
1.76
0.48
1.76
1.44
1.76
1.92
1.28
1.28
1.12
0.96
0.8
0.64
1.6
1.12
0.96
0.8
0.8
0.8
1.6
1.28
1.6
2.72
1.6
2.08
1.6
0.8
1.28
0.8
1.6
1.28
2.08
0.8
1.92
1.12
0.8
1.76
2.24
1.92
1.44
0.96
1.44
1.44
0.96
0.96
1.6
0.96
1.28
1.12
1.28
1.92
0.8
1.44
1.92
2.4
2.4
2.08
2.08
2.4
2.72
2.4
1.92
2.24
2.08
1.92
2.88
3.36
2.56
1.92
2.56
2.24
1.76
3.04
1.76
5.12
4.16
3.52
3.52
2.88
3.2
3.36
4
3.68
2.56
3.36
3.36
2.4
1.12
2.08
1.44
1.92
1.92
1.92
2.24
2.56
2.56
1.92
2.88
3.68
3.04
2.88
2.24
3.36
3.2
5.6
4.8
4
2.72
4.64
4.64
3.36
5.12
1.92
1.44
2.08
2.08
3.04
3.2
4.16
4.32
2.72
1.28
2.88
2.72
3.2
1.92
1.28
1.44
1.76
2.4
1.12
2.24
1.44
0.32
2.08
1.92
1.44
2.08
2.72
2.08
1.76
1.76
2.72
2.72
2.88
2.08
1.76
2.24
1.28
1.76
1.44
1.12
1.12
1.44
2.4
1.76
0.96
1.6
1.6
2.24
1.44
2.24
3.36
3.52
3.36
2.88
3.2
1.92
2.4
3.68
4.8
3.36
3.04
4.8
3.2
1.92
1.6
2.56
1.76
1.44
0.64
1.28
2.72
2.24
5.12
3.2
2.24
2.88
2.56
4.8
4.64
2.72
5.76
4.16
3.04
4.16
1.76
2.08
3.68
0.96
2.88
1.76
1.92
4.32
2.4
5.28
3.36
4.96
4.16
4.32
2.24
3.04
1.44
1.92
1.76
2.56
4.16
2.4
3.36
3.68
3.36
2.72
2.56
3.2
3.52
3.68
4.16
3.84
3.84
6.56
2.24
2.29333
1.6
1.76
0.8
5.28
3.68
4.48
5.28
4.8
3.04
2.88
2.08
2.88
3.36
2.08
4.32
3.04
2.88
3.04
1.6
2.4
2.72
3.68
3.36
4.8
3.52
1.76
1.92
3.84
2.56
3.04
3.36
6.24
3.84
4.32
3.52
2.56
4
2.88
1.28
1.76
1.92
1.44
1.28
1.76
1.92
2.4
4.32
3.52
2.24
4.16
4.48
3.68
4
3.2
2.56
3.36
3.2
1.76
6.4
8
5.12
6.4
8.16
3.36
4.48
4
5.76
2.56
5.76
8.64
7.2
3.68
4
4.16
5.12
3.04
5.2
2.56
8.16
7.68
8.8
9.44
4.32
4.96
4.96
3.36
4.32
8.64
8.32
7.04
5.28
4.8
4.96
3.2
7.2
7.68
9.28
7.68
7.84
6.56
7.36
7.36
5.92
9.12
9.28
5.6
15.2
12.16
10.88
10.24
8.32
9.12
7.84
8
8.8
7.84
13.76
9.28
13.12
7.2
7.36
11.04
6.72
5.6
1.92
4.96
5.28
4.8
5.44
6.88
7.36
4.8
11.84
9.92
12.64
12.96
14.88
9.28
14.08
10.08
8.96
8.8
7.84
8.8
4.32
11.52
6.56
9.44
10.72
11.84
9.44
10.56
9.6
9.6
9.44
9.12
9.6
8.64
6.88
9.6
8.8
7.84
10.08
5.28
11.2
10.08
11.2
10.56
7.52
9.28
8.32
8.32
8.8
12
7.2
7.68
8
8
10.72
11.04
5.76
10.88
9.76
6.72
7.36
7.36
6.24
5.44
7.84
8.16
9.92
10.4
11.2
8.32
10.24
8.48
10.56
9.6
11.68
14.24
12.16
11.04
7.36
11.04
11.52
9.12
8.48
14.4
8.16
14.24
11.04
11.04
14.72
11.84
11.04
10.56
12.16
13.28
13.28
10.24
11.52
11.2
7.2
12.64
14.08
12.32
12.16
11.52
11.68
10.24
9.76
10.72
8.8
12.48
11.84
11.68
13.6
12.48
12.8
11.2
11.68
8.32
12.32
10.08
10.08
8.96
13.12
10.24
12
14.4
13.6
12.48
15.2
11.84
13.76
12
11.36
8.8
14.4
12.96
7.2
3.52
13.44
12.16
11.04
12.32
10.4
12
10.56
10.24
10.72
12.96
14.72
12.32
13.92
14.88
12.8
11.36
13.28
12.32
4.48
12.8
16.16
11.68
10.08
12.8
13.44
17.44
16.48
13.92
11.36
13.12
14.72
16.32
13.12
15.04
16.64
13.44
17.12
13.12
8.48
15.2
16.32
13.6
12.96
16.16
15.68
15.52
14.24
13.12
12
14.24
17.28
14.24
16.96
10.72
13.6
11.36
14.4
6.56
11.52
12
12.8
13.76
10.56
7.76
14.08
12.64
12.8
13.44
12.16
15.52
13.6
15.52
15.84
13.44
13.12
10.56
7.04
16.96
15.84
16.32
13.44
14.24
14.4
16.32
12.32
16.48
15.52
16.64
16.16
16
16.64
14.88
15.52
13.44
14.24
8.96
12.8
12.32
14.08
17.44
13.44
11.68
15.52
8.8
10.72
14.4
17.28
15.84
16.64
17.28
16.64
16.48
16.8
12
15.52
8.32
14.72
15.52
15.84
15.04
18.4
15.2
17.6
16.48
18.24
15.84
17.6
16.64
15.52
16
15.52
16.48
18.08
16.96
8.16
16.64
16.32
14.88
17.12
18.08
12.48
17.76
11.68
12.64
15.84
16.16
16
18.4
13.6
15.2
14.4
17.92
14.72
16.64
9.28
13.6
17.12
16.64
15.68
14.08
12
15.04
16.16
18.4
16.48
15.2
18.08
15.2
11.2
13.44
14.72
17.12
8.64
17.28
18.72
15.84
15.68
15.2
17.76
12.48
13.44
16.32
15.52
16.8
16.48
18.08
14.72
12.8
13.92
16.48
16
16.96
9.12
12.96
15.84
15.68
15.84
15.2
16.48
16.48
16.16
17.28
14.88
16.48
17.6
11.2
16
15.84
14.56
15.68
16.32
7.04
14.64
14.72
12.8
18.08
13.92
15.04
11.36
13.6
13.12
17.44
16.8
13.92
18.88
15.68
12
9.44
15.04
15.52
8.64
16.64
16
15.84
12.8
15.2
15.36
15.92
13.44
12.16
14.72
14.08
16.16
17.44
19.2
13.28
17.12
15.36
7.04
14.88
13.76
15.36
16.16
9.44
14.4
16.64
16
9.84
15.2
16.48
16.96
17.44
17.92
18.24
16.48
16.8
16.32
7.84
17.12
16.64
16
9.12
8
11.2
12.32
13.92
10.56
14.72
11.2
9.12
8.64
10.24
13.12
9.92
10.4
11.36
5.76
12.96
10.4
8.16
11.68
12.16
8.64
12.16
12.64
14.4
13.92
10.88
10.08
8.8
6.4
9.76
8.64
5.92
13.6
14.72
14.2
11.68
15.68
16.0533
15.76
16.48
17.76
8
17.44
15.28
16.88
13.6
10.56
14.8
15.68
16.8
16.48
14.4
9.76
15.52
15.52
8.32
16.32
14.56
16.96
16.8
14.08
7.04
16.8
10.88
17.6
14.88
16.48
15.76
14.96
7.68
18.24
12.48
12.48
18.88
15.2
14.1333
16.64
17.28
16.96
15.36
8.8
15.84
16.48
17.92
10.72
12.32
9.6
14.72
10.24
5.92
17.92
17.68
17.76
18.4
16.8
17.36
17.6
18.4
17.44
17.68
8.8
18.08
17.6
18.88
15.68
11.44
2.72
14.56
16.8
15.04
14.72
12.96
11.68
12.48
12
12.8
6.24
8.48
9.44
10.88
11.84
19.2
18.08
19.04
7.76
6.56
6.08
5.76
3.84
6.08
14.88
14.72
9.28
7.04
4.48
2.48
2.4
3.44
1.92
2.72
2.88
2.56
2.4
3.2
3.36
3.84
4
3.04
2.56
2.56
1.12
2.56
1.28
1.6
2.08
1.76
3.36
2.56
2.88
2.24
2.24
2.24
1.6
2.56
1.92
2.24
1.44
2.88
2.4
3.68
2.08
1.6
3.04
1.76
2.08
1.92
2.4
1.92
3.36
1.12
2.72
2.24
2.08
1.12
1.6
1.12
1.44
1.44
1.6
1.6
1.44
0.96
1.6
2.24
2.08
1.6
2.08
2.08
2.4
1.6
2.4
2.08
2.08
1.6
1.76
1.76
2.4
1.92
1.12
0.96
0.96
0.8
0.96
0.8
1.12
1.28
2.24
1.92
1.44
1.6
1.92
1.44
2.08
0.8
1.44
1.76
1.44
1.12
0.8
1.28
1.44
1.12
1.12
1.92
1.6
1.28
1.44
1.92
0.32
1.6
1.6
0.64
1.6
0.96
1.28
2.24
1.76
0.8
2.24
0.8
0.96
1.92
1.12
2.08
2.08
1.12
1.12
1.84
1.12
0.96
1.6
1.44
2.24
1.76
1.12
1.28
1.44
0.96
0.48
1.92
1.28
1.6
1.12
1.12
0.96
2.08
0.8
1.76
1.6
1.44
1.44
0.96
1.92
1.76
1.44
1.12
1.28
1.28
0.48
1.12
1.28
1.12
1.28
1.12
1.92
1.6
2.56
1.12
1.44
1.6
1.6
1.76
1.6
1.44
1.28
1.12
1.6
1.12
1.6
0.96
1.6
1.6
0.64
1.28
1.12
0.64
1.6
0.8
2.24
0.8
1.12
1.28
1.76
1.44
1.12
1.76
0.96
1.76
1.6
2.24
1.28
1.6
1.28
1.28
0.64
1.92
1.6
1.44
0.64
1.44
0.32
1.28
1.28
1.44
1.12
2.4
0.8
1.6
1.6
0.96
0.8
1.12
1.12
2.24
1.44
1.6
2.08
0.96
1.12
1.12
0.96
1.12
0.96
1.28
1.44
1.28
0.96
1.76
0.48
1.12
1.92
1.6
1.6
0.96
1.76
1.12
1.76
1.44
1.28
2.08
0.96
1.44
1.92
1.28
2.08
0.8
1.28
0.64
2.56
1.92
1.28
0.8
1.92
1.28
1.92
1.28
1.44
1.6
1.12
1.6
0.96
1.6
1.6
0.96
1.12
1.44
1.76
1.44
1.28
1.44
1.76
1.44
1.6
1.12
1.28
1.92
2.4
1.92
1.76
1.44
1.44
0.8
1.76
0.48
1.6
2.24
1.6
1.12
1.12
0.96
0.64
1.12
1.44
1.12
0.48
1.28
1.28
1.76
0.96
1.76
1.44
1.44
0.96
1.92
0.64
2.88
1.44
1.28
1.28
0.96
1.92
1.28
1.28
2.24
2.08
1.28
1.6
0.64
0.96
1.44
0.64
0.96
0.48
1.28
1.76
0.8
2.4
1.76
1.92
0.64
1.28
0.96
0.96
1.6
1.6
2.08
0.96
1.12
0.8
1.12
1.76
0.8
0.48
1.12
0.96
1.76
0.8
1.44
1.92
1.92
1.6
2.08
1.92
1.12
2.24
0.48
1.28
0.8
