0
48000
0
1000
1001
566
363
0
0
1
0
1073
0
0
0
0
996
0
0
0
1004
1996
0
0
0
0
431
0
575
0
0
0
0
0
996
0
0
0
0
0
0
0
764
246
0
0
989
0
0
0
1002
0
0
0
1001
0
1001
1995
0
0
1000
0
1003
0
0
296
550
26
129
1689
1001
0
999
1004
338
988
1003
1000
998
1000
999
470
537
359
1000
1002
1001
998
1000
0
1003
1000
1997
1000
1000
684
318
998
1001
0
1003
679
999
1001
0
1002
3997
1000
0
3000
2001
0
0
0
999
0
2005
995
0
1000
1003
0
129
1001
955
45
1000
2001
1461
2537
0
1000
0
1003
0
1000
856
995
1003
997
1000
173
468
1005
807
190
1003
0
1001
1996
1000
1001
0
1003
1001
997
999
1000
2890
109
1000
1
1001
1003
1001
997
999
1004
997
1002
999
997
368
638
2002
0
998
1002
999
999
2001
0
0
139
998
1003
998
1000
1002
553
1446
0
1
1002
1211
222
1001
1001
0
1001
0
1002
1002
2995
0
1000
1002
0
1000
1000
1998
1000
2001
916
773
0
311
1000
1003
1000
997
795
209
997
2258
0
200
1004
0
1000
248
993
1001
1002
1396
0
1005
0
1998
0
2001
999
0
240
702
993
1001
1001
0
1002
1998
0
1003
0
1004
995
156
1004
0
2287
1314
395
1000
1001
0
1002
1000
1000
1002
998
688
999
1003
999
1001
1996
1
782
226
1992
1000
1004
1997
649
81
270
1001
1998
1
610
999
1007
996
558
2993
1
999
1001
0
2001
0
1001
0
235
995
938
998
735
270
2000
237
759
1057
0
133
803
113
2000
2002
915
83
0
1001
0
2001
0
90
996
1007
995
1003
0
1004
997
998
149
451
120
1004
0
221
50
1002
0
1005
846
1006
0
132
1002
0
153
992
567
147
996
998
1003
999
1001
999
1000
625
990
1005
1002
1001
997
1001
998
1001
1000
999
1002
999
998
1001
1000
1001
998
1001
1000
1001
199
1007
0
1002
1133
0
155
1009
0
1001
1028
1004
994
1000
972
1029
971
1029
1000
972
999
1000
1000
1001
999
1000
1000
1001
999
1000
1005
1049
0
1010
0
998
1000
999
1143
0
1007
0
1001
1090
0
1008
0
40
1054
0
1008
0
1002
1086
0
1007
0
1002
999
1000
40
1007
0
1002
999
999
1001
1000
1000
1000
1000
1000
1000
629
1008
0
1001
1001
999
1000
1001
1002
1000
997
1001
1000
1000
999
1000
1001
999
1000
999
1001
1000
1000
1000
1000
1146
0
1011
0
1095
0
1010
0
1000
999
1002
1000
997
1001
1000
1005
996
1001
998
1004
1018
0
997
1004
996
1001
1000
1003
996
1001
1222
0
1009
0
1002
94
986
43
1003
0
1007
1000
1000
1001
1000
998
1077
0
1009
0
1003
1003
965
1129
0
1010
0
1003
998
1001
998
1000
1000
1001
999
1000
1002
999
999
999
1001
1001
999
999
1001
1001
999
999
1001
1001
999
999
1002
1000
1000
998
61
984
1009
0
1003
999
1000
998
1003
999
1079
0
1011
0
1000
1000
1001
999
1000
999
1001
1000
1000
999
1001
1000
1000
999
1001
1000
1000
999
1001
1000
1000
999
1002
996
1003
999
1001
1017
0
999
1003
997
1002
999
1002
997
1002
999
1002
997
1002
999
1002
997
1002
999
1002
997
1002
999
1002
997
1002
999
1002
997
1052
0
1009
0
1002
999
1003
996
1002
999
1002
997
1002
1004
997
997
1111
0
1009
0
1003
1000
1029
1010
0
1000
1002
997
1002
999
1002
997
1002
999
1002
997
1002
1000
1001
1119
0
1012
0
997
1002
1001
1001
996
1002
998
1000
1000
999
1012
0
1003
997
1002
1070
0
1024
40
1009
0
1001
1002
999
999
998
1002
1000
1000
135
990
994
1008
1000
1000
1000
1000
892
1021
1124
0
1010
0
1003
998
997
1002
1001
1001
997
14
998
1001
1000
999
1001
1000
999
1001
1000
1002
998
1001
999
1002
999
999
1001
1267
0
1009
0
1003
999
1000
999
1003
999
998
1000
26
999
999
1000
1000
1000
1000
1000
1004
997
1000
999
1001
999
1000
1000
1002
1000
998
999
1001
1113
0
1010
0
1000
1000
999
1001
1000
1001
999
1001
1000
1012
0
999
1002
1000
999
1000
1000
223
1013
0
1000
1000
999
1002
1112
0
1010
0
1000
999
1003
999
999
999
1003
1001
999
998
1067
0
1113
0
1011
0
1000
998
1001
1000
999
1138
0
1010
0
998
851
1176
0
1010
0
1002
1000
996
1002
1003
1000
995
1002
1000
1000
999
1002
999
1175
0
1011
0
999
998
1002
1000
999
104
988
1008
0
999
1002
1000
1000
1000
1000
1001
997
1001
1001
999
999
1000
1022
975
1023
1008
0
1100
0
1010
0
999
1000
1000
1001
1018
0
997
1003
999
999
1002
1000
1000
998
1000
1002
1000
998
1005
997
999
1001
1001
999
999
209
993
1009
0
1000
1001
1000
999
999
924
97
1001
1012
0
998
1091
0
1010
0
1000
999
1001
1002
999
1000
999
1000
1001
999
1000
1018
0
1183
0
1010
0
1003
998
998
1002
999
1001
999
1126
0
1010
0
1038
40
1097
0
1010
0
1000
1002
1101
0
1010
0
1002
1001
997
1000
1000
999
1001
1000
1000
999
1001
999
1001
1001
999
999
645
1403
0
1011
0
1191
0
1010
0
1002
998
1001
1000
1000
1035
1010
0
1000
999
1001
1001
999
999
1001
1001
999
999
1251
0
1068
0
946
76
1054
974
1041
16
1001
1009
0
1002
999
1043
1033
1008
0
1009
1010
0
1000
999
1001
1001
999
999
1001
1001
999
999
1001
1001
999
999
1001
1001
999
999
1001
1001
999
999
1027
1008
0
1001
1001
1001
999
999
1001
1001
1032
1153
0
1011
0
1000
1001
999
1000
998
1003
33
1000
998
1003
999
1000
999
1001
1000
1000
1023
0
1000
1000
999
1001
1000
1000
1002
998
1000
1000
999
1001
1000
1023
1008
0
1003
1000
999
86
988
995
1007
1002
996
1002
1000
1002
997
1002
999
1002
997
1002
1067
17
1260
0
1012
0
997
1002
999
1002
997
1002
999
1002
997
1002
999
1002
76
1008
0
1107
0
1010
0
1002
999
1000
1000
1001
998
1001
1200
0
1011
0
1000
33
996
1010
0
1162
0
1010
0
1002
998
1001
999
1002
998
1002
1000
1000
998
1002
998
1003
998
1001
1000
1000
998
1002
999
1001
997
1003
997
1001
1002
997
78
987
997
1005
1004
997
1000
999
1002
998
1001
999
1001
1000
1000
998
1002
1000
1000
998
1152
0
1008
0
1003
1000
1001
997
1001
1000
1001
997
1002
1001
999
998
1002
1000
1000
998
1002
999
1001
1000
1153
0
1190
0
1010
0
1004
996
1000
1000
1002
1000
998
1000
1001
999
1000
999
1001
1000
999
1000
999
1000
1131
1000
1007
0
1029
1007
0
1000
1002
998
1000
1000
1001
999
998
109
1004
0
999
1002
998
1334
0
125
884
1021
96
985
1014
1004
0
47
1003
0
119
995
826
146
130
1140
1041
0
1001
1000
1002
0
1000
1000
1002
0
1000
1002
0
1000
1000
1000
1002
0
1001
1000
1002
0
1001
1000
1002
0
1001
1001
0
1002
1000
1002
0
1000
1000
1001
0
1001
1000
1
0
0
0
0
6
0
0
0
0
4
0
0
7
0
0
0
0
6
0
0
0
0
5
0
0
0
0
0
0
0
0
0
3
0
0
4
0
0
0
0
4
0
0
0
0
5
0
0
0
0
3
0
0
8
0
1
0
0
5
0
0
0
0
8
0
0
0
0
5
0
0
0
0
2
0
0
5
0
0
0
0
2
0
0
0
0
3
0
0
0
0
0
0
0
10
0
0
0
0
4
0
0
0
0
4
0
0
0
0
5
0
0
0
0
0
0
0
5
0
0
0
0
3
0
0
0
0
4
0
0
0
0
4
0
0
7
0
0
0
0
3
0
0
0
0
5
0
0
0
0
0
0
0
0
0
2
0
0
4
0
0
0
0
2
0
0
0
0
3
0
0
0
0
1
0
0
11
0
0
0
0
6
0
0
0
0
6
0
1
0
0
2
0
0
0
0
0
0
0
6
0
0
0
0
4
0
2
0
0
4
0
0
0
0
4
0
0
12
0
1
0
0
5
0
0
0
0
9
0
0
0
0
4
0
0
0
0
3
0
0
3
0
0
0
0
2
0
0
0
0
3
0
0
0
0
4
0
0
9
0
0
0
0
6
0
0
0
0
5
0
0
0
0
6
0
0
0
0
1
0
0
10
0
0
0
0
6
0
0
0
0
0
0
0
0
0
4
0
0
9
0
1
0
0
1
0
0
0
0
2
0
0
0
0
8
0
1
0
0
1
0
0
7
0
0
0
0
4
0
0
0
0
0
0
0
0
0
7
0
0
8
0
3
0
0
5
0
0
0
0
1
0
0
0
0
7
0
1
0
0
0
0
0
9
0
0
0
0
5
0
0
0
0
0
0
0
0
0
4
0
0
11
0
3
0
0
0
0
0
0
0
1
0
0
0
0
1
0
0
0
0
0
0
0
6
0
0
0
0
2
0
0
0
0
8
0
0
0
0
3
0
0
8
0
1
0
0
1
0
0
0
0
9
0
0
0
0
4
0
0
0
0
0
0
0
10
0
0
0
0
4
0
0
0
0
0
0
0
0
0
3
0
0
10
0
0
0
0
9
0
0
0
0
12
0
0
0
0
0
0
0
0
0
5
0
0
10
0
1
0
0
5
0
6
0
0
4
0
0
0
0
0
0
0
12
0
0
0
0
8
0
0
0
0
6
0
0
0
0
0
0
0
0
0
1
0
0
7
0
2
0
0
6
0
3
0
0
0
0
0
0
0
5
0
0
10
0
1
0
0
7
0
0
0
0
7
0
0
0
0
0
0
0
0
0
1
0
0
8
0
0
0
0
3
0
0
0
0
7
0
0
0
0
0
0
0
9
0
4
0
0
4
0
0
0
0
6
0
0
0
0
1
0
0
0
0
1
0
0
9
0
0
0
0
8
0
0
0
0
0
0
0
0
0
0
0
0
11
0
0
0
0
6
0
0
0
0
3
0
0
0
0
0
0
0
0
0
5
0
0
11
0
0
0
0
11
0
0
0
0
0
0
72
0
0
0
0
0
11
0
1
0
0
4
0
0
0
0
7
0
0
0
0
0
0
0
0
0
2
0
0
9
0
0
0
0
7
0
1
0
0
5
0
0
0
0
1
0
0
10
0
0
0
0
6
0
1
0
0
5
0
0
0
0
1
0
0
0
0
3
0
0
9
0
3
0
0
2
0
0
0
0
2
0
0
0
0
3
0
0
11
0
4
0
0
10
0
1
0
0
4
0
0
0
0
1
0
0
0
0
1
0
0
5
0
3
0
0
5
0
0
0
0
2
0
0
0
0
0
0
0
8
0
0
0
0
1
0
0
0
0
6
0
0
0
0
0
0
0
0
0
0
0
0
7
0
1
0
0
6
0
0
0
0
0
0
0
0
0
0
13
385
285
621
705
455
1444
1404
868
671
0
1732
1692
1115
1075
0
0
3508
3468
3428
3388
401
978
338
2853
2813
2773
2488
2448
2408
2687
2647
2607
815
766
688
843
477
350
321
120
320
316
231
15
71
0
0
0
0
0
0
0
3
0
3
0
0
8
0
1
0
0
7
0
0
0
0
6
0
0
12
0
3
0
0
7
0
1
0
0
5
0
0
0
0
0
0
0
0
0
439
614
606
0
3133
3093
3053
3013
755
452
0
3507
3467
3427
3387
861
452
626
152
330
98
6
0
87
426
0
0
0
0
0
0
0
0
0
6
0
0
0
0
3
0
0
0
0
1
0
0
0
0
0
0
0
0
0
0
0
0
6
0
0
0
0
3
0
0
0
0
3
0
0
0
0
4
0
0
10
0
0
0
0
7
0
215
328
0
3
0
0
0
0
2
0
0
0
0
6
0
0
7
0
0
0
0
4
0
0
0
0
3
0
27
748
409
428
1454
1414
351
679
453
0
0
2
217
17
0
0
0
0
0
0
0
1
0
0
0
0
2
0
0
7
0
0
0
0
3
0
0
0
0
2
0
0
0
0
0
0
0
10
0
0
0
28
13
49
0
0
0
0
0
0
0
0
3
0
0
0
0
1
0
0
14
0
0
0
0
7
0
0
0
0
6
0
1
0
0
3
0
0
9
0
0
0
0
13
0
0
0
0
2
0
0
0
0
1
0
0
0
0
0
0
0
7
0
3
0
0
6
0
0
0
0
0
0
0
0
0
0
0
0
6
0
0
0
0
10
0
0
0
0
3
0
0
0
0
3
0
0
0
0
4
0
0
2
0
0
0
0
5
0
0
0
0
7
0
0
0
0
0
0
0
6
0
0
0
0
5
0
0
0
0
2
0
0
0
0
7
0
0
0
0
0
0
0
12
0
0
0
0
6
0
0
0
0
4
0
0
0
0
1
0
0
8
0
0
0
0
6
0
0
0
0
5
0
0
0
0
2
0
0
0
0
0
0
0
7
0
0
0
0
5
0
0
0
0
6
0
0
0
0
0
0
0
12
0
0
0
0
8
0
0
0
0
6
0
0
0
0
4
0
0
0
0
1
0
0
6
0
0
0
0
5
0
0
0
0
2
0
0
0
0
3
0
0
9
0
0
0
0
8
0
0
0
0
3
0
0
0
0
2
0
0
0
0
0
0
0
7
0
0
0
0
2
0
0
0
0
0
0
0
0
0
3
0
0
9
0
2
0
0
4
0
0
0
0
189
515
0
681
403
690
539
439
695
15
650
630
316
638
715
529
492
730
369
504
349
279
305
350
368
242
436
0
800
399
413
362
328
157
0
0
6
0
0
0
0
0
0
0
0
0
2
0
0
0
0
0
0
0
6
0
0
0
0
6
0
0
0
0
2
0
192
245
277
1
0
415
316
152
57
0
62
6
0
0
0
0
4
0
0
0
0
5
0
50
367
193
679
642
588
431
627
207
94
0
6
0
0
0
0
2
0
0
0
0
3
0
0
0
0
1
0
0
11
0
0
0
0
8
0
0
0
0
4
0
0
0
0
0
0
0
8
0
0
0
0
3
0
0
0
0
2
0
0
0
0
3
0
0
0
0
8
0
0
12
0
2
0
0
7
232
369
40
0
0
0
0
0
0
0
0
0
7
0
0
0
0
4
0
0
0
0
0
0
0
0
0
0
0
0
9
0
0
0
0
5
0
0
0
99
731
225
83
0
0
0
0
552
0
557
25
0
85
0
0
0
0
0
3
0
4
0
0
5
0
0
0
0
1
0
0
0
0
1
0
0
253
748
557
444
403
419
0
0
0
0
2
0
0
0
0
0
0
0
6
0
5
0
0
4
0
148
0
0
2
0
0
0
0
3
0
0
10
0
0
0
0
5
0
87
318
459
600
270
470
0
0
0
0
0
0
0
0
0
0
10
0
2
0
121
714
330
467
917
0
324
130
196
0
0
0
0
0
0
0
1
0
448
0
429
789
166
841
363
1520
1480
557
812
0
1802
1762
2687
2647
2607
63
3560
3520
3480
3440
624
221
0
4142
4102
4062
4022
3982
726
958
0
1792
1752
0
2376
2336
2296
1554
1514
855
651
205
1578
1538
0
792
0
815
199
624
663
46
983
823
1830
1790
567
358
847
948
435
408
826
471
1776
1736
175
1867
1827
520
1916
1876
0
3686
3646
3606
3566
468
923
0
4835
4795
4755
4715
4675
408
142
932
2910
2870
2830
2168
2128
2088
761
2840
2800
2760
898
847
226
1811
1771
894
953
719
550
0
3566
3526
3486
3446
1116
1076
768
2252
2212
2172
1730
1690
867
834
242
1879
1839
780
453
519
1909
1869
673
655
0
0
4702
4662
4622
4582
4542
166
0
6389
6349
6309
6269
6229
6189
6149
475
756
0
9268
9228
9188
9148
9108
9068
9028
8988
8948
8908
460
1492
1452
6478
6438
6398
6358
6318
6278
6238
3027
2987
2947
2907
5851
5811
5771
5731
5691
5651
1228
3437
3397
3357
3317
994
896
1408
1368
9661
9621
9581
9541
9501
9461
9421
9381
9341
9301
1405
1365
1536
1496
1640
1600
3472
3432
3392
3352
6875
6835
6795
6755
6715
6675
6635
4687
4647
1943
1903
1574
1534
1907
1867
0
9945
9905
9865
9825
9785
9745
9705
9665
9625
9585
12487
12447
12407
12367
12509
3833
1475
1435
918
5926
5886
5846
5806
5766
5726
4589
9197
9198
9199
9200
9201
9745
11518
13600
13601
14424
14860
15499
16499
17499
18499
19499
9006
9527
13208
13168
13128
15584
15544
15504
14224
14780
15780
16780
17780
18780
19780
20780
21780
22780
23780
24207
25084
26083
27083
28083
29083
30083
25594
22433
