0
50000
0
0
0
1000
0
1003
1997
0
1000
1002
0
998
0
0
0
339
669
0
0
0
0
992
0
0
0
0
0
1004
0
0
1003
0
0
0
0
3993
0
1000
0
0
1003
1000
0
0
0
0
997
0
0
1006
0
0
996
0
0
405
599
0
0
995
0
0
0
0
0
1001
0
1005
0
0
0
995
1001
0
997
0
1002
0
1003
999
1002
999
996
729
1855
999
1001
89
913
1003
0
1001
998
1000
1002
1
1003
723
996
1004
997
1001
999
998
682
1001
999
1003
998
1999
0
1000
1005
0
999
1000
1001
0
1000
1001
1999
0
1003
0
187
2003
0
0
1004
0
1001
998
3873
124
0
1000
1002
0
1003
1001
999
997
999
2999
1000
1001
1000
0
999
1003
0
1002
998
1001
998
1003
998
1001
999
999
1002
1998
998
1001
1001
0
1000
1005
998
996
1000
1
1000
1001
0
1002
1001
1005
1991
1000
1000
1001
0
3999
1000
2001
0
999
0
0
1004
0
1003
995
999
1001
220
1006
0
999
996
1000
1001
1000
1004
1994
1000
2000
0
1000
1003
0
1000
1003
995
1002
998
1002
1998
0
1004
1001
0
996
1003
999
1002
999
1000
1000
1944
56
997
2006
994
0
1000
1004
0
1003
495
1004
0
1001
1000
998
999
1000
999
2005
0
1001
0
1002
1005
2797
0
1197
0
1006
165
253
852
342
172
500
1000
1002
1998
0
1004
0
1001
0
1001
1002
1003
1000
999
425
1995
1935
2063
0
1000
2276
500
237
123
864
1000
925
1075
0
1001
0
1002
0
279
1005
0
997
1000
1005
1000
994
1001
2001
0
118
1003
0
1000
2005
992
1003
0
2001
0
2003
0
0
1006
0
1002
994
999
1003
1002
1001
998
1000
1001
998
1000
1005
996
996
999
1001
1004
996
999
999
1002
1001
999
1006
994
1000
1005
1000
1002
999
1000
1000
1001
1000
1000
998
1003
999
1002
999
1001
998
1000
999
999
1000
1001
1269
0
131
993
1001
1003
1001
1001
1000
998
999
1000
1000
999
1001
1229
0
1005
0
1001
999
999
1001
1003
999
1100
0
308
998
1333
0
776
680
398
34
709
997
849
755
538
706
1008
0
1001
48
130
1004
998
1005
282
497
22
709
996
1007
1003
996
1003
1000
1000
997
1002
1286
0
1011
0
999
1000
997
1006
997
1000
998
1004
997
1001
999
1003
1000
267
992
991
92
981
1005
1002
1003
998
1000
1001
999
1004
995
1001
260
987
993
97
1263
0
1010
0
1065
1000
1010
0
1001
999
1000
1000
1000
999
244
445
433
1000
1004
1002
1002
1000
1185
0
133
888
980
1009
1001
311
983
994
1011
1000
1000
1000
741
347
734
1007
1115
1000
1011
0
1000
1002
997
1001
1000
230
970
1000
1010
1001
1000
1001
999
998
999
1002
999
1002
998
1003
997
1000
123
254
995
1001
1007
755
542
456
993
1008
1001
554
980
1010
1002
265
512
573
52
362
622
319
428
345
1108
0
1206
0
247
468
349
50
142
600
600
1427
0
741
280
986
999
213
974
1003
1005
1001
1000
998
1001
237
283
66
412
402
995
1000
1007
1001
1001
999
998
1002
1001
999
1000
999
1001
1000
999
1001
1002
998
999
1001
1000
999
999
1005
996
1000
999
1201
98
998
997
1007
1001
1000
998
1002
997
1002
999
1000
1000
1001
999
1000
1000
1001
999
1000
1000
1002
999
999
1000
1002
999
1315
0
671
1472
0
1010
0
1001
998
1005
998
999
998
1001
1000
1001
998
1000
1001
1002
996
1000
1005
1334
0
732
1056
0
1008
0
1005
1000
998
1000
1002
998
1001
1067
0
1229
0
1014
0
995
1008
1002
999
1260
0
1216
0
659
684
126
1002
0
1011
1206
0
1013
0
997
1004
995
1006
995
1003
996
203
1248
0
1014
0
997
1002
996
1005
997
1000
998
1003
998
1002
997
1004
997
1001
998
1003
998
1001
998
1003
999
999
1001
1001
999
999
999
1001
1000
998
1003
1000
271
733
363
996
997
1007
1003
999
999
1000
1000
1002
999
998
1004
997
998
1001
1001
1000
821
1414
0
1010
0
1001
999
1002
998
1000
1000
1001
999
1000
1000
1002
998
506
1087
0
1010
0
1000
1001
1001
998
73
1294
0
1012
0
999
1000
999
1002
999
1000
1000
1001
167
986
1010
0
1003
999
999
999
1001
999
1000
1168
0
1012
0
999
1000
1360
0
1012
0
999
1001
1000
999
999
84
973
1000
1009
1001
244
981
1013
0
1001
999
997
1001
1001
1001
997
1000
1003
1252
0
1014
0
998
998
1000
1003
999
998
999
1004
1000
680
551
1081
0
1011
0
1001
1000
999
998
1001
1000
1002
997
1003
998
328
714
381
1048
0
786
234
845
667
1462
0
677
1298
1000
1010
0
591
70
683
333
986
1002
1006
1000
999
999
1002
999
1002
997
1001
1001
999
1003
997
1000
1000
999
1001
1000
1001
998
1003
998
1000
999
1001
1000
1001
998
1002
999
1000
999
1000
1003
998
999
1000
1001
1001
1000
998
1003
999
998
1003
998
1000
999
1001
1001
999
1002
1002
996
1208
0
1010
0
1000
1002
999
1000
999
999
1001
309
987
1011
0
999
999
1000
1000
62
988
993
1009
1001
999
1001
997
1005
997
1001
999
1001
998
1001
998
1006
995
1004
997
1001
1263
0
317
985
1012
0
998
1002
999
312
986
994
1006
1002
1000
1002
997
1002
998
1000
1000
1000
999
1001
1002
1002
995
1001
1000
1000
999
1004
997
1000
1001
1000
343
1009
0
1000
1002
999
1000
1000
1000
1000
999
1242
0
1011
0
1026
0
1001
1008
1000
1000
1000
999
1000
1001
1002
997
347
986
18
1005
994
1008
999
1112
0
198
996
1196
0
1010
0
1000
1002
998
999
1001
999
1001
999
1002
999
1002
998
1003
997
1001
999
1001
999
1000
1000
1001
999
576
1215
135
673
1169
1147
0
200
406
76
992
700
665
232
774
1233
0
1010
0
1000
1000
1002
998
1000
810
476
104
999
171
352
1002
48
383
545
156
399
1088
1000
1011
0
587
234
557
623
768
1012
0
998
1001
1291
0
1012
0
87
974
601
494
1010
0
1218
0
320
998
993
355
984
996
1006
1003
997
1000
1000
1002
998
1004
996
1002
1000
998
1003
999
998
1000
1002
1000
1103
1000
700
324
51
995
997
1011
997
1002
999
1002
996
1001
1000
1003
997
1000
1000
1002
997
1001
1001
1001
996
207
982
1002
1005
1001
999
1002
996
1002
1142
0
1290
0
1012
0
1000
1000
998
1002
1000
1000
1000
1000
998
1001
999
1001
1171
0
689
401
1002
993
1010
613
948
1073
0
726
765
519
998
993
636
56
1147
41
1006
0
1006
999
997
1001
1002
999
999
1000
1002
998
999
1001
1003
997
1000
1000
689
583
1000
1209
1000
1007
0
1296
0
1008
0
998
1001
999
1005
203
446
993
1001
1003
1003
146
986
1000
1005
1000
999
1003
998
999
1002
996
1002
999
1002
1000
999
998
1001
1000
156
80
327
1013
1001
0
1002
267
992
1170
1000
1005
0
1000
998
999
1002
1000
1001
999
1000
1000
997
1000
1003
997
1000
1001
1001
998
1000
1002
998
1001
1001
999
999
1001
999
1001
1001
999
999
1002
999
1000
1001
999
999
1001
1000
1000
0
325
0
3
13
0
0
4
13
0
0
5
15
0
0
6
0
0
2
10
0
0
4
13
0
0
5
13
0
0
5
17
0
0
4
7
0
0
8
17
0
5
8
13
0
4
12
0
0
3
11
0
0
7
7
0
0
2
11
0
0
6
12
0
0
4
11
0
0
8
18
0
0
4
17
0
0
4
0
0
0
9
0
0
0
12
0
0
5
13
0
0
7
10
0
0
8
12
0
0
2
13
0
2
5
12
0
0
6
0
0
4
14
0
0
4
11
0
0
0
7
0
0
1
8
0
0
5
13
0
2
6
12
0
3
7
15
0
0
10
0
0
2
12
0
0
2
9
0
0
2
12
0
0
0
10
0
0
0
10
0
0
7
14
0
0
12
19
0
5
6
0
0
2
7
0
0
3
11
0
0
2
9
0
0
2
14
0
1
6
11
0
0
6
15
0
1
7
13
0
0
13
0
0
0
10
0
0
6
15
0
0
2
12
0
0
5
9
0
0
3
11
0
9
2
10
0
93
70
751
79
0
6
11
0
0
4
14
0
0
5
181
635
256
371
90
0
691
5
772
464
0
1631
1601
172
135
2428
2398
2368
179
1199
1169
497
0
3981
3951
3921
3891
3765
482
1260
1230
0
12027
11997
11967
11937
11907
11877
11847
11817
11787
11757
11727
11697
11667
813
745
0
12974
12944
12914
12884
12854
12824
12794
12764
14656
14626
14596
14566
14536
14506
14476
13260
12420
2860
2830
2800
888
779
871
2964
2934
2904
3312
14929
14899
14869
14839
14809
14779
14749
14719
14689
14659
14629
14599
14569
14539
14509
15323
15293
16040
16010
15980
7945
7915
7885
7855
7825
7795
7765
7735
7661
5951
17871
17841
17811
17781
17751
17721
17691
17661
17631
17601
17571
17541
17511
17481
17451
17421
17391
17361
29701
29671
29641
29611
29581
29551
29521
29491
29461
29431
29401
29371
29341
29311
29281
30325
30295
30265
30235
28700
23821
23791
23761
23731
23701
13645
13615
13585
4405
8617
8587
8557
8527
8497
8467
8437
8407
8377
5710
5680
5650
5620
5590
5560
27806
27776
27746
27716
27686
27656
27626
27596
27566
27536
27506
27476
27446
27416
27386
27356
27326
27296
27266
27236
27206
27176
27146
27116
27086
27056
27026
26996
34608
34578
34548
34518
34488
34458
34428
34398
34368
34338
34308
34278
33323
33293
33263
33233
19853
19823
19793
19763
18804
18774
18744
22918
22888
22858
22828
22798
22768
22738
22708
22678
22648
22618
22588
13075
13045
13015
12985
12955
12925
12895
12865
12835
12805
12775
12074
12044
12014
11984
11954
11924
11894
11864
35582
35552
35522
35492
35462
35432
35402
35372
35342
35312
35282
35252
35222
35192
35162
35132
35102
35072
35042
35012
34982
34952
34922
34892
34862
34832
34802
34772
34742
34712
38619
38589
38559
41760
41730
41700
41670
41640
41610
41580
41550
26164
26134
26104
26074
26044
26014
25984
25954
26444
26414
26384
26354
26324
26294
26264
26234
26204
26174
26144
26114
26084
26054
26024
25994
25964
0
83585
83555
83525
83495
83465
83435
83405
83375
83345
83315
83285
83255
83225
83195
83165
83135
83105
83075
83045
83015
82985
82955
82925
82895
82865
82835
82805
82775
82745
82715
82685
82655
82625
82595
82565
82535
82505
82475
82445
82415
82385
82355
82325
82295
82265
82235
82205
82175
82145
82115
82085
82055
82025
81995
81965
81935
81905
81875
81845
81815
81785
81755
81725
81695
81665
81635
81605
81575
81545
81515
81485
81455
81425
81395
81365
81335
81305
81275
81245
81215
81185
81155
81125
81095
93207
93177
93147
93117
93087
93057
93027
92997
92967
92937
92907
92877
92847
92817
92787
92757
92727
92697
92667
92637
92607
92577
85457
85427
118997
118967
118937
118907
118877
118847
118817
118787
118757
118727
118697
118667
118637
118607
118577
118547
118517
118487
118457
118427
118397
118367
118337
118307
118277
118247
118217
118187
118157
118127
118097
118067
118037
118007
117977
117947
117917
117887
117857
117827
115868
112818
112788
112758
112728
112698
107271
107241
107211
108464
108434
108404
108374
108344
102541
102511
102481
102792
92799
92769
84957
84927
118978
118948
118918
118888
118858
118828
118798
118768
118738
118708
118678
118648
118618
118588
118558
118528
118498
118468
118438
118408
118378
118348
118318
118288
118258
118228
118198
118168
118138
118108
118078
118048
118018
117988
117958
117928
117898
117868
117838
113339
113309
113279
113249
113219
113189
113159
113144
113114
123957
123927
123897
123867
123837
123807
123777
123747
123717
123687
123657
123627
123597
123567
122688
122658
122628
122598
122568
122538
122508
122478
122448
122418
136718
136688
136658
136628
136598
136568
136538
136508
136478
136448
136418
136388
136358
136328
136298
136268
136238
136208
136178
136148
136118
142810
142780
142750
142720
142690
142660
142630
142600
146130
146100
146070
146040
146010
145980
136164
136134
136104
136074
133885
133855
133825
133795
133765
133735
133705
133675
133645
133615
133585
133555
133525
133495
133465
133435
133405
133375
133345
133315
133285
133792
133762
133732
133702
133672
133642
133612
133582
157640
157610
157580
157550
157520
157490
157460
157430
157400
157370
157340
157310
157280
157250
157220
157190
157160
157130
157100
157070
157040
157010
156980
156950
156920
159736
159706
159676
159646
159616
159586
159556
159526
159496
159466
159436
159406
159376
159346
159316
159286
159256
169315
169285
169255
169225
169195
169165
169135
169105
169075
169045
169015
168985
168955
168925
178126
178096
178066
178036
178006
177976
177946
177916
177886
177856
177826
177796
174805
174775
178690
178660
178630
178600
178570
178540
178510
178480
178450
178420
178390
178360
178330
178300
178270
178240
178210
178180
178150
178120
178090
174442
174412
174382
174352
174322
174292
174262
174232
174202
174172
174142
174112
182622
182592
182562
182532
182502
182472
182442
182412
182382
182352
182322
182292
182262
182232
182202
182172
182142
182112
182082
182052
182022
181992
181962
181932
181902
184825
184795
184765
184735
184705
185936
185906
185876
185846
185816
185786
185756
185726
185696
185666
185636
185606
185576
225555
225525
225495
225465
225435
225405
225375
225345
225315
225285
225255
225225
225195
225165
225135
225105
225075
225045
225015
224985
224955
224925
224895
224865
224835
224805
224775
224745
224715
224685
224655
224625
224595
224565
224535
224505
224475
224445
224415
224385
224355
225261
225231
225201
225171
225141
225111
225081
225051
225021
224991
224961
224931
224901
224871
224841
224811
224781
224751
224721
224691
224661
224631
224601
224571
224541
224511
227865
227835
227805
227775
227745
229312
229282
229252
229222
229192
229162
229132
229102
229072
229042
229012
228982
228952
228922
228892
227210
227180
227150
227120
232531
232501
232471
232441
232411
232381
225549
225519
225489
246992
246962
246932
246902
246872
246842
246812
246782
246752
246722
246692
246662
246632
246602
246572
246542
246512
246482
246452
246422
246392
246362
246332
246302
246272
246242
246212
246182
246152
246122
246092
246062
246032
246002
246434
246404
246374
246344
246314
257449
257419
257389
257359
257329
257299
257269
257239
257209
257179
257149
257119
257089
257059
257029
256999
256969
256939
256909
256879
256849
256819
261269
261270
261271
261272
261273
261274
261275
261276
280823
280793
280763
280733
280703
280673
280643
280613
280583
280553
280523
280493
280463
280433
280403
280404
280405
280406
280376
280346
303639
303640
303641
303642
303643
303644
303645
303646
303647
303648
303649
303650
303651
303652
303653
303654
303655
303656
303657
303658
303659
303660
303661
322555
322556
322557
322558
322559
322560
322561
322562
322563
322564
322565
322566
322567
322568
322569
322570
322571
322572
322573
323679
325787
325788
326623
331506
331507
331508
331509
331510
331833
332833
333833
334833
335833
336833
337833
338833
339833
340833
341833
342833
343833
344833
342826
342939
