3.80589
3.52
3.68
3.52
2.72
2.88
5.12
1.92
3.12
2.56
4.48
3.64
4
4.8
3.04
1.6
2.56
5.12
4.32
4.48
3.52
4.64
4.16
5.44
2.56
6.24
2.56
3.68
3.68
4.16
3.52
2.56
3.84
3.36
1.6
2.72
2.88
3.68
4.64
3.2
2.88
4.24
2.56
3.04
5.44
3.68
6.56
2.4
4.96
3.36
3.68
4.96
1.76
2.72
5.28
5.76
3.36
5.12
3.04
4.64
4.64
4.48
4.32
5.12
5.28
5.76
4.16
5.12
4
4.8
5.44
1.92
3.52
4.48
4.64
4.8
4.48
6.08
7.36
4.16
3.52
4.16
5.12
5.12
5.12
3.2
5.12
8
3.2
6.24
4.32
2.24
6.24
4.48
4.32
4.16
7.2
5.44
6.56
2.72
3.52
5.12
6.08
4.32
4.16
5.2
4
2.88
6.72
2.24
4.48
4.16
6.88
5.12
4.8
3.84
7.2
3.84
3.36
5.44
4.32
5.12
4.16
6.4
5.92
4.8
2.88
6.56
4.64
3.52
6.08
4.16
3.2
5.44
4.8
4.8
6.24
5.01333
4.96
4.32
5.6
4.48
4.8
5.92
4.32
5.76
4.8
3.84
5.92
3.68
5.76
3.84
5.76
2.72
2.88
5.28
6.08
5.76
3.52
6.24
4.48
5.76
4.16
3.2
3.52
7.36
2.4
6.72
4.32
3.84
4.56
6.56
5.12
3.2
5.6
4.96
6.72
4.16
4.64
3.52
4.48
4.64
8
3.68
2.08
6.24
3.68
6.56
3.52
5.12
3.52
4.32
4
4.48
5.44
6.72
4.64
6.08
5.76
3.84
6.24
3.68
6.4
2.4
2.4
4.32
4.48
7.04
8.64
2.56
5.12
7.52
3.04
2.72
5.44
2.72
7.04
5.12
6.24
3.68
7.2
4
4.16
3.52
5.92
5.28
3.36
4.96
8.64
3.68
3.68
3.52
6.56
5.92
5.28
3.84
5.28
5.6
4.96
5.28
4
6.4
5.44
2.08
7.36
4.16
4.96
7.68
5.76
6.88
4.96
4.32
4.8
6.4
5.6
5.12
6.72
4.8
3.36
4.32
5.44
6.56
2.24
4
6.4
4.8
3.84
6.24
5.6
5.12
6.24
6.88
3.2
4
7.36
3.84
4.64
7.68
5.76
3.36
5.92
8.64
4.32
5.76
5.44
5.28
5.6
5.12
5.44
4.96
6.72
5.28
3.84
7.52
7.52
3.52
5.44
7.04
3.04
6.56
6.88
2.72
3.84
10.08
4.48
5.76
7.2
5.28
4.32
5.6
6.24
4
3.68
6.4
7.2
4.32
6.56
4.8
4.16
3.68
5.92
1.6
3.84
3.84
7.52
4.48
4.16
5.76
5.44
4.8
4.96
4
5.12
6.72
5.6
2.88
5.44
4.48
4.32
4.96
2.08
4
5.44
4.96
3.2
3.2
5.28
4.8
5.12
4
4.16
4
4.8
4.16
5.76
3.68
4.64
5.12
4.64
5.44
2.4
3.68
5.12
3.2
3.36
3.84
5.28
2.88
5.28
2.72
6.08
2.4
4.32
3.04
3.68
6.24
3.2
3.04
2.88
1.76
5.12
4.96
2.72
5.12
4.16
3.2
4
3.52
4.64
4.32
3.52
3.2
4.48
2.88
4
4.16
3.52
4
4.96
2.56
4.16
2.88
3.52
3.68
5.6
3.52
3.36
3.84
4.8
3.36
2.88
4.64
3.36
2.88
5.28
5.6
3.68
3.2
2.24
4.8
4
3.2
4.32
4.48
3.68
4.32
4
4.64
4.16
3.2
2.56
3.52
3.52
5.12
3.84
3.68
4.8
4.48
3.52
4.8
4.48
3.84
4.16
3.84
4
3.68
4.16
4.64
5.28
4.32
3.68
5.28
4.32
2.56
3.04
4
3.52
2.4
2.56
3.68
3.68
4
2.24
3.36
3.36
4.16
1.76
3.68
3.84
3.68
3.2
3.36
3.52
3.04
3.68
3.84
2.56
2.24
2.88
3.2
2.72
2.4
3.52
4
2.08
2.4
2.4
2.56
3.04
2.24
2.88
2.24
2.72
1.76
2.4
2.56
1.92
3.68
3.04
2.08
1.44
3.52
1.44
3.2
2.24
2.88
3.04
2.88
1.92
3.84
3.68
1.76
2.24
3.2
2.72
2.08
1.76
2.56
2.24
3.36
3.52
1.76
2.08
2.72
2.72
2.08
3.84
2.72
3.68
1.12
2.56
3.36
3.68
3.2
2.88
1.6
1.92
3.04
1.76
3.04
1.76
3.2
3.52
2.56
1.76
1.92
3.04
2.72
1.6
2.88
1.6
1.12
1.28
2.88
1.12
2.56
2.72
3.36
3.2
3.52
1.6
2.72
2.08
1.6
2.08
1.92
2.24
2.24
4.16
2.4
3.2
2.88
2.4
2.88
1.76
3.2
2.56
3.68
4
3.04
2.08
2.24
2.24
2.08
1.28
1.92
1.92
2.24
1.76
1.76
1.92
2.56
1.28
1.28
2.56
2.24
1.76
1.44
2.24
3.04
2.08
1.44
2.24
3.2
1.92
4
2.88
3.2
3.68
1.76
3.04
2.88
2.88
3.36
2.72
3.36
2.72
2.24
3.2
2.24
3.36
3.68
2.56
2.56
2.56
2.88
2.4
2.88
2.88
2.88
2.4
2.4
2.56
1.92
1.76
2.72
4.16
1.76
3.04
4
1.92
1.28
2.4
2.88
3.68
2.4
2.08
2.56
3.36
3.04
1.92
2.24
2.24
2.24
2.24
2.4
1.92
2.56
2.72
3.2
0.32
1.92
3.36
1.6
1.92
2.4
1.6
3.68
1.6
1.6
2.08
2.08
2.88
1.76
2.24
2.56
0.96
3.36
1.28
0.8
0.8
1.76
1.28
3.04
0.96
2.56
1.12
2.56
1.28
2.08
1.44
1.92
1.92
2.72
0.96
2.08
2.08
2.4
0.96
2.08
2.72
1.76
1.6
2.08
4
2.88
0.64
1.6
1.44
1.76
1.6
1.92
1.76
1.12
1.6
1.12
1.28
2.08
3.04
1.76
1.12
1.76
1.44
2.56
1.28
2.56
2.56
1.6
1.92
1.76
1.44
0.96
2.4
1.28
1.12
0.8
1.28
1.44
1.28
0.8
1.44
2.08
0.96
1.44
1.28
1.6
1.76
1.76
1.12
1.12
1.92
1.76
0.96
1.44
1.76
1.6
1.44
1.44
1.76
1.12
1.28
1.6
0.96
1.76
0.96
1.28
0.8
0.48
0.96
1.12
1.6
1.12
1.6
1.6
0.96
0.96
1.28
1.28
1.44
1.92
0.8
1.12
1.76
1.44
1.44
1.44
1.44
1.28
1.6
0.8
1.28
1.12
1.76
1.12
0.96
0.8
1.44
1.6
1.28
1.12
1.28
1.12
1.28
0.96
0.96
1.6
1.6
0.96
1.6
0.96
1.6
1.12
0.32
0.8
1.76
2.08
0.96
2.24
0.96
2.24
1.76
1.12
1.92
1.28
2.24
1.6
2.08
2.4
1.76
1.6
2.08
2.08
2.56
1.44
1.92
1.76
0.8
1.28
1.76
1.28
1.12
1.28
1.12
0.8
1.6
1.76
0.8
0.8
0.48
1.76
0.96
1.12
1.12
1.44
1.12
1.92
1.76
1.76
1.76
2.08
1.76
1.28
2.24
1.6
1.6
0.64
1.44
1.92
1.92
0.96
1.76
1.12
1.76
1.6
1.92
1.92
2.24
0.8
2.4
2.08
2.08
2.56
1.92
0.96
1.44
3.04
0.64
1.92
1.44
1.12
1.76
1.76
1.44
0.8
2.08
1.92
2.08
1.12
0.96
2.56
2.4
0.8
1.76
1.28
2.24
1.12
0.96
1.76
1.6
1.28
1.6
1.92
1.92
1.92
1.76
1.6
1.28
1.28
1.6
1.6
1.12
0.8
1.12
1.6
1.44
0.64
1.6
1.44
0.8
1.76
1.76
2.24
1.76
1.76
0.8
2.24
1.44
0.64
1.12
1.28
1.76
0.96
0.8
1.6
2.24
1.44
1.6
2.24
1.44
1.76
0.96
1.6
1.28
0.96
1.76
2.72
1.28
2.08
2.24
2.08
1.6
1.76
1.44
1.92
0.96
0.8
1.92
1.76
0.96
0.96
1.12
1.12
1.6
1.28
0.96
1.44
2.08
1.28
1.44
1.6
1.44
1.6
1.44
1.12
1.44
1.28
1.6
1.28
0.96
0.8
1.6
1.44
0.8
0.48
1.28
2.24
1.28
0.8
1.6
0.8
0.96
1.28
1.28
1.44
2.08
1.28
1.76
1.6
1.44
1.28
1.6
1.76
1.28
0.8
1.44
1.44
0.64
0.64
1.12
1.76
1.28
0.96
1.12
1.44
1.44
1.12
1.28
1.28
1.6
0.96
1.12
1.6
1.12
1.12
1.6
2.4
1.28
1.6
1.44
1.44
2.08
1.28
1.44
1.12
1.12
1.12
1.44
1.44
1.12
0.8
1.28
1.44
1.44
0.48
1.92
1.6
0.8
0.64
1.44
1.6
1.6
1.12
0.96
1.76
0.96
0.64
0.48
0.48
1.6
1.28
0.64
0.48
1.28
1.6
1.44
0.8
2.08
1.44
1.12
0.96
1.6
1.6
1.92
1.28
1.6
2.24
2.24
3.04
1.6
2.88
2.24
1.6
1.92
1.6
2.24
1.12
1.12
1.44
1.76
1.28
0.8
1.92
1.6
1.28
1.6
1.12
1.76
1.92
1.12
1.12
1.6
2.4
1.6
1.76
1.76
2.4
1.12
1.76
2.56
1.28
1.44
1.92
1.76
1.44
0.64
2.4
1.28
0.96
1.12
1.28
0.8
1.12
1.6
1.44
1.12
1.44
2.24
1.44
1.92
1.6
1.28
1.92
1.76
1.28
2.24
1.44
0.96
1.6
1.6
1.44
2.24
1.28
1.44
2.56
0.96
0.96
2.08
1.12
0.96
1.44
1.76
1.44
1.28
0.96
1.6
1.44
0.8
1.92
1.92
0.96
1.76
1.92
1.6
1.76
2.08
1.44
1.6
2.08
0.96
1.12
1.44
2.08
2.24
1.12
2.24
1.76
1.28
1.6
1.92
1.6
1.44
0.48
1.44
1.44
0.96
0.96
1.44
1.76
1.28
1.76
1.76
3.04
1.92
1.12
1.6
1.92
1.44
0.64
1.12
1.44
2.08
1.12
1.12
1.44
1.92
0.8
1.28
1.12
1.92
1.28
0.64
1.44
1.44
1.6
0.96
1.6
1.28
1.28
1.76
1.92
0.32
1.6
1.6
1.92
0.96
0.8
1.76
1.12
0.8
2.08
1.12
1.28
1.28
1.28
1.28
0.64
1.6
1.12
1.6
1.28
1.92
1.28
0.32
1.6
1.44
1.12
1.44
1.44
1.6
0.96
1.12
1.44
1.6
1.28
2.24
1.28
1.44
1.28
0.8
1.12
1.6
0.96
0.8
1.28
1.12
0.8
0.64
1.6
1.6
1.12
1.6
0.8
1.12
1.12
0.8
0.96
0.96
1.12
1.76
1.44
1.12
0.64
1.44
1.6
0.96
0.64
0.96
0.96
0.8
1.12
1.12
1.28
0.64
0.48
0.32
0.8
0.96
0.32
0.64
1.6
1.12
0.8
0.48
0.64
0.8
0.64
0.48
1.04
0.64
0.96
0.64
0.96
0.48
0.16
0.16
0.32
0.32
0.64
0.8
0.96
0.64
0.8
0.16
0.16
0.16
0.96
0.16
0.48
0.96
0.16
0.8
0.24
0.64
0.8
0
0.16
0.8
0.64
0.64
0.64
0.32
0.64
0.64
1.12
2.72
2.08
1.12
1.6
0.96
1.28
2.08
1.6
0.96
1.6
0.64
1.76
1.12
1.6
2.56
3.04
3.36
3.36
1.92
1.76
4.16
2.24
2.72
3.36
4.16
3.84
4
4.32
3.84
3.36
2.4
3.04
3.04
3.04
2.4
1.76
4.32
3.2
3.84
4.96
3.2
1.92
2.72
3.2
4
3.2
3.68
4.32
4
3.68
4.48
3.84
3.36
3.52
3.36
3.04
2.4
1.6
1.92
2.4
2.56
2.4
2.72
2.88
4.8
5.44
4.16
4
3.52
3.04
2.72
4.96
4.48
5.44
4
4.96
1.6
1.6
5.12
1.92
1.76
2.24
3.2
4.8
5.44
4.48
5.28
5.6
4
4.8
4.32
5.6
3.52
4.32
3.68
4.32
9.92
9.44
5.92
3.68
9.44
8.16
8.16
5.76
6.56
4.96
6.24
4.96
6.24
6.88
6.56
5.76
5.6
4.16
6.72
4.32
4.96
3.04
5.44
5.92
4.64
3.68
7.2
9.12
3.68
7.68
7.84
5.6
6.56
5.76
5.76
6.4
6.08
6.24
6.72
8.64
4.64
6.08
4.8
5.76
6.08
4
3.04
6.24
4.48
5.12
5.76
6.24
8
4.48
4
4.48
3.04
3.52
7.52
7.04
6.56
6.72
8.48
8
6.24
4.48
2.88
5.6
3.52
6.4
4.96
3.2
8.8
8
5.92
4.96
2.24
3.36
3.68
2.24
3.52
7.36
7.2
7.84
9.76
11.04
11.68
9.76
9.28
8.48
13.76
11.2
9.28
9.76
11.2
4.64
8.64
6.88
10.56
9.92
10.4
10.72
10.56
7.68
6.4
8.32
12.32
11.04
10.24
12.16
11.2
9.6
13.76
11.2
6.24
3.68
6.24
7.04
8
9.12
7.04
8.8
7.36
8.32
9.76
14.24
14.24
9.44
3.52
6.4
6.88
7.36
12.96
17.6
8.32
15.04
7.36
10.88
10.72
12.96
10.56
8.16
6.72
9.76
10.08
10.24
13.12
17.12
14.24
7.68
7.68
8.64
7.84
8.64
7.68
16.8
13.12
10.08
10.72
13.6
17.76
14.56
13.6
11.68
11.84
9.76
9.12
10.24
12
8.64
6.88
7.68
4.48
9.76
10.56
14.72
13.92
14.24
14.24
11.232
8.48
9.12
11.04
12.8
12.32
11.68
6.08
13.7067
14.4
13.6
15.36
14.08
15.84
16.32
12
12.96
12.48
9.76
12.32
12.16
10.4
4.48
7.04
9.28
8.48
8.48
9.28
9.12
12
16.48
14.88
11.36
10.08
8.8
10.72
7.36
9.36
9.84
9.44
8.56
9.44
13.76
10.24
12
11.52
11.68
12.48
12
13.3867
16.48
16.64
14
13.3867
14.88
15.52
14.8
13.8133
15.104
7.84
15.0933
18.24
16.44
16.96
16.96
19.04
15.36
17.44
19.2
15.36
12.96
18.24
14.4
8.64
14.72
10.08
14.08
6.72
7.84
7.2
8.16
9.12
10.24
11.52
13.28
8.8
6.72
10.4
12.16
8.96
10.08
10.24
10.56
7.36
9.28
7.68
8.64
8.16
10.24
9.6
11.52
12.48
15.28
15.84
16.768
17.12
17.92
17.28
19.2
18.24
16.8
15.52
17.52
16.48
18.08
16.56
15.52
16.64
12.72
16.96
15.52
13
11.04
12.16
16.32
16.32
16.64
14.976
15.52
17.92
17.92
16.64
16.24
18.24
16.8
16.32
15.2
17.28
18.88
7.84
18.4
16.8
14.72
15.04
15.84
8.64
17.76
17.44
12.32
17.12
17.92
14.24
19.04
17.92
16.48
15.52
17.6
15.36
16
16
16.16
14.24
18.08
16.48
8.16
18.08
15.36
16.32
15.04
17.28
16.96
16.32
12.32
19.2
17.12
19.2
17.44
19.2
15.84
17.92
16.64
15.2
14.08
7.52
17.76
15.36
12.32
12.64
8.64
8.64
9.92
7.36
7.68
8.8
13.92
12.96
12
10.16
7.52
9.6
5.28
9.76
11.36
13.76
11.36
9.12
9.44
8.37333
8.48
7.52
8.64
8.8
8.8
8.96
10.4
8
8.96
9.44
4.8
10.72
13.6
15.36
16.32
16.24
16.76
16.08
16.32
14.9867
14.1943
14.24
12.64
16
15.68
14.24
17.12
13.6
15.52
9.44
18.24
18.24
16.8
18.24
17.12
11.84
13.6
19.2
16.96
18.24
17.76
17.2267
12
9.6
16.16
17.28
17.76
15.36
16.16
17.44
17.28
17.76
13.44
13.44
16.32
14.72
15.52
16.32
9.6
8.64
17.44
16.32
15.84
8.48
15.84
16.8
16.8
16.64
15.36
17.6
16.88
15.12
16.64
12.16
15.84
16.16
15.2
17.28
16.64
15.12
14.4
16.32
14.48
14.88
15.2
18.4
18.24
15.84
9.44
16.64
13.6
19.2
13.44
19.04
16.16
15.04
14
16.32
17.6
16.16
12.8
18.4
13.28
19.2
15.36
18.4
9.28
12.8
11.36
14.24
10.08
15.36
18.08
17.9733
15.2
16.48
14.72
16.8
16
13.76
18.08
17.28
16
13.92
7.36
14.56
14.4
13.6
14.4
12.8
13.44
15.04
13.6
14.24
12.32
12.88
13.84
16.16
15.2
14.4
11.2
4.48
14.88
16.32
12.96
16.8
16.16
17.6
15.2
15.84
12.48
13.12
16.96
16.16
17.44
16.16
6.88
16.72
16.8
16.96
8.96
17.12
17.44
15.84
17.28
14.32
17.6
18.88
14.48
17.76
14.08
18.24
18.08
17.28
13.92
17.44
17.92
9.12
16.48
17.28
13.28
14.24
16.72
17.6
16.96
12.32
18.4
17.12
17.76
17.92
18.08
15.2
13.6
9.44
15.52
15.2
19.04
18.32
17.28
18.08
15.36
18.4
17.28
14.56
18.24
13.92
15.52
17.6
18.4
17.44
9.28
8.64
17.92
17.6
16.24
17.12
19.2
17.44
15.36
19.2
12
18.4
17.6
7.68
18.56
17.44
17.92
17.44
17.92
14.56
5.92
17.44
17.92
18.08
16.32
16.64
18.4
16.8
13.12
19.2
18.24
17.12
16.9067
17.6
14.24
15.2
18.08
11.92
19.04
14.72
11.68
14.24
15.04
16.64
14.72
17.28
14.56
16.8
16.16
15.84
10.08
18.88
13.28
14.24
9.44
15.2
15.68
18.72
16.32
16.96
16.96
9.28
19.04
15.04
12
15.6
11.52
16.56
10.24
8
17.28
15.36
18.72
19.2
16.64
17.28
16.8
18.16
14.72
16.48
18.4
18.4
16.64
7.92
16.8
17.12
18.24
17.5467
14.72
17.04
16.96
15.92
17.12
19.2
17.44
13.28
19.2
16.16
5.6
6.4
18.88
17.12
18.4
18.88
12
14.4
18.88
17.6
17.92
18.88
14.24
16.32
19.2
14.4
12.8
10.72
14.24
13.6
8.96
16.64
14.24
19.04
15.76
13.6
14.72
15.04
10.4
16.8
14
16.16
15.6
12.96
14.08
14.72
7.84
12.16
15.2
13.6
14.88
13.44
14.4
13.76
13.6
11.84
6.88
15.52
12.64
15.2
15.04
10.88
15.52
9.28
11.52
12.8
7.2
16.96
15.84
6.88
17.28
7.84
10.88
13.76
11.84
10.88
10.4
13.92
13.76
15.52
13.2
13.92
8.96
14.24
14.24
13.6
12.8
17.6
15.2
14.88
13.56
15.84
14.88
16.64
14.24
14.72
17.12
16.96
8.64
17.12
15.68
17.6
14.4
13.44
18.08
14.88
9.6
13.44
19.04
17.12
17.44
16.8
16.8
18.56
8.16
15.36
18.4
14.88
7.04
17.68
18.4
17.44
18.24
16.8
18.72
15.36
19.04
19.04
16
14.88
19.2
14.88
18.24
8.48
17.12
18.24
16.32
12.64
15.52
18.72
17.6
16.64
18.24
17.76
13.6
9.6
19.2
17.6
16.32
19.04
14.56
8.64
7.52
13.52
16.64
15.52
10.72
16.96
17.92
15.52
19.2
14.88
19.2
15.04
19.04
16.8
17.28
15.52
17.44
18.4
15.36
10.08
15.04
14.72
15.52
18.32
18.16
12.48
19.04
18.24
15.2
19.2
16
19.04
16.32
9.44
18.08
18.08
8.8
14.56
19.04
16.16
15.36
18.88
14.88
15.04
14.4
15.68
14.88
14.24
13.92
14.4
15.52
18.4
16.4
16.96
12.48
12.64
15.84
13.28
12.8
13.76
16.16
11.04
8.96
15.2
12.48
13.28
12.48
14.24
12.8
14.72
10.56
17.12
13.92
8.8
16.48
15.52
18.24
11.52
19.2
17.6
11.52
19.2
14.24
12.96
15.84
16.64
14.72
19.2
14.56
13.76
17.12
12.16
9.44
13.92
14.24
18.4
16.96
18.4
19.2
17.44
18.08
16.64
17.44
19.2
17.6
14.72
14.4
9.76
19.04
18.4
9.6
13.76
18.08
6.72
17.44
18.24
17.84
18.08
18.88
12.48
18.56
13.76
7.36
15.84
18.24
13.28
16.24
16.96
16.8
17.44
15.68
17.2
16.8
12.48
16.96
12
16.56
14.8
8
16.96
16.32
16
12.56
3.04
3.36
6.08
6.08
5.92
3.68
5.12
2.24
3.36
1.28
1.28
1.44
1.44
4.48
13.76
16.32
13.28
14.72
9.12
8
8
2.02667
1.6
2.08
1.76
1.12
1.6
1.12
1.12
2.08
1.44
1.44
0.8
0.96
1.28
1.6
1.76
0.8
0.64
1.28
0.64
1.28
1.6
1.76
1.44
1.76
1.12
1.6
1.44
0.96
1.12
1.6
1.12
0.64
1.6
1.12
0.96
1.44
0.64
1.76
0.64
0.8
0.96
1.12
0.8
0.16
1.12
0.64
0.64
1.44
0.96
0.32
0.32
0.48
0.64
0.8
0.64
0.8
0.8
1.44
0.48
1.28
0.48
0.96
1.12
0.8
0.32
0.48
0.8
0.64
0.32
0.16
0.32
0.96
0.48
0.48
0.96
0.32
0.64
0.32
0.96
0.32
0.48
1.12
0.64
0.48
0.64
0.32
0.88
1.28
0.48
0.8
0.32
0.32
0.48
0.8
0.64
0.96
0.96
1.28
0.48
0.96
0.64
0.8
0.64
0.64
1.12
0
0.64
0.8
0.32
0.8
0.64
0.64
1.28
0.32
0.96
0.16
0.8
0.96
0.64
0.64
0.48
0.64
1.12
0.8
1.28
0.64
0.8
0.32
0.96
0.48
0.48
0.8
1.44
0.48
0.48
1.28
0.96
0.32
0.48
0.32
0
1.12
0.32
0
0.48
1.6
1.12
0.64
0.96
0.64
0.48
1.12
0.96
0.96
0.48
0.48
0.8
0.32
1.12
0.64
0.8
0.32
0.48
0.8
0.48
0.8
0.64
0.48
0.32
0.96
0.8
1.12
1.12
1.12
0.8
1.12
1.12
0.16
0.56
0.8
1.12
0.48
0.32
0.64
0.32
0.96
0.32
0.64
0.8
0.64
0.16
0.8
0.96
0.16
1.44
0.96
0.48
0.8
0.96
1.12
0.96
0.8
1.28
0.64
0.32
1.28
0.96
0.96
0.96
0.48
1.12
0.8
0.32
0.8
0.8
0.48
0.96
0.96
0.64
0.48
0.48
0.8
0.8
0.64
0.32
1.28
0.8
0.48
0.48
0.32
1.12
0.32
