0
43000
1
999
1001
295
705
560
1
0
0
1
361
0
0
759
0
1
0
0
0
319
0
1001
0
0
0
0
997
1005
0
548
0
0
448
835
0
0
0
0
1
850
0
1
0
1314
0
0
0
997
0
0
0
1003
0
0
0
0
1001
1000
646
784
584
340
917
602
995
1003
1
1001
0
1001
1001
1000
1000
1001
999
1000
1003
1002
1994
0
1002
0
1001
999
1349
260
743
489
1511
1000
1001
0
2000
0
1000
1003
0
1002
998
998
1001
1003
1001
997
1000
494
510
488
366
530
473
2000
680
1
215
788
1006
0
998
314
91
1005
0
998
1999
0
1001
0
1002
1000
3000
0
0
1000
1003
999
0
1
1001
1032
1001
1001
0
1001
0
1582
1000
255
748
998
2000
0
769
1003
0
999
1002
1000
278
729
1006
0
999
997
999
1000
2999
1000
0
1000
1
779
1001
0
2001
0
1003
0
1000
1000
572
693
999
1130
0
1001
999
1000
1003
913
1084
493
332
1000
1004
1
997
999
552
586
1002
0
714
998
1002
999
2001
997
1001
0
1001
1001
999
999
365
48
1000
466
997
1003
998
1003
42
1000
2001
0
999
1002
213
786
2999
0
1000
1001
0
1001
999
710
293
778
1000
1002
1001
997
1001
999
1999
1000
825
1177
998
1001
0
1001
999
30
1996
1000
1004
0
1002
1997
997
1000
1004
999
997
346
657
200
806
3994
808
193
0
0
180
822
999
1001
1001
0
1000
895
207
999
1001
1457
0
1003
0
1000
998
1001
0
999
546
313
994
2999
2000
0
0
1000
1002
1870
1129
0
999
1002
0
2998
0
968
33
1002
2998
0
947
54
0
1000
116
1003
997
1001
0
1004
0
998
1003
998
999
1018
1003
0
1001
997
1002
1000
1000
1003
998
1002
173
993
1002
1000
485
1002
0
142
1003
0
1001
1001
999
902
1006
0
998
1003
893
992
1006
631
201
812
988
1006
999
866
1138
0
977
888
2254
0
991
1307
3108
0
0
1087
0
2051
0
1488
1124
1334
2171
0
0
514
1677
0
1071
876
1264
977
4141
0
0
0
1190
1983
0
1016
500
449
3496
0
0
1691
0
1365
0
1658
2439
0
0
956
903
266
3431
0
0
1823
0
1356
925
3680
0
0
0
1203
1353
0
961
823
177
1640
0
996
470
323
364
31
1000
10351
0
0
0
0
0
0
0
0
0
1054
1071
1351
1174
0
1008
0
1039
196
1726
0
872
3838
0
0
1713
0
2051
0
1288
2701
0
0
1375
0
926
595
303
986
3362
0
0
0
1162
1374
2112
0
896
1455
0
1297
599
875
1073
1387
3911
0
0
0
141
1876
1648
0
1521
0
1042
963
1947
0
3470
0
0
0
1797
0
1041
0
394
535
6280
0
0
0
0
0
2081
0
0
648
1068
0
1000
3942
0
0
0
1387
0
747
924
3404
0
0
1594
1000
2996
0
0
1283
0
2489
0
1231
3850
0
0
0
1360
0
792
1942
0
1232
0
3906
0
0
1092
0
1000
9
499
558
8206
0
0
0
0
0
0
0
1502
0
990
1011
997
1033
1234
1
166
1000
796
7867
0
0
0
0
0
0
0
1246
0
1042
0
1008
1000
3768
0
0
0
1895
0
1637
0
702
2699
0
3343
0
0
0
5156
0
0
0
0
839
997
1037
1092
720
948
6723
0
0
0
0
0
0
1287
0
1037
0
1004
1350
611
779
2278
0
5728
0
0
0
0
0
984
891
640
1365
0
1393
1139
0
471
828
5615
0
0
0
0
0
1324
1241
0
1047
0
954
1000
1000
6470
0
0
0
0
0
1568
0
962
2949
0
1051
0
2400
0
1109
1000
8107
0
0
0
0
0
0
0
0
897
1003
1141
668
1811
0
838
2983
0
0
3830
0
0
0
5448
0
0
0
0
0
1007
0
2320
0
0
1214
1109
0
1000
1000
9870
0
0
0
0
0
0
0
0
1136
0
1007
0
1070
1
209
897
3935
0
0
0
3138
0
0
2398
0
0
1059
772
933
3362
0
0
3000
0
0
473
620
869
2897
0
1309
0
386
1
429
1
1000
678
9241
0
0
0
0
0
0
0
0
1089
0
993
1011
997
1034
1000
3613
0
0
0
1315
1071
0
1000
2825
0
398
2190
0
1991
0
1072
1525
0
1000
1000
200
1074
7504
0
0
0
0
0
0
0
931
1001
741
1026
1084
882
1000
2441
0
0
900
5672
0
0
0
0
0
713
932
878
1000
1073
0
5079
0
0
0
0
0
3434
0
0
1366
1170
0
956
1075
924
1000
1000
3180
0
0
0
4569
0
0
0
1298
0
959
1042
959
2737
0
2673
0
0
1148
2805
0
0
1359
0
468
1337
4120
0
0
0
0
1013
927
2061
0
0
3250
0
0
0
767
2
5864
0
0
0
0
1147
0
990
1011
998
1067
924
160
866
1000
4832
0
0
0
3627
0
0
0
1411
0
965
1007
1263
100
435
4204
0
0
0
632
40
1000
1000
5764
0
0
0
0
1274
0
963
1087
955
645
1124
891
7708
0
0
0
0
0
0
0
1410
0
992
1008
1033
1721
1237
0
1134
0
121
8652
0
0
0
0
0
0
0
819
744
1018
1033
241
1
2740
0
1063
3963
0
0
0
1123
0
992
1041
959
80
70
1000
8121
0
0
0
0
0
0
0
882
1003
1001
1001
2503
0
0
1097
2269
0
0
2749
0
1132
0
1078
0
827
951
209
909
2395
0
1605
0
1910
0
977
2239
0
947
822
1178
1541
1271
883
2303
0
0
825
1001
1054
1009
889
230
833
4611
0
0
0
0
699
160
1029
998
958
1000
2593
0
3559
0
0
0
1042
939
1562
0
928
1041
1084
874
1733
0
3346
0
0
894
1158
0
1112
0
891
999
2671
0
0
3303
0
0
1111
1307
0
992
1012
998
1187
848
472
2802
0
0
1246
0
1041
0
1107
1313
1636
0
659
1425
0
2209
0
759
797
933
1036
1000
1004
1652
1348
0
959
908
2133
0
1107
422
959
568
1489
1738
0
1253
1203
0
623
755
1934
504
513
2926
0
1023
0
1041
998
1005
1121
837
1519
0
506
788
1105
396
2450
0
1194
0
963
1041
1397
1038
523
3228
0
0
1340
0
1010
0
1001
999
1036
1004
2703
0
0
1306
0
1038
0
2872
0
0
1169
0
1
1109
1487
2205
0
2907
0
0
1302
0
990
1009
1002
989
2816
0
2117
0
1076
0
991
1045
1028
969
1104
535
1462
0
602
2881
0
0
1594
0
1041
0
1000
1505
1307
1370
0
1851
0
819
549
2027
0
794
939
355
1000
4942
0
0
0
1065
0
992
1009
1002
1030
1007
952
1264
0
1940
1270
0
848
541
1494
2789
0
0
2057
0
1259
0
686
970
1476
323
1000
2400
0
0
1415
238
1718
1279
1
2630
0
0
1553
0
2813
0
0
1721
0
1502
0
964
1009
1001
1029
724
265
1852
0
1037
0
1000
80
5909
0
0
0
0
0
1240
0
1012
0
997
1363
1124
893
4121
0
0
0
0
882
311
484
963
1225
849
300
2547
0
0
997
2072
0
1253
0
924
1038
962
1000
6260
0
0
0
0
0
0
857
1008
1002
1012
1027
952
2869
0
1258
0
872
853
2910
0
1817
0
524
749
1000
3546
0
0
3601
0
0
0
852
1011
1030
959
2914
0
2823
0
0
1034
848
306
112
388
96
1000
3631
0
0
0
870
677
389
6665
0
0
0
0
0
0
1036
1461
0
1009
0
1001
1029
962
959
2726
0
0
1478
98
6402
0
0
0
0
0
1170
167
1047
0
1009
0
1066
1071
1000
5081
0
0
0
0
0
959
977
986
1000
4700
0
0
0
1341
0
1009
0
1039
355
873
2085
0
1665
0
3973
0
0
0
2749
0
0
1284
0
1049
0
2536
0
0
1095
372
1835
0
1576
0
1628
0
140
2883
0
0
1117
215
8340
0
0
0
0
0
0
0
0
875
795
1002
1027
1005
727
1000
1000
3193
0
0
0
6349
0
0
0
0
0
1042
853
280
1005
996
1007
991
1884
0
2068
0
1000
1000
561
7482
0
0
0
0
0
0
0
1267
262
181
434
1282
1843
0
1042
1646
0
1089
390
1217
1407
0
530
915
784
8034
0
0
0
0
0
0
0
1193
0
989
1013
1026
1875
519
565
1000
1000
5023
0
0
0
0
2148
0
2370
0
0
2321
0
1521
0
800
2876
0
0
1962
0
396
1844
0
762
1151
0
1000
9138
0
0
0
0
0
0
0
0
867
1004
999
1067
925
2393
0
1048
558
7358
0
0
0
0
0
0
0
821
864
1103
663
131
3037
0
0
962
6218
0
0
0
0
0
785
1034
1001
961
1000
3654
0
0
2093
0
2835
0
0
4270
0
0
0
867
317
964
1074
926
1000
6326
0
0
0
0
0
0
672
830
2574
0
2891
0
0
947
1986
0
971
88
971
7915
0
0
0
0
0
0
1091
0
991
569
440
1000
186
4343
0
0
0
1263
4393
0
0
0
0
1050
1182
2928
0
0
1465
0
1001
2292
0
1043
459
1513
0
3383
0
0
1048
219
7200
0
0
0
0
0
0
808
1002
1090
902
2728
0
1003
0
1000
1000
8129
0
0
0
0
0
0
0
874
1005
999
1064
289
861
1000
4990
0
0
0
0
5653
0
0
0
0
0
1393
0
250
1000
915
1
682
419
9501
0
0
0
0
0
0
0
0
0
1073
1637
0
926
1042
959
1000
2964
0
0
634
5596
0
0
0
0
1477
0
926
1041
959
2040
0
2763
0
3000
0
0
5043
0
0
0
0
1161
0
1011
0
1657
589
846
1153
8003
0
0
0
0
0
0
0
0
1110
484
959
1000
1000
4919
0
0
0
0
5539
0
0
0
0
1352
0
1009
0
1002
1060
930
2714
0
119
705
1000
1000
774
8378
0
0
0
0
0
0
0
0
849
1009
1068
925
178
2970
0
1117
0
911
1000
716
9263
0
0
0
0
0
0
0
0
0
759
1003
1066
1000
263
425
3289
0
0
0
6065
0
0
0
0
0
894
1002
1032
959
2061
0
2815
0
1121
1000
822
1000
8694
0
0
0
0
0
0
0
0
1317
0
990
1011
998
1003
1062
1115
811
520
379
1000
7308
0
0
0
0
0
0
0
829
1007
1001
1060
287
1000
999
1000
10129
0
0
0
0
0
0
0
0
0
871
1007
1002
997
1032
589
2180
0
800
4404
0
0
0
0
802
1033
962
1088
2214
0
0
932
4473
0
0
0
0
753
355
980
1041
1219
2612
0
0
719
2124
0
2489
0
0
1511
1909
0
1881
0
712
497
639
398
6151
0
0
0
0
0
853
1007
1281
370
1
415
930
5383
0
0
0
0
0
747
949
1026
999
1237
1432
1164
0
2679
0
1168
2741
0
0
2464
0
0
557
847
993
1074
1633
960
806
285
4146
0
0
0
901
1185
0
962
436
1309
1036
1
1328
322
3633
0
0
1412
0
1037
0
2495
0
0
507
2575
0
0
1008
0
1033
1108
968
636
1324
0
2775
0
0
837
1010
1035
1114
840
1554
0
2263
0
1077
994
182
1173
102
2512
0
1081
343
144
996
1001
1004
1001
1065
934
1000
997
1002
999
1000
999
1002
999
1001
999
1007
0
1001
1000
1003
998
999
1000
999
1000
1001
998
1000
1000
999
1001
999
1000
999
1001
1000
1000
999
1001
1000
1000
1000
1000
1000
1000
999
1001
1001
999
999
1001
1000
999
1000
1001
999
1000
1001
999
1001
999
1001
1000
1000
999
1001
90
994
1001
1003
1000
1000
998
1000
1002
999
1000
1000
999
1000
56
143
1000
1002
999
1000
1001
999
1000
1000
1000
1000
1000
1001
1001
998
1000
1001
999
1000
1000
1000
1000
1001
999
1000
1000
1000
1001
1001
998
1001
1000
999
1000
1001
1000
999
1000
1000
1001
999
1000
1001
1000
103
997
1000
1003
998
1002
1000
999
1000
1000
1001
999
1001
998
1001
1001
1000
999
999
1002
1000
999
999
1002
1000
999
999
1001
1001
999
1151
0
997
1004
999
1000
1001
999
999
1001
1001
999
999
1001
1001
999
999
1001
1001
1000
998
1001
1001
999
999
1001
1001
999
999
1001
230
1072
0
1000
1004
999
999
1001
1001
999
999
1001
1002
998
999
1002
1001
998
999
1002
1003
996
39
177
606
948
958
1003
504
681
998
1001
1001
1003
1000
998
999
1004
998
999
151
994
1000
1002
999
1001
1001
999
999
1001
1000
1000
1000
1000
1000
1001
48
995
1003
1002
997
1001
1000
1000
999
1001
1000
999
999
1002
999
1000
1000
1002
998
1000
1000
1003
997
999
1003
1000
998
1000
1000
1000
1000
1000
1000
1000
1000
1000
1000
1000
1000
1000
1000
1000
1003
1098
1187
998
1001
1001
999
999
1002
999
1000
1000
1001
998
1001
1001
999
999
1001
999
1001
896
1103
1000
1001
1000
1000
999
1001
1000
1000
999
1002
999
710
1290
999
1002
999
999
1003
997
1001
1001
999
999
1003
997
1001
1001
999
999
1002
999
1000
1000
1000
1000
1001
998
1001
1000
1000
999
1001
1001
999
999
1001
1000
1000
999
1001
1001
999
999
1001
1000
1000
999
1002
999
1000
966
1033
1001
1000
999
1001
1001
999
1000
1001
998
1001
999
1001
1001
999
999
1001
1000
1000
999
1002
999
1000
999
1002
998
1001
1000
1000
1000
899
1101
999
1001
1000
999
1001
1001
999
999
1001
999
1001
999
1001
1001
999
999
1001
1001
999
999
892
1109
930
1070
999
1001
1001
998
1001
1001
999
999
1002
999
1000
1000
1000
1000
1001
998
1001
999
1001
999
1001
1001
999
999
943
1050
1007
1001
1000
999
965
1035
1001
1000
749
1251
999
1000
1001
1000
1001
998
1001
1001
999
999
1001
999
1003
997
1001
1001
874
915
833
866
1510
1000
1001
1000
1000
999
1002
998
1001
1000
1000
999
1003
997
1001
1001
999
999
1001
1001
999
999
1001
1001
999
812
1187
1000
1001
1000
1000
1000
1000
999
1001
1000
1001
998
1001
999
1002
998
1001
1000
1000
1000
1001
998
1001
999
1002
998
985
1015
1001
0
0
0
0
0
379
0
3655
3594
3533
3472
312
959
1295
847
115
1
0
0
0
0
0
0
1
0
0
0
0
0
0
0
6
0
180
437
0
1237
1176
2947
2886
2825
3984
3923
3862
3801
4742
4681
4620
4559
4498
0
9465
9404
9343
9282
9221
9160
9099
9038
8977
8916
0
22727
22666
22605
22544
22483
22422
22361
22300
22239
22178
22117
22056
21995
21934
21873
21812
21751
21690
21629
21568
21507
21446
21385
9992
9931
9870
9809
2754
2693
2632
1920
1859
3619
3558
3497
3436
1350
1289
1731
1670
2020
1959
1898
4878
4817
4756
4695
4634
5516
5455
5394
5333
5272
5211
16426
16365
16304
16243
16182
16121
16060
15999
15938
15877
15816
15755
15694
15633
15572
15511
15450
0
27812
27751
27690
27629
27568
27507
27446
27385
27324
27263
27202
27141
27080
27019
26958
26897
26836
26775
26714
26653
26592
26531
26470
26409
26348
26287
26226
26165
21103
21042
18496
18435
18374
18313
13555
0
21745
21684
21623
21562
21501
21440
21379
21318
21257
21196
21135
21074
21013
20952
20891
20830
20769
20708
20647
20586
20525
20464
18782
18721
18660
18599
18538
18477
18416
18355
18294
18233
18172
18111
18050
5191
5130
5069
5008
4947
4886
0
43064
43003
42942
42881
42820
42759
42698
42637
42576
42515
42454
42393
42332
42271
42210
42149
42088
42027
41966
41905
41844
41783
41722
41661
41600
41539
41478
41417
41356
41295
41234
41173
41112
41051
40990
40929
40868
40807
40746
40685
40624
40563
40502
40441
0
11730
11669
11608
11547
11486
11425
11364
11303
11242
11181
11120
11059
1381
1320
10910
10849
10788
10727
10666
10605
10544
10483
10422
10361
10300
9816
9755
9694
9633
9572
19258
19197
19136
19075
19014
18953
18892
18831
18770
18709
18648
18587
18526
18465
18404
18343
18282
18221
18160
18099
10456
10395
10334
10273
10212
10151
10090
10029
9968
9907
9846
6530
6469
6408
6347
6286
6225
6164
6918
6857
6796
6735
6674
6613
6552
3264
824
872
1380
1319
5601
5540
5479
5418
5357
5296
3187
3126
3065
3004
6761
6700
6639
6578
6517
6456
6395
4265
4204
4143
4082
4021
9410
9349
9288
9227
9166
9105
9044
8983
8922
8861
1317
1256
1144
1083
14394
14333
14272
14211
14150
14089
14028
13967
13906
13845
13784
13723
13662
13601
13540
2975
2914
2853
1721
913
2763
2702
2641
915
1508
1447
5617
5556
5495
5434
5373
5312
445
899
785
816
324
67
1989
1928
1451
189
1326
1265
970
742
353
527
830
64
51
0
0
5
0
0
0
0
0
0
0
8
0
218
577
285
7
0
5
11
0
0
0
0
0
4
3
0
0
0
0
0
0
1
9
0
0
0
0
0
0
2
11
0
0
0
0
0
0
4
9
0
0
0
0
0
0
12
0
0
0
0
0
0
0
8
0
0
0
0
0
0
1
11
0
0
0
0
0
0
2
11
0
0
0
0
0
0
6
0
0
0
0
0
0
3
7
0
0
0
0
0
0
2
10
0
0
0
0
0
0
65
179
697
172
0
0
6854
6793
6732
6671
6610
6549
6488
26
649
1724
1663
719
210
134
518
0
1517
1456
130
0
0
0
0
0
0
7
8
0
0
0
0
0
1
7
12
0
0
0
0
0
0
7
0
0
0
0
0
0
9
10
0
0
0
0
0
0
1
8
0
0
0
0
0
0
3
12
0
0
0
0
0
5
5
0
0
0
0
0
0
1
13
0
0
0
0
0
0
5
12
0
0
0
0
0
0
2
10
0
0
0
0
0
4
9
0
0
0
0
0
0
4
10
0
0
0
0
0
0
3
11
0
0
0
0
0
0
5
9
0
0
0
0
0
0
6
0
0
0
0
0
0
1
11
0
0
0
0
0
0
3
7
0
0
0
0
0
1
7
15
0
0
0
0
0
0
8
0
0
0
0
0
0
0
9
0
0
0
0
0
0
1
7
0
0
0
0
0
0
1
10
0
0
0
0
0
0
9
0
0
0
0
0
0
2
8
0
0
0
0
0
0
0
8
0
0
0
0
0
0
3
11
0
0
0
0
0
0
6
0
0
0
0
0
0
3
388
1699
1638
394
0
2905
2844
2783
896
0
0
0
19686
19625
19564
19503
19442
19381
19320
19259
19198
19137
19076
19015
18954
18893
18832
18771
18710
18649
18588
18527
2658
761
848
648
3882
3821
3760
3699
648
44
0
0
10260
10199
10138
10077
10016
9955
9894
9833
9772
9711
9650
179
0
0
0
0
0
1
9
0
0
0
0
0
0
2
14
0
0
0
0
0
4
6
0
0
0
0
0
0
0
6
0
0
0
0
0
0
2
10
0
0
0
0
0
0
0
15
0
0
0
0
0
0
7
0
0
0
0
0
0
7
8
0
0
0
0
0
0
6
11
0
0
0
0
0
0
3
12
0
0
0
0
0
0
12
0
0
0
0
0
0
2
7
0
0
0
0
0
0
1
16
0
0
0
0
0
0
4
9
0
0
0
0
0
0
6
0
0
0
0
0
0
5
8
0
0
0
0
0
0
3
6
0
0
0
0
0
0
8
13
0
0
0
0
0
0
8
0
0
0
0
0
0
0
8
0
0
0
0
0
0
5
12
0
0
0
0
0
0
8
6
0
0
0
0
0
0
4
0
0
0
0
0
0
0
15
0
0
0
0
0
0
0
14
0
0
0
0
0
0
4
16
0
0
0
0
0
0
4
0
0
0
0
0
0
7
5
0
0
0
0
0
0
0
14
0
0
0
0
0
0
2
17
0
0
0
0
0
2
2
0
0
0
0
0
0
0
11
0
0
0
0
0
0
5
4
0
0
0
0
0
0
5
14
0
0
0
0
0
0
6
0
0
0
0
0
0
0
7
0
0
0
0
0
0
3
2
0
0
0
0
0
0
8
18
0
0
0
0
0
0
7
0
0
0
0
0
0
3
7
0
0
0
0
0
0
8
9
0
0
0
0
0
0
3
10
0
0
0
0
0
0
8
0
0
0
0
0
0
2
9
0
0
0
0
0
0
0
11
0
0
0
0
0
0
8
8
0
0
0
0
0
0
9
0
0
0
0
0
0
7
8
0
0
0
0
0
0
2
7
0
0
0
0
0
0
0
10
0
0
0
0
0
0
6
0
0
0
0
0
0
0
6
0
0
0
0
0
0
1
11
0
0
0
0
0
0
5
14
0
0
0
0
0
0
3
0
0
0
0
0
0
0
5
0
0
0
0
0
0
3
15
0
0
0
0
0
0
6
11
0
0
0
0
0
0
2
0
0
0
0
0
0
5
10
0
0
0
0
0
0
0
9
0
0
0
0
0
0
4
14
0
0
0
0
0
2
4
0
0
0
0
0
0
2
6
0
0
0
0
0
0
2
10
0
0
0
0
0
0
10
15
0
0
0
0
0
0
13
0
0
0
0
0
0
0
6
0
0
0
0
0
0
2
9
0
0
0
0
0
0
6
15
0
0
0
0
0
1
9
0
0
0
0
0
0
6
5
0
0
0
0
0
0
2
11
0
0
0
0
0
0
2
11
0
0
0
0
0
0
3
0
0
0
0
0
0
1
10
0
0
0
0
0
0
0
6
0
0
0
0
0
0
4
4
0
0
0
0
0
0
5
0
0
0
0
0
0
2
10
0
0
0
0
0
0
0
12
0
0
0
0
0
0
6
9
0
0
0
0
0
0
12
0
0
0
0
0
0
0
8
0
0
0
0
0
0
6
8
0
0
0
0
0
0
6
16
0
0
0
0
0
0
7
0
0
0
0
0
0
3
11
0
0
0
0
0
0
1
15
0
0
0
0
0
0
3
12
0
0
0
0
0
0
6
0
0
0
0
0
0
0
11
0
0
0
0
0
0
0
14
0
0
0
0
0
0
5
18
0
0
0
0
0
0
5
0
0
0
0
0
0
0
10
0
0
0
0
0
0
0
14
0
0
0
0
0
0
10
12
0
0
0
0
0
0
6
0
0
0
0
0
0
2
14
0
0
0
0
0
0
4
6
0
0
0
0
0
0
6
14
0
0
0
0
0
0
8
0
0
0
0
0
0
0
2
0
0
0
0
0
0
7
12
0
0
0
0
0
0
3
11
0
0
0
0
0
0
13
0
0
0
0
0
0
4
7
0
0
0
0
0
0
4
10
0
0
0
0
0
0
6
10
0
0
0
0
0
0
5
0
0
0
0
0
0
0
4
0
0
0
0
0
0
3
14
0
0
0
0
0
0
8
16
0
0
0
0
0
0
6
0
0
0
0
0
0
3
8
0
0
0
0
0
0
2
11
0
0
0
0
0
0
4
8
0
0
0
0
0
0
8
0
0
0
0
0
0
0
7
0
0
0
0
0
0
1
15
0
0
0
0
0
0
10
12
0
0
0
0
0
0
9
0
0
0
0
0
0
0
9
0
0
0
0
0
0
0
10
0
0
0
0
0
0
10
10
0
0
0
0
0
0
4
0
0
0
0
0
0
0
6
0
0
0
0
0
0
1
9
0
0
0
0
0
0
2
13
0
0
0
0
0
0
1
0
0
0
0
0
0
0
6
0
0
0
0
0
0
2
13
0
0
0
0
0
0
0
10
0
0
0
0
0
0
11
0
0
0
0
0
0
3
5
0
0
0
0
0
0
0
7
0
0
0
0
0
0
3
11
0
0
0
0
0
0
4
0
0
0
0
0
0
0
7
0
0
0
0
0
0
5
12
0
0
0
0
0
0
4
10
0
0
0
0
0
0
5
0
0
0
0
0
0
4
10
0
0
0
0
0
0
0
8
0
0
0
0
0
0
2
7
0
0
0
0
0
0
5
0
0
0
0
0
0
2
7
0
0
0
0
0
0
2
7
0
0
0
0
0
0
3
14
0
0
0
0
0
2
3
0
0
0
0
0
0
0
10
0
0
0
0
0
0
0
10
0
0
0
0
0
0
7
9
0
0
0
0
0
0
6
0
0
0
0
0
0
0
13
0
0
0
0
0
0
4
13
0
0
0
0
0
0
8
9
0
0
0
0
0
0
2
0
0
0
0
0
0
0
7
0
0
0
0
0
0
1
13
0
0
0
0
0
0
5
14
0
0
0
0
0
0
5
0
0
0
0
0
0
0
8
0
0
0
0
0
0
1
13
0
0
0
0
0
0
6
14
0
0
0
0
0
0
8
0
0
0
0
0
0
0
9
0
0
0
0
0
0
2
11
0
0
0
0
0
0
11
11
0
0
0
0
0
0
6
0
0
0
0
0
0
2
8
0
0
0
0
0
0
1
8
0
0
0
0
0
0
2
11
0
0
0
0
0
0
5
0
0
0
0
0
0
0
5
0
0
0
0
0
0
4
12
0
0
0
0
0
0
0
13
0
0
0
0
0
0
6
0
0
0
0
0
0
0
9
0
0
0
0
0
0
10
11
0
0
0
0
0
0
0
11
0
0
0
0
0
0
2
0
0
0
0
0
0
0
10
0
0
0
0
0
0
1
8
0
0
0
0
0
0
9
9
0
0
0
0
0
5
3
0
0
0
0
0
0
0
3
0
0
0
0
0
0
0
14
0
0
0
0
0
1
4
12
0
0
0
0
0
0
6
0
0
0
0
0
0
0
7
0
0
0
0
0
0
1
10
0
0
0
0
0
0
3
13
0
0
0
0
0
0
9
0
0
0
0
0
0
0
4
0
0
0
0
0
0
2
10
0
0
0
0
0
0
5
9
0
0
0
0
0
0
5
0
0
0
0
0
0
0
6
0
0
0
0
0
0
5
9
0
0
0
0
0
0
6
14
0
0
0
0
0
1
8
0
0
0
0
0
0
1
5
0
0
0
0
0
0
1
11
0
0
0
0
0
0
0
11
0
0
0
0
0
0
10
0
0
0
0
0
0
0
7
0
0
0
0
0
0
5
6
0
0
0
0
0
0
4
12
0
0
0
0
0
0
7
0
0
0
0
0
0
4
7
0
0
0
0
0
0
0
15
0
0
0
0
0
0
6
13
0
0
0
0
0
1
4
0
0
0
0
0
0
2
15
0
0
0
0
0
0
2
15
0
0
0
0
0
0
1
9
0
0
0
0
0
1
9
0
0
0
0
0
0
0
7
0
0
0
0
0
0
0
9
0
0
0
0
0
0
1
16
0
0
0
0
0
3
9
0
0
0
0
0
0
0
10
0
0
0
0
0
0
0
8
0
0
0
0
0
0
9
12
0
0
0
0
0
0
5
0
0
0
0
0
0
0
7
0
0
0
0
0
0
2
6
0
0
0
0
0
0
4
13
0
0
0
0
0
0
13
0
0
0
0
0
0
0
5
0
0
0
0
0
0
2
7
0
0
0
0
0
0
5
14
0
0
0
0
0
4
8
0
0
0
0
0
0
2
3
0
0
0
0
0
0
0
5
0
0
0
0
0
0
8
12
0
0
0
0
0
1
6
0
0
0
0
0
0
0
8
0
0
0
0
0
0
0
11
0
0
0
0
0
1
1
13
0
0
0
0
0
4
9
0
0
0
0
0
0
0
4
0
0
0
0
0
0
0
8
0
0
0
0
0
0
5
16
0
0
0
0
0
0
4
0
0
0
0
0
0
0
6
0
0
0
0
0
0
0
8
0
0
0
0
0
0
2
16
0
0
0
0
0
0
12
0
0
0
0
0
0
0
3
0
0
0
0
0
0
1
10
0
0
0
0
0
0
8
14
0
0
0
0
0
1
6
0
0
0
0
0
0
0
5
0
0
0
0
0
0
0
18
0
0
0
0
0
0
3
12
0
0
0
0
0
0
3
0
0
0
0
0
0
0
11
0
0
0
0
0
0
3
12
0
0
0
0
0
0
0
9
0
0
0
0
0
0
3
0
0
0
0
0
0
1
8
0
0
0
0
0
0
2
12
0
0
0
0
0
0
2
12
0
0
0
0
0
0
1
0
0
0
0
0
0
4
13
0
0
0
0
0
0
0
8
0
0
0
0
0
0
2
10
0
0
0
0
0
0
16
0
0
0
0
0
0
2
10
0
0
0
0
0
0
0
3
0
0
0
0
0
0
2
16
0
0
0
0
0
0
7
0
0
0
0
0
0
0
6
0
0
0
0
0
0
0
10
0
0
0
0
0
0
7
12
0
0
0
0
0
0
5
0
0
0
0
0
0
0
12
0
0
0
0
0
0
0
3
0
0
0
0
0
0
6
15
0
0
0
0
0
0
13
0
0
0
0
0
0
0
7
0
0
0
0
0
0
0
7
0
0
0
0
0
0
5
9
0
0
0
0
0
0
10
0
0
0
0
0
0
0
4
0
0
0
0
0
0
0
9
0
0
0
0
0
0
5
19
0
0
0
0
0
0
5
0
0
0
0
0
0
0
9
0
0
0
0
0
0
1
13
0
0
0
0
0
0
1
12
0
0
0
0
0
0
7
0
0
0
0
0
0
0
12
0
0
0
0
0
0
5
8
0
0
0
0
0
1
8
12
0
0
0
0
0
0
3
0
0
0
0
0
0
6
7
0
0
0
0
0
0
1
2
0
0
0
0
0
0
5
13
0
0
0
0
0
0
13
0
0
0
0
0
0
0
10
0
0
0
0
0
0
3
4
0
0
0
0
0
0
6
8
0
0
0
0
0
0
8
0
0
0
0
0
0
0
5
0
0
0
0
0
0
1
11
0
0
0
0
0
0
6
10
0
0
0
0
0
1
7
0
0
0
0
0
0
3
11
0
0
0
0
0
0
0
6
0
0
0
0
0
0
3
11
0
0
0
0
0
6
15
0
0
0
0
0
0
4
13
0
0
0
0
0
0
1
7
0
0
0
0
0
0
3
10
0
0
0
0
0
5
0
0
0
0
0
0
0
0
13
0
0
0
0
0
0
5
7
0
0
0
0
0
0
5
15
0
0
0
0
0
0
2
0
0
0
0
0
0
0
8
0
0
0
0
0
0
6
18
0
0
0
0
0
0
3
11
0
0
0
0
0
0
5
0
0
0
0
0
0
0
13
0
0
0
0
0
0
0
14
0
0
0
0
0
0
7
15
0
0
0
0
0
0
9
0
0
0
0
0
0
0
8
0
0
0
0
0
0
0
11
0
0
0
0
0
0
4
13
0
0
0
0
0
0
4
0
0
0
0
0
0
0
8
0
0
0
0
0
0
7
15
0
0
0
0
0
0
7
13
0
0
0
0
0
0
6
0
0
0
0
0
0
0
6
0
0
0
0
0
0
4
15
0
0
0
0
0
0
3
14
0
0
0
0
0
0
1
0
0
0
0
0
0
0
9
0
0
0
0
0
0
2
9
0
0
0
0
0
0
5
17
0
0
0
0
0
0
5
0
0
0
0
0
0
0
5
0
0
0
0
0
0
0
10
0
0
0
0
0
0
7
11
0
0
0
0
0
0
6
0
0
0
0
0
0
0
5
0
0
0
0
0
0
1
12
0
0
0
0
0
0
1
15
0
0
0
0
0
0
9
0
0
0
0
0
0
0
10
0
0
0
0
0
0
0
5
0
0
0
0
0
0
5
13
0
0
0
0
0
0
6
0
0
0
0
0
0
0
10
0
0
0
0
0
0
0
12
0
0
0
0
0
0
7
18
0
0
0
0
0
0
6
0
0
0
0
0
0
0
5
0
0
0
0
0
0
3
10
0
0
0
0
0
0
7
12
0
0
0
0
0
0
5
0
0
0
0
0
0
0
11
0
0
0
0
0
0
0
7
0
0
0
0
0
0
3
11
0
0
0
0
0
0
8
0
0
0
0
0
0
4
7
0
0
0
0
0
0
0
11
0
0
0
0
0
0
8
9
0
0
0
0
0
0
4
0
0
0
0
0
0
0
10
0
0
0
0
0
0
2
14
0
0
0
0
0
0
3
9
0
0
0
0
0
0
6
0
0
0
0
0
0
1
14
0
0
0
0
0
0
2
5
0
0
0
0
0
0
4
12
0
0
0
0
0
2
5
0
0
0
0
0
0
0
8
0
0
0
0
0
0
0
9
0
0
0
0
0
0
7
11
0
0
0
0
0
0
6
0
0
0
0
0
0
0
6
0
0
0
0
0
0
4
4
0
0
0
0
0
0
6
14
0
0
0
0
0
0
7
0
0
0
0
0
0
0
11
0
0
0
0
0
0
0
7
0
0
0
0
0
0
1
13
0
0
0
0
0
0
3
0
0
0
0
0
0
5
4
0
0
0
0
0
0
0
6
0
0
0
0
0
0
3
14
0
0
0
0
0
0
10
0
0
0
0
0
0
1
4
0
0
0
0
0
0
0
10
0
0
0
0
0
0
6
21
0
0
0
0
0
0
6
0
0
0
0
0
0
0
5
0
0
0
0
0
0
4
7
0
0
0
0
0
0
8
16
0
0
0
0
0
5
8
0
0
0
0
0
0
0
9
0
0
0
0
0
0
1
10
0
0
0
0
0
0
8
6
0
0
0
0
0
0
15
0
0
0
0
0
0
0
1
0
0
0
0
0
0
0
13
0
0
0
0
0
6
7
14
0
0
0
0
0
0
7
0
0
0
0
0
0
0
6
0
0
0
0
0
0
9
14
0
0
0
0
0
0
4
16
0
0
0
0
0
0
6
0
0
0
0
0
0
0
9
0
0
0
0
0
0
15
11
0
0
0
0
0
0
1
12
0
0
0
0
0
0
2
0
0
0
0
0
0
0
7
0
0
0
0
0
0
6
8
0
0
0
0
0
0
2
11
0
0
0
0
0
0
3
0
0
0
0
0
0
10
8
0
0
0
0
0
0
2
13
0
0
0
0
0
0
1
10
0
0
0
0
0
0
11
0
0
0
0
0
0
0
14
0
0
0
0
0
0
0
11
0
0
0
0
0
0
1
9
0
0
0
0
0
0
9
0
0
0
0
0
0
1
11
0
0
0
0
0
0
0
6
0
0
0
0
0
0
3
9
0
0
0
0
0
0
7
0
0
0
0
0
0
2
13
0
0
0
0
0
0
0
7
0
0
0
0
0
0
8
17
0
0
0
0
0
2
7
0
0
0
0
0
0
0
5
0
0
0
0
0
0
0
9
0
0
0
0
0
0
7
11
0
0
0
0
0
0
9
0
0
0
0
0
0
3
5
0
0
0
0
0
0
0
7
0
0
0
0
0
1
3
8
0
0
0
0
0
0
5
0
0
0
0
0
0
0
4
0
0
0
0
0
0
3
7
0
0
0
0
0
0
8
14
0
0
0
0
0
0
6
0
0
0
0
0
0
0
4
0
0
0
0
0
0
2
12
0
0
0
0
0
0
5
12
0
0
0
0
0
0
3
0
0
0
0
0
0
0
9
0
0
0
0
0
0
8
12
0
0
0
0
0
0
0
12
0
0
0
0
0
0
3
0
0
0
0
0
0
0
8
0
0
0
0
0
0
0
10
0
0
0
0
0
0
2
8
0
0
0
0
0
0
4
0
0
0
0
0
0
1
9
0
0
0
0
0
0
0
11
0
0
0
0
0
0
0
10
0
0
0
0
0
1
9
0
0
0
0
0
0
0
0
0
0
0
0
0
0
0
11
0
0
0
0
0
0
1
12
0
0
0
0
0
0
6
0
0
0
0
0
0
0
9
0
0
0
0
0
0
0
10
0
0
0
0
0
0
2
16
0
0
0
0
0
0
7
0
0
0
0
0
0
0
7
0
0
0
0
0
0
0
11
0
0
0
0
0
3
3
13
0
0
0
0
0
0
3
0
0
0
0
0
0
0
4
0
0
0
0
0
0
0
10
0
0
0
0
0
0
0
14
0
0
0
0
0
0
5
0
0
0
0
0
0
0
7
0
0
0
0
0
0
4
14
0
0
0
0
0
0
3
12
0
0
0
0
0
1
3
0
0
0
0
0
0
0
2
0
0
0
0
0
0
0
6
0
0
0
0
0
2
4
12
0
0
0
0
0
0
7
0
0
0
0
0
0
2
8
0
0
0
0
0
0
8
8
0
0
0
0
0
0
8
8
0
0
0
0
0
0
1
0
0
0
0
0
0
5
9
0
0
0
0
0
0
7
15
0
0
0
0
0
0
2
10
0
0
0
0
0
0
9
0
0
0
0
0
2
4
10
0
0
0
0
0
0
3
4
0
0
0
0
0
0
4
17
0
0
0
0
0
0
12
0
0
0
0
0
0
0
8
0
0
0
0
0
0
0
10
0
0
0
0
0
0
4
11
0
0
0
0
0
1
3
0
0
0
0
0
0
2
5
0
0
0
0
0
0
0
8
0
0
0
0
0
0
2
14
0
0
0
0
0
6
7
0
0
0
0
0
0
0
5
0
0
0
0
0
0
0
7
0
0
0
0
0
0
13
11
0
0
0
0
0
0
9
0
0
0
0
0
0
0
2
0
0
0
0
0
0
0
11
0
0
0
0
0
0
12
17
0
0
0
0
0
1
11
0
0
0
0
0
0
0
2
0
0
0
0
0
0
4
11
0
0
0
0
0
0
4
15
0
0
0
0
0
0
6
0
0
0
0
0
0
0
5
0
0
0
0
0
0
8
9
0
0
0
0
0
0
6
9
0
0
0
0
0
0
0
0
0
0
0
0
0
0
3
0
0
0
0
0
0
5
12
0
0
0
0
0
0
4
13
0
0
0
0
0
0
0
0
0
0
0
0
0
6
10
0
0
0
0
0
0
5
14
0
0
0
0
0
0
1
9
0
0
0
0
0
0
3
0
0
0
0
0
0
3
10
0
0
0
0
0
0
5
15
0
0
0
0
0
0
4
12
0
0
0
0
0
1
6
0
0
0
0
0
0
4
10
0
0
0
0
0
0
7
10
0
0
0
0
0
0
3
9
0
0
0
0
0
3
14
0
0
0
0
0
0
4
8
0
0
0
0
0
0
0
6
0
0
0
0
0
0
1
7
0
0
0
0
0
0
5
0
0
0
0
0
0
0
8
0
0
0
0
0
0
0
8
0
0
0
0
0
0
2
6
0
0
0
0
0
0
9
0
0
0
0
0
0
2
6
0
0
0
0
0
0
0
9
0
0
0
0
0
0
5
13
0
0
0
0
0
0
11
0
0
0
0
0
0
0
8
0
0
0
0
0
0
1
11
0
0
0
0
0
1
9
11
0
0
0
0
0
0
4
0
0
0
0
0
0
0
6
0
0
0
0
0
0
2
13
0
0
0
0
0
0
7
15
0
0
0
0
0
0
4
0
0
0
0
0
0
0
6
0
0
0
0
0
0
7
11
0
0
0
0
0
0
4
12
0
0
0
0
0
0
2
0
0
0
0
0
0
0
8
0
0
0
0
0
0
1
13
0
0
0
0
0
0
0
14
0
0
0
0
0
0
2
0
0
0
0
0
0
4
9
0
0
0
0
0
0
0
9
0
0
0
0
0
0
0
9
0
0
0
0
0
0
4
0
0
0
0
0
0
0
5
0
0
0
0
0
0
5
13
0
0
0
0
0
0
1
12
0
0
0
0
0
0
5
0
0
0
0
0
0
0
12
0
0
0
0
0
0
7
9
0
0
0
0
0
0
0
15
0
0
0
0
0
4
6
0
0
0
0
0
0
1
9
0
0
0
0
0
0
1
5
0
0
0
0
0
0
8
9
0
0
0
0
0
0
8
0
0
0
0
0
0
3
12
0
0
0
0
0
0
0
11
0
0
0
0
0
0
0
11
0
0
0
0
0
0
10
0
0
0
0
0
0
9
5
0
0
0
0
0
0
0
8
0
0
0
0
0
0
6
16
0
0
0
0
0
2
6
0
0
0
0
0
0
2
9
0
0
0
0
0
0
4
10
0
0
0
0
0
0
13
12
0
0
0
0
0
1
13
0
0
0
0
0
0
0
9
0
0
0
0
0
0
3
11
0
0
0
0
0
0
3
11
0
0
0
0
0
2
5
0
0
0
0
0
0
0
3
0
0
0
0
0
1
4
14
0
0
0
0
0
0
4
9
0
0
0
0
0
0
5
0
0
0
0
0
0
2
5
0
0
0
0
0
0
8
10
0
0
0
0
0
1
5
12
0
0
0
0
0
0
3
0
0
0
0
0
0
0
7
0
0
0
0
0
0
3
14
0
0
0
0
0
0
3
6
0
0
0
0
0
0
7
0
0
0
0
0
0
3
10
0
0
0
0
0
0
0
11
0
0
0
0
0
0
0
12
0
0
0
0
0
0
4
0
0
0
0
0
0
0
9
0
0
0
0
0
0
2
10
0
0
0
0
0
0
0
12
0
0
0
0
0
0
4
0
0
0
0
0
0
1
5
0
0
0
0
0
0
7
14
0
0
0
0
0
0
0
8
0
0
0
0
0
0
2
0
0
0
0
0
0
4
14
0
0
0
0
0
0
2
12
0
0
0
0
0
0
6
9
0
0
0
0
0
3
8
0
0
0
0
0
0
2
5
0
0
0
0
0
0
0
4
0
0
0
0
0
0
1
14
0
0
0
0
0
0
6
0
0
0
0
0
0
0
3
0
0
0
0
0
0
0
10
0
0
0
0
0
0
9
10
0
0
0
0
0
2
9
0
0
0
0
0
0
0
5
0
0
0
0
0
0
0
7
0
0
0
0
0
0
3
13
0
0
0
0
0
1
8
0
0
0
0
0
0
0
5
0
0
0
0
0
0
0
7
0
0
0
0
0
5
8
13
0
0
0
0
0
3
10
0
0
0
0
0
0
0
8
0
0
0
0
0
0
0
10
0
0
0
0
0
0
4
14
0
0
0
0
0
0
7
0
0
0
0
0
0
0
2
0
0
0
0
0
0
1
9
0
0
0
0
0
0
7
16
0
0
0
0
0
0
6
0
0
0
0
0
0
0
4
0
0
0
0
0
0
7
13
0
0
0
0
0
4
2
13
0
0
0
0
0
0
5
0
0
0
0
0
0
0
6
0
0
0
0
0
0
5
14
0
0
0
0
0
0
2
10
0
0
0
0
0
0
4
0
0
0
0
0
0
0
16
0
0
0
0
0
0
0
12
0
0
0
0
0
0
1
9
0
0
0
0
0
0
2
0
0
0
0
0
0
2
8
0
0
0
0
0
0
5
12
0
0
0
0
0
0
5
9
0
0
0
0
0
0
1
0
0
0
0
0
0
1
9
0
0
0
0
0
0
3
10
0
0
0
0
0
0
0
9
0
0
0
0
0
0
11
0
0
0
0
0
0
0
6
0
0
0
0
0
0
0
10
0
0
0
0
0
0
3
11
0
0
0
0
0
0
10
0
0
0
0
0
0
0
4
0
0
0
0
0
0
0
10
0
0
0
0
0
0
3
10
0
0
0
0
0
0
6
0
0
0
0
0
0
0
13
0
0
0
0
0
0
0
10
0
0
0
0
0
0
0
12
0
0
0
0
0
0
5
0
0
0
0
0
0
0
4
0
0
0
0
0
0
0
10
0
0
0
0
0
1
5
11
0
0
0
0
0
2
8
0
0
0
0
0
0
0
4
0
0
0
0
0
0
0
8
0
0
0
0
0
2
12
17
0
0
0
0
0
0
12
0
0
0
0
0
0
0
4
0
0
0
0
0
0
7
17
0
0
0
0
0
0
7
18
0
0
0
0
0
0
6
0
0
0
0
0
0
0
13
0
0
0
0
0
0
4
10
0
0
0
0
0
0
10
11
0
0
0
0
0
0
1
0
0
0
0
0
0
0
6
0
0
0
0
0
0
11
12
0
0
0
0
0
0
3
11
0
0
0
0
0
0
6
0
0
0
0
0
0
4
4
0
0
0
0
0
0
3
11
0
0
0
0
0
0
7
10
0
0
0
0
0
0
7
0
0
0
0
0
0
4
10
0
0
0
0
0
0
3
9
0
0
0
0
0
0
1
10
0
0
0
0
0
1
4
0
0
0
0
0
0
5
12
0
0
0
0
0
0
0
9
0
0
0
0
0
0
0
8
0
0
0
0
0
2
8
0
0
0
0
0
0
4
10
0
0
0
0
0
0
1
6
0
0
0
0
0
0
1
12
0
0
0
0
0
0
11
0
0
0
0
0
0
4
6
0
0
0
0
0
0
3
6
0
0
0
0
0
0
10
15
0
0
0
0
0
0
10
0
0
0
0
0
0
0
2
0
0
0
0
0
0
1
10
0
0
0
0
0
0
6
9
0
0
0
0
0
0
3
0
0
0
0
0
0
0
8
0
0
0
0
0
0
0
15
0
0
0
0
0
0
12
10
0
0
0
0
0
0
5
0
0
0
0
0
0
0
5
0
0
0
0
0
0
10
13
0
0
0
0
0
0
6
19
0
0
0
0
0
0
5
0
0
0
0
0
0
0
9
0
0
0
0
0
0
4
14
0
0
0
0
0
0
10
18
0
0
0
0
0
0
0
0
0
0
0
0
0
0
2
0
0
0
0
0
0
8
11
0
0
0
0
0
0
8
13
0
0
0
0
0
0
4
0
0
0
0
0
0
0
11
0
0
0
0
0
0
2
10
0
0
0
0
0
0
1
6
0
0
0
0
0
0
3
0
0
0
0
0
0
0
5
0
0
0
0
0
0
8
14
0
0
0
0
0
0
2
7
0
0
0
0
0
0
5
0
0
0
0
0
0
6
11
0
0
0
0
0
0
3
13
0
0
0
0
0
0
2
5
0
0
0
0
0
3
6
0
0
0
0
0
0
4
11
0
0
0
0
0
0
0
8
0
0
0
0
0
0
3
13
0
0
0
0
0
0
9
0
0
0
0
0
0
0
10
0
0
0
0
0
0
2
9
0
0
0
0
0
0
2
15
0
0
0
0
0
0
12
0
0
0
0
0
0
0
10
0
0
0
0
0
0
0
6
0
0
0
0
0
0
8
12
0
0
0
0
0
4
7
0
0
0
0
0
0
0
5
0
0
0
0
0
0
0
10
0
0
0
0
0
0
6
8
0
0
0
0
0
0
9
0
0
0
0
0
0
0
7
0
0
0
0
0
0
0
6
0
0
0
0
0
0
4
17
0
0
0
0
0
0
8
0
0
0
0
0
0
0
5
0
0
0
0
0
0
6
15
0
0
0
0
0
8
8
14
0
0
0
0
0
0
2
0
0
0
0
0
0
0
7
0
0
0
0
0
0
12
8
0
0
0
0
0
0
5
11
0
0
0
0
0
0
8
0
0
0
0
0
0
6
10
0
0
0
0
0
0
7
12
0
0
0
0
0
0
1
4
0
0
0
0
0
0
4
0
0
0
0
0
0
0
9
0
0
0
0
0
0
3
9
0
0
0
0
0
0
6
13
0
0
0
0
0
0
8
0
0
0
0
0
0
0
11
0
0
0
0
0
0
3
5
0
0
0
0
0
0
4
9
0
0
0
0
0
0
8
0
0
0
0
0
0
1
11
0
0
0
0
0
0
0
10
0
0
0
0
0
0
1
11
0
0
0
0
0
0
9
0
0
0
0
0
0
1
4
0
0
0
0
0
0
0
6
0
0
0
0
0
2
3
13
0
0
0
0
0
0
10
0
0
0
0
0
0
0
3
0
0
0
0
0
0
0
7
0
0
0
0
0
3
4
9
0
0
0
0
0
3
0
0
0
0
0
0
0
0
4
0
0
0
0
0
0
0
9
0
0
0
0
0
0
6
16
0
0
0
0
0
2
5
0
0
0
0
0
0
0
1
0
0
0
0
0
0
5
9
0
0
0
0
0
0
5
16
0
0
0
0
0
0
2
0
0
0
0
0
0
2
11
0
0
0
0
0
0
5
13
0
0
0
0
0
1
7
12
0
0
0
0
0
0
0
0
0
0
0
0
0
0
11
0
0
0
0
0
1
6
11
0
0
0
0
0
0
1
4
0
0
0
0
0
0
6
0
0
0
0
0
0
0
13
0
0
0
0
0
0
5
12
0
0
0
0
0
0
0
11
0
0
0
0
0
0
5
0
0
0
0
0
0
3
5
0
0
0
0
0
0
0
13
0
0
0
0
0
0
2
8
0
0
0
0
0
0
8
0
0
0
0
0
0
0
13
0
0
0
0
0
0
1
9
0
0
0
0
0
0
1
10
0
0
0
0
0
0
8
0
0
0
0
0
0
0
10
0
0
0
0
0
0
0
6
0
0
0
0
0
0
1
6
0
0
0
0
0
3
10
0
0
0
0
0
0
0
7
0
0
0
0
0
0
0
6
0
0
0
0
0
0
2
13
0
0
0
0
0
0
7
0
0
0
0
0
0
0
11
0
0
0
0
0
0
0
8
0
0
0
0
0
0
4
12
0
0
0
0
0
0
3
0
0
0
0
0
0
0
10
0
0
0
0
0
0
0
7
0
0
0
0
0
0
3
15
0
0
0
0
0
3
5
0
0
0
0
0
0
0
6
0
0
0
0
0
0
1
15
0
0
0
0
0
0
11
19
0
0
0
0
0
0
5
0
0
0
0
0
0
0
2
0
0
0
0
0
0
2
15
0
0
0
0
0
2
4
11
0
0
0
0
0
0
2
0
0
0
0
0
0
0
4
0
0
0
0
0
0
0
13
0
0
0
0
0
0
0
14
0
0
0
0
0
0
6
0
0
0
0
0
0
0
9
0
0
0
0
0
0
4
11
0
0
0
0
0
0
4
9
0
0
0
0
0
0
3
0
0
0
0
0
0
3
10
0
0
0
0
0
0
8
13
0
0
0
0
0
0
0
8
0
0
0
0
0
0
6
0
0
0
0
0
0
0
16
0
0
0
0
0
0
0
9
0
0
0
0
0
0
0
8
0
0
0
0
0
3
10
0
0
0
0
0
0
6
11
0
0
0
0
0
0
0
5
0
0
0
0
0
0
2
11
0
0
0
0
0
0
2
0
0
0
0
0
0
0
5
0
0
0
0
0
0
0
5
0
0
0
0
0
0
10
12
0
0
0
0
0
0
10
0
0
0
0
0
0
0
4
0
0
0
0
0
0
0
8
0
0
0
0
0
1
5
17
0
0
0
0
0
0
6
0
0
0
0
0
0
0
10
0
0
0
0
0
0
0
10
0
0
0
0
0
0
5
12
0
0
0
0
0
0
7
0
0
0
0
0
0
0
4
0
0
0
0
0
0
0
12
0
0
0
0
0
0
2
12
0
0
0
0
0
2
6
0
0
0
0
0
0
0
3
0
0
0
0
0
0
6
12
0
0
0
0
0
0
1
12
0
0
0
0
0
0
5
0
0
0
0
0
0
0
6
0
0
0
0
0
0
0
11
0
0
0
0
0
0
6
12
0
0
0
0
0
0
12
0
0
0
0
0
0
0
6
0
0
0
0
0
0
5
7
0
0
0
0
0
0
2
10
0
0
0
0
0
1
4
0
0
0
0
0
0
0
12
0
0
0
0
0
0
4
14
0
0
0
0
0
0
3
11
0
0
0
0
0
0
3
0
0
0
0
0
0
0
15
0
0
0
0
0
0
8
8
0
0
0
0
0
0
4
11
0
0
0
0
0
0
7
0
0
0
0
0
0
0
14
0
0
0
0
0
0
0
5
0
0
0
0
0
0
1
18
0
0
0
0
0
0
10
0
0
0
0
0
0
0
17
0
0
0
0
0
0
1
7
0
0
0
0
0
0
2
8
0
0
0
0
0
0
4
0
0
0
0
0
0
0
12
0
0
0
0
0
0
0
9
0
0
0
0
0
0
6
7
0
0
0
0
0
0
5
0
0
0
0
0
0
1
6
0
0
0
0
0
0
1
3
0
0
0
0
0
0
0
10
0
0
0
0
0
3
10
0
0
0
0
0
0
7
13
0
0
0
0
0
0
0
9
0
0
0
0
0
0
7
15
0
0
0
0
0
0
8
0
0
0
0
0
0
4
3
0
0
0
0
0
0
0
9
0
0
0
0
0
1
8
11
0
0
0
0
0
1
3
0
0
0
0
0
0
0
2
0
0
0
0
0
0
0
11
0
0
0
0
0
0
7
10
0
0
0
0
0
0
1
0
0
0
0
0
0
0
8
0
0
0
0
0
0
1
8
0
0
0
0
0
0
4
12
0
0
0
0
0
0
4
0
0
0
0
0
0
0
7
0
0
0
0
0
0
4
11
0
0
0
0
0
1
5
13
0
0
0
0
0
0
0
0
0
0
0
0
0
0
14
0
0
0
0
0
0
7
7
0
0
0
0
0
1
1
7
0
0
0
0
0
0
3
0
0
0
0
0
0
0
10
0
0
0
0
0
0
0
6
0
0
0
0
0
0
0
11
0
0
0
0
0
0
5
0
0
0
0
0
0
7
10
0
0
0
0
0
0
0
6
0
0
0
0
0
0
0
10
0
0
0
0
0
0
7
0
0
0
0
0
0
3
10
0
0
0
0
0
0
6
8
0
0
0
0
0
0
2
6
0
0
0
0
0
0
13
0
0
0
0
0
0
2
5
0
0
0
0
0
0
0
10
0
0
0
0
0
1
10
9
0
0
0
0
0
0
11
0
0
0
0
0
0
5
8
0
0
0
0
0
0
0
9
0
0
0
0
0
0
10
22
0
0
0
0
0
2
10
0
0
0
0
0
0
0
5
0
0
0
0
0
0
5
10
0
0
0
0
0
0
8
13
0
0
0
0
0
0
7
0
0
0
0
0
0
0
3
0
0
0
0
0
1
5
19
0
0
0
0
0
0
3
18
0
0
0
0
0
0
7
0
0
0
0
0
0
0
12
0
0
0
0
0
0
1
6
0
0
0
0
0
0
1
15
0
0
0
0
0
0
3
0
0
0
0
0
0
0
6
0
0
0
0
0
0
2
8
0
0
0
0
0
0
4
9
0
0
0
0
0
0
3
0
0
0
0
0
0
2
16
0
0
0
0
0
0
6
7
0
0
0
0
0
0
1
4
0
0
0
0
0
0
2
0
0
0
0
0
0
0
9
0
0
0
0
0
0
7
11
0
0
0
0
0
0
3
10
0
0
0
0
0
0
7
0
0
0
0
0
0
2
5
0
0
0
0
0
0
0
8
0
0
0
0
0
0
0
9
0
0
0
0
0
0
3
0
0
0
0
0
0
3
6
0
0
0
0
0
0
5
9
0
0
0
0
0
0
2
9
0
0
0
0
0
0
5
0
0
0
0
0
0
0
11
0
0
0
0
0
0
0
1
0
0
0
0
0
0
0
12
0
0
0
0
0
0
11
0
0
0
0
0
0
3
11
0
0
0
0
0
0
0
6
0
0
0
0
0
0
7
20
0
0
0
0
0
0
9
0
0
0
0
0
0
0
2
0
0
0
0
0
0
3
14
0
0
0
0
0
0
4
12
0
0
0
0
0
0
6
0
0
0
0
0
0
0
7
0
0
0
0
0
0
1
7
0
0
0
0
0
0
8
15
0
0
0
0
0
0
8
0
0
0
0
0
0
0
8
0
0
0
0
0
0
0
9
0
0
0
0
0
0
6
15
0
0
0
0
0
0
5
0
0
0
0
0
0
0
5
0
0
0
0
0
0
2
13
0
0
0
0
0
0
7
13
0
0
0
0
0
0
1
0
0
0
0
0
0
0
4
0
0
0
0
0
0
4
10
0
0
0
0
0
0
5
13
0
0
0
0
0
0
3
0
0
0
0
0
0
0
12
0
0
0
0
0
0
2
11
0
0
0
0
0
0
0
9
0
0
0
0
0
0
6
0
0
0
0
0
0
4
12
0
0
0
0
0
0
1
12
0
0
0
0
0
0
4
9
0
0
0
0
0
0
4
0
0
0
0
0
0
7
9
0
0
0
0
0
0
3
7
0
0
0
0
0
0
2
6
0
0
0
0
0
3
4
0
0
0
0
0
0
3
7
0
0
0
0
0
0
0
5
0
0
0
0
0
0
0
10
0
0
0
0
0
0
0
0
0
0
0
0
0
3
7
0
0
0
0
0
0
2
11
0
0
0
0
0
0
5
25
0
0
0
0
0
0
6
0
0
0
0
0
0
0
7
0
0
0
0
0
0
1
10
0
0
0
0
0
0
11
14
0
0
0
0
0
0
7
0
0
0
0
0
0
0
4
0
0
0
0
0
0
3
6
0
0
0
0
0
0
10
22
0
0
0
0
0
0
12
0
0
0
0
0
0
0
4
0
0
0
0
0
0
7
7
0
0
0
0
0
1
8
10
0
0
0
0
0
0
4
0
0
0
0
0
0
0
4
0
0
0
0
0
0
5
13
0
0
0
0
0
4
0
17
0
0
0
0
0
0
3
0
0
0
0
0
0
0
1
0
0
0
0
0
0
2
11
0
0
0
0
0
0
10
12
0
0
0
0
0
0
6
0
0
0
0
0
0
1
9
0
0
0
0
0
0
7
9
0
0
0
0
0
0
1
7
0
0
0
0
0
0
7
0
0
0
0
0
0
0
12
0
0
0
0
0
0
1
12
0
0
0
0
0
0
3
14
0
0
0
0
0
0
4
0
0
0
0
0
0
0
8
0
0
0
0
0
0
10
6
0
0
0
0
0
0
8
15
0
0
0
0
0
0
10
0
0
0
0
0
0
2
8
0
0
0
0
0
0
0
10
0
0
0
0
0
0
8
15
0
0
0
0
0
4
7
0
0
0
0
0
0
0
11
0
0
0
0
0
0
0
10
0
0
0
0
0
0
4
13
0
0
0
0
0
1
6
0
0
0
0
0
0
0
4
0
0
0
0
0
0
0
6
0
0
0
0
0
0
8
15
0
0
0
0
0
0
13
0
0
0
0
0
0
1
7
0
0
0
0
0
0
0
11
0
0
0
0
0
0
6
14
0
0
0
0
1
0
11
0
0
0
0
0
0
0
3
0
0
0
0
0
0
0
12
0
0
0
0
0
0
4
10
0
0
0
0
0
0
8
0
0
0
0
0
0
0
6
0
0
0
0
0
0
0
12
0
0
0
0
0
2
2
14
0
0
0
0
0
0
10
0
0
0
0
0
0
0
5
0
0
0
0
0
0
0
3
0
0
0
0
0
0
8
14
0
0
0
0
0
0
10
0
0
0
0
0
0
0
7
0
0
0
0
0
0
3
4
0
0
0
0
0
0
5
13
0
0
0
0
0
0
10
0
0
0
0
0
0
0
2
0
0
0
0
0
0
5
11
0
0
0
0
0
1
9
17
0
0
0
0
0
3
4
0
0
0
0
0
0
0
3
0
0
0
0
0
0
1
6
0
0
0
0
0
2
7
8
0
0
0
0
0
0
4
0
0
0
0
0
0
0
5
0
0
0
0
0
0
0
15
0
0
0
0
0
2
7
8
0
0
0
0
0
0
1
0
0
0
0
0
0
0
8
0
0
0
0
0
0
9
16
0
0
0
0
0
0
3
8
0
0
0
0
0
0
3
0
0
0
0
0
0
2
9
0
0
0
0
0
0
7
14
0
0
0
0
0
0
1
11
0
0
0
0
0
0
6
0
0
0
0
0
0
0
9
0
0
0
0
0
0
4
12
0
0
0
0
0
0
6
9
0
0
0
0
0
0
10
0
0
0
0
0
0
1
7
0
0
0
0
0
0
0
13
0
0
0
0
0
0
3
11
0
0
0
0
0
1
8
0
0
0
0
0
0
6
12
0
0
0
0
0
0
0
8
0
0
0
0
0
0
0
11
0
0
0
0
0
0
9
0
0
0
0
0
0
1
7
0
0
0
0
0
0
0
12
0
0
0
0
0
0
1
11
0
0
0
0
0
4
5
0
0
0
0
0
0
0
5
0
0
0
0
0
0
0
9
0
0
0
0
0
0
5
12
0
0
0
0
0
0
5
0
0
0
0
0
0
6
4
0
0
0
0
0
0
2
7
0
0
0
0
0
0
7
15
0
0
0
0
0
0
4
0
0
0
0
0
0
0
8
0
0
0
0
0
0
7
9
0
0
0
0
0
0
4
18
0
0
0
0
0
1
4
0
0
0
0
0
0
0
8
0
0
0
0
0
0
0
12
0
0
0
0
0
0
7
9
0
0
0
0
0
0
4
0
0
0
0
0
0
0
13
0
0
0
0
0
0
0
7
0
0
0
0
0
0
6
12
0
0
0
0
0
0
7
0
0
0
0
0
0
0
13
0
0
0
0
0
0
3
16
0
0
0
0
0
0
1
9
0
0
0
0
0
0
4
0
0
0
0
0
0
0
10
0
0
0
0
0
0
8
10
0
0
0
0
0
0
0
8
0
0
0
0
0
0
1
0
0
0
0
0
0
3
13
0
0
0
0
0
0
1
9
0
0
0
0
0
0
3
8
0
0
0
0
0
0
4
0
0
0
0
0
0
0
4
0
0
0
0
0
0
1
8
0
0
0
0
0
0
5
10
0
0
0
0
0
3
12
0
0
0
0
0
0
0
11
0
0
0
0
0
0
0
7
0
0
0
0
0
0
5
16
0
0
0
0
0
0
11
0
0
0
0
0
0
3
11
0
0
0
0
0
0
2
5
0
0
0
0
0
0
9
14
0
0
0
0
0
0
7
0
0
0
0
0
0
0
4
0
0
0
0
0
0
0
8
0
0
0
0
0
0
7
14
0
0
0
0
0
0
7
0
0
0
0
0
0
0
7
0
0
0
0
0
0
0
13
0
0
0
0
0
0
10
12
0
0
0
0
0
0
9
0
0
0
0
0
0
0
3
0
0
0
0
0
0
3
8
0
0
0
0
0
2
5
14
0
0
0
0
0
0
2
0
0
0
0
0
0
0
5
0
0
0
0
0
0
3
16
0
0
0
0
0
0
4
11
0
0
0
0
0
0
0
0
0
0
0
0
0
1
7
0
0
0
0
0
0
0
9
0
0
0
0
0
0
4
15
0
0
0
0
0
0
1
0
0
0
0
0
0
4
8
0
0
0
0
0
0
2
15
0
0
0
0
0
0
8
9
0
0
0
0
0
0
7
0
0
0
0
0
0
5
7
0
0
0
0
0
0
1
7
0
0
0
0
0
0
0
12
0
0
0
0
0
0
6
0
0
0
0
0
0
1
10
0
0
0
0
0
0
0
13
0
0
0
0
0
0
0
14
0
0
0
0
0
4
5
0
0
0
0
0
0
3
10
0
0
0
0
0
0
1
5
0
0
0
0
0
0
3
16
0
0
0
0
0
0
12
0
0
0
0
0
0
2
8
0
0
0
0
0
0
0
7
0
0
0
0
0
0
2
10
0
0
0
0
0
3
8
0
0
0
0
0
0
0
7
0
0
0
0
0
0
0
3
0
0
0
0
0
0
3
19
0
0
0
0
0
0
10
0
0
0
0
0
0
0
5
0
0
0
0
0
0
0
8
0
0
0
0
0
0
9
15
0
0
0
0
0
1
9
0
0
0
0
0
0
0
1
0
0
0
0
0
0
7
9
0
0
0
0
0
0
7
17
0
0
0
0
0
0
11
0
0
0
0
0
0
0
5
0
0
0
0
0
0
5
20
0
0
0
0
0
0
16
12
0
0
0
0
0
0
0
0
0
0
0
0
0
3
13
0
0
0
0
0
0
5
14
0
0
0
0
0
0
4
8
0
0
0
0
0
0
4
0
0
0
0
0
0
9
9
0
0
0
0
0
0
5
13
0
0
0
0
0
0
4
15
0
0
0
0
0
0
7
0
0
0
0
0
0
0
13
0
0
0
0
0
0
3
7
0
0
0
0
0
0
0
9
0
0
0
0
0
0
9
0
0
0
0
0
0
0
10
0
0
0
0
0
0
0
10
0
0
0
0
0
0
4
9
0
0
0
0
0
0
12
0
0
0
0
0
0
0
7
0
0
0
0
0
0
0
7
0
0
0
0
0
0
6
13
0
0
0
0
0
0
8
0
0
0
0
0
0
0
8
0
0
0
0
0
0
0
5
0
0
0
0
0
1
6
16
0
0
0
0
0
0
8
0
0
0
0
0
0
0
3
0
0
0
0
0
0
0
5
0
0
0
0
0
0
6
12
0
0
0
0
0
4
5
0
0
0
0
0
0
0
10
0
0
0
0
0
0
1
7
0
0
0
0
0
0
3
14
0
0
0
0
0
0
9
0
0
0
0
0
0
0
9
0
0
0
0
0
0
1
7
0
0
0
0
0
0
11
14
0
0
0
0
0
0
5
0
0
0
0
0
0
0
4
0
0
0
0
0
0
6
4
0
0
0
0
0
0
3
17
0
0
0
0
0
0
3
0
0
0
0
0
0
1
9
0
0
0
0
0
0
5
15
0
0
0
0
0
0
4
12
0
0
0
0
0
0
1
0
0
0
0
0
0
0
7
0
0
0
0
0
0
4
12
0
0
0
0
0
0
9
14
0
0
0
0
0
0
5
0
0
0
0
0
0
0
6
0
0
0
0
0
0
6
15
0
0
0
0
0
0
1
10
0
0
0
0
0
0
2
0
0
0
0
0
0
5
13
0
0
0
0
0
0
3
13
0
0
0
0
0
0
0
10
0
0
0
0
0
0
9
0
0
0
0
0
0
0
13
0
0
0
0
0
0
7
17
0
0
0
0
0
0
7
9
0
0
0
0
0
0
5
0
0
0
0
0
0
3
15
0
0
0
0
0
0
0
13
0
0
0
0
0
0
3
13
0
0
0
0
0
1
7
0
0
0
0
0
0
8
7
0
0
0
0
0
0
0
8
0
0
0
0
0
0
3
9
0
0
0
0
0
4
11
0
0
0
0
0
0
1
16
0
0
0
0
0
0
1
8
0
0
0
0
0
0
4
10
0
0
0
0
0
1
8
0
0
0
0
0
0
0
6
0
0
0
0
0
0
0
7
0
0
0
0
0
0
7
16
0
0
0
0
0
0
4
0
0
0
0
0
0
0
4
0
0
0
0
0
0
0
9
0
0
0
0
0
0
10
14
0
0
0
0
0
0
8
0
0
0
0
0
0
0
1
0
0
0
0
0
0
1
8
0
0
0
0
0
0
7
14
0
0
0
0
0
0
8
0
0
0
0
0
0
0
7
0
0
0
0
0
0
2
10
0
0
0
0
0
0
5
11
0
0
0
0
0
0
3
0
0
0
0
0
0
2
9
0
0
0
0
0
1
5
10
0
0
0
0
0
0
0
11
0
0
0
0
0
0
3
0
0
0
0
0
0
1
10
0
0
0
0
0
0
7
9
0
0
0
0
0
0
0
11
0
0
0
0
0
0
6
0
0
0
0
0
0
2
9
0
0
0
0
0
0
2
15
0
0
0
0
0
0
0
13
0
0
0
0
0
2
7
0
0
0
0
0
0
0
4
0
0
0
0
0
0
6
9
0
0
0
0
0
0
2
10
0
0
0
0
0
0
4
0
0
0
0
0
0
1
9
0
0
0
0
0
0
1
7
0
0
0
0
0
0
1
12
0
0
0
0
0
2
12
0
0
0
0
0
0
1
9
0
0
0
0
0
0
0
7
0
0
0
0
0
0
6
13
0
0
0
0
0
2
10
0
0
0
0
0
0
0
10
0
0
0
0
0
0
0
11
0
0
0
0
0
1
7
12
0
0
0
0
0
0
8
0
0
0
0
0
0
1
4
0
0
0
0
0
0
4
14
0
0
0
0
0
0
1
13
0
0
0
0
0
0
2
0
0
0
0
0
0
0
9
0
0
0
0
0
0
0
11
0
0
0
0
0
0
0
18
0
0
0
0
0
0
3
0
0
0
0
0
0
0
8
0
0
0
0
0
0
4
5
0
0
0
0
0
0
1
12
0
0
0
0
0
0
6
0
0
0
0
0
0
1
4
0
0
0
0
0
0
6
16
0
0
0
0
0
0
4
11
0
0
0
0
0
0
8
0
0
0
0
0
0
0
9
0
0
0
0
0
0
1
18
0
0
0
0
0
0
2
7
0
0
0
0
0
0
6
0
0
0
0
0
0
1
7
0
0
0
0
0
0
4
7
0
0
0
0
0
0
1
15
0
0
0
0
0
0
15
0
0
0
0
0
0
1
8
0
0
0
0
0
0
0
6
0
0
0
0
0
0
6
10
0
0
0
0
0
4
5
0
0
0
0
0
0
0
2
0
0
0
0
0
0
3
7
0
0
0
0
0
0
4
11
0
0
0
0
0
0
4
0
0
0
0
0
0
2
12
0
0
0
0
0
0
0
7
0
0
0
0
0
0
6
10
0
0
0
0
0
2
5
0
0
0
0
0
0
0
5
0
0
0
0
0
0
0
6
0
0
0
0
0
0
10
17
0
0
0
0
0
0
9
0
0
0
0
0
0
0
1
0
0
0
0
0
0
3
14
0
0
0
0
0
0
3
15
0
0
0
0
0
3
6
0
0
0
0
0
0
1
2
0
0
0
0
0
0
6
9
0
0
0
0
0
2
2
15
0
0
0
0
0
0
3
0
0
0
0
0
0
0
9
0
0
0
0
0
0
5
12
0
0
0
0
0
0
3
12
0
0
0
0
0
0
1
0
0
0
0
0
0
0
8
0
0
0
0
0
0
4
9
0
0
0
0
0
0
2
8
0
0
0
0
0
0
2
0
0
0
0
0
0
3
9
0
0
0
0
0
0
0
6
0
0
0
0
0
0
2
10
0
0
0
0
0
0
4
0
0
0
0
0
0
1
8
0
0
0
0
0
0
0
12
0
0
0
0
0
0
4
10
0
0
0
0
0
0
10
0
0
0
0
0
0
3
5
0
0
0
0
0
0
3
9
0
0
0
0
0
0
1
5
0
0
0
0
0
0
6
0
0
0
0
0
0
8
11
0
0
0
0
0
0
0
6
0
0
0
0
0
0
1
10
0
0
0
0
0
0
7
0
0
0
0
0
0
0
9
0
0
0
0
0
0
0
7
0
0
0
0
0
0
7
12
0
0
0
0
0
0
12
0
0
0
0
0
0
0
2
0
0
0
0
0
0
0
4
0
0
0
0
0
0
9
14
0
0
0
0
0
2
7
0
0
0
0
0
0
0
4
0
0
0
0
0
0
2
6
0
0
0
0
0
0
0
10
0
0
0
0
0
0
4
0
0
0
0
0
0
0
4
0
0
0
0
0
0
8
7
0
0
0
0
0
0
13
13
0
0
0
0
0
0
5
0
0
0
0
0
0
0
4
0
0
0
0
0
0
3
11
0
0
0
0
0
0
2
12
0
0
0
0
0
4
0
0
0
0
0
0
0
0
7
0
0
0
0
0
0
3
11
0
0
0
0
0
0
1
5
0
0
0
0
0
0
10
0
0
0
0
0
0
3
8
0
0
0
0
0
0
4
11
0
0
0
0
0
0
2
5
0
0
0
0
0
0
1
0
0
0
0
0
0
0
4
0
0
0
0
0
0
0
10
0
0
0
0
0
0
3
6
0
0
0
0
0
0
5
0
0
0
0
0
0
3
16
0
0
0
0
0
0
0
8
0
0
0
0
0
0
1
7
0
0
0
0
0
2
7
0
0
0
0
0
0
1
14
0
0
0
0
0
0
1
9
0
0
0
0
0
0
6
7
0
0
0
0
0
6
7
0
0
0
0
0
0
3
7
0
0
0
0
0
0
0
9
0
0
0
0
0
0
5
17
0
0
0
0
0
3
8
0
0
0
0
0
0
0
10
0
0
0
0
0
0
2
7
0
0
0
0
0
0
2
10
0
0
0
0
0
0
6
0
0
0
0
0
0
0
5
0
0
0
0
0
0
0
7
0
0
0
0
0
0
3
16
0
0
0
0
0
0
8
0
0
0
0
0
0
0
7
0
0
0
0
0
0
3
20
0
0
0
0
0
1
1
9
0
0
0
0
0
0
4
0
0
0
0
0
0
0
9
0
0
0
0
0
0
2
11
0
0
0
0
0
0
4
13
0
0
0
0
0
0
6
0
0
0
0
0
0
0
2
0
0
0
0
0
0
0
15
0
0
0
0
0
0
5
10
0
0
0
0
0
0
3
0
0
0
0
0
0
4
9
0
0
0
0
0
0
0
9
0
0
0
0
0
0
0
8
0
0
0
0
0
0
3
0
0
0
0
0
0
3
10
0
0
0
0
0
0
7
22
0
0
0
0
0
0
0
11
0
0
0
0
0
0
2
0
0
0
0
0
0
2
7
0
0
0
0
0
0
5
6
0
0
0
0
0
0
0
11
0
0
0
0
0
0
2
0
0
0
0
0
0
2
7
0
0
0
0
0
0
1
6
0
0
0
0
0
0
1
9
0
0
0
0
0
0
6
0
0
0
0
0
0
0
9
0
0
0
0
0
0
3
11
0
0
0
0
0
0
6
13
0
0
0
0
0
3
6
0
0
0
0
0
0
0
9
0
0
0
0
0
0
0
6
0
0
0
0
0
0
4
14
0
0
0
0
0
3
9
0
0
0
0
0
0
2
5
0
0
0
0
0
0
0
5
0
0
0
0
0
0
11
16
0
0
0
0
0
0
3
0
0
0
0
0
0
0
8
0
0
0
0
0
0
1
13
0
0
0
0
0
0
1
16
0
0
0
0
0
0
5
0
0
0
0
0
0
0
6
0
0
0
0
0
0
0
13
0
0
0
0
0
0
8
17
0
0
0
0
0
3
7
0
0
0
0
0
0
0
4
0
0
0
0
0
0
7
10
0
0
0
0
0
1
2
11
0
0
0
0
0
0
6
0
0
0
0
0
0
0
7
0
0
0
0
0
0
0
13
0
0
0
0
0
0
9
17
0
0
0
0
0
0
7
0
0
0
0
0
0
0
8
0
0
0
0
0
0
2
8
0
0
0
0
0
0
7
18
0
0
0
0
0
0
4
0
0
0
0
0
0
0
7
0
0
0
0
0
0
3
14
0
0
0
0
0
0
3
23
0
0
0
0
0
0
1
0
0
0
0
0
0
1
8
0
0
0
0
0
0
4
15
0
0
0
0
0
0
5
9
0
0
0
0
0
0
4
0
0
0
0
0
0
1
8
0
0
0
0
0
0
1
15
0
0
0
0
0
0
3
8
0
0
0
0
0
0
3
0
0
0
0
0
0
0
11
0
0
0
0
0
0
0
12
0
0
0
0
0
0
3
5
0
0
0
0
0
0
1
0
0
0
0
0
0
4
9
0
0
0
0
0
0
0
12
0
0
0
0
0
0
0
9
0
0
0
0
0
2
12
0
0
0
0
0
0
8
9
0
0
0
0
0
0
0
8
0
0
0
0
0
0
0
12
0
0
0
0
0
2
8
0
0
0
0
0
0
2
10
0
0
0
0
0
0
4
9
0
0
0
0
0
0
7
16
0
0
0
0
0
2
4
0
0
0
0
0
0
0
10
0
0
0
0
0
0
0
7
0
0
0
0
0
3
6
13
0
0
0
0
0
4
7
0
0
0
0
0
0
0
7
0
0
0
0
0
0
0
8
0
0
0
0
0
4
9
11
0
0
0
0
0
0
5
0
0
0
0
0
0
0
4
0
0
0
0
0
0
3
8
0
0
0
0
0
1
6
20
0
0
0
0
0
0
8
0
0
0
0
0
0
0
4
0
0
0
0
0
1
7
9
0
0
0
0
0
0
6
15
0
0
0
0
0
0
0
0
0
0
0
0
0
0
5
0
0
0
0
0
0
4
14
0
0
0
0
0
2
3
10
0
0
0
0
0
0
0
0
0
0
0
0
0
0
10
0
0
0
0
0
0
6
12
0
0
0
0
0
0
0
6
0
0
0
0
0
0
4
0
0
0
0
0
0
0
7
0
0
0
0
0
0
5
15
0
0
0
0
0
0
1
8
0
0
0
0
0
0
8
0
0
0
0
0
0
7
8
0
0
0
0
0
0
0
7
0
0
0
0
0
0
0
14
0
0
0
0
0
0
7
0
0
0
0
0
0
1
8
0
0
0
0
0
0
2
4
0
0
0
0
0
0
1
11
0
0
0
0
0
0
8
0
0
0
0
0
0
2
10
0
0
0
0
0
0
3
7
0
0
0
0
0
0
3
11
0
0
0
0
0
0
8
0
0
0
0
0
0
0
3
0
0
0
0
0
0
0
5
0
0
0
0
0
1
5
20
0
0
0
0
0
0
7
0
0
0
0
0
0
0
4
0
0
0
0
0
0
3
17
0
0
0
0
0
0
9
15
0
0
0
0
0
0
4
0
0
0
0
0
0
0
5
0
0
0
0
0
0
5
13
0
0
0
0
0
1
1
12
0
0
0
0
0
0
5
0
0
0
0
0
0
2
8
0
0
0
0
0
0
2
11
0
0
0
0
0
0
0
15
0
0
0
0
0
0
5
0
0
0
0
0
0
2
8
0
0
0
0
0
0
2
7
0
0
0
0
0
0
0
12
0
0
0
0
0
0
2
0
0
0
0
0
0
0
11
0
0
0
0
0
0
13
13
0
0
0
0
0
0
1
7
0
0
0
0
0
0
6
0
0
0
0
0
0
0
11
0
0
0
0
0
0
3
7
0
0
0
0
0
0
1
7
0
0
0
0
0
0
9
0
0
0
0
0
0
6
5
0
0
0
0
0
0
0
6
0
0
0
0
0
0
0
11
0
0
0
0
0
1
7
0
0
0
0
0
0
0
10
0
0
0
0
0
0
0
9
0
0
0
0
0
0
2
21
0
0
0
0
0
0
9
0
0
0
0
0
0
0
6
0
0
0
0
0
0
0
4
0
0
0
0
0
0
1
11
0
0
0
0
0
0
9
0
0
0
0
0
0
0
1
0
0
0
0
0
0
5
14
0
0
0
0
0
0
7
14
0
0
0
0
0
1
0
0
0
0
0
0
0
0
5
0
0
0
0
0
0
3
11
0
0
0
0
0
0
2
14
0
0
0
0
0
0
4
0
0
0
0
0
0
0
6
0
0
0
0
0
0
4
7
0
0
0
0
0
0
0
7
0
0
0
0
0
0
4
0
0
0
0
0
0
0
11
0
0
0
0
0
0
0
7
0
0
0
0
0
0
3
13
0
0
0
0
0
0
1
0
0
0
0
0
0
3
3
0
0
0
0
0
0
9
11
0
0
0
0
0
0
0
7
0
0
0
0
0
0
3
0
0
0
0
0
0
0
15
0
0
0
0
0
0
3
7
0
0
0
0
0
0
0
15
0
0
0
0
0
1
13
0
0
0
0
0
0
1
6
0
0
0
0
0
0
1
8
0
0
0
0
0
0
5
13
0
0
0
0
0
0
8
0
0
0
0
0
0
0
3
0
0
0
0
0
0
0
16
0
0
0
0
0
2
7
14
0
0
0
0
0
3
10
0
0
0
0
0
0
0
8
0
0
0
0
0
0
6
7
0
0
0
0
0
0
5
17
0
0
0
0
0
0
7
0
0
0
0
0
0
0
6
0
0
0
0
0
0
0
8
0
0
0
0
0
0
9
18
0
0
0
0
0
0
5
0
0
0
0
0
0
0
7
0
0
0
0
0
0
7
7
0
0
0
0
0
0
7
19
0
0
0
0
0
0
2
0
0
0
0
0
0
0
10
0
0
0
0
0
0
2
14
0
0
0
0
0
0
13
12
0
0
0
0
0
3
10
0
0
0
0
0
0
2
13
0
0
0
0
0
0
4
9
0
0
0
0
0
0
5
6
0
0
0
0
0
0
0
0
0
0
0
0
0
0
7
0
0
0
0
0
0
0
14
0
0
0
0
0
0
1
6
0
0
0
0
0
0
4
0
0
0
0
0
0
2
13
0
0
0
0
0
0
3
8
0
0
0
0
0
0
0
7
0
0
0
0
0
0
7
0
0
0
0
0
0
0
9
0
0
0
0
0
0
5
10
0
0
0
0
0
0
1
6
0
0
0
0
0
0
8
0
0
0
0
0
0
4
12
0
0
0
0
0
0
0
10
0
0
0
0
0
0
2
15
0
0
0
0
0
1
3
0
0
0
0
0
0
5
5
0
0
0
0
0
0
0
9
0
0
0
0
0
0
5
12
0
0
0
0
0
2
5
0
0
0
0
0
0
0
6
0
0
0
0
0
0
2
8
0
0
0
0
0
0
6
16
0
0
0
0
0
0
8
0
0
0
0
0
0
0
2
0
0
0
0
0
0
0
3
0
0
0
0
0
0
6
15
0
0
0
0
0
3
16
0
0
0
0
0
0
0
3
0
0
0
0
0
0
0
14
0
0
0
0
0
1
3
7
0
0
0
0
0
0
6
0
0
0
0
0
0
0
6
0
0
0
0
0
0
3
13
0
0
0
0
0
2
6
18
0
0
0
0
0
0
2
0
0
0
0
0
0
0
7
0
0
0
0
0
0
7
9
0
0
0
0
0
8
6
14
0
0
0
0
0
0
4
0
0
0
0
0
0
1
5
0
0
0
0
0
0
5
15
0
0
0
0
0
0
4
13
0
0
0
0
0
0
6
0
0
0
0
0
0
2
9
0
0
0
0
0
0
4
14
0
0
0
0
0
0
2
8
0
0
0
0
0
0
8
0
0
0
0
0
0
4
12
0
0
0
0
0
0
1
7
0
0
0
0
0
0
4
15
0
0
0
0
0
2
6
0
0
0
0
0
0
0
7
0
0
0
0
0
0
1
5
0
0
0
0
0
0
3
16
0
0
0
0
0
0
6
0
0
0
0
0
0
4
12
0
0
0
0
0
0
0
4
0
0
0
0
0
0
10
12
0
0
0
0
0
0
8
0
0
0
0
0
0
0
5
0
0
0
0
0
0
0
10
0
0
0
0
0
0
3
15
0
0
0
0
0
5
10
0
0
0
0
0
0
0
3
0
0
0
0
0
0
0
10
0
0
0
0
0
0
7
11
0
0
0
0
0
0
5
0
0
0
0
0
0
0
3
0
0
0
0
0
0
7
8
0
0
0
0
0
0
6
13
0
0
0
0
0
1
5
0
0
0
0
0
0
0
3
0
0
0
0
0
0
0
9
0
0
0
0
0
0
3
12
0
0
0
0
0
0
3
0
0
0
0
0
0
1
8
0
0
0
0
0
1
0
14
0
0
0
0
0
0
0
10
0
0
0
0
0
0
6
0
0
0
0
0
0
0
7
0
0
0
0
0
0
2
17
0
0
0
0
0
0
2
8
0
0
0
0
0
0
3
0
0
0
0
0
0
0
16
0
0
0
0
0
0
3
14
0
0
0
0
0
0
7
9
0
0
0
0
0
0
9
0
0
0
0
0
0
1
9
0
0
0
0
0
0
0
7
0
0
0
0
0
0
1
18
0
0
0
0
0
0
12
0
0
0
0
0
0
3
8
0
0
0
0
0
0
0
9
0
0
0
0
0
0
0
19
0
0
0
0
0
0
3
0
0
0
0
0
0
3
6
0
0
0
0
0
0
0
6
0
0
0
0
0
0
4
18
0
0
0
0
0
1
7
0
0
0
0
0
0
3
3
0
0
0
0
0
0
0
6
0
0
0
0
0
0
9
14
0
0
0
0
0
0
7
0
0
0
0
0
0
0
6
0
0
0
0
0
0
0
10
0
0
0
0
0
0
3
16
0
0
0
0
0
0
13
0
0
0
0
0
0
3
4
0
0
0
0
0
0
5
13
0
0
0
0
0
0
4
8
0
0
0
0
0
0
4
0
0
0
0
0
0
0
6
0
0
0
0
0
0
5
15
0
0
0
0
0
0
3
11
0
0
0
0
0
0
3
0
0
0
0
0
0
0
6
0
0
0
0
0
0
3
11
0
0
0
0
0
0
7
16
0
0
0
0
0
0
3
0
0
0
0
0
0
0
11
0
0
0
0
0
0
4
9
0
0
0
0
0
0
2
11
0
0
0
0
0
0
5
0
0
0
0
0
0
1
13
0
0
0
0
0
0
5
12
0
0
0
0
0
0
0
7
0
0
0
0
0
0
3
0
0
0
0
0
0
5
12
0
0
0
0
0
0
0
11
0
0
0
0
0
0
2
9
0
0
0
0
0
0
8
0
0
0
0
0
0
0
10
0
0
0
0
0
0
0
11
0
0
0
0
0
0
2
10
0
0
0
0
0
2
8
0
0
0
0
0
0
0
12
0
0
0
0
0
0
5
9
0
0
0
0
0
0
0
12
0
0
0
0
0
0
12
0
0
0
0
0
0
1
8
0
0
0
0
0
0
0
5
0
0
0
0
0
0
0
10
0
0
0
0
0
0
4
0
0
0
0
0
0
0
4
0
0
0
0
0
0
0
12
0
0
0
0
0
0
7
12
0
0
0
0
0
4
2
0
0
0
0
0
0
5
2
0
0
0
0
0
0
0
14
0
0
0
0
0
3
6
14
0
0
0
0
0
0
7
0
0
0
0
0
0
0
7
0
0
0
0
0
0
0
9
0
0
0
0
0
1
8
11
0
0
0
0
0
0
3
0
0
0
0
0
0
0
9
0
0
0
0
0
0
4
12
0
0
0
0
0
0
0
11
0
0
0
0
0
0
5
0
0
0
0
0
2
1
5
0
0
0
0
0
0
3
16
0
0
0
0
0
0
0
12
0
0
0
0
0
0
3
0
0
0
0
0
0
9
14
0
0
0
0
0
0
6
9
0
0
0
0
0
0
0
10
0
0
0
0
0
0
8
0
0
0
0
0
0
1
10
0
0
0
0
0
1
1
4
0
0
0
0
0
0
0
10
0
0
0
0
0
0
12
0
0
0
0
0
0
0
12
0
0
0
0
0
0
1
7
0
0
0
0
0
0
2
10
0
0
0
0
0
0
6
0
0
0
0
0
0
0
11
0
0
0
0
0
0
2
11
0
0
0
0
0
0
7
12
0
0
0
0
0
3
8
0
0
0
0
0
0
0
5
0
0
0
0
0
0
0
8
0
0
0
0
0
0
9
12
0
0
0
0
0
0
8
0
0
0
0
0
0
0
9
0
0
0
0
0
0
2
12
0
0
0
0
0
0
5
15
0
0
0
0
0
0
8
0
0
0
0
0
0
0
5
0
0
0
0
0
0
6
9
0
0
0
0
0
0
10
11
0
0
0
0
0
0
0
0
0
0
0
0
0
0
10
0
0
0
0
0
0
0
8
0
0
0
0
0
0
7
14
0
0
0
0
0
0
2
0
0
0
0
0
0
0
4
0
0
0
0
0
1
2
15
0
0
0
0
0
0
0
13
0
0
0
0
0
0
2
0
0
0
0
0
0
3
10
0
0
0
0
0
0
1
16
0
0
0
0
0
0
1
8
0
0
0
0
0
0
6
0
0
0
0
0
0
2
11
0
0
0
0
0
0
5
11
0
0
0
0
0
0
0
7
0
0
0
0
0
0
10
0
0
0
0
0
0
8
9
0
0
0
0
0
0
0
8
0
0
0
0
0
0
0
11
0
0
0
0
0
0
6
0
0
0
0
0
0
3
11
0
0
0
0
0
0
0
8
0
0
0
0
0
0
5
14
0
0
0
0
0
0
15
0
0
0
0
0
0
1
6
0
0
0
0
0
0
0
5
0
0
0
0
0
0
7
16
0
0
0
0
0
0
7
0
0
0
0
0
0
0
5
0
0
0
0
0
0
3
9
0
0
0
0
0
0
7
14
0
0
0
0
0
0
4
0
0
0
0
0
0
0
8
0
0
0
0
0
0
1
8
0
0
0
0
0
0
7
11
0
0
0
0
0
0
6
0
0
0
0
0
0
0
6
0
0
0
0
0
0
0
9
0
0
0
0
0
0
7
18
0
0
0
0
0
0
4
0
0
0
0
0
0
0
3
0
0
0
0
0
0
0
13
0
0
0
0
0
0
8
14
0
0
0
0
0
0
4
0
0
0
0
0
0
5
7
0
0
0
0
0
0
5
15
0
0
0
0
0
0
2
12
0
0
0
0
0
0
11
0
0
0
0
0
0
2
7
0
0
0
0
0
0
9
11
0
0
0
0
0
0
8
12
0
0
0
0
0
0
12
0
0
0
0
0
0
3
6
0
0
0
0
0
0
3
10
0
0
0
0
0
0
7
7
0
0
0
0
0
2
9
0
0
0
0
0
0
2
9
0
0
0
0
0
0
0
12
0
0
0
0
0
0
3
8
0
0
0
0
0
0
8
0
0
0
0
0
0
3
13
0
0
0
0
0
0
0
10
0
0
0
0
0
0
5
10
0
0
0
0
0
0
9
0
0
0
0
0
0
1
17
0
0
0
0
0
0
0
7
0
0
0
0
0
0
1
12
0
0
0
0
0
3
4
0
0
0
0
0
0
5
9
0
0
0
0
0
0
0
10
0
0
0
0
0
0
3
9
0
0
0
0
0
5
8
0
0
0
0
0
0
0
6
0
0
0
0
0
0
0
10
0
0
0
0
0
0
4
19
0
0
0
0
0
0
9
0
0
0
0
0
0
3
8
0
0
0
0
0
0
2
3
0
0
0
0
0
0
3
14
0
0
0
0
0
1
8
0
0
0
0
0
0
0
4
0
0
0
0
0
0
0
7
0
0
0
0
0
0
4
15
0
0
0
0
0
0
14
0
0
0
0
0
0
0
7
0
0
0
0
0
0
0
12
0
0
0
0
0
0
4
14
0
0
0
0
0
0
1
0
0
0
0
0
0
0
5
0
0
0
0
0
0
0
12
0
0
0
0
0
0
11
13
0
0
0
0
0
0
7
0
0
0
0
0
0
2
5
0
0
0
0
0
0
5
11
0
0
0
0
0
0
2
16
0
0
0
0
0
0
10
0
0
0
0
0
0
2
7
0
0
0
0
0
0
2
11
0
0
0
0
0
0
4
14
0
0
0
0
0
0
5
0
0
0
0
0
0
0
5
0
0
0
0
0
0
6
11
0
0
0
0
0
0
7
9
0
0
0
0
0
0
8
0
0
0
0
0
0
2
2
0
0
0
0
0
0
4
8
0
0
0
0
0
0
0
10
0
0
0
0
0
0
10
0
0
0
0
0
0
0
7
0
0
0
0
0
0
4
6
0
0
0
0
0
0
5
10
0
0
0
0
0
0
6
0
0
0
0
0
0
1
8
0
0
0
0
0
0
5
7
0
0
0
0
0
0
2
12
0
0
0
0
0
1
5
0
0
0
0
0
0
1
10
0
0
0
0
0
0
0
2
0
0
0
0
0
0
1
11
0
0
0
0
0
0
5
0
0
0
0
0
0
0
10
0
0
0
0
0
0
0
8
0
0
0
0
0
0
4
15
0
0
0
0
0
5
12
0
0
0
0
0
0
0
5
0
0
0
0
0
0
0
13
0
0
0
0
0
1
8
14
0
0
0
0
0
0
10
0
0
0
0
0
0
0
7
0
0
0
0
0
0
5
9
0
0
0
0
0
3
0
14
0
0
0
0
0
0
5
0
0
0
0
0
0
2
7
0
0
0
0
0
0
2
8
0
0
0
0
0
0
6
12
0
0
0
0
0
0
7
0
0
0
0
0
0
0
10
0
0
0
0
0
0
2
8
0
0
0
0
0
0
5
15
0
0
0
0
0
0
1
0
0
0
0
0
0
0
7
0
0
0
0
0
0
4
17
0
0
0
0
0
0
8
10
0
0
0
0
0
0
0
0
0
0
0
0
0
1
12
0
0
0
0
0
0
1
16
0
0
0
0
0
2
1
12
0
0
0
0
0
0
3
0
0
0
0
0
0
0
8
0
0
0
0
0
0
4
14
0
0
0
0
0
0
4
8
0
0
0
0
0
0
6
0
0
0
0
0
0
0
8
0
0
0
0
0
0
2
12
0
0
0
0
0
0
3
9
0
0
0
0
0
0
5
0
0
0
0
0
0
5
10
0
0
0
0
0
0
6
10
0
0
0
0
0
0
0
8
0
0
0
0
0
1
4
0
0
0
0
0
0
0
10
0
0
0
0
0
0
0
12
0
0
0
0
0
0
6
18
0
0
0
0
0
0
5
0
0
0
0
0
0
0
8
0
0
0
0
0
0
2
12
0
0
0
0
0
0
8
11
0
0
0
0
0
0
5
0
0
0
0
0
0
0
5
0
0
0
0
0
0
2
9
0
0
0
0
0
0
1
8
0
0
0
0
0
0
11
0
0
0
0
0
0
0
8
0
0
0
0
0
0
0
10
0
0
0
0
0
1
7
13
0
0
0
0
0
0
6
0
0
0
0
0
0
0
4
0
0
0
0
0
0
0
11
0
0
0
0
0
0
3
18
0
0
0
0
0
0
4
0
0
0
0
0
0
0
7
0
0
0
0
0
0
3
13
0
0
0
0
0
0
6
7
0
0
0
0
0
3
6
0
0
0
0
0
0
0
10
0
0
0
0
0
0
1
7
0
0
0
0
0
0
9
12
0
0
0
0
0
0
8
0
0
0
0
0
0
0
8
0
0
0
0
0
0
1
9
0
0
0
0
0
0
2
17
0
0
0
0
0
0
6
0
0
0
0
0
0
0
10
0
0
0
0
0
0
0
12
0
0
0
0
0
0
4
13
0
0
0
0
0
0
9
0
0
0
0
0
0
0
12
0
0
0
0
0
0
0
14
0
0
0
0
0
0
2
11
0
0
0
0
0
0
11
0
0
0
0
0
0
0
7
0
0
0
0
0
0
0
11
0
0
0
0
0
0
5
12
0
0
0
0
0
0
7
0
0
0
0
0
0
0
8
0
0
0
0
0
0
4
13
0
0
0
0
0
0
3
7
0
0
0
0
0
0
6
0
0
0
0
0
0
1
5
0
0
0
0
0
0
1
6
0
0
0
0
0
0
3
12
0
0
0
0
0
4
10
0
0
0
0
0
0
1
11
0
0
0
0
0
0
0
11
0
0
0
0
0
0
7
9
0
0
0
0
0
0
7
0
0
0
0
0
0
1
8
0
0
0
0
0
0
3
7
0
0
0
0
0
0
6
9
0
0
0
0
0
0
5
0
0
0
0
0
0
2
7
0
0
0
0
0
0
0
7
0
0
0
0
0
0
0
15
0
0
0
0
0
1
7
0
0
0
0
0
0
0
13
0
0
0
0
0
0
1
12
0
0
0
0
0
0
4
9
0
0
0
0
0
0
6
0
0
0
0
0
0
3
8
0
0
0
0
0
0
2
10
0
0
0
0
0
0
5
17
0
0
0
0
0
0
8
0
0
0
0
0
0
0
11
0
0
0
0
0
0
0
8
0
0
0
0
0
0
3
10
0
0
0
0
0
0
13
0
0
0
0
0
0
2
4
0
0
0
0
0
0
0
13
0
0
0
0
0
0
4
11
0
0
0
0
0
0
4
0
0
0
0
0
0
0
8
0
0
0
0
0
0
1
13
0
0
0
0
0
0
1
15
0
0
0
0
0
0
5
0
0
0
0
0
0
3
10
0
0
0
0
0
0
4
14
0
0
0
0
0
0
6
9
0
0
0
0
0
0
10
0
0
0
0
0
0
2
1
0
0
0
0
0
0
2
10
0
0
0
0
0
0
2
15
0
0
0
0
0
0
2
0
0
0
0
0
0
0
9
0
0
0
0
0
0
0
12
0
0
0
0
0
0
0
11
0
0
0
0
0
0
10
0
0
0
0
0
0
0
5
0
0
0
0
0
0
1
7
0
0
0
0
0
0
4
12
0
0
0
0
0
0
10
0
0
0
0
0
0
0
8
0
0
0
0
0
0
3
14
0
0
0
0
0
0
0
14
0
0
0
0
0
0
10
0
0
0
0
0
0
0
4
0
0
0
0
0
0
0
9
0
0
0
0
0
0
6
13
0
0
0
0
0
1
6
0
0
0
0
0
0
0
6
0
0
0
0
0
0
0
7
0
0
0
0
0
0
7
14
0
0
0
0
0
3
11
0
0
0
0
0
0
0
8
0
0
0
0
0
0
5
8
0
0
0
0
0
0
6
14
0
0
0
0
0
0
2
0
0
0
0
0
0
0
10
0
0
0
0
0
0
0
6
0
0
0
0
0
0
4
10
0
0
0
0
0
0
4
0
0
0
0
0
0
0
6
0
0
0
0
0
0
0
11
0
0
0
0
0
0
6
10
0
0
0
0
0
0
4
0
0
0
0
0
0
0
10
0
0
0
0
0
0
2
5
0
0
0
0
0
0
3
16
0
0
0
0
0
0
7
0
0
0
0
0
0
0
8
0
0
0
0
0
0
0
5
0
0
0
0
0
0
7
13
0
0
0
0
0
0
6
0
0
0
0
0
0
4
12
0
0
0
0
0
0
2
9
0
0
0
0
0
0
0
12
0
0
0
0
0
0
7
0
0
0
0
0
0
0
8
0
0
0
0
0
0
2
12
0
0
0
0
0
1
3
10
0
0
0
0
0
0
3
0
0
0
0
0
0
0
7
0
0
0
0
0
0
3
12
0
0
0
0
0
0
5
12
0
0
0
0
0
0
0
0
0
0
0
0
0
4
12
0
0
0
0
0
0
7
11
0
0
0
0
0
0
6
8
0
0
0
0
0
0
2
0
0
0
0
0
0
0
8
0
0
0
0
0
0
2
16
0
0
0
0
0
0
3
16
0
0
0
0
0
0
15
0
0
0
0
0
0
4
2
0
0
0
0
0
0
8
14
0
0
0
0
0
0
2
14
0
0
0
0
0
0
5
0
0
0
0
0
0
1
7
0
0
0
0
0
0
4
13
0
0
0
0
0
0
2
10
0
0
0
0
0
0
4
0
0
0
0
0
0
2
10
0
0
0
0
0
0
3
7
0
0
0
0
0
0
4
12
0
0
0
0
0
0
2
0
0
0
0
0
0
2
8
0
0
0
0
0
0
0
15
0
0
0
0
0
0
0
12
0
0
0
0
0
0
6
0
0
0
0
0
0
4
14
0
0
0
0
0
0
7
15
0
0
0
0
0
0
3
6
0
0
0
0
0
0
3
0
0
0
0
0
0
4
7
0
0
0
0
0
0
0
10
0
0
0
0
0
0
4
12
0
0
0
0
0
0
4
0
0
0
0
0
0
0
6
0
0
0
0
0
0
0
9
0
0
0
0
0
0
0
8
0
0
0
0
0
0
6
0
0
0
0
0
0
0
14
0
0
0
0
0
0
3
16
0
0
0
0
0
0
5
13
0
0
0
0
0
0
7
0
0
0
0
0
0
7
10
0
0
0
0
0
0
0
9
0
0
0
0
0
0
0
6
0
0
0
0
0
0
7
0
0
0
0
0
0
0
10
0
0
0
0
0
0
0
10
0
0
0
0
0
0
0
9
0
0
0
0
0
0
8
0
0
0
0
0
0
0
9
0
0
0
0
0
0
0
9
0
0
0
0
0
0
10
12
0
0
0
0
0
0
5
0
0
0
0
0
0
0
3
0
0
0
0
0
0
4
11
0
0
0
0
0
0
5
11
0
0
0
0
0
4
3
0
0
0
0
0
0
0
9
0
0
0
0
0
0
1
6
0
0
0
0
0
0
4
12
0
0
0
0
0
0
4
0
0
0
0
0
0
0
2
0
0
0
0
0
0
0
12
0
0
0
0
0
0
1
16
0
0
0
0
0
0
9
0
0
0
0
0
0
5
4
0
0
0
0
0
0
0
10
0
0
0
0
0
0
3
15
0
0
0
0
0
0
4
0
0
0
0
0
0
0
0
0
0
0
0
0
0
1
11
0
0
0
0
0
0
8
14
0
0
0
0
0
0
5
0
0
0
0
0
0
0
12
0
0
0
0
0
0
1
7
0
0
0
0
0
0
4
14
0
0
0
0
0
0
7
0
0
0
0
0
0
0
7
0
0
0
0
0
0
4
18
0
0
0
0
0
0
2
12
0
0
0
0
0
0
2
0
0
0
0
0
0
0
11
0
0
0
0
0
0
1
14
0
0
0
0
0
0
3
11
0
0
0
0
0
1
6
0
0
0
0
0
0
0
5
0
0
0
0
0
0
2
13
0
0
0
0
0
0
3
10
0
0
0
0
0
1
8
0
0
0
0
0
0
0
8
0
0
0
0
0
0
5
7
0
0
0
0
0
0
0
16
0
0
0
0
0
0
0
0
0
0
0
0
0
0
10
0
0
0
0
0
0
0
12
0
0
0
0
0
0
1
9
0
0
0
0
0
0
10
0
0
0
0
0
0
2
11
0
0
0
0
0
0
0
9
0
0
0
0
0
0
5
8
0
0
0
0
0
1
6
0
0
0
0
0
0
1
13
0
0
0
0
0
0
0
8
0
0
0
0
0
0
4
14
0
0
0
0
0
1
2
0
0
0
0
0
0
5
11
0
0
0
0
0
0
4
10
0
0
0
0
0
0
1
13
0
0
0
0
0
0
5
0
0
0
0
0
0
6
13
0
0
0
0
0
0
0
10
0
0
0
0
0
0
1
7
0
0
0
0
0
0
6
0
0
0
0
0
0
0
13
0
0
0
0
0
0
3
6
0
0
0
0
0
0
0
13
0
0
0
0
0
0
8
0
0
0
0
0
0
0
4
0
0
0
0
0
0
2
6
0
0
0
0
0
0
2
11
0
0
0
0
0
0
7
0
0
0
0
0
0
1
9
0
0
0
0
0
0
0
10
0
0
0
0
0
0
2
9
0
0
0
0
0
2
8
0
0
0
0
0
0
0
10
0
0
0
0
0
0
1
7
0
0
0
0
0
0
6
9
0
0
0
0
0
1
5
0
0
0
0
0
0
0
4
0
0
0
0
0
0
0
4
0
0
0
0
0
0
6
16
0
0
0
0
0
7
5
0
0
0
0
0
0
0
8
0
0
0
0
0
0
0
10
0
0
0
0
0
4
8
11
0
0
0
0
0
0
4
0
0
0
0
0
0
0
10
0
0
0
0
0
0
0
9
0
0
0
0
0
0
2
12
0
0
0
0
0
0
11
0
0
0
0
0
0
0
4
0
0
0
0
0
0
3
12
0
0
0
0
0
0
3
7
0
0
0
0
0
0
0
0
0
0
0
0
0
0
6
0
0
0
0
0
0
3
9
0
0
0
0
0
0
4
15
0
0
0
0
0
0
0
0
0
0
0
0
0
0
2
0
0
0
0
0
0
4
10
0
0
0
0
0
0
6
10
0
0
0
0
0
0
3
0
0
0
0
0
0
0
5
0
0
0
0
0
0
3
13
0
0
0
0
0
0
5
18
0
0
0
0
0
0
4
0
0
0
0
0
0
0
12
0
0
0
0
0
0
4
13
0
0
0
0
0
0
3
11
0
0
0
0
0
0
5
0
0
0
0
0
0
0
16
0
0
0
0
0
0
5
9
0
0
0
0
0
0
2
6
0
0
0
0
0
0
9
0
0
0
0
0
0
0
14
0
0
0
0
0
0
6
9
0
0
0
0
0
0
1
8
0
0
0
0
0
0
5
0
0
0
0
0
0
4
11
0
0
0
0
0
0
0
8
0
0
0
0
0
0
5
19
0
0
0
0
0
3
11
0
0
0
0
0
0
5
10
0
0
0
0
0
0
0
9
0
0
0
0
0
0
1
19
0
0
0
0
0
0
6
0
0
0
0
0
0
0
7
0
0
0
0
0
0
0
5
0
0
0
0
0
0
4
12
0
0
0
0
0
0
9
0
0
0
0
0
0
0
6
0
0
0
0
0
0
0
3
0
0
0
0
0
0
10
17
0
0
0
0
0
0
6
0
0
0
0
0
0
0
3
0
0
0
0
0
0
1
10
0
0
0
0
0
0
6
16
0
0
0
0
0
1
9
0
0
0
0
0
0
0
7
0
0
0
0
0
0
4
8
0
0
0
0
0
4
6
12
0
0
0
0
0
0
5
0
0
0
0
0
0
1
5
0
0
0
0
0
0
4
13
0
0
0
0
0
0
7
17
0
0
0
0
0
0
6
0
0
0
0
0
0
0
10
0
0
0
0
0
0
4
10
0
0
0
0
0
0
5
10
0
0
0
0
0
0
3
0
0
0
0
0
0
0
11
0
0
0
0
0
0
3
14
0
0
0
0
0
0
0
9
0
0
0
0
0
0
1
0
0
0
0
0
0
5
9
0
0
0
0
0
0
0
18
0
0
0
0
0
0
1
11
0
0
0
0
0
0
6
0
0
0
0
0
0
0
10
0
0
0
0
0
0
2
7
0
0
0
0
0
0
1
9
0
0
0
0
0
1
9
0
0
0
0
0
0
0
9
0
0
0
0
0
0
0
8
0
0
0
0
0
0
4
12
0
0
0
0
0
0
7
0
0
0
0
0
0
3
4
0
0
0
0
0
0
0
7
0
0
0
0
0
0
9
10
0
0
0
0
0
4
6
0
0
0
0
0
0
0
6
0
0
0
0
0
0
0
5
0
0
0
0
0
0
6
12
0
0
0
0
0
2
13
0
0
0
0
0
0
0
8
0
0
0
0
0
0
5
8
0
0
0
0
0
2
1
11
0
0
0
0
0
0
1
0
0
0
0
0
0
2
7
0
0
0
0
0
0
6
14
0
0
0
0
0
0
3
9
0
0
0
0
0
0
3
0
0
0
0
0
0
0
5
0
0
0
0
0
0
1
9
0
0
0
0
0
0
4
7
0
0
0
0
0
0
4
0
0
0
0
0
0
2
9
0
0
0
0
0
0
1
15
0
0
0
0
0
0
0
10
0
0
0
0
0
0
5
0
0
0
0
0
0
5
14
0
0
0
0
0
0
7
9
0
0
0
0
0
0
0
16
0
0
0
0
0
0
4
0
0
0
0
0
0
1
10
0
0
0
0
0
0
7
12
0
0
0
0
0
0
4
9
0
0
0
0
0
0
9
0
0
0
0
0
0
4
9
0
0
0
0
0
0
0
9
0
0
0
0
0
0
0
10
0
0
0
0
0
0
9
0
0
0
0
0
0
0
10
0
0
0
0
0
0
0
10
0
0
0
0
0
0
2
9
0
0
0
0
0
0
8
0
0
0
0
0
0
2
9
0
0
0
0
0
0
0
7
0
0
0
0
0
0
3
14
0
0
0
0
0
1
6
0
0
0
0
0
0
0
5
0
0
0
0
0
0
0
10
0
0
0
0
0
0
7
11
0
0
0
0
0
0
8
0
0
0
0
0
0
0
3
0
0
0
0
0
0
0
5
0
0
0
0
0
0
11
17
0
0
0
0
0
0
1
0
0
0
0
0
0
1
2
0
0
0
0
0
0
2
12
0
0
0
0
0
0
7
17
0
0
0
0
0
0
0
0
0
0
0
0
0
0
9
0
0
0
0
0
0
0
14
0
0
0
0
0
0
9
11
0
0
0
0
0
0
4
0
0
0
0
0
0
0
15
0
0
0
0
0
0
8
10
0
0
0
0
0
0
3
9
0
0
0
0
0
0
5
0
0
0
0
0
0
3
13
0
0
0
0
0
0
3
8
0
0
0
0
0
0
3
11
0
0
0
0
0
0
3
0
0
0
0
0
0
0
7
0
0
0
0
0
0
6
11
0
0
0
0
0
0
0
11
0
0
0
0
0
4
8
0
0
0
0
0
0
2
4
0
0
0
0
0
0
0
8
0
0
0
0
0
0
1
11
0
0
0
0
0
0
9
0
0
0
0
0
0
0
10
0
0
0
0
0
0
3
7
0
0
0
0
0
0
6
18
0
0
0
0
0
0
6
0
0
0
0
0
0
0
4
0
0
0
0
0
0
0
10
0
0
0
0
0
3
6
14
0
0
0
0
0
0
5
0
0
0
0
0
0
0
9
0
0
0
0
0
0
0
15
0
0
0
0
0
0
4
17
0
0
0
0
0
0
0
0
0
0
0
0
0
0
5
0
0
0
0
0
0
10
11
0
0
0
0
0
7
3
9
0
0
0
0
0
0
6
0
0
0
0
0
0
0
7
0
0
0
0
0
0
2
11
0
0
0
0
0
0
6
6
0
0
0
0
0
0
4
0
0
0
0
0
0
1
11
0
0
0
0
0
0
1
9
0
0
0
0
0
0
3
7
0
0
0
0
0
0
8
0
0
0
0
0
0
3
9
0
0
0
0
0
0
3
9
0
0
0
0
0
0
4
7
0
0
0
0
0
0
1
0
0
0
0
0
0
5
9
0
0
0
0
0
0
5
14
0
0
0
0
0
0
0
9
0
0
0
0
0
0
7
0
0
0
0
0
1
6
9
0
0
0
0
0
0
0
7
0
0
0
0
0
0
5
12
0
0
0
0
0
5
6
0
0
0
0
0
0
0
12
0
0
0
0
0
0
0
15
0
0
0
0
0
0
5
9
0
0
0
0
0
4
8
0
0
0
0
0
0
0
6
0
0
0
0
0
0
1
6
0
0
0
0
0
0
3
16
0
0
0
0
0
2
7
0
0
0
0
0
0
0
10
0
0
0
0
0
0
0
6
0
0
0
0
0
0
7
13
0
0
0
0
0
4
9
0
0
0
0
0
0
0
7
0
0
0
0
0
0
0
7
0
0
0
0
0
0
3
15
0
0
0
0
0
0
6
0
0
0
0
0
0
0
3
0
0
0
0
0
0
3
5
0
0
0
0
0
0
12
9
0
0
0
0
0
2
10
0
0
0
0
0
0
0
6
0
0
0
0
0
0
0
3
0
0
0
0
0
0
2
20
0
0
0
0
0
0
10
0
0
0
0
0
0
0
5
0
0
0
0
0
0
2
7
0
0
0
0
0
0
7
18
0
0
0
0
0
0
5
0
0
0
0
0
0
0
12
0
0
0
0
0
0
5
8
0
0
0
0
0
0
10
9
0
0
0
0
0
0
2
0
0
0
0
0
0
0
5
0
0
0
0
0
0
4
16
0
0
0
0
0
0
2
12
0
0
0
0
0
0
4
0
0
0
0
0
0
0
14
0
0
0
0
0
0
0
13
0
0
0
0
0
0
2
12
0
0
0
0
0
0
7
0
0
0
0
0
0
0
11
0
0
0
0
0
0
6
10
0
0
0
0
0
0
4
7
0
0
0
0
0
0
5
0
0
0
0
0
0
0
10
0
0
0
0
0
0
1
9
0
0
0
0
0
0
0
16
0
0
0
0
0
0
4
0
0
0
0
0
0
0
12
0
0
0
0
0
0
1
6
0
0
0
0
0
2
5
12
0
0
0
0
0
0
3
0
0
0
0
0
0
0
9
0
0
0
0
0
0
2
11
0
0
0
0
0
0
7
17
0
0
0
0
0
0
5
0
0
0
0
0
0
0
7
0
0
0
0
0
0
1
10
0
0
0
0
0
0
4
14
0
0
0
0
0
1
5
0
0
0
0
0
0
0
9
0
0
0
0
0
0
0
9
0
0
0
0
0
0
1
14
0
0
0
0
0
0
5
0
0
0
0
0
0
0
5
0
0
0
0
0
0
8
12
0
0
0
0
0
0
6
12
0
0
0
0
0
0
5
0
0
0
0
0
0
0
5
0
0
0
0
0
0
1
15
0
0
0
0
0
0
4
10
0
0
0
0
0
0
5
0
0
0
0
0
0
0
3
0
0
0
0
0
0
0
8
0
0
0
0
0
0
4
13
0
0
0
0
0
0
6
0
0
0
0
0
0
0
5
0
0
0
0
0
0
0
14
0
0
0
0
0
0
3
14
0
0
0
0
0
0
0
0
0
0
0
0
0
2
10
0
0
0
0
0
0
0
15
0
0
0
0
0
0
0
7
0
0
0
0
0
0
2
0
0
0
0
0
0
4
15
0
0
0
0
0
0
6
12
0
0
0
0
0
0
2
11
0
0
0
0
0
0
6
0
0
0
0
0
0
2
7
0
0
0
0
0
0
8
11
0
0
0
0
0
0
0
11
0
0
0
0
0
0
14
0
0
0
0
0
0
0
11
0
0
0
0
0
0
0
6
0
0
0
0
0
0
2
12
0
0
0
0
0
0
4
0
0
0
0
0
0
5
6
0
0
0
0
0
0
0
2
0
0
0
0
0
0
4
13
0
0
0
0
0
1
5
0
0
0
0
0
0
4
7
0
0
0
0
0
0
1
13
0
0
0
0
0
0
11
16
0
0
0
0
0
0
9
0
0
0
0
0
0
0
5
0
0
0
0
0
0
0
9
0
0
0
0
0
0
5
13
0
0
0
0
0
0
5
0
0
0
0
0
0
0
10
0
0
0
0
0
0
7
11
0
0
0
0
0
0
4
12
0
0
0
0
0
0
4
0
0
0
0
0
0
0
14
0
0
0
0
0
0
6
11
0
0
0
0
0
0
6
11
0
0
0
0
0
0
1
0
0
0
0
0
0
2
13
0
0
0
0
0
0
10
10
0
0
0
0
0
0
1
10
0
0
0
0
0
0
2
0
0
0
0
0
0
0
9
0
0
0
0
0
0
0
10
0
0
0
0
0
0
2
9
0
0
0
0
0
0
1
0
0
0
0
0
0
4
9
0
0
0
0
0
0
1
13
0
0
0
0
0
0
1
8
0
0
0
0
0
0
2
0
0
0
0
0
0
3
8
0
0
0
0
0
0
7
9
0
0
0
0
0
0
4
16
0
0
0
0
0
1
13
0
0
0
0
0
0
0
6
0
0
0
0
0
0
1
4
0
0
0
0
0
0
2
10
0
0
0
0
0
1
7
0
0
0
0
0
0
2
11
0
0
0
0
0
0
0
2
0
0
0
0
0
0
2
16
0
0
0
0
0
0
6
0
0
0
0
0
0
2
5
0
0
0
0
0
0
0
13
0
0
0
0
0
1
0
15
0
0
0
0
0
0
7
0
0
0
0
0
0
0
11
0
0
0
0
0
0
5
9
0
0
0
0
0
0
8
13
0
0
0
0
0
0
3
0
0
0
0
0
0
0
3
0
0
0
0
0
0
3
7
0
0
0
0
0
0
7
12
0
0
0
0
0
0
8
0
0
0
0
0
0
0
9
0
0
0
0
0
1
0
13
0
0
0
0
0
0
9
13
0
0
0
0
0
0
3
0
0
0
0
0
0
0
9
0
0
0
0
0
1
4
10
0
0
0
0
0
0
0
8
0
0
0
0
0
0
0
0
0
0
0
0
0
6
10
0
0
0
0
0
0
8
9
0
0
0
0
0
0
0
17
0
0
0
0
0
0
3
0
0
0
0
0
0
0
9
0
0
0
0
0
0
1
7
0
0
0
0
0
0
5
11
0
0
0
0
0
0
6
0
0
0
0
0
0
6
9
0
0
0
0
0
0
2
10
0
0
0
0
0
0
0
11
0
0
0
0
0
0
8
0
0
0
0
0
0
1
10
0
0
0
0
0
0
0
9
0
0
0
0
0
0
1
8
0
0
0
0
0
1
8
0
0
0
0
0
0
0
15
0
0
0
0
0
0
0
6
0
0
0
0
0
0
8
12
0
0
0
0
0
3
4
0
0
0
0
0
0
4
9
0
0
0
0
0
0
0
9
0
0
0
0
0
0
4
18
0
0
0
0
0
0
2
0
0
0
0
0
0
0
6
0
0
0
0
0
0
2
8
0
0
0
0
0
0
2
15
0
0
0
0
0
0
9
0
0
0
0
0
0
0
4
0
0
0
0
0
0
1
8
0
0
0
0
0
0
4
13
0
0
0
0
0
0
10
0
0
0
0
0
0
0
4
0
0
0
0
0
0
4
13
0
0
0
0
0
0
2
11
0
0
0
0
0
0
3
0
0
0
0
0
0
0
3
0
0
0
0
0
0
6
14
0
0
0
0
0
0
1
11
0
0
0
0
0
0
0
0
0
0
0
0
0
0
14
0
0
0
0
0
0
8
12
0
0
0
0
0
0
0
9
0
0
0
0
0
0
6
0
0
0
0
0
0
0
17
0
0
0
0
0
0
0
8
0
0
0
0
0
0
6
11
0
0
0
0
0
0
2
0
0
0
0
0
0
0
11
0
0
0
0
0
5
6
11
0
0
0
0
0
0
1
10
0
0
0
0
0
0
6
0
0
0
0
0
0
6
10
0
0
0
0
0
0
4
9
0
0
0
0
0
0
0
7
0
0
0
0
0
0
10
0
0
0
0
0
0
6
8
0
0
0
0
0
0
0
4
0
0
0
0
0
0
2
8
0
0
0
0
0
2
6
0
0
0
0
0
0
3
9
0
0
0
0
0
0
2
12
0
0
0
0
0
0
10
12
0
0
0
0
0
0
5
0
0
0
0
0
0
0
4
0
0
0
0
0
0
0
8
0
0
0
0
0
0
6
13
0
0
0
0
0
0
9
0
0
0
0
0
0
0
6
0
0
0
0
0
0
1
15
0
0
0
0
0
0
4
16
0
0
0
0
0
0
6
0
0
0
0
0
0
0
4
0
0
0
0
0
0
3
14
0
0
0
0
0
0
10
18
0
0
0
0
0
0
7
0
0
0
0
0
0
0
1
0
0
0
0
0
0
2
16
0
0
0
0
0
1
9
13
0
0
0
0
0
0
6
0
0
0
0
0
0
0
5
0
0
0
0
0
0
4
14
0
0
0
0
0
0
6
13
0
0
0
0
0
0
0
0
0
0
0
0
0
4
8
0
0
0
0
0
0
0
11
0
0
0
0
0
0
3
7
0
0
0
0
0
0
5
0
0
0
0
0
0
3
10
0
0
0
0
0
0
2
11
0
0
0
0
0
0
4
10
0
0
0
0
0
0
4
0
0
0
0
0
0
0
8
0
0
0
0
0
0
3
8
0
0
0
0
0
0
0
9
0
0
0
0
0
1
8
0
0
0
0
0
0
3
15
0
0
0
0
0
0
0
7
0
0
0
0
0
0
4
9
0
0
0
0
0
0
11
0
0
0
0
0
0
0
8
0
0
0
0
0
0
0
7
0
0
0
0
0
0
3
12
0
0
0
0
0
0
3
0
0
0
0
0
0
0
5
0
0
0
0
0
0
6
9
0
0
0
0
0
0
2
13
0
0
0
0
0
2
3
0
0
0
0
0
0
0
7
0
0
0
0
0
0
1
11
0
0
0
0
0
2
8
13
0
0
0
0
0
1
4
0
0
0
0
0
0
0
6
0
0
0
0
0
0
2
4
0
0
0
0
0
0
5
13
0
0
0
0
0
0
2
0
0
0
0
0
0
0
10
0
0
0
0
0
0
0
14
0
0
0
0
0
0
2
13
0
0
0
0
0
0
1
0
0
0
0
0
0
0
11
0
0
0
0
0
0
3
13
0
0
0
0
0
0
5
7
0
0
0
0
0
0
3
0
0
0
0
0
0
4
11
0
0
0
0
0
0
0
10
0
0
0
0
0
0
1
10
0
0
0
0
0
0
4
0
0
0
0
0
0
0
13
0
0
0
0
0
0
0
12
0
0
0
0
0
0
0
10
0
0
0
0
0
0
7
0
0
0
0
0
0
0
7
0
0
0
0
0
0
0
9
0
0
0
0
0
0
0
10
0
0
0
0
0
0
7
0
0
0
0
0
0
2
7
0
0
0
0
0
0
0
6
0
0
0
0
0
0
9
11
0
0
0
0
0
0
10
0
0
0
0
0
0
0
11
0
0
0
0
0
0
0
6
0
0
0
0
0
0
4
13
0
0
0
0
0
0
1
0
0
0
0
0
0
0
7
0
0
0
0
0
0
0
8
0
0
0
0
0
0
8
16
0
0
0
0
0
0
8
0
0
0
0
0
0
0
4
0
0
0
0
0
0
0
6
0
0
0
0
0
4
6
15
0
0
0
0
0
0
8
0
0
0
0
0
0
0
2
0
0
0
0
0
0
0
7
0
0
0
0
0
0
1
10
0
0
0
0
0
0
12
0
0
0
0
0
0
0
8
0
0
0
0
0
0
0
11
0
0
0
0
0
0
8
18
0
0
0
0
0
0
7
0
0
0
0
0
0
0
10
0
0
0
0
0
0
0
13
0
0
0
0
0
0
0
11
0
0
0
0
0
0
5
0
0
0
0
0
0
4
5
0
0
0
0
0
0
3
16
0
0
0
0
0
0
1
11
0
0
0
0
0
0
5
0
0
0
0
0
0
0
4
0
0
0
0
0
0
2
13
0
0
0
0
0
0
4
9
0
0
0
0
0
0
6
0
0
0
0
0
0
1
6
0
0
0
0
0
0
2
18
0
0
0
0
0
0
0
14
0
0
0
0
0
0
6
0
0
0
0
0
0
0
12
0
0
0
0
0
0
1
6
0
0
0
0
0
0
5
13
0
0
0
0
0
0
8
0
0
0
0
0
0
2
6
0
0
0
0
0
0
0
8
0
0
0
0
0
0
1
10
0
0
0
0
0
0
8
0
0
0
0
0
0
0
13
0
0
0
0
0
0
0
10
0
0
0
0
0
0
5
13
0
0
0
0
0
0
5
0
0
0
0
0
0
2
9
0
0
0
0
0
0
1
6
0
0
0
0
0
0
1
15
0
0
0
0
0
0
10
0
0
0
0
0
0
4
4
0
0
0
0
0
0
2
12
0
0
0
0
0
0
8
14
0
0
0
0
0
3
9
0
0
0
0
0
0
1
3
0
0
0
0
0
0
1
9
0
0
0
0
0
0
9
12
0
0
0
0
0
0
10
0
0
0
0
0
0
0
3
0
0
0
0
0
0
4
10
0
0
0
0
0
0
5
19
0
0
0
0
0
0
7
0
0
0
0
0
0
0
5
0
0
0
0
0
0
2
15
0
0
0
0
0
0
3
14
0
0
0
0
0
0
6
0
0
0
0
0
0
0
4
0
0
0
0
0
0
7
14
0
0
0
0
0
0
0
10
0
0
0
0
0
0
2
0
0
0
0
0
0
0
7
0
0
0
0
0
0
5
19
0
0
0
0
0
0
9
7
0
0
0
0
0
0
4
0
0
0
0
0
0
0
3
0
0
0
0
0
0
0
8
0
0
0
0
0
0
2
11
0
0
0
0
0
0
8
0
0
0
0
0
0
2
9
0
0
0
0
0
0
3
8
0
0
0
0
0
0
0
8
0
0
0
0
0
0
5
0
0
0
0
0
0
2
7
0
0
0
0
0
0
3
16
0
0
0
0
0
0
2
8
0
0
0
0
0
0
11
0
0
0
0
0
0
3
5
0
0
0
0
0
0
0
7
0
0
0
0
0
0
0
9
0
0
0
0
0
0
8
0
0
0
0
0
0
0
8
0
0
0
0
0
0
1
6
0
0
0
0
0
0
2
13
0
0
0
0
0
0
9
0
0
0
0
0
0
0
6
0
0
0
0
0
0
4
7
0
0
0
0
0
0
10
14
0
0
0
0
0
0
2
0
0
0
0
0
0
0
8
0
0
0
0
0
0
0
8
0
0
0
0
0
0
7
17
0
0
0
0
0
1
6
0
0
0
0
0
0
0
8
0
0
0
0
0
0
1
12
0
0
0
0
0
1
8
17
0
0
0
0
0
2
9
0
0
0
0
0
0
0
4
0
0
0
0
0
0
1
12
0
0
0
0
0
0
1
14
0
0
0
0
0
0
1
0
0
0
0
0
0
0
8
0
0
0
0
0
0
4
8
0
0
0
0
0
0
6
15
0
0
0
0
0
0
3
0
0
0
0
0
0
0
9
0
0
0
0
0
0
2
11
0
0
0
0
0
0
1
11
0
0
0
0
0
0
4
0
0
0
0
0
0
4
11
0
0
0
0
0
0
2
12
0
0
0
0
0
0
1
7
0
0
0
0
0
0
3
0
0
0
0
0
0
4
10
0
0
0
0
0
0
3
14
0
0
0
0
0
0
0
9
0
0
0
0
0
0
1
0
0
0
0
0
0
0
8
0
0
0
0
0
0
6
14
0
0
0
0
0
0
0
8
0
0
0
0
0
0
11
0
0
0
0
0
0
1
17
0
0
0
0
0
0
0
8
0
0
0
0
0
0
0
9
0
0
0
0
0
4
9
0
0
0
0
0
0
6
15
0
0
0
0
0
0
1
5
0
0
0
0
0
0
3
11
0
0
0
0
0
1
9
0
0
0
0
0
0
0
8
0
0
0
0
0
0
3
6
0
0
0
0
0
0
9
17
0
0
0
0
0
0
2
0
0
0
0
0
0
0
2
0
0
0
0
0
0
0
6
0
0
0
0
0
0
6
12
0
0
0
0
0
2
7
0
0
0
0
0
0
0
11
0
0
0
0
0
0
0
8
0
0
0
0
0
0
2
11
0
0
0
0
0
2
4
0
0
0
0
0
0
0
7
0
0
0
0
0
0
0
11
0
0
0
0
0
0
10
12
0
0
0
0
0
0
11
0
0
0
0
0
0
1
6
0
0
0
0
0
0
2
8
0
0
0
0
0
0
3
16
0
0
0
0
0
0
5
0
0
0
0
0
0
0
8
0
0
0
0
0
0
2
14
0
0
0
0
0
0
5
13
0
0
0
0
0
0
2
0
0
0
0
0
0
6
6
0
0
0
0
0
0
4
10
0
0
0
0
0
0
4
10
0
0
0
0
0
0
3
0
0
0
0
0
0
0
11
0
0
0
0
0
0
5
13
0
0
0
0
0
0
2
9
0
0
0
0
0
0
6
0
0
0
0
0
0
0
11
0
0
0
0
0
0
7
10
0
0
0
0
0
0
0
11
0
0
0
0
0
0
6
0
0
0
0
0
0
0
9
0
0
0
0
0
0
1
14
0
0
0
0
0
0
1
16
0
0
0
0
0
0
6
0
0
0
0
0
0
3
8
0
0
0
0
0
0
0
14
0
0
0
0
0
0
0
11
0
0
0
0
0
0
10
0
0
0
0
0
0
1
10
0
0
0
0
0
0
0
9
0
0
0
0
0
0
1
12
0
0
0
0
0
0
7
0
0
0
0
0
0
2
5
0
0
0
0
0
0
1
8
0
0
0
0
0
0
1
15
0
0
0
0
0
0
15
0
0
0
0
0
0
0
4
0
0
0
0
0
0
0
6
0
0
0
0
0
0
5
9
0
0
0
0
0
0
11
0
0
0
0
0
0
0
3
0
0
0
0
0
0
0
9
0
0
0
0
0
0
4
16
0
0
0
0
0
0
5
0
0
0
0
0
0
0
5
0
0
0
0
0
0
7
15
0
0
0
0
0
0
8
14
0
0
0
0
0
1
0
0
0
0
0
0
0
0
10
0
0
0
0
0
0
3
4
0
0
0
0
0
0
3
15
0
0
0
0
0
0
3
0
0
0
0
0
0
9
10
0
0
0
0
0
0
1
7
0
0
0
0
0
0
1
12
0
0
0
0
0
0
0
0
0
0
0
0
0
0
11
0
0
0
0
0
0
10
11
0
0
0
0
0
0
3
6
0
0
0
0
0
0
11
0
0
0
0
0
0
4
8
0
0
0
0
0
0
4
13
0
0
0
0
0
0
1
6
0
0
0
0
0
0
6
0
0
0
0
0
0
1
6
0
0
0
0
0
0
0
11
0
0
0
0
0
0
0
6
0
0
0
0
0
0
6
0
0
0
0
0
0
0
10
0
0
0
0
0
0
0
8
0
0
0
0
0
0
3
11
0
0
0
0
0
0
5
0
0
0
0
0
0
0
12
0
0
0
0
0
0
0
12
0
0
0
0
0
0
8
14
0
0
0
0
0
0
10
0
0
0
0
0
0
6
12
0
0
0
0
0
0
0
9
0
0
0
0
0
0
0
10
0
0
0
0
0
1
9
0
0
0
0
0
0
0
11
0
0
0
0
0
0
0
12
0
0
0
0
0
0
11
10
0
0
0
0
0
1
6
0
0
0
0
0
0
0
9
0
0
0
0
0
0
2
13
0
0
0
0
0
0
5
14
0
0
0
0
0
0
4
0
0
0
0
0
0
0
6
0
0
0
0
0
0
0
8
0
0
0
0
0
0
8
13
0
0
0
0
0
0
10
0
0
0
0
0
0
0
6
0
0
0
0
0
0
2
10
0
0
0
0
0
0
6
14
0
0
0
0
0
0
8
0
0
0
0
0
0
0
10
0
0
0
0
0
0
8
9
0
0
0
0
0
0
1
11
0
0
0
0
0
0
2
0
0
0
0
0
0
0
11
0
0
0
0
0
0
3
7
0
0
0
0
0
0
0
11
0
0
0
0
0
0
4
0
0
0
0
0
0
0
9
0
0
0
0
0
0
2
10
0
0
0
0
0
0
3
12
0
0
0
0
0
0
6
0
0
0
0
0
0
4
8
0
0
0
0
0
0
0
7
0
0
0
0
0
0
2
8
0
0
0
0
0
0
7
0
0
0
0
0
0
0
13
0
0
0
0
0
0
1
14
0
0
0
0
0
0
0
12
0
0
0
0
0
0
8
0
0
0
0
0
0
2
11
0
0
0
0
0
0
0
6
0
0
0
0
0
0
2
10
0
0
0
0
0
0
7
0
0
0
0
0
0
0
6
0
0
0
0
0
0
0
13
0
0
0
0
0
0
3
17
0
0
0
0
0
0
11
0
0
0
0
0
0
0
4
0
0
0
0
0
0
0
9
0
0
0
0
0
3
4
13
0
0
0
0
0
0
6
0
0
0
0
0
0
0
4
0
0
0
0
0
0
3
10
0
0
0
0
0
0
8
13
0
0
0
0
0
0
7
0
0
0
0
0
0
0
4
0
0
0
0
0
0
5
12
0
0
0
0
0
0
6
14
0
0
0
0
0
0
3
0
0
0
0
0
0
5
15
0
0
0
0
0
0
6
14
0
0
0
0
0
0
0
11
0
0
0
0
0
0
2
0
0
0
0
0
0
5
15
0
0
0
0
0
0
0
11
0
0
0
0
0
0
4
8
0
0
0
0
0
0
4
0
0
0
0
0
0
0
8
0
0
0
0
0
1
7
13
0
0
0
0
0
0
3
8
0
0
0
0
0
0
1
0
0
0
0
0
0
5
11
0
0
0
0
0
0
4
6
0
0
0
0
0
0
4
8
0
0
0
0
0
0
6
0
0
0
0
0
0
0
8
0
0
0
0
0
0
6
9
0
0
0
0
0
0
2
10
0
0
0
0
0
0
7
0
0
0
0
0
0
6
11
0
0
0
0
0
0
3
4
0
0
0
0
0
0
0
7
0
0
0
0
0
0
10
0
0
0
0
0
0
0
16
0
0
0
0
0
0
3
8
0
0
0
0
0
0
2
11
0
0
0
0
0
0
3
0
0
0
0
0
0
0
7
0
0
0
0
0
0
6
9
0
0
0
0
0
0
8
11
0
0
0
0
0
0
6
0
0
0
0
0
0
0
3
0
0
0
0
0
0
5
11
0
0
0
0
0
1
7
14
0
0
0
0
0
0
7
0
0
0
0
0
0
4
10
0
0
0
0
0
0
3
7
0
0
0
0
0
0
6
15
0
0
0
0
0
2
9
0
0
0
0
0
0
0
8
0
0
0
0
0
0
0
13
0
0
0
0
0
0
11
17
0
0
0
0
0
0
0
0
0
0
0
0
0
0
9
0
0
0
0
0
0
2
14
0
0
0
0
0
0
3
15
0
0
0
0
0
0
2
0
0
0
0
0
0
0
5
0
0
0
0
0
0
2
10
0
0
0
0
0
0
6
23
0
0
0
0
0
0
8
0
0
0
0
0
0
2
2
0
0
0
0
0
0
8
8
0
0
0
0
0
0
11
10
0
0
0
0
0
0
6
0
0
0
0
0
0
0
7
0
0
0
0
0
0
1
10
0
0
0
0
0
0
5
5
0
0
0
0
0
0
4
0
0
0
0
0
0
0
9
0
0
0
0
0
0
4
13
0
0
0
0
0
0
1
11
0
0
0
0
0
0
4
0
0
0
0
0
0
3
12
0
0
0
0
0
0
3
12
0
0
0
0
0
0
0
13
0
0
0
0
0
0
5
0
0
0
0
0
0
3
7
0
0
0
0
0
0
3
6
0
0
0
0
0
0
1
13
0
0
0
0
0
0
6
0
0
0
0
0
0
0
11
0
0
0
0
0
0
3
3
0
0
0
0
0
0
5
13
0
0
0
0
0
2
2
0
0
0
0
0
0
1
9
0
0
0
0
0
0
5
7
0
0
0
0
0
0
5
13
0
0
0
0
0
0
13
0
0
0
0
0
0
0
3
0
0
0
0
0
0
0
8
0
0
0
0
0
0
5
11
0
0
0
0
0
0
6
0
0
0
0
0
0
0
2
0
0
0
0
0
0
2
6
0
0
0
0
0
0
6
10
0
0
0
0
0
2
4
0
0
0
0
0
0
0
5
0
0
0
0
0
0
2
16
0
0
0
0
0
0
7
12
0
0
0
0
0
1
3
0
0
0
0
0
0
3
8
0
0
0
0
0
0
6
13
0
0
0
0
0
0
3
18
0
0
0
0
0
0
6
0
0
0
0
0
0
0
5
0
0
0
0
0
0
2
7
0
0
0
0
0
0
5
11
0
0
0
0
0
0
4
0
0
0
0
0
0
0
9
0
0
0
0
0
0
1
10
0
0
0
0
0
0
0
10
0
0
0
0
0
0
1
0
0
0
0
0
0
0
13
0
0
0
0
0
0
4
17
0
0
0
0
0
0
1
13
0
0
0
0
0
0
5
0
0
0
0
0
0
4
6
0
0
0
0
0
0
0
8
0
0
0
0
0
0
0
8
0
0
0
0
0
1
9
0
0
0
0
0
0
0
6
0
0
0
0
0
0
0
6
0
0
0
0
0
0
1
9
0
0
0
0
0
0
3
0
0
0
0
0
0
1
11
0
0
0
0
0
0
0
4
0
0
0
0
0
0
3
12
0
0
0
0
0
0
11
0
0
0
0
0
0
2
14
0
0
0
0
0
0
2
9
0
0
0
0
0
0
9
7
0
0
0
0
0
0
8
0
0
0
0
0
0
2
10
0
0
0
0
0
0
0
4
0
0
0
0
0
0
8
13
0
0
0
0
0
3
5
0
0
0
0
0
0
0
5
0
0
0
0
0
0
1
4
0
0
0
0
0
0
8
20
0
0
0
0
0
5
13
0
0
0
0
0
0
0
4
0
0
0
0
0
0
0
8
0
0
0
0
0
0
6
15
0
0
0
0
0
4
9
0
0
0
0
0
0
1
6
0
0
0
0
0
0
7
16
0
0
0
0
0
0
4
15
0
0
0
0
0
0
3
0
0
0
0
0
0
0
7
0
0
0
0
0
0
0
12
0
0
0
0
0
0
6
12
0
0
0
0
0
0
2
0
0
0
0
0
0
5
9
0
0
0
0
0
0
3
12
0
0
0
0
0
0
0
9
0
0
0
0
0
0
11
0
0
0
0
0
0
4
9
0
0
0
0
0
0
0
6
0
0
0
0
0
0
4
13
0
0
0
0
0
0
12
0
0
0
0
0
0
0
4
0
0
0
0
0
0
0
10
0
0
0
0
0
0
7
17
0
0
0
0
0
1
0
0
0
0
0
0
0
1
9
0
0
0
0
0
0
5
8
0
0
0
0
0
0
0
12
0
0
0
0
0
0
4
0
0
0
0
0
0
0
13
0
0
0
0
0
0
4
10
0
0
0
0
0
0
0
9
0
0
0
0
0
1
8
0
0
0
0
0
0
1
6
0
0
0
0
0
0
7
12
0
0
0
0
0
0
7
15
0
0
0
0
0
2
6
0
0
0
0
0
0
0
7
0
0
0
0
0
0
0
10
0
0
0
0
0
0
6
7
0
0
0
0
0
2
6
0
0
0
0
0
0
0
10
0
0
0
0
0
0
0
12
0
0
0
0
0
0
0
10
0
0
0
0
0
0
8
0
0
0
0
0
0
0
4
0
0
0
0
0
0
3
4
0
0
0
0
0
0
3
12
0
0
0
0
0
0
4
0
0
0
0
0
0
0
7
0
0
0
0
0
0
5
7
0
0
0
0
0
0
3
15
0
0
0
0
0
0
5
0
0
0
0
0
0
1
4
0
0
0
0
0
0
6
11
0
0
0
0
0
0
6
13
0
0
0
0
0
0
9
0
0
0
0
0
0
0
9
0
0
0
0
0
0
0
11
0
0
0
0
0
0
7
14
0
0
0
0
0
0
0
0
0
0
0
0
0
0
6
0
0
0
0
0
0
0
11
0
0
0
0
0
0
7
11
0
0
0
0
0
1
7
0
0
0
0
0
0
0
7
0
0
0
0
0
0
2
9
0
0
0
0
0
0
5
12
0
0
0
0
0
1
7
0
0
0
0
0
0
0
11
0
0
0
0
0
0
0
9
0
0
0
0
0
0
6
16
0
0
0
0
0
0
5
0
0
0
0
0
0
0
6
0
0
0
0
0
0
2
12
0
0
0
0
0
0
3
16
0
0
0
0
0
4
4
0
0
0
0
0
0
0
11
0
0
0
0
0
0
1
11
0
0
0
0
0
0
7
14
0
0
0
0
0
0
4
0
0
0
0
0
0
0
7
0
0
0
0
0
0
0
6
0
0
0
0
0
0
7
10
0
0
0
0
0
0
10
0
0
0
0
0
0
0
4
0
0
0
0
0
0
1
8
0
0
0
0
0
0
5
11
0
0
0
0
0
5
15
0
0
0
0
0
0
6
13
0
0
0
0
0
0
0
16
0
0
0
0
0
0
3
20
0
0
0
0
0
0
9
0
0
0
0
0
0
1
10
0
0
0
0
0
0
7
7
0
0
0
0
0
0
1
13
0
0
0
0
0
2
5
0
0
0
0
0
0
0
8
0
0
0
0
0
0
0
6
0
0
0
0
0
0
3
13
0
0
0
0
0
0
4
0
0
0
0
0
0
0
5
0
0
0
0
0
0
4
8
0
0
0
0
0
0
3
14
0
0
0
0
0
0
13
0
0
0
0
0
0
0
8
0
0
0
0
0
0
0
10
0
0
0
0
0
0
4
5
0
0
0
0
0
2
10
0
0
0
0
0
0
1
7
0
0
0
0
0
0
1
11
0
0
0
0
0
0
9
12
0
0
0
0
0
0
4
0
0
0
0
0
0
4
14
0
0
0
0
0
0
0
9
0
0
0
0
0
0
10
3
0
0
0
0
0
1
3
0
0
0
0
0
0
1
13
0
0
0
0
0
0
1
11
0
0
0
0
0
0
1
16
0
0
0
0
0
0
6
0
0
0
0
0
0
0
13
0
0
0
0
0
0
0
10
0
0
0
0
0
0
6
14
0
0
0
0
0
0
5
0
0
0
0
0
0
1
9
0
0
0
0
0
0
1
5
0
0
0
0
0
0
3
11
0
0
0
0
0
1
6
0
0
0
0
0
0
0
9
0
0
0
0
0
0
2
13
0
0
0
0
0
0
2
13
0
0
0
0
0
0
6
0
0
0
0
0
0
0
6
0
0
0
0
0
0
0
8
0
0
0
0
0
0
2
11
0
0
0
0
0
0
7
0
0
0
0
0
0
1
6
0
0
0
0
0
0
0
10
0
0
0
0
0
0
0
11
0
0
0
0
0
0
6
0
0
0
0
0
0
0
10
0
0
0
0
0
4
4
9
0
0
0
0
0
0
9
11
0
0
0
0
0
0
4
0
0
0
0
0
0
0
8
0
0
0
0
0
0
7
7
0
0
0
0
0
0
8
10
0
0
0
0
0
2
3
0
0
0
0
0
0
6
10
0
0
0
0
0
0
2
10
0
0
0
0
0
0
2
10
0
0
0
0
0
0
4
0
0
0
0
0
0
2
6
0
0
0
0
0
0
1
7
0
0
0
0
0
0
0
9
0
0
0
0
0
0
9
0
0
0
0
0
0
0
9
0
0
0
0
0
0
1
10
0
0
0
0
0
0
1
15
0
0
0
0
0
0
9
0
0
0
0
0
0
0
7
0
0
0
0
0
0
0
9
0
0
0
0
0
0
5
13
0
0
0
0
0
0
6
0
0
0
0
0
0
0
8
0
0
0
0
0
0
0
17
0
0
0
0
0
0
1
10
0
0
0
0
0
0
7
0
0
0
0
0
0
0
8
0
0
0
0
0
0
2
5
0
0
0
0
0
0
1
12
0
0
0
0
0
0
3
0
0
0
0
0
0
2
7
0
0
0
0
0
0
6
9
0
0
0
0
0
0
6
16
0
0
0
0
0
0
12
0
0
0
0
0
0
1
10
0
0
0
0
0
0
1
12
0
0
0
0
0
0
2
11
0
0
0
0
0
5
10
0
0
0
0
0
0
1
5
0
0
0
0
0
0
2
10
0
0
0
0
0
0
4
15
0
0
0
0
0
0
8
0
0
0
0
0
0
0
13
0
0
0
0
0
0
2
10
0
0
0
0
0
0
3
12
0
0
0
0
0
0
6
0
0
0
0
0
0
0
7
0
0
0
0
0
0
4
14
0
0
0
0
0
0
2
14
0
0
0
0
0
0
4
0
0
0
0
0
0
0
11
0
0
0
0
0
0
0
7
0
0
0
0
0
0
4
11
0
0
0
0
0
0
8
0
0
0
0
0
0
0
6
0
0
0
0
0
0
4
9
0
0
0
0
0
0
6
8
0
0
0
0
0
0
4
0
0
0
0
0
0
3
16
0
0
0
0
0
0
0
13
0
0
0
0
0
0
3
10
0
0
0
0
0
3
6
0
0
0
0
0
0
1
10
0
0
0
0
0
0
3
8
0
0
0
0
0
1
3
12
0
0
0
0
0
0
7
0
0
0
0
0
0
0
7
0
0
0
0
0
0
0
10
0
0
0
0
0
0
0
12
0
0
0
0
0
2
6
0
0
0
0
0
0
2
7
0
0
0
0
0
0
0
15
0
0
0
0
0
0
7
8
0
0
0
0
0
0
8
0
0
0
0
0
0
0
12
0
0
0
0
0
0
0
13
0
0
0
0
0
0
1
12
0
0
0
0
0
2
6
0
0
0
0
0
0
0
9
0
0
0
0
0
0
0
11
0
0
0
0
0
0
1
13
0
0
0
0
0
0
5
0
0
0
0
0
0
0
5
0
0
0
0
0
0
2
11
0
0
0
0
0
0
3
15
0
0
0
0
0
0
2
0
0
0
0
0
0
0
10
0
0
0
0
0
0
3
12
0
0
0
0
0
0
1
14
0
0
0
0
0
0
4
0
0
0
0
0
0
0
5
0
0
0
0
0
0
1
11
0
0
0
0
0
0
6
14
0
0
0
0
0
0
4
0
0
0
0
0
0
0
8
0
0
0
0
0
0
2
13
0
0
0
0
0
0
6
9
0
0
0
0
0
0
6
0
0
0
0
0
0
0
5
0
0
0
0
0
0
3
14
0
0
0
0
0
0
0
10
0
0
0
0
0
0
6
0
0
0
0
0
0
0
3
0
0
0
0
0
0
2
13
0
0
0
0
0
4
6
15
0
0
0
0
0
0
2
0
0
0
0
0
0
0
5
0
0
0
0
0
0
3
16
0
0
0
0
0
0
4
15
0
0
0
0
0
0
3
0
0
0
0
0
0
0
5
0
0
0
0
0
0
0
9
0
0
0
0
0
0
8
9
0
0
0
0
0
0
11
0
0
0
0
0
0
0
14
0
0
0
0
0
0
1
10
0
0
0
0
0
0
8
15
0
0
0
0
0
1
4
0
0
0
0
0
0
0
6
0
0
0
0
0
0
4
5
0
0
0
0
0
0
3
16
0
0
0
0
0
0
4
0
0
0
0
0
0
0
8
0
0
0
0
0
0
4
13
0
0
0
0
0
0
0
9
0
0
0
0
0
0
4
0
0
0
0
0
0
0
2
0
0
0
0
0
0
5
9
0
0
0
0
0
0
3
9
0
0
0
0
0
0
8
0
0
0
0
0
0
4
10
0
0
0
0
0
0
0
12
0
0
0
0
0
0
6
10
0
0
0
0
0
0
13
0
0
0
0
0
0
2
13
0
0
0
0
0
0
0
8
0
0
0
0
0
0
4
10
0
0
0
0
0
0
7
0
0
0
0
0
0
1
7
0
0
0
0
0
0
0
4
0
0
0
0
0
0
2
12
0
0
0
0
0
0
14
0
0
0
0
0
0
0
9
0
0
0
0
0
0
0
8
0
0
0
0
0
0
0
11
0
0
0
0
0
5
8
0
0
0
0
0
0
0
5
0
0
0
0
0
0
4
10
0
0
0
0
0
0
0
11
0
0
0
0
0
0
4
0
0
0
0
0
0
0
7
0
0
0
0
0
0
0
8
0
0
0
0
0
0
4
11
0
0
0
0
0
0
6
0
0
0
0
0
0
0
5
0
0
0
0
0
0
0
9
0
0
0
0
0
0
4
11
0
0
0
0
0
0
10
0
0
0
0
0
0
0
9
0
0
0
0
0
0
5
5
0
0
0
0
0
0
11
16
0
0
0
0
0
0
9
0
0
0
0
0
0
0
3
0
0
0
0
0
0
7
13
0
0
0
0
0
2
9
19
0
0
0
0
0
0
3
0
0
0
0
0
0
0
6
0
0
0
0
0
0
9
14
0
0
0
0
0
0
4
10
0
0
0
0
0
0
5
0
0
0
0
0
0
1
11
0
0
0
0
0
0
4
7
0
0
0
0
0
0
0
9
0
0
0
0
0
0
6
0
0
0
0
0
0
4
4
0
0
0
0
0
0
9
13
0
0
0
0
0
0
0
8
0
0
0
0
0
0
5
0
0
0
0
0
0
0
11
0
0
0
0
0
0
1
13
0
0
0
0
0
0
0
10
0
0
0
0
0
0
9
0
0
0
0
0
0
2
14
0
0
0
0
0
0
1
5
0
0
0
0
0
0
0
8
0
0
0
0
0
0
10
0
0
0
0
0
0
0
7
0
0
0
0
0
0
0
8
0
0
0
0
0
0
5
12
0
0
0
0
0
0
8
0
0
0
0
0
0
0
7
0
0
0
0
0
0
0
10
0
0
0
0
0
0
6
13
0
0
0
0
0
0
9
0
0
0
0
0
0
0
7
0
0
0
0
0
0
1
6
0
0
0
0
0
0
1
19
0
0
0
0
0
0
4
0
0
0
0
0
0
0
9
0
0
0
0
0
0
0
6
0
0
0
0
0
0
5
8
0
0
0
0
0
0
2
0
0
0
0
0
0
0
4
0
0
0
0
0
0
0
2
0
0
0
0
0
0
7
12
0
0
0
0
0
0
7
0
0
0
0
0
0
0
8
0
0
0
0
0
0
2
15
0
0
0
0
0
4
1
15
0
0
0
0
0
0
7
0
0
0
0
0
0
0
8
0
0
0
0
0
0
0
14
0
0
0
0
0
0
7
9
0
0
0
0
0
0
6
0
0
0
0
0
0
0
4
0
0
0
0
0
0
5
10
0
0
0
0
0
0
7
15
0
0
0
0
0
0
1
0
0
0
0
0
0
0
7
0
0
0
0
0
0
1
9
0
0
0
0
0
0
2
15
0
0
0
0
0
0
6
0
0
0
0
0
0
0
2
0
0
0
0
0
0
2
17
0
0
0
0
0
0
5
10
0
0
0
0
0
0
1
0
0
0
0
0
0
1
8
0
0
0
0
0
0
2
13
0
0
0
0
0
0
5
8
0
0
0
0
0
0
5
0
0
0
0
0
0
0
8
0
0
0
0
0
0
0
13
0
0
0
0
0
0
4
13
0
0
0
0
0
0
9
0
0
0
0
0
0
3
6
0
0
0
0
0
0
3
12
0
0
0
0
0
0
0
12
0
0
0
0
0
0
8
0
0
0
0
0
0
8
12
0
0
0
0
0
0
0
7
0
0
0
0
0
0
2
12
0
0
0
0
0
0
3
0
0
0
0
0
0
1
12
0
0
0
0
0
0
4
8
0
0
0
0
0
0
3
11
0
0
0
0
0
4
10
0
0
0
0
0
0
0
4
0
0
0
0
0
0
0
7
0
0
0
0
0
6
2
14
0
0
0
0
0
3
8
0
0
0
0
0
0
0
7
0
0
0
0
0
0
2
12
0
0
0
0
0
0
4
11
0
0
0
0
0
0
8
0
0
0
0
0
0
0
5
0
0
0
0
0
0
6
16
0
0
0
0
0
4
3
13
0
0
0
0
0
0
1
0
0
0
0
0
0
0
10
0
0
0
0
0
0
1
17
0
0
0
0
0
0
14
11
0
0
0
0
0
0
1
0
0
0
0
0
0
0
4
0
0
0
0
0
0
0
15
0
0
0
0
0
0
6
14
0
0
0
0
0
0
0
0
0
0
0
0
0
3
11
0
0
0
0
0
0
0
9
0
0
0
0
0
0
3
11
0
0
0
0
0
0
3
0
0
0
0
0
0
7
9
0
0
0
0
0
4
0
10
0
0
0
0
0
0
2
8
0
0
0
0
0
0
6
0
0
0
0
0
0
8
5
0
0
0
0
0
0
0
4
0
0
0
0
0
0
1
8
0
0
0
0
0
0
8
0
0
0
0
0
0
5
8
0
0
0
0
0
0
0
8
0
0
0
0
0
0
3
11
0
0
0
0
0
1
12
0
0
0
0
0
0
2
9
0
0
0
0
0
0
1
8
0
0
0
0
0
0
5
10
0
0
0
0
0
0
6
0
0
0
0
0
0
5
8
0
0
0
0
0
0
0
6
0
0
0
0
0
0
3
14
0
0
0
0
0
1
3
0
0
0
0
0
0
0
4
0
0
0
0
0
0
0
11
0
0
0
0
0
0
1
16
0
0
0
0
0
0
7
0
0
0
0
0
0
0
8
0
0
0
0
0
0
3
12
0
0
0
0
0
0
6
12
0
0
0
0
0
0
5
0
0
0
0
0
0
0
0
0
0
0
0
0
1
3
13
0
0
0
0
0
0
5
17
0
0
0
0
0
0
6
0
0
0
0
0
0
0
9
0
0
0
0
0
0
5
14
0
0
0
0
0
0
3
13
0
0
0
0
0
0
11
0
0
0
0
0
0
2
5
0
0
0
0
0
0
4
8
0
0
0
0
0
0
0
11
0
0
0
0
0
0
2
0
0
0
0
0
0
2
13
0
0
0
0
0
0
1
7
0
0
0
0
0
0
0
12
0
0
0
0
0
0
4
0
0
0
0
0
0
0
11
0
0
0
0
0
0
1
6
0
0
0
0
0
0
2
15
0
0
0
0
0
0
11
0
0
0
0
0
0
8
11
0
0
0
0
0
0
1
7
0
0
0
0
0
0
8
12
0
0
0
0
0
2
9
0
0
0
0
0
0
4
15
0
0
0
0
0
0
0
7
0
0
0
0
0
0
8
19
0
0
0
0
0
2
4
0
0
0
0
0
0
0
13
0
0
0
0
0
0
0
11
0
0
0
0
0
0
12
18
0
0
0
0
0
0
10
0
0
0
0
0
0
0
5
0
0
0
0
0
0
0
9
0
0
0
0
0
2
4
16
0
0
0
0
0
0
7
0
0
0
0
0
0
1
6
0
0
0
0
0
0
1
14
0
0
0
0
0
0
8
12
0
0
0
0
0
0
8
0
0
0
0
0
0
0
6
0
0
0
0
0
0
4
10
0
0
0
0
0
1
6
12
0
0
0
0
0
0
9
0
0
0
0
0
0
0
6
0
0
0
0
0
0
5
7
0
0
0
0
0
0
11
14
0
0
0
0
0
0
9
0
0
0
0
0
0
0
11
0
0
0
0
0
0
0
12
0
0
0
0
0
0
7
15
0
0
0
0
0
0
2
0
0
0
0
0
0
0
11
0
0
0
0
0
0
12
14
0
0
0
0
0
0
7
12
0
0
0
0
0
0
0
0
0
0
0
0
0
3
6
0
0
0
0
0
0
2
19
0
0
0
0
0
0
0
6
0
0
0
0
0
0
0
0
0
0
0
0
0
3
13
0
0
0
0
0
1
3
11
0
0
0
0
0
0
2
12
0
0
0
0
0
0
5
0
0
0
0
0
0
3
7
0
0
0
0
0
1
4
10
0
0
0
0
0
0
1
9
0
0
0
0
0
0
8
0
0
0
0
0
0
0
9
0
0
0
0
0
0
0
6
0
0
0
0
0
0
5
8
0
0
0
0
0
1
6
0
0
0
0
0
0
0
9
0
0
0
0
0
0
0
10
0
0
0
0
0
0
7
18
0
0
0
0
0
5
8
0
0
0
0
0
0
0
9
0
0
0
0
0
0
0
4
0
0
0
0
0
0
4
16
0
0
0
0
0
0
6
0
0
0
0
0
0
0
3
0
0
0
0
0
0
0
9
0
0
0
0
0
0
4
13
0
0
0
0
0
2
6
0
0
0
0
0
0
0
5
0
0
0
0
0
0
1
