3.59503
3.84
1.44
3.52
2.4
4.32
4
3.52
3.2
2.88
3.2
2.88
3.84
1.28
2.72
2.88
2.4
2.4
2.4
3.52
3.68
3.2
4.16
2.56
3.2
3.36
2.88
3.68
3.68
2.88
2.56
3.04
3.84
2.4
3.84
3.68
2.56
3.36
3.6
3.04
2.24
4.32
2.72
4
3.68
3.2
4.32
2.24
3.68
2.88
2.72
2.4
3.68
4.48
3.04
3.52
4.48
4.96
2.24
3.2
5.12
5.76
5.28
4.64
5.28
2.72
6.08
2.4
5.28
3.84
3.84
5.12
4.64
4.96
4.64
4.8
4
4.96
1.76
6.08
4.8
4.48
3.36
4.8
5.6
4.8
5.6
4.8
6.24
3.68
2.72
4.48
5.92
3.68
5.92
2.08
5.12
5.12
6.4
3.52
4.16
6.4
4.48
3.36
6.4
4.32
2.88
5.76
8.16
3.52
4.64
6.24
3.2
4.96
4.8
3.84
6.4
7.04
5.12
4.96
3.36
4.48
6.56
4.8
4.8
3.68
6.08
5.6
3.04
7.04
3.68
4.32
3.52
4.64
4.64
6.4
3.68
3.2
7.36
4.8
3.84
5.6
4.48
6.56
3.68
3.84
7.68
5.6
4.96
5.76
5.12
6.56
3.84
4.48
3.52
6.56
4.16
5.76
6.56
4.32
3.52
4.8
4.8
5.6
6.4
5.28
3.68
5.12
6.08
6.08
4.8
6.08
7.04
3.2
5.28
4.48
5.44
3.84
4.48
5.28
8.16
5.92
6.4
5.76
4.96
3.04
8.8
5.44
4.64
5.6
7.84
3.2
5.76
2.4
8
8.16
6.24
7.04
2.88
4.48
8.64
4.8
8.16
3.68
4.32
5.76
4.8
4
4.48
4.8
5.92
6.88
4.32
5.44
6.08
5.92
3.68
6.08
7.36
3.84
6.88
5.76
4.16
5.12
8.32
3.68
3.36
5.6
5.28
4.48
8.96
5.44
2.08
8
4.64
4.64
5.44
8.16
4.96
5.12
5.12
7.04
6.4
6.4
8.32
3.68
5.92
5.92
6.08
4.48
3.84
7.68
6.88
3.84
5.44
5.6
6.24
8.32
4.8
6.72
7.84
4.32
5.76
7.04
4.32
4.48
4.16
7.04
4.8
4.64
4.8
2.56
5.76
4.96
5.6
3.2
4.8
4.8
6.72
6.08
4.64
3.36
4.96
3.52
7.68
3.84
6.72
3.84
4.48
6.4
4.48
6.08
6.08
6.56
6.56
6.56
2.72
6.24
4.96
5.92
3.2
5.44
4
5.92
5.12
4.16
4.64
4
6.56
4.96
3.04
4.8
4.48
5.76
3.52
6.56
7.04
3.36
3.2
4.96
3.36
5.92
3.04
3.84
3.36
7.36
4.64
5.28
4.16
5.92
4
4.32
3.84
5.28
5.76
6.88
4.32
4.48
7.36
4.8
5.28
6.24
5.76
5.12
3.2
5.44
6.56
4.8
5.76
2.24
7.52
6.56
6.08
4.48
5.44
5.92
4.32
6.56
5.76
7.84
3.36
4.96
7.68
4.8
6.24
2.4
6.72
6.56
3.68
3.2
6.08
2.88
5.28
5.6
5.76
6.56
4.32
6.56
5.28
7.04
6.4
5.44
5.44
3.52
4.64
5.28
5.92
6.08
2.56
6.08
8.96
4.8
7.52
6.4
6.56
5.92
5.92
5.92
6.24
4.48
6.56
6.08
5.12
7.84
5.28
6.24
8.16
4.8
7.04
7.52
5.28
5.6
6.08
6.56
5.44
6.24
6.4
6.88
4.8
8.16
7.36
4.48
6.88
5.76
6.4
7.52
7.84
5.92
4.96
4.16
3.52
4.96
5.44
5.12
5.28
4.16
3.36
5.12
6.4
7.84
6.24
5.28
7.04
7.52
7.2
5.6
6.24
5.44
6.72
2.88
3.84
5.6
6.24
5.28
6.72
6.24
5.6
5.76
7.2
7.2
5.44
3.84
6.72
6.4
6.56
2.4
4.32
6.4
7.2
4.64
5.12
8.16
4
5.44
7.04
8
5.44
5.92
4.96
6.56
6.24
5.44
6.08
5.12
5.92
5.12
6.4
6.72
4.96
5.92
3.84
6.08
6.4
5.92
6.24
5.76
7.2
6.72
6.4
7.04
6.08
6.08
5.28
7.2
7.84
4.64
7.2
5.76
8.48
6.56
7.52
7.52
7.68
6.24
5.92
6.72
5.6
6.08
6.72
6.4
5.28
4.96
6.24
5.28
5.12
8.48
5.44
7.36
4.8
5.76
5.92
5.76
6.88
4
5.92
6.56
6.08
5.12
5.44
4.96
5.92
7.68
7.04
7.04
6.08
7.2
5.6
3.68
5.76
5.28
4.16
3.36
5.12
4.8
4
5.12
4.96
3.52
4.96
3.84
6.56
8.32
7.36
3.2
5.12
5.92
6.08
5.28
3.84
3.36
5.12
4.8
4.96
6.4
5.92
3.2
4.8
7.36
6.24
6.4
6.24
6.56
2.88
4.8
4.96
2.72
3.68
4.64
5.28
5.12
5.92
6.24
5.92
5.28
6.4
5.76
3.68
6.08
4.48
5.28
6.56
4.8
3.2
3.36
5.92
6.56
4.64
4.8
4.96
6.24
5.92
6.72
7.36
5.92
5.28
4.8
7.36
6.72
6.08
3.04
5.28
4.8
4
5.28
4.48
5.6
4.96
5.92
4.32
5.92
4.8
5.6
5.92
6.08
5.92
3.84
3.04
4.64
4.16
5.76
3.68
3.68
4.32
5.28
5.92
4.8
2.4
6.24
5.44
6.56
5.76
4.64
5.76
3.84
5.12
4.8
6.4
5.76
4.8
5.76
4.8
3.84
3.52
4.8
5.44
4.64
4.32
4.48
5.12
5.92
5.44
5.12
4.16
3.84
4.32
4.16
4
3.84
5.12
4.64
2.72
4.48
4.64
4.64
5.12
5.44
4
6.72
4.64
5.12
3.84
3.2
4.64
4
4.8
3.68
3.2
3.52
4.48
6.24
5.12
4.48
4.8
5.44
6.08
5.44
4.32
3.52
2.56
3.84
4.16
3.84
4.8
4.48
3.2
5.92
6.08
4.64
4.96
3.2
2.08
6.88
5.28
3.2
3.2
2.56
5.28
4
5.92
4.96
3.04
4.96
5.76
5.6
5.6
3.2
4.96
5.76
5.28
4.16
5.6
4.32
6.56
2.72
4.32
7.2
5.6
2.88
4.8
6.72
6.08
5.6
5.12
7.52
8
5.28
7.04
8.16
4
5.12
6.88
7.36
4.96
5.44
4.64
5.6
7.04
7.36
7.36
5.44
6.72
8.64
6.56
6.08
6.72
4.32
5.12
6.4
4.64
5.76
4.64
6.88
8
6.24
6.72
7.04
6.24
6.88
6.24
7.36
7.04
6.56
5.44
5.92
7.36
5.76
6.56
4.8
6.56
6.24
6.88
5.76
4
6.56
8
6.4
5.12
4.64
6.72
5.6
4.96
4.48
4.96
6.08
4.32
4.48
5.28
4.96
5.28
5.28
6.08
4.96
3.36
5.92
6.24
4.48
5.44
5.6
6.56
6.4
4.48
3.2
4.96
6.24
6.4
2.88
3.84
4.8
6.08
5.76
5.44
5.12
4.8
5.12
4.48
5.6
4.64
4.48
2.08
5.28
4.64
6.08
4.32
4.48
6.56
4.8
4.16
5.28
4.48
4.8
4.64
4
5.6
4.48
3.36
4.64
5.6
4.64
4.32
4.96
5.12
4.48
6.08
6.4
5.12
4.96
5.6
4.16
4.32
6.08
4.64
4.8
4.32
2.88
2.4
4.96
3.52
4
4
4.64
3.68
4.64
5.44
5.92
4.48
2.72
4.16
5.92
5.28
3.52
2.24
3.68
4.16
4
3.84
4.48
3.52
4.96
4
4.8
3.84
4.32
3.68
4.64
3.2
4.48
3.84
3.84
3.2
2.4
3.2
4.48
5.76
3.2
2.72
4.64
5.12
4
4.16
4.16
3.2
4.32
4.16
4.8
1.6
1.76
3.84
2.88
4.32
3.36
2.56
4.96
5.76
3.84
1.92
2.56
2.88
3.84
3.68
3.04
3.2
3.04
3.36
2.88
3.84
3.36
2.72
3.68
4.48
2.24
2.72
4.32
3.36
3.2
3.52
3.2
4.48
5.12
3.68
2.88
4.8
4.96
4.16
4.48
4.32
3.68
4.8
5.44
4.32
3.04
4
4.64
3.52
4.64
5.6
4.8
4.32
6.4
4
3.84
3.68
3.36
4.48
4.16
5.6
3.2
2.08
4
3.52
3.36
3.52
4.96
4.16
2.4
3.36
4.64
3.84
3.84
3.04
3.36
2.56
4.16
3.2
1.6
3.36
3.52
1.76
4.8
4.64
3.36
4.32
3.52
3.36
2.88
3.36
3.68
2.72
4.64
4.48
3.52
4.16
2.72
5.28
5.6
5.28
4
3.36
4.32
6.4
2.88
3.2
3.68
4.96
4.32
5.12
5.44
3.36
4.16
5.92
5.12
5.28
4.64
3.84
4.32
3.52
3.52
5.12
4
4.16
3.36
5.12
4.96
4
3.68
4.32
3.36
4.8
3.68
3.52
5.44
4.48
4
3.84
6.4
3.84
3.52
3.68
4.96
3.2
4.96
4.8
4
4.48
4.64
3.84
3.68
5.44
3.52
3.2
3.2
2.88
3.36
4
3.68
4.8
3.2
4.16
4.64
5.6
4.16
4.16
3.36
4.16
4.48
4.16
3.52
2.72
3.68
3.84
2.72
6.4
4.64
3.2
4.64
5.76
6.72
3.2
3.68
3.52
3.04
4
5.6
5.76
4.32
4.64
5.28
6.56
5.92
6.24
4.64
4.96
7.52
5.44
4.8
4.64
4.64
4.64
4.32
5.6
6.24
3.52
4.8
5.12
5.44
4.96
5.12
5.92
4.32
3.36
6.4
6.56
4.8
3.36
4.16
5.92
5.12
4.8
3.36
4.16
4.16
4.32
4.48
6.56
4.96
4.32
5.92
4.64
6.24
5.28
4.48
4.16
4
5.12
4.8
4.32
2.08
5.44
5.12
4.8
4.48
3.52
3.84
5.28
4.48
5.76
5.76
4.48
4
5.44
5.92
5.28
4.16
4.16
3.36
4
4.32
3.04
3.36
3.84
4
3.68
3.36
3.04
2.72
3.52
2.08
3.84
2.4
3.52
3.2
2.72
4.64
2.88
4.8
4
4
2.72
3.2
1.92
4
4.16
2.88
4
3.36
2.88
4.48
2.72
3.36
3.2
2.56
2.88
4.8
4
3.04
2.88
3.36
3.2
2.72
3.2
3.36
4.64
4.32
4.32
4
3.2
3.2
4.16
4.8
3.84
3.04
3.2
3.36
3.52
3.2
3.52
2.24
3.2
3.36
2.88
3.68
3.04
3.04
2.24
4
4.96
4
2.88
3.04
2.4
2.88
3.84
3.52
2.88
2.56
2.08
2.08
3.52
2.4
0.32
1.44
2.4
3.52
3.2
1.76
1.92
3.36
3.52
4.16
2.72
3.36
3.2
3.52
4
2.24
2.08
2.08
2.72
4.32
4.16
3.2
2.08
3.04
4.64
3.36
2.24
3.36
2.72
3.2
2.56
1.76
2.88
1.92
2.72
2.08
3.52
3.36
2.4
1.12
1.76
3.68
2.24
1.12
1.76
1.76
2.24
1.28
2.72
2.56
1.12
0.8
3.2
2.56
1.12
1.28
1.28
0.96
1.28
1.76
0.96
0.16
1.12
1.28
1.28
1.12
0.8
0.8
0.8
0.8
0.16
0.32
0.64
0.64
1.12
1.28
0.32
0.8
1.12
0.64
0.8
1.28
1.92
1.92
1.44
0.8
0.64
0.16
1.28
1.12
0.8
1.12
0.96
0.24
0.16
0
0.16
0.24
0.16
0.64
0.24
0.16
0.64
0.64
0.64
0.08
0.16
0.48
0.16
0.16
0.64
0.24
0.16
0.64
0.64
0.56
0.08
0.64
0.16
0
0.16
0.64
0.48
0
0.16
0.8
0.64
0.64
3.52
5.12
4.96
8.96
4.8
4.96
8.16
6.72
6.72
4.64
5.44
4.64
4.96
4.64
5.6
2.72
4.32
3.2
5.76
2.56
3.68
4.64
5.6
3.36
2.56
4.64
4
3.52
6.08
6.08
6.72
9.44
8.64
10.88
8
8.8
8
6.72
7.68
7.2
8.96
4.32
8.16
6.88
7.36
6.24
8.16
7.2
5.92
6.4
6.4
6.56
6.88
7.2
4.8
5.6
5.6
5.92
3.52
6.4
7.2
4.8
8.48
9.6
7.68
7.36
9.44
8.8
10.24
7.52
8.8
7.2
11.04
8.96
8.48
11.2
8.8
6.08
7.84
9.92
4
5.76
7.2
7.84
6.88
7.68
8.32
10.72
9.44
9.6
8.48
7.52
8
7.52
5.76
5.92
4.64
8.48
7.36
7.68
4.16
8.96
9.28
8.96
8.8
8
8
8
5.76
7.68
6.88
9.44
5.12
6.56
10.08
9.92
7.04
6.56
7.2
4.16
8.16
6.88
7.52
8.16
6.4
6.24
6.88
7.04
6.56
8.64
8.96
7.68
9.92
5.76
5.6
8.32
9.6
7.04
6.24
4.48
10.08
8.32
9.76
8.16
8.16
6.24
5.92
6.24
8
9.92
10.4
9.6
9.44
6.24
8.48
9.76
12
7.2
4.96
8.96
7.84
8.8
9.6
10.56
9.44
9.28
4.16
6.24
3.68
3.2
3.84
4.64
7.68
6.4
9.28
8.16
3.04
7.36
5.6
11.04
8.8
8.16
8.16
7.52
7.2
9.28
8.32
7.36
6.88
10.24
8.96
6.72
6.24
7.36
5.76
4.96
4
2.56
4.16
5.44
4.96
7.84
8.64
10.24
6.24
6.08
8.16
10.88
6.08
5.92
3.52
4
4.96
2.24
0.8
6.08
6.24
3.36
3.68
7.68
7.52
1.28
2.88
4.8
4.8
5.44
8.64
11.2
10.4
8
4.32
6.4
7.84
6.72
9.92
8.48
4.64
5.6
4.48
5.28
5.6
3.68
7.52
10.72
6.4
7.36
9.6
6.72
5.28
8.96
9.12
7.84
7.52
6.72
5.28
7.2
4.48
8
9.6
7.52
3.68
4
2.88
6.4
7.2
5.92
8
7.04
7.2
6.56
5.92
3.04
3.52
5.28
5.76
5.28
8.32
8.32
8.16
7.68
8.32
9.44
5.92
6.24
4
6.4
10.56
12
6.4
7.04
5.92
7.36
4.16
3.84
5.28
3.84
4.64
4
6.08
6.4
5.12
3.52
3.04
2.24
4.16
3.52
4.48
5.76
3.52
2.88
9.12
5.12
6.4
8.32
4.16
8.8
7.04
7.04
8
5.92
5.6
4.16
6.08
5.12
5.6
2.08
0.72
0
2.24
3.52
2.24
2.72
5.92
4
5.76
4.8
6.4
5.28
6.56
3.36
2.88
4.16
3.68
2.56
9.76
4.32
5.44
5.76
5.76
7.04
3.2
7.36
4.64
6.56
1.6
3.68
3.2
3.68
4.64
4.48
3.84
6.08
6.4
4.64
6.88
8.48
8.48
7.36
6.24
8.32
4.96
6.24
4.32
8.48
5.92
4
6.4
7.84
8
8
8.48
6.4
10.24
7.52
6.56
5.76
4.64
5.76
8.48
8.32
9.6
5.44
7.84
6.56
6.88
6.24
3.2
3.2
6.72
5.28
5.28
7.2
6.56
10.88
6.4
7.36
8.48
6.56
8.32
5.12
7.04
6.88
10.56
9.6
4.64
7.84
9.12
3.2
5.28
6.4
4.16
2.4
3.84
3.84
2.88
5.28
8.16
8.16
8.32
7.84
4.8
6.08
7.84
9.28
9.44
6.24
6.08
8
4.16
4.8
5.12
5.12
4.16
9.28
3.84
4
6.08
7.84
8.16
7.68
4.48
5.12
4.96
8.64
9.44
6.08
3.04
4.16
7.36
6.56
6.24
4.16
5.6
3.52
3.52
3.84
3.52
2.88
2.4
0.64
0.64
2.08
3.36
2.56
5.76
8.8
9.76
5.76
2.4
4.64
5.28
3.68
5.44
8.8
3.68
3.2
5.44
4.48
7.52
2.24
3.52
2.56
2.88
3.84
2.08
5.76
3.2
3.04
4.8
4.96
6.08
6.4
3.36
2.08
2.4
1.6
1.76
1.92
8.96
9.28
8
6.88
7.84
6.88
6.56
6.72
2.72
6.88
5.76
4.8
2.88
4.16
4.32
4.48
5.12
4.8
7.68
5.76
5.76
4.16
1.92
3.2
3.2
6.4
6.72
7.36
8.32
5.28
4.32
4.32
6.24
7.04
8.32
4.16
2.56
7.04
2.24
6.08
11.04
9.6
7.68
5.6
6.08
5.44
4.32
1.28
2.08
5.28
4
4.32
6.72
3.52
5.12
9.6
8.16
8.16
6.72
7.52
7.2
9.44
8.96
6.88
5.92
4.32
3.84
3.2
4.48
6.72
3.84
7.04
8.64
7.68
6.88
3.04
3.04
1.92
3.36
9.12
7.68
5.76
6.72
6.72
5.28
6.88
5.6
3.52
3.68
3.36
3.04
4.32
7.04
5.44
6.08
4.48
3.04
2.4
4.48
5.76
7.52
4.64
3.52
7.04
8.48
5.92
4.96
5.12
3.84
4.64
8
10.08
5.28
7.84
5.12
5.28
3.2
7.52
5.28
3.84
6.08
6.88
6.4
9.28
8.32
7.84
8.16
6.4
3.2
4.8
5.92
5.92
5.44
9.44
10.72
8
7.2
7.68
11.2
10.24
9.12
6.08
5.76
10.24
10.08
8.96
8.96
7.52
8.96
4.48
3.68
4.96
8.64
9.92
9.76
5.12
8.16
8.16
9.6
9.92
12.48
7.84
6.56
7.68
8.32
8.8
8.64
3.84
5.92
7.36
8.8
5.28
5.6
8.32
6.72
4.32
6.08
5.76
9.44
10.4
12.16
9.6
7.04
8.48
8.96
9.28
9.12
11.2
10.08
9.76
7.68
9.6
10.24
8.8
6.88
8.16
4.32
8.8
8.32
8
7.68
9.92
8.64
4.96
4.96
3.68
2.56
6.4
7.84
11.36
12.8
8.32
6.4
11.36
6.08
6.72
8.32
8.96
6.08
6.08
8.8
8.48
8
12.48
11.36
9.28
8.8
10.08
8.16
9.12
9.28
8.8
11.2
5.12
8.8
11.68
7.12
4.8
4.96
10.08
9.76
10.24
11.68
10.24
8.16
7.52
8.32
11.2
10.56
9.28
7.84
9.6
3.52
12.32
9.92
7.68
11.36
11.68
9.92
9.12
10.08
9.44
9.76
8.96
9.76
8
8
11.84
9.92
8.96
11.2
5.92
13.12
10.56
8.32
7.36
7.2
7.68
5.92
5.44
8.64
9.12
10.08
7.04
7.36
7.68
9.28
11.52
12.32
13.92
7.04
4.8
10.4
9.44
10.56
7.6
9.92
11.04
8.16
12
11.36
10.4
9.28
11.2
10.56
8.32
13.28
8.32
8.64
6.72
10.72
10.56
12.32
12.8
9.12
8.48
10.72
10.88
10.72
9.92
10.72
10.08
9.12
10.56
9.92
9.44
12.48
8.8
11.84
5.92
9.28
9.92
15.52
12.48
12.32
12.32
12.32
12
10.56
8.64
10.56
14.56
12.32
12
12.16
10.88
8.64
8
8
10.72
8.8
11.36
13.6
16.16
12.8
14.56
13.92
10.72
13.12
12.48
13.6
8.48
11.52
9.12
10.4
10.56
10.88
10.88
6.08
13.76
10.56
9.6
13.92
12
8.16
9.92
7.84
10.72
8.16
12
9.44
13.76
14.88
11.04
13.28
13.44
9.44
7.52
13.76
11.04
10.88
13.12
12.32
12.16
12.16
15.04
12.8
9.44
8
14.56
12.32
13.92
13.76
9.28
6.08
5.12
12.32
7.84
12.8
12.32
13.76
12.32
11.2
11.04
15.04
11.52
12.16
9.28
10.24
10.88
10.08
14.88
11.52
9.28
7.52
5.12
2.08
5.6
7.04
12.96
8
11.68
12.16
9.76
12
16.16
14.88
16
15.2
15.84
14.08
11.68
10.88
13.92
9.76
5.12
2.24
5.92
6.56
12.96
12.32
12
10.4
16
10.88
13.28
12.32
12.64
8.48
12.8
12
13.92
9.6
11.68
12.16
6.88
14.72
10.08
14.4
14.08
12
12.96
13.44
13.12
14.4
12.8
13.44
11.36
12.48
13.92
11.36
10.24
13.76
15.52
12.32
7.04
11.04
11.52
14.08
15.68
14.72
16
15.36
13.6
13.12
14.56
14.72
12.32
13.12
13.76
11.68
13.44
13.12
10.24
5.44
8.64
10.88
10.56
13.92
14.72
14.4
12.64
14.56
14.4
13.76
10.56
13.92
13.6
13.44
12.8
15.2
12
13.76
13.12
7.52
12.96
14.4
13.6
9.6
9.28
10.88
14.08
11.84
13.92
13.92
14.24
15.68
13.76
16.64
11.36
10.08
12
13.92
7.04
15.2
12.32
9.44
10.4
13.28
14.24
12.16
13.6
14.56
9.92
9.76
9.28
16.64
13.76
10.72
8.16
9.12
12.48
12.48
8
13.28
12.96
14.24
13.12
10.08
9.28
13.28
15.68
15.2
9.44
12.48
8.64
14.08
14.4
14.4
9.6
12.8
11.68
9.12
15.36
12
12.32
10.08
11.04
7.52
12.48
10.88
14.88
10.56
10.4
13.28
13.6
9.12
12.32
14.08
16.48
12.8
15.52
6.72
17.28
15.36
7.2
9.92
12
10.56
10.72
9.76
7.68
9.76
6.4
10.1867
14.56
12.8
10.08
11.36
4.48
8
12.16
15.04
13.6
15.04
13.44
16
16.32
16.8
15.2
15.04
14.24
16
16.48
16.48
13.76
13.6
12.64
14.72
9.28
16.32
13.6
15.36
14.08
15.04
14.4
13.76
14.88
13.76
13.12
13.6
12.32
12.48
13.12
12.32
12.48
12.64
12.8
5.44
15.2
13.12
3.84
0.56
0.16
0.64
0.64
0.32
0.48
0.32
0.16
1.28
0.16
0.8
0.64
0.32
0
0.16
0.32
0.16
0.64
0.64
0.8
0.64
0.32
0.16
0.96
0.64
0.32
0.48
0.64
0.48
0.32
0.32
0.48
0.4
0.96
0.32
0.32
0.8
0.96
0.48
0.48
0.0145455
0
0
0.00761905
0
0
0
0
0
0.02
0
0
0
0.00571429
