5.25528
4.16
4
3.76
3.36
4.16
4.48
4.32
4.32
3.52
6.24
4.32
6.4
4.96
6.24
4.48
2.72
5.76
3.84
6.56
3.36
3.04
5.76
4
5.76
3.52
4
4.96
3.68
4.8
4.8
5.22667
4.8
4.64
3.52
4.48
5.12
3.68
4.96
4
2.88
5.92
6.56
3.04
4.8
5.6
3.04
3.68
4.16
2.4
4
4.48
4.8
2.56
5.44
2.88
6.24
2.88
3.2
3.2
3.52
5.6
4.48
4.64
2.72
6.08
4.48
5.12
4
5.12
4.8
3.04
3.84
3.2
4.48
3.68
4.64
4.32
2.88
4.16
5.12
3.52
5.28
4.48
4.96
5.12
3.84
4.32
4.8
4.8
3.84
6.56
3.84
4.58667
7.04
5.76
3.84
6.56
3.52
5.12
4.48
4.64
5.6
4.96
5.44
4.64
3.2
4.16
4.16
3.68
4.8
4.48
4
5.12
5.44
4.16
4.96
4.32
5.28
4.16
4.64
5.44
5.6
4.16
5.12
3.36
4.64
4.32
4.64
5.12
7.36
6.24
3.04
6.08
4.64
4.16
4.16
4.8
3.04
7.52
5.92
4
4.8
4.48
4.96
4.48
4.16
5.76
4.32
4.16
5.12
4.48
3.84
5.76
3.84
3.2
3.68
3.84
5.76
3.84
4.16
4.8
3.68
4.96
5.28
4.32
3.84
6.56
4.16
4.64
3.04
5.02857
4.48
5.12
5.62
3.52
6.72
3.76
3.36
4.96
6.4
3.68
5.76
4.48
4.16
4.16
4.48
5.44
2.88
4.96
5.6
4.32
4.48
4.48
4.48
3.84
4.48
1.92
4.64
4.64
4.48
5.92
5.76
4.32
4.8
5.6
4.16
4.32
6.88
5.76
5.28
7.2
4.64
5.44
5.28
5.28
2.24
4.8
6.56
5.28
4.8
4.64
5.28
5.6
6.56
4.32
3.36
4.8
3.84
5.44
3.2
4.8
4.8
4
2.56
4.48
4.8
4.8
3.84
4.32
4.8
3.84
5.92
4.48
4.16
4.32
5.12
5.12
5.12
5.12
7.2
2.88
7.52
5.92
3.84
5.4
5.28
4.08
5.44
4.64
7.84
3.04
2.4
3.84
3.68
4.96
5.6
3.68
3.84
5.44
5.12
4.16
4.96
5.28
4
4.48
4
4
5.44
4.96
5.28
4.16
4.8
4.64
4.32
5.92
3.04
4.32
3.36
4.16
5.12
4.48
4
3.84
5.12
4.96
3.2
5.92
5.28
5.28
5.44
5.44
4.48
4.16
4.8
3.68
4.16
3.84
4.48
4.64
4
5.17333
4.16
6.4
2.72
6.08
3.36
3.04
4.96
6.24
5.28
6.24
3.04
4
5.28
5.28
4.48
5.28
5.12
4.96
5.44
5.6
5.28
5.6
5.44
4.64
4
5.6
4.32
3.2
5.76
5.44
3.52
4.32
6.08
3.84
4
3.2
4.64
4
4.32
5.12
3.84
4.8
4.8
4.48
2.88
3.92
6.56
4.96
3.36
5.12
4.37333
4.64
6.72
4.16
2.88
4.32
4.8
6.4
5.76
4.96
4.8
4
4.48
6.4
4.8
1.76
4.32
3.52
4.16
5.28
4.96
4.96
4.48
3.68
4
3.52
4.32
4.8
4.8
4.16
5.44
4.16
4.64
3.2
2.72
3.68
3.52
4
4
4.16
3.68
3.84
4.96
5.12
4.48
5.28
4.32
4.96
4.88
4.96
5.44
5.92
3.52
3.04
5.12
5.28
2.88
4.16
4.16
3.04
4
4.48
3.36
4
3.68
3.52
2.56
4.8
4.32
4.32
4.16
4.48
2.56
4
4.32
3.36
3.68
3.04
4.32
4.32
2.72
3.52
4.48
3.68
3.2
3.2
4
3.52
2.56
4.8
4.16
3.52
2.24
4
4
3.68
3.52
3.2
4.32
4.64
4
3.84
4.16
3.68
3.04
3.52
3.84
4.32
3.36
4
1.76
3.52
3.84
3.84
3.84
3.36
4.16
4.48
3.68
4
4
3.68
4.16
4.96
3.2
3.84
3.68
3.68
3.2
3.84
2.88
3.68
3.04
4.8
3.52
3.84
4.16
2.88
3.04
3.84
5.12
4
4.32
3.84
4.64
3.04
4.32
4.48
3.52
1.76
4.96
2.88
3.68
4.32
4.64
3.36
4
3.84
3.2
3.52
4.32
4.48
2.72
4.64
4.16
4.48
3.2
4.32
4.48
2.72
5.12
4
4
4.16
4.32
3.84
3.04
4.96
4.16
3.2
2.88
4.16
3.2
5.44
4.48
3.52
4.16
3.2
5.28
3.2
4
3.2
4.8
4.96
4
4
3.68
4.96
3.68
3.68
4.96
3.84
4.8
4.24
2.4
4.16
4.32
2.88
4.48
3.2
4.8
3.36
4.16
4.64
3.84
4.64
3.84
3.36
3.36
3.84
4.32
3.36
3.2
1.6
4.48
3.68
4.32
3.52
3.68
3.52
3.52
3.52
3.52
4.16
4.32
3.68
3.68
3.84
4.16
3.84
3.84
4.32
4.32
1.76
3.2
3.84
3.84
2.88
4.16
3.68
4
2.88
3.36
4.16
3.68
3.04
4.64
4.96
3.04
3.68
2.4
4.16
3.04
4.8
4.8
4.16
3.04
3.2
4.96
4.32
4.64
4.32
4.64
3.36
4.32
2.88
3.04
2.72
3.36
3.52
3.36
3.04
4.96
3.04
3.68
4.8
4.16
4.16
3.52
3.2
3.84
4.16
4.48
3.36
4
5.28
2.72
4
1.44
3.52
5.12
4.16
4.48
3.2
4
3.84
3.68
4.32
4.08
4.8
3.84
5.12
3.36
4.16
4.16
4.16
4.8
2.72
3.52
5.12
4.96
3.68
3.36
4.8
4.64
4.64
3.68
4.48
2.72
3.68
4
4
3.04
3.68
4.08
2.24
3.84
4.16
4.16
3.68
3.2
3.04
3.68
4.32
3.84
4
4.32
3.36
3.84
3.68
3.6
4.32
3.68
4
2.08
3.52
3.2
3.2
3.68
3.2
4
2.72
3.52
3.68
4.64
3.04
3.68
3.04
3.52
4.32
4.48
3.68
4
1.76
4.64
4
3.68
3.36
3.68
4.64
3.52
3.04
4.16
3.2
3.84
3.68
3.2
4.64
4
3.04
4.48
4.8
3.52
2.24
4.8
3.2
4.48
5.6
5.12
4.32
4
4.8
2.88
4.64
5.6
4.32
4.48
4.64
4.32
4.16
4.96
5.28
2.72
5.76
5.12
4.64
5.12
4.96
4.32
4.16
3.84
4.64
3.68
4.32
4.8
5.44
4
3.04
4.48
3.84
5.76
4.64
2.24
4.16
3.68
4.48
3.68
4
4.32
4.64
4.64
4.16
5.6
4.96
4
3.84
4.64
4.48
3.2
5.12
5.44
1.44
4.48
5.28
4.8
4.16
6.56
4.8
5.12
4.8
5.44
5.92
7.04
4.96
6.08
5.12
3.84
5.6
5.28
6.08
6.24
3.52
4.48
3.84
4.64
2.72
4.16
3.84
6.24
3.52
5.28
3.36
4.48
5.12
4.64
4.48
4.32
5.6
5.6
4.8
2.4
5.44
3.2
5.76
5.6
4.32
4.64
4.32
4.32
4.32
4.48
4.48
4.8
5.92
5.04
5.44
5.76
4.48
3.52
3.52
3.84
4.8
6.4
4.8
6.08
5.12
6.08
5.44
4.64
5.76
4.16
6.24
4.96
6.4
3.2
5.12
5.44
2.4
6.24
5.28
7.2
5.76
6.72
5.44
5.6
4.96
6.56
5.44
6.72
5.12
6.88
6.08
5.6
5.92
5.92
5.76
6.56
3.04
5.44
6.88
7.2
5.12
6.4
6.88
5.92
5.76
6.56
5.76
6.08
6.4
6.4
4.8
5.6
5.6
6.56
5.28
3.2
6.88
5.28
6.24
6.56
7.2
7.36
7.2
6.56
5.28
7.2
7.2
7.68
7.2
6.88
6.88
5.76
5.76
6.24
7.2
4
6.4
5.6
6.56
5.44
6.56
5.92
7.36
7.2
7.2
5.76
6.72
6.4
6.4
6.4
7.52
6.72
6.56
6.24
2.56
8
6.4
6.88
6.4
7.36
6.4
6.24
7.52
4.48
6.4
6.72
6.24
5.76
7.04
6.72
6.4
6.4
6.72
7.68
3.68
5.6
7.36
7.52
7.84
7.84
7.04
6.56
7.68
6.08
7.2
9.28
7.04
6.56
5.92
5.44
5.76
5.92
7.68
3.2
7.52
6.72
7.52
7.04
5.6
5.92
6.08
5.6
7.04
6.24
6.72
7.84
6.24
6.24
6.24
6.88
6.08
7.52
6.24
4.8
6.08
6.4
7.2
6.56
7.68
5.44
6.4
4
5.6
5.44
7.04
7.04
6.72
4.8
4.96
6.72
5.76
5.12
1.6
5.6
6.88
6.4
4.32
5.44
5.44
6.08
6.08
6.24
5.76
5.6
5.6
5.92
5.12
5.44
5.44
4.32
5.76
4.32
2.56
5.92
6.4
4.48
6.24
6.56
4.8
6.08
6.72
5.28
5.28
4.96
5.6
5.12
6.72
7.2
6.72
5.44
6.24
3.52
5.12
5.12
5.44
6.24
5.12
7.04
6.24
6.72
5.92
6.4
4.16
6.24
5.28
4.64
4.8
5.44
5.92
2.72
6.88
5.6
6.56
5.12
6.56
6.72
6.08
6.4
4.96
4.48
5.6
4.8
4.16
4.48
5.6
5.12
4.48
5.28
2.56
4.8
3.68
5.44
4.96
4.32
4.96
5.92
5.44
4.96
5.28
5.44
4.96
3.84
4.16
4.96
4.32
5.12
5.12
2.88
4.16
3.52
5.12
4.96
6.4
5.6
6.88
5.6
4.48
6.24
6.88
6.08
6.08
4.96
5.28
3.04
5.44
4.96
2.08
5.76
5.92
4.48
6.24
5.28
5.76
6.4
6.08
6.72
3.84
4.64
4.8
4.8
4.8
4.48
4.8
4.48
5.44
6.08
2.24
4.64
4.96
4.32
4.8
5.6
4.96
4.32
5.28
4.32
5.44
4
4
3.52
4.32
3.84
4.16
5.76
4.96
3.36
5.44
4.8
4.64
4.64
4.64
4.48
4
5.28
5.28
4.16
5.12
4.32
4.32
3.68
4.64
6.08
4.48
5.44
5.12
4
5.28
5.12
5.44
4.32
4.64
5.12
3.84
5.44
5.12
3.68
6.24
4.32
4.8
4.16
4.8
4.8
5.6
3.84
4
4.64
4.48
4.16
5.28
4.32
4.96
5.28
5.12
3.68
7.36
4.64
4.8
4.16
5.6
5.12
5.92
5.92
4.96
6.88
2.88
4.48
4.32
4.32
4.64
4.32
4.32
5.12
4.48
4.8
4.48
3.52
5.6
4
4.48
5.12
5.12
4.48
4.8
2.24
3.2
4.48
4.8
4
4.96
5.28
4.96
4.48
4.96
4.8
4.8
5.6
4.96
5.76
4.64
5.28
4.96
3.52
5.44
3.2
4.96
6.88
5.28
4.64
4.64
4.64
4.96
5.76
3.84
4.96
5.28
4.32
6.08
5.92
3.36
4.48
5.6
4.64
4.96
7.04
5.76
4.96
4.64
5.28
5.6
4
5.6
5.44
5.44
5.44
5.28
5.92
4.48
6.56
4.48
6.08
3.68
5.12
3.2
3.52
6.56
3.84
6.56
4
4.64
5.12
4.16
5.44
5.76
6.24
6.4
4.8
5.28
5.6
5.28
5.44
5.76
2.08
6.08
4.32
6.4
5.6
4.96
6.24
4.48
4.8
5.6
5.6
4.64
7.04
3.84
5.28
6.56
3.52
4.64
5.28
5.92
3.2
5.28
5.6
5.12
6.24
3.52
6.24
4.48
4.16
4.32
5.92
6.08
4.64
4.48
4.48
5.44
5.92
5.28
5.92
5.28
5.44
5.28
4.96
6.24
5.44
5.44
6.56
4.96
4
5.28
4
5.44
4.32
6.72
5.76
7.2
6.72
6.08
2.56
4.72
7.04
5.76
6.56
4
7.52
4.32
6.08
4.96
6.08
5.12
7.36
5.44
7.36
4.16
6.56
5.76
3.2
4.64
6.56
4
4.88
5.28
5.12
5.28
6.4
6.4
3.84
4.96
4.96
7.36
3.68
5.76
5.12
5.28
6.72
3.36
6.08
5.12
6.56
4
5.92
5.92
6.72
3.84
8.32
6.08
7.68
6.08
6.56
5.12
3.84
6.56
8
3.04
5.92
5.28
4.8
6.4
4.8
6.08
5.44
8.32
7.68
6.72
6.24
5.76
5.6
6.08
5.76
3.2
6.56
7.84
6.08
3.68
6.56
5.76
5.44
5.76
5.6
4.48
6.24
7.04
5.28
4.96
4
5.6
7.68
5.6
5.28
5.92
7.2
5.44
3.04
5.6
5.6
8.8
5.6
8.32
4.64
7.04
5.92
5.92
7.2
7.04
8.96
5.76
5.92
6.08
6.4
7.2
3.84
7.2
4
6.4
6.72
5.76
6.56
4.8
5.12
7.52
6.4
7.36
6.24
7.68
8.96
7.04
8.96
4.8
7.04
5.44
8
2.24
7.2
6.4
6.4
3.84
6.88
5.84
7.2
6.08
5.6
6.72
6.88
5.12
6.88
6.56
6.56
5.92
6.88
5.76
2.4
5.28
4.32
6.88
5.12
5.92
7.36
7.2
5.92
5.28
5.92
8.64
6.08
7.52
6.24
6.72
6.24
6.08
5.92
3.36
4.32
7.04
7.68
8.64
6.4
6.08
7.52
5.6
5.92
6.4
6.88
6.24
7.36
6.56
6.4
6.88
6.4
5.92
7.36
5.28
6.72
7.04
8.48
7.04
5.76
8.32
5.92
6.88
8
9.44
9.12
8.32
7.36
7.36
8.64
8.8
8.8
8.8
5.44
8.96
8
8.16
7.84
6.88
7.68
6.4
7.36
9.92
8.32
8
7.68
8.8
6.88
7.68
8.32
8.8
10.56
9.92
6.56
8.8
7.84
7.52
8
7.52
9.12
9.44
8.96
8.96
9.12
8.96
9.28
10.08
8.32
7.84
10.88
8.32
8.48
4.96
9.28
6.88
9.76
8.96
7.84
8.8
7.52
7.84
8.16
10.24
8.48
9.12
6.88
7.36
7.84
7.68
9.92
7.2
9.28
5.44
8.32
6.56
6.24
8.64
8.8
9.28
9.44
7.2
7.68
5.6
8
7.04
8.96
8.16
8.96
7.36
7.52
7.2
4.96
6.72
8.48
9.12
7.52
7.84
6.72
6.56
7.68
8
8
6.56
8
8.96
7.84
8.16
7.68
8.48
7.68
8.8
5.12
7.52
7.84
8.96
8.16
9.44
8.16
7.84
9.44
7.52
8.16
6.88
7.36
7.36
8.16
7.2
8
7.2
7.36
4.16
9.28
7.52
7.68
8.8
7.52
6.88
7.2
7.2
7.52
6.56
6.88
6.88
8.32
7.36
6.4
6.72
8.16
6.24
5.92
5.44
6.24
5.92
5.76
6.72
4.64
6.4
6.56
4.32
5.44
5.6
5.44
5.44
5.92
4.8
6.56
5.92
6.88
5.6
3.84
5.76
4.64
4.8
5.44
4
4.96
6.4
4.64
4.64
5.12
4.96
4.64
5.6
4.32
4.16
4.8
4.32
5.76
4.48
4.16
5.76
6.08
4.48
5.6
5.76
4.48
5.28
5.28
4.8
5.6
5.44
4
4.32
7.04
4.32
5.92
5.44
4.32
2.56
5.44
4
5.12
4.16
4
4.64
4.48
4.32
6.24
5.92
4.64
5.76
4
4.16
4.48
4.16
4.8
4.16
5.92
2.88
4.96
4.64
4.96
4.48
5.28
5.44
5.44
4.96
4.8
5.6
3.84
5.44
5.28
5.12
4.64
5.6
4.32
5.6
1.92
6.56
4.16
5.76
5.44
3.84
7.04
4.96
5.76
5.76
4.8
6.4
3.68
6.72
5.12
5.28
3.84
4.48
5.44
3.84
2.4
5.76
3.36
6.4
3.68
4.64
4.32
5.28
4.96
4.8
4.96
6.88
5.12
5.12
3.52
4.16
5.28
4.48
5.6
1.92
5.92
5.44
5.6
4.96
5.28
4.64
6.56
4.8
6.24
4.96
5.76
4.8
6.72
3.52
5.92
4.64
6.08
4.8
4.16
2.56
5.28
5.12
6.72
5.6
5.92
6.56
5.44
8
7.04
5.92
6.72
7.52
4.32
7.68
4.64
7.68
5.76
7.04
2.72
8
4.32
7.04
5.76
7.36
6.72
8
5.92
6.72
6.88
7.68
5.92
7.84
5.44
7.68
8
6.4
7.2
6.4
3.68
5.76
6.24
7.52
6.72
6.88
6.88
5.28
6.08
6.24
6.24
6.08
7.04
8
5.76
7.84
8.48
6.08
5.92
3.04
6.88
6.56
4.8
6.4
4.96
5.44
5.12
5.92
5.76
6.24
7.2
5.76
7.2
4.96
6.24
5.12
6.24
6.72
6.4
4.48
6.24
6.24
5.12
4.8
6.88
6.4
4.32
7.04
5.76
4.96
4.96
5.76
5.44
6.72
6.56
6.08
6.08
5.44
4.16
6.24
5.6
4.64
3.68
5.12
4.96
6.88
6.08
6.72
4
6.24
7.36
5.12
4.8
5.76
4.96
4.96
6.24
5.92
4.32
5.44
5.92
5.28
5.76
4.96
5.12
5.28
5.12
6.72
5.44
4.8
5.44
6.24
6.4
5.28
4.96
5.6
5.28
4.48
4.16
5.28
6.24
6.08
4.8
6.08
5.12
4.8
4.96
5.6
5.76
5.92
6.4
5.28
6.4
6.08
6.24
5.92
5.76
3.52
5.28
4.8
4.16
7.04
5.44
4.96
6.24
5.12
5.28
6.24
5.76
5.76
5.76
5.92
5.92
5.12
4.64
6.56
4.48
6.4
4.32
7.36
4.64
5.28
4.64
5.76
6.56
4.32
5.6
4.16
6.56
5.28
5.28
6.08
4.64
5.92
5.92
6.4
3.36
5.76
5.12
5.44
6.4
4.96
6.56
5.44
5.44
4.48
7.04
4.48
4.8
5.12
5.28
3.84
4.16
6.56
5.92
4.32
4.32
6.4
3.84
5.6
5.6
5.12
5.44
4
4.32
6.4
6.88
6.24
6.56
6.56
4.96
6.4
6.56
4.64
5.76
3.2
4.32
3.84
5.6
5.28
5.76
4.16
8.8
6.72
5.12
4.32
5.92
4.96
6.4
5.92
4.16
5.44
3.68
6.08
3.2
4.16
5.44
4.32
5.6
5.76
3.52
7.52
3.52
6.24
4.64
5.12
4.96
4.16
4.96
6.56
4.48
5.28
6.08
3.84
4.16
5.12
4.64
5.44
6.24
5.44
7.04
5.28
3.68
4.48
5.28
4.64
7.36
4.48
5.76
5.6
4.96
4.96
7.04
3.2
5.12
5.28
6.72
5.12
5.44
4.32
5.44
3.36
4.64
4.64
4.64
4.48
5.28
5.44
6.08
4.64
6.4
4.64
4.64
3.52
5.28
5.6
4.96
4.8
6.4
4.32
5.28
4.8
4.48
4.48
5.92
4.32
4.48
4.32
6.4
4.8
6.08
5.44
3.52
5.76
5.6
5.6
4.16
5.12
5.28
5.44
5.6
3.68
4.48
5.12
7.36
4.32
6.56
5.76
5.92
4.64
6.4
5.28
2.56
6.72
7.52
5.6
5.12
4.8
4.8
5.6
6.72
7.04
4.64
4.64
5.92
4.48
5.44
4.96
5.12
4.32
5.44
4
6.72
5.44
6.08
4.96
6.08
5.76
5.28
5.28
4.64
5.12
6.08
4.48
6.08
6.4
4.96
5.28
5.76
4.64
4.48
4.96
7.36
6.24
6.88
8.8
5.28
4.32
6.88
5.28
5.92
5.44
5.6
4.96
4.96
6.72
5.12
5.44
6.4
6.88
2.56
6.56
6.72
5.6
5.28
4.48
6.4
6.4
8.32
8
5.44
6.08
7.36
6.56
5.92
5.92
6.24
5.92
8
5.76
3.84
4.64
5.28
6.88
5.6
5.44
7.2
8.16
5.44
5.44
6.4
7.68
7.68
7.2
6.4
7.04
5.76
7.36
5.92
4
6.24
8.48
6.24
10.24
7.2
7.04
7.2
6.88
5.6
6.56
3.84
7.84
3.84
6.56
5.92
6.56
5.28
6.08
5.44
3.68
5.76
5.76
5.28
5.44
6.4
8.16
6.4
6.24
5.76
6.56
5.92
6.4
6.56
4.8
6.08
5.92
5.6
8.64
5.12
6.72
5.44
6.4
8
7.68
7.68
5.6
7.36
6.08
7.84
6.72
7.68
6.88
7.68
7.04
7.52
6.72
6.4
7.68
4.48
8
5.92
6.08
7.52
4.8
7.04
7.84
7.04
7.2
7.04
7.04
6.88
6.4
6.88
7.84
6.08
5.6
7.2
4.32
6.72
6.72
5.6
6.4
6.4
5.92
7.68
6.24
5.44
7.2
6.4
7.2
5.76
7.04
7.52
6.56
7.52
5.92
6.88
5.44
6.08
6.56
6.4
6.56
7.52
6.56
6.24
6.56
7.04
7.52
6.88
7.04
6.24
6.56
7.52
7.52
6.56
6.88
4.16
6.88
5.6
6.88
7.04
6.56
7.84
7.04
8.16
6.24
7.52
7.36
6.88
6.88
7.52
6.56
7.36
6.88
6.4
8.64
4.8
7.52
6.88
7.68
6.88
6.72
8.64
6.88
7.2
7.04
6.56
7.36
7.2
7.68
6.88
7.2
7.52
7.52
7.04
4.48
7.04
7.2
7.68
6.4
6.88
7.68
7.04
6.4
6.4
7.2
5.44
6.88
8.16
7.04
7.68
6.72
7.68
7.04
7.84
4.32
9.76
6.88
6.24
6.24
6.4
7.2
7.84
7.2
6.4
6.4
6.72
6.08
7.52
6.72
5.92
6.24
5.12
7.04
3.84
6.72
7.36
7.2
7.2
7.52
6.88
7.68
5.92
6.08
7.52
6.24
6.56
8
6.24
6.88
8.48
7.84
5.92
8.8
4.96
8
6.72
7.04
7.68
7.52
7.2
7.04
9.92
5.92
7.04
6.72
7.52
6.4
7.36
7.2
7.84
8.48
7.36
4.64
8.8
7.36
7.36
7.52
6.4
7.2
6.08
7.2
7.84
6.88
7.52
5.92
7.84
7.36
6.88
6.88
7.68
8
7.36
4.64
6.88
6.4
7.04
8.64
7.36
8.8
7.36
6.56
7.36
9.44
7.04
7.04
8.8
7.2
7.04
7.84
6.88
6.72
4.48
7.2
7.04
8
7.84
7.36
5.76
7.52
7.84
7.52
6.56
8.48
6.88
7.84
6.72
7.04
7.84
6.72
7.36
7.04
6.08
6.72
5.92
7.04
7.84
7.2
7.36
7.36
7.36
6.88
6.88
7.84
7.52
7.36
6.24
6.24
7.68
8.48
8.32
4.64
7.68
7.2
7.84
6.08
7.84
7.36
6.56
7.68
7.2
6.56
7.2
6.88
6.56
7.2
7.84
5.76
5.44
7.2
6.08
5.44
5.6
5.92
5.92
5.76
5.44
5.92
6.08
7.04
4.16
5.76
5.28
5.44
6.4
5.12
4.96
6.24
4.32
4.96
4
5.28
5.12
3.84
2.88
4.16
3.04
2.88
4
4.16
3.52
4.16
3.2
3.04
4.48
4.32
2.88
3.84
4
3.36
2.08
3.52
2.88
4
3.2
4.16
3.52
2.88
3.52
3.52
4
4.8
4.64
3.36
3.84
4.32
4
3.36
2.72
2.88
4.96
4
4.32
4.32
2.88
12.96
11.68
12
12
12.96
8.8
12.32
12.48
12.48
11.36
15.68
8.96
12
14.56
9.44
14.88
17.12
13.44
8.8
10.24
11.68
11.2
11.84
15.68
16.96
9.12
13.28
16.32
14.24
13.44
15.2
10.4
14.08
6.88
13.28
12.96
12.96
13.76
7.36
11.36
13.76
9.28
14.24
14.4
11.36
15.68
14.88
6.88
9.76
8.16
8.96
9.44
8.64
5.6
13.92
16.48
15.52
15.52
15.52
15.2
15.52
12.8
11.68
14.08
16.16
16.32
19.04
19.2
17.6
11.68
9.44
7.2
4.16
15.2
16.8
15.04
16.8
16.48
16.96
16
16.32
16.32
16.64
17.44
16.96
15.84
15.36
13.76
14.72
12.8
13.6
13.76
6.4
10.24
12.16
18.08
16
14.4
17.12
17.28
15.04
17.28
16.48
15.84
17.28
18.4
16.32
15.68
16.48
17.6
15.36
9.44
13.6
16.32
15.36
11.84
17.76
17.6
17.28
17.6
15.68
14.4
9.44
12.64
12.16
12
10.24
8.96
9.92
9.12
10.24
7.84
16
14.88
15.52
13.28
11.36
16.48
13.76
13.92
14.4
9.6
9.28
9.6
11.52
14.56
12.32
12.16
12.16
15.52
8.32
15.84
19.04
18.4
16.8
18.24
19.04
18.08
18.08
9.28
10.24
12
12.64
14.24
13.92
12.8
16.48
18.08
17.76
15.2
8.8
15.2
13.6
16.16
13.6
12.96
13.92
11.84
16.48
14.56
12.8
15.84
13.76
9.28
11.2
7.52
7.84
9.6
9.28
6.72
12.96
8.32
12.48
7.84
11.52
13.44
15.84
12
16.48
12.64
15.36
15.68
12.32
7.36
5.76
9.28
12.8
10.56
6.24
7.68
16.48
14.08
8.48
7.52
13.92
8
8.32
16
16.32
8.64
6.56
5.12
8.48
12.48
11.2
11.2
7.84
6.72
6.88
6.08
10.08
11.84
13.76
12.96
14.08
15.2
15.04
9.12
12.48
10.4
16
13.44
16.64
14.24
13.76
13.28
14.24
15.36
7.04
9.44
5.76
9.28
8.16
10.4
11.84
12.48
9.6
10.24
11.68
13.6
15.04
12.32
12.64
11.2
5.6
6.56
8.16
7.36
14.88
13.92
18.08
18.88
18.4
18.4
15.68
14.4
14.56
16.8
16
7.68
9.44
8.32
5.12
9.28
7.84
8
10.4
7.68
13.92
14.24
13.28
12.16
13.28
12.64
10.56
11.84
11.2
8.64
8.96
12
12
17.44
13.44
13.92
12.16
9.12
4.8
8.48
7.52
7.52
9.12
7.04
14.4
12.16
8.8
6.4
10.88
9.92
9.28
13.92
10.08
8
12.32
12.64
14.72
11.84
4.8
7.2
7.68
9.44
10.88
8.8
7.12
8.8
12.64
8
12
10.24
7.68
9.92
11.04
8
7.68
4.48
7.04
9.04
9.92
10.08
9.76
10.88
12
11.04
14.56
11.52
12.48
12.48
5.28
4.8
7.04
9.44
10.24
10.4
5.76
13.76
13.28
10.88
12
8.8
12.72
15.84
13.12
15.84
10.08
12.64
16
18.72
17.12
8.64
16.88
15.92
12.8
17.28
14.88
15.36
15.0933
14.32
16.16
18.3467
8.16
19.04
15.2
13.68
12.64
13.76
11.84
11.92
14.48
17.6
7.84
10.4
8
10.08
12.16
6.72
12.8
16.96
10.72
14.56
15.92
18.56
18.08
19.2
18.4
18.88
17.58
9.44
17.28
17.92
12.608
11.2
17.6
15.84
16.32
15.04
14.72
13.6
12.96
8
11.84
11.68
16.72
18.4
17.6
18.08
16.64
13.28
10.88
9.12
4.8
14.72
15.04
16.48
16.48
16
17.44
19.04
18.88
18.88
18.08
18.08
14.08
11.04
11.36
13.92
16.8
12.64
6.4
12.16
10.88
9.28
10.24
12.64
9.6
11.36
6.72
7.68
8.96
14.88
14.56
13.76
14.56
14.24
14.88
13.44
10.08
15.04
14.56
15.52
18.24
6.08
9.6
13.6
12
11.52
8.16
4.84
7.04
8.8
8.8
11.84
11.68
8.8
8.48
8.64
9.92
11.36
9.6
11.04
9.76
10.08
9.28
8
5.12
2.88
4.16
5.76
8.96
5.28
14.24
9.76
10.08
10.56
8.8
6.24
7.36
8.64
11.84
11.36
12.32
10.88
12.16
8
7.36
4.8
4
4.64
5.28
9.12
11.2
9.92
11.04
9.92
8.8
3.12
3.84
7.84
9.12
12.96
11.04
11.2
11.2
8.32
3.04
4.16
7.68
3.2
13.6
11.04
12
13.76
11.52
6.56
10.08
7.68
7.68
7.68
6.56
9.12
12.48
12.48
12.48
11.2
4.64
4.64
4.96
9.28
11.68
13.6
13.92
12.8
10.56
8.8
9.12
7.36
9.12
4.8
7.84
8.48
7.36
11.04
9.28
5.92
4.64
2.88
2.72
4.48
13.12
13.6
13.44
14.24
15.04
15.04
12
9.76
8.8
13.28
13.44
12.8
12.8
10.4
9.76
3.04
3.52
6.08
3.84
7.68
11.68
12
8.56
4.16
7.04
16
16.32
10.72
9.76
9.44
9.44
9.6
11.04
7.68
15.04
17.44
1.44
8.53333
2.56
2.72
2.56
3.52
2.4
1.90545
4.64
8.8
7.84
17.92
10.08
5.76
8.48
14.24
14.88
7.04
1.76
8.26667
5.28
17.28
17.88
18.9333
19.168
19.2
18.72
16.512
14.24
17.2
16.96
16.64
15.98
18
14.24
17.8133
16.64
18.4
18.24
10.8667
5.92
2.88
6.88
4.8
4.16
5.28
5.76
5.28
6.08
4.96
5.76
6.24
4.16
2.29333
10.4
2.03636
1.44
2.32
2.00889
1.6
4.64
7.68
6.88
4.32
4.64
5.12
3.68
5.12
3.2
4
4.32
3.36
4.64
4.8
4.32
3.09333
0.96
2.88
2.88
2.4
2.56
3.84
1.6
1.92
2.88
4
2.72
2.88
2.08
2.24
3.52
2.4
3.52
1.76
2.4
3.68
1.6
2.88
3.04
2.56
3.36
1.92
3.68
1.92
4.64
2.88
2.24
3.2
3.04
2.56
1.92
3.2
2.4
3.84
2.08
3.04
2.24
2.56
1.92
1.92
1.92
2.24
2.24
2.08
2.56
2.08
2.72
3.36
2.88
1.76
2.4
2.4
1.76
2.72
2.88
1.12
1.6
1.6
2.4
2.56
2.24
3.68
2.88
1.76
2.4
2.72
2.56
2.56
1.92
2.56
2.29333
1.68
2.144
1.92
1.44
2.45333
1.44
1.86667
1.64
2.13333
1.97333
1.76
2.28
2.08
1.44
1.6
1.92
2.18667
2.61333
1.28
2.08
1.96
2.16
2.08
1.92
1.68
1.6
1.6
2.08
1.6
2.18667
2.16
2.13333
1.6
2.45333
2.16
1.44
2.24
1.44
1.44
2.4
3.2
2.24
2.72
2.24
2.72
1.76
2.56
1.44
1.92
2.24
2.56
3.04
1.92
2.56
1.52
2.24
2.4
1.44
2.24
1.84
2.56
1.44
2.08
2.4
2.72
2.24
1.6
1.92
2.72
2.24
2.24
2.56
2.72
2.56
2.08
1.92
1.28
1.76
3.04
2.88
2.56
1.76
1.12
2.72
1.92
3.68
2.08
2.72
1.92
2.4
2.72
1.92
2.56
1.6
2.4
2.56
2.88
2.56
2.72
2.08
2.56
3.04
2.4
1.44
1.92
3.36
1.76
2.08
2.4
1.76
2.4
2.24
2.24
3.2
1.12
1.84
2.56
1.44
2.24
2.72
2.08
2.4
2.24
2.24
2.4
2.88
2.24
2.08
2.4
2.56
2.88
1.92
1.44
1.12
2.72
2.4
2.88
2.56
3.04
1.92
2.72
2.56
3.2
1.6
2.4
2.88
2.72
3.52
2.08
2.4
2.24
2.24
1.6
1.92
3.2
3.04
2.4
3.36
2.4
1.76
2.72
2.24
1.6
3.04
3.52
1.6
2.56
2.88
2.24
2.4
1.44
2.56
1.12
3.2
2.4
2.56
2.4
2.56
3.2
2.4
2.88
3.68
2.4
2.88
3.52
2.88
3.04
2.72
2.08
1.6
1.44
2.08
2.56
2.4
3.04
1.6
3.04
1.44
2.4
1.76
2.4
3.36
2.24
1.76
1.6
3.36
3.68
1.92
2.24
1.12
3.68
2.4
2.4
2.08
3.04
1.92
3.2
2.56
1.76
1.92
3.04
3.68
2.08
3.04
1.76
1.76
3.2
2.24
2.56
3.2
1.92
2.24
2.56
3.52
3.36
2.24
2.72
2.88
2.08
1.76
3.04
3.04
3.2
2.88
2.56
2.24
3.04
2.56
1.92
2.4
2.56
2.72
3.52
2.88
2.56
2.24
2.72
2.4
2.88
3.04
2.08
1.6
1.6
3.36
2.4
2.72
2.4
1.76
3.52
2.08
2.4
1.6
1.44
1.92
1.92
2.24
3.52
2.4
