0
53000
0
0
0
1000
1
167
836
0
0
0
996
0
0
0
0
0
0
1004
0
0
1003
0
412
584
0
0
0
287
0
1
712
0
0
0
0
998
0
0
0
0
1004
0
0
0
0
1000
0
970
0
1025
0
1001
1001
0
984
16
0
0
0
998
0
1005
0
534
463
0
0
998
0
0
1002
0
1003
999
1167
0
2002
994
2001
3999
0
1000
0
1001
0
0
1001
1000
0
2002
0
243
656
353
115
1003
0
1000
1003
244
1002
858
142
1003
1998
554
1
1445
1999
1000
0
2001
999
0
1001
0
486
636
368
1000
1001
0
1004
996
1001
411
590
1
1000
1001
1002
453
1
1004
999
1002
996
1001
999
1002
304
1
1001
1002
997
11000
0
2001
0
999
1002
780
0
220
1000
1985
13
0
1000
0
0
1001
0
0
1001
0
0
0
1002
999
1000
1004
997
2996
969
31
1000
1003
1001
740
1002
0
999
1002
1001
997
1000
1001
1001
1000
998
350
60
942
1002
0
1005
997
0
105
995
3000
1000
0
1001
0
452
550
364
1
1002
0
1002
1003
999
728
992
191
1000
1001
1002
0
5000
1000
561
2439
0
4000
0
0
1000
1
879
1
125
0
0
0
523
45
997
1002
1000
810
192
306
479
301
1001
1000
0
1001
651
1391
1609
0
6000
525
150
325
0
1001
0
0
0
1002
1061
0
1006
0
1002
997
999
50
361
4999
1000
1001
999
1001
716
283
0
1000
871
1
129
1066
0
1005
0
152
1004
0
1000
1996
1000
1001
1002
0
998
1001
999
1001
1001
0
561
107
335
42
998
753
835
1165
0
1002
0
1003
2995
1000
0
2002
743
257
998
1000
1001
0
1000
1000
1635
1000
1002
0
1003
997
1000
1003
1000
877
126
517
1006
0
1000
998
1000
1003
997
998
121
6993
1000
1865
1
0
0
1
1135
0
0
0
1006
0
1002
994
1003
296
72
1008
0
999
999
997
1000
47
998
1002
1190
0
1004
0
1003
997
1001
1000
1004
998
1002
356
979
1007
1041
988
1078
1486
1469
0
1079
0
1456
1161
1305
0
2361
0
1167
1479
0
1014
0
996
1028
973
1029
971
1035
964
1003
996
1003
998
1003
996
1030
970
46
1005
0
997
1009
997
1096
0
1007
0
1004
996
1003
997
1002
998
1003
997
1000
1000
1000
1000
1000
999
999
1000
1003
997
659
1005
0
1000
1000
1001
997
1002
999
1001
998
1001
999
1001
1000
1003
998
999
1000
1003
999
999
999
1002
997
1003
1017
0
999
1001
1000
999
1001
1070
0
907
104
1007
0
999
1003
999
998
1000
1000
1000
1001
999
1003
1000
999
1000
1000
1000
1000
1000
1001
1001
999
1319
0
1009
0
354
48
1006
0
1003
999
1001
1002
998
999
1000
999
141
987
997
1006
1001
999
1001
1000
1000
1000
1000
1000
999
1001
1000
1000
1000
999
1002
1000
999
1001
1000
1001
997
1003
999
999
1000
999
1000
1001
1003
998
1000
1000
999
1000
1003
1065
0
835
46
1002
0
1008
1001
999
999
999
1001
1001
999
1001
1000
765
837
1275
71
207
811
1010
0
1000
1001
1001
998
1003
996
1003
999
1001
997
1003
997
1003
998
1005
995
1000
999
1003
999
1001
999
1002
997
1000
999
1003
1294
0
1012
0
1001
1000
996
1003
999
1000
999
1002
997
1001
1226
0
1010
0
1000
1004
995
214
992
993
1005
1002
998
1003
998
1000
999
1003
997
1001
999
1003
997
1064
0
1010
0
1003
996
1003
999
1003
995
1003
998
1097
0
1010
0
1004
996
1002
1031
1006
0
1006
1100
0
1012
0
999
1004
994
1004
997
1002
997
1004
997
1003
996
1004
1107
0
1014
0
999
1000
996
1024
0
1005
994
1007
994
184
1012
0
999
1003
994
1006
997
1003
995
1003
1000
1001
997
1000
1002
1001
997
1000
1002
1002
996
1000
1002
1001
997
1000
1002
1001
997
1000
1002
1001
997
220
1359
0
1010
0
1001
909
12
1003
0
1012
996
998
1001
1004
996
1000
1039
1067
0
1013
0
1001
1033
1010
0
1004
996
1000
1002
1002
996
1000
1001
1005
994
1000
1001
1003
996
1000
1001
1002
997
1197
0
1010
0
965
1058
0
1009
0
1002
1000
999
1000
1000
1000
999
1001
1001
1002
997
929
166
995
999
1008
1000
1000
1001
999
1000
999
1000
1000
242
988
1010
0
1000
1140
0
1010
0
1002
999
1000
999
1000
1002
1000
998
1014
0
999
999
1000
1000
1001
998
1000
1002
999
1000
1000
1000
1000
1000
1000
1000
1096
0
1010
0
132
1172
0
1010
0
1000
1002
224
989
993
1008
1084
0
1010
0
1002
999
1004
995
999
1000
1054
0
997
12
1003
996
1002
999
1001
1000
1001
998
1001
1000
999
1000
1002
999
1210
0
1010
0
1000
1000
1000
1000
1001
998
1002
999
999
1000
1001
1004
1169
0
1012
0
998
1000
1002
1068
0
991
18
1004
996
1000
1003
1001
995
1002
999
1003
998
1000
999
1003
998
1000
1000
1003
996
1001
1000
1002
996
1001
999
1002
1068
0
1011
0
999
1000
999
1002
999
999
1002
1012
0
999
1001
1002
998
1000
1179
0
1011
0
998
1004
996
1001
1011
1079
0
1010
0
1000
1000
999
1001
1207
0
1010
0
1001
1168
0
1010
0
1001
1000
999
1000
999
1000
1000
1002
994
1203
0
1009
0
1001
1002
999
1000
998
1000
1002
998
1000
1001
1002
122
989
1064
0
1009
0
1004
998
998
1000
1000
1002
998
1000
1001
1001
998
1000
1001
1001
998
1001
1000
1001
1000
1088
0
1010
0
1001
998
1002
1001
998
1001
998
1001
999
1078
0
1009
0
1001
1001
999
1000
1000
1000
1000
1000
1000
999
1001
999
1003
1002
995
1001
1000
1001
1001
998
1000
1000
1000
999
1000
1001
962
1072
1032
1008
0
1001
1001
1000
930
1125
0
1010
0
999
1115
0
1010
0
1002
1003
1293
0
1011
0
1000
1002
997
1001
999
1003
996
1002
999
1003
996
1002
1002
1000
998
1000
1000
1002
996
249
988
993
1175
0
967
1032
1010
0
1001
1004
994
1002
1002
1000
996
1002
1000
1003
995
1003
999
1002
999
1001
997
1003
1038
1191
0
902
1106
0
1013
0
996
1002
999
1003
996
1004
1001
999
997
1001
998
1004
997
1001
998
1004
997
1001
1056
0
1011
0
1000
1004
1223
0
1013
0
1000
999
91
983
995
1009
998
1086
0
1008
0
1005
175
980
995
1011
999
1002
995
1005
1195
0
1013
0
1000
999
998
246
1104
1011
0
1010
0
1004
996
1002
999
1003
995
1003
997
1002
1001
999
998
1002
999
999
1000
153
986
1009
0
1003
999
998
1000
1002
999
1004
995
1005
1229
0
1012
0
1000
998
1001
1001
1001
998
999
1002
1000
999
1001
1000
863
1212
0
1016
0
993
1059
1101
0
1011
0
1001
1000
997
1000
1003
1003
995
999
1003
1001
997
1119
0
1009
0
1075
0
1009
0
1000
1002
999
999
1000
1001
1001
999
999
1000
1000
1000
1001
1000
1000
998
1000
999
1001
999
196
322
254
334
318
1307
0
1004
0
820
920
1005
0
1004
0
1001
998
1003
998
1001
999
1003
997
1002
997
1003
998
1003
996
1003
997
1001
1002
999
998
1001
65
991
1001
43
1000
1004
0
1001
999
1000
1064
0
910
97
993
981
1032
1002
0
1002
1111
0
1004
0
1000
1000
999
1001
999
1001
1000
999
999
1045
999
1001
1000
1000
1000
1001
0
1000
1000
1001
0
1000
1000
1000
1000
879
122
1001
1000
1000
1000
1000
1000
1000
1000
1001
0
1001
0
1001
0
1000
1000
933
1066
1000
1001
1000
999
1000
1000
1001
999
1000
1000
760
1240
1000
1000
1001
999
1000
1000
1001
999
1000
1000
1001
999
1000
1000
1001
999
1000
1000
1001
986
1013
1000
1001
911
964
0
0
0
7
21
0
0
4
11
0
0
5
0
0
0
5
0
0
0
9
0
0
7
9
0
0
2
13
0
0
5
13
0
0
0
9
0
0
4
14
0
0
9
0
0
2
10
0
0
3
10
0
0
2
6
0
0
0
13
0
0
6
14
0
1
6
16
0
0
11
16
0
4
6
0
0
0
2
0
0
0
10
0
0
0
15
0
0
8
12
0
0
3
10
0
0
2
11
0
0
8
13
0
1
10
0
0
0
8
0
0
0
8
0
0
1
10
0
0
4
12
0
0
2
12
0
0
2
16
0
0
6
17
0
0
8
0
0
0
7
0
0
0
4
0
0
0
5
0
0
4
9
0
0
2
8
0
0
3
11
0
0
3
10
108
499
231
528
442
294
222
0
0
0
5
0
0
0
6
0
0
4
12
0
0
0
8
0
270
347
1757
1727
410
1687
1657
962
1359
947
351
1629
1599
1730
1700
1862
1832
345
300
1941
1911
3434
3404
3374
809
473
947
1085
343
2932
2902
2872
3625
3595
3565
0
0
0
11297
11267
11237
11207
11177
11147
11117
11087
11057
11027
10997
10967
251
1846
1816
6414
6384
6354
6324
6294
6264
6234
302
4575
4545
4515
4485
4455
2149
2119
2089
1574
1544
3829
3799
3769
3739
0
1881
1851
881
426
407
500
340
1889
1859
178
1210
1180
1622
1592
497
633
959
1374
411
984
1116
1645
1615
2832
2802
2772
2820
2790
2760
868
864
1670
1640
1475
1445
783
646
2903
2873
2843
1331
1855
1825
3421
3391
3361
3331
0
5769
5739
5709
5679
5649
5619
0
10697
10667
10637
10607
10577
10547
10517
10487
10457
10427
10397
3960
3930
3839
3809
3779
3749
56
5517
5487
5457
5427
5397
5367
14585
14555
14525
14495
14465
14435
14405
14375
14345
14315
14285
14255
14225
14195
14165
4306
4276
840
4826
4796
4766
4736
4706
1241
3868
3838
3808
3778
3938
3908
3878
3848
1896
1866
2770
2740
2710
1597
1567
12894
12864
12834
12804
12774
12744
12714
12684
12654
12624
12594
12564
12534
10942
4928
2973
2943
2913
5706
5676
5646
9287
9257
9227
9197
9167
9137
3725
3695
3665
3635
1622
1592
15416
15386
15356
15326
15296
15266
15236
15206
15176
15146
15116
15086
15056
15026
14996
14966
5863
5833
5803
5773
5743
5713
17482
17452
17422
17392
17362
17332
17302
17272
17242
17212
17182
17152
17122
17092
17062
15854
10719
5711
3821
3791
3761
1678
1648
12784
12754
12724
12694
12664
12634
12604
12574
12544
12514
12484
12454
12424
9377
9347
9317
3356
3326
3296
11701
11671
11641
11611
11581
11551
11521
11491
11461
11431
11401
11371
13853
13823
13793
13763
13733
13703
13673
13643
13613
13583
13553
5606
5576
11362
11332
11302
11272
11242
11212
11182
11152
11122
11092
11062
11032
4932
4902
4872
4842
4812
16811
16781
16751
16721
16691
16661
16631
16601
16571
16541
16511
16481
16451
16421
28906
28876
28846
28816
28786
28756
28726
28696
28666
28636
28606
28576
28546
28516
28486
28456
28426
28396
28366
28336
28306
28276
28246
28216
28186
28156
28126
28096
28066
27098
27346
24796
24766
24736
24027
23997
23967
26441
26411
26381
26351
26321
26291
26261
26231
18856
18826
18796
18766
18736
18706
18676
18187
10843
10813
10783
10753
10723
10693
10663
10633
10603
10573
10543
10303
10273
10243
10213
15035
15005
14975
14945
14915
14885
14855
14825
14795
14765
2826
6703
6673
6643
6613
6583
8230
8200
10888
10858
10828
10798
10768
10738
21572
21542
21512
21482
21452
21422
21392
21362
21332
21302
21272
21242
21212
21182
21152
21122
21092
21062
21032
21002
20972
20942
27718
27688
27658
27628
27598
27568
27538
27508
27478
27448
27418
27388
27358
27328
27298
27268
27238
27208
27178
26927
26897
26867
26837
26807
35581
35551
35521
35491
35461
35431
35401
35371
35341
35311
25523
25493
25463
14166
14136
14106
14076
14046
14016
13986
