0
49000
1000
0
0
0
0
0
819
0
1
186
0
209
787
0
0
0
0
0
0
873
133
0
0
0
0
0
0
0
1
992
0
0
0
0
0
0
0
0
1006
0
2993
1000
0
0
0
0
1001
0
0
0
1005
0
0
998
0
0
0
0
0
999
0
0
1001
1003
207
627
677
641
997
1999
0
1004
0
997
1003
1001
997
1001
370
632
1003
0
1002
88
996
412
1575
0
1004
999
997
748
203
994
80
1
1000
2003
996
399
603
535
473
1042
1000
1004
0
998
1002
24
1003
1
998
251
758
2288
424
577
0
885
997
2920
79
366
637
571
999
1001
875
54
92
1000
1001
1005
1994
0
1002
0
998
1002
1998
999
1001
0
1002
1001
999
1139
1000
714
296
1
1005
996
1000
1000
991
1000
1002
998
1002
1000
1515
1482
1000
1003
1001
997
0
1000
1001
999
1001
159
2000
0
1000
1003
0
730
1004
0
997
1004
998
1999
0
1004
0
1003
0
998
1002
242
797
207
679
2780
1
987
1013
1002
0
1999
999
1001
0
1003
1000
999
1001
999
303
9
998
1000
1001
0
1000
1002
1001
440
1404
600
0
1002
0
1000
357
12
2998
1000
3000
0
0
1000
0
1
1001
1001
1001
998
1000
1000
562
635
1001
544
451
458
752
672
995
1957
817
1225
1000
806
196
1000
367
638
217
28
754
252
995
1003
1001
1000
997
998
1000
1109
1000
1002
0
1000
343
1002
1998
1000
0
1001
0
182
3992
0
1000
0
1003
0
1003
996
1001
141
863
219
790
1003
0
1000
1001
1998
998
131
872
3997
11
989
0
4000
0
1000
0
0
1004
0
1000
998
1716
1050
1000
1001
0
1004
1005
1003
988
1001
1998
1000
1
1004
627
914
905
998
1003
998
511
995
369
1004
0
1003
999
995
1002
1001
999
999
1000
1003
1000
999
1001
1000
1001
841
1006
0
1032
968
1081
906
1074
0
1001
998
1037
1684
1948
0
1786
0
1008
400
1140
1190
0
821
1005
811
1239
1859
0
1478
0
1038
0
1003
996
1038
968
993
1074
1002
929
2818
0
0
1219
0
1091
0
1017
1472
1026
1130
925
595
1819
0
1273
293
1254
1000
1004
0
1000
999
1003
999
999
1000
1000
1048
636
948
3585
0
0
0
1350
0
935
750
1337
881
179
1015
2836
0
1
224
974
1411
1391
1475
0
521
468
476
713
856
2619
0
0
1451
0
1303
1536
0
1540
494
735
1000
4725
0
0
0
0
1265
0
1700
1232
0
1038
0
1037
1459
1000
2615
0
0
1337
1051
0
1981
0
1000
2239
0
0
1979
0
1022
803
52
403
187
3680
0
0
0
5227
0
0
0
0
1175
0
1012
0
1032
994
1192
75
4958
0
0
0
0
1050
0
1077
0
999
998
1000
3965
0
0
0
1042
0
1003
998
1000
1285
971
365
2564
0
0
1529
2270
0
0
2479
0
1252
510
752
4859
0
0
0
0
1148
0
1075
0
2863
0
0
1028
1000
1000
265
380
783
630
9498
0
0
0
0
0
0
0
0
0
1007
0
998
1001
1029
1037
365
1583
1051
6091
0
0
0
0
0
0
914
1004
1062
1000
765
2426
0
0
3125
0
0
4037
0
0
0
1330
0
1087
0
2518
0
0
1253
1831
0
1397
761
1164
6682
0
0
0
0
0
0
1156
1003
1048
0
2319
0
0
1264
2299
0
1116
380
3021
0
0
3010
0
0
1182
2043
0
0
1000
4034
0
0
0
0
969
1002
1067
1000
1000
487
648
7978
0
0
0
0
0
0
0
991
994
1046
428
3117
0
0
0
2278
0
742
2735
0
0
1267
4711
0
0
0
0
1329
0
599
773
939
266
656
5073
0
0
0
0
1139
1317
0
209
976
1
1
4791
0
0
0
1242
0
1000
1000
190
200
5514
0
0
0
0
5001
0
0
0
0
1247
1035
1040
0
335
738
893
979
850
8709
0
0
0
0
0
0
0
0
1301
0
1008
0
1001
1031
1200
3416
0
0
3171
0
0
717
897
1000
1000
6908
0
0
0
0
0
0
1106
0
1042
0
803
1737
0
775
5002
0
0
0
0
0
3111
0
0
961
934
1030
1147
909
623
3530
0
0
0
1964
0
1158
803
4671
0
0
0
0
1818
0
125
700
2103
0
507
1871
0
742
985
1000
1000
197
4956
0
0
0
0
1047
86
6483
0
0
0
0
0
1174
1091
999
1007
0
1071
576
406
192
335
8087
0
0
0
0
0
0
0
1265
0
1037
0
972
159
1000
999
439
448
735
8463
0
0
0
0
0
0
0
0
893
967
732
1001
999
1083
1320
779
1653
0
1107
1041
4723
0
0
0
0
993
999
1041
0
361
1608
0
1000
706
9359
0
0
0
0
0
0
0
0
0
1006
0
1001
1060
2308
0
0
978
1
6808
0
0
0
0
0
1196
0
280
760
4034
0
0
0
1042
352
4820
0
0
0
0
1190
0
1009
0
1148
747
294
2181
0
4141
0
0
0
0
1008
0
350
180
6757
0
0
0
0
0
0
1250
0
1012
0
1025
867
561
3407
0
0
1032
732
345
189
755
1730
0
1121
2858
0
0
2542
0
0
2616
0
830
1147
1222
735
4289
0
0
0
0
230
559
671
549
1161
805
929
2175
0
0
3920
0
0
0
1270
1617
0
2621
0
0
3651
0
0
0
2515
0
3714
0
0
0
3386
0
0
857
290
1042
0
1067
1000
536
675
1000
8080
0
0
0
0
0
0
0
0
922
1005
1000
1065
2022
0
0
2684
0
1046
1391
0
2297
0
1241
264
3576
0
0
0
1177
1283
0
1000
2657
0
0
1411
0
1479
1365
886
395
3756
0
0
0
854
1009
1027
1134
1888
0
2726
0
0
1016
844
866
1188
43
2446
0
0
1554
1534
0
1178
1987
0
1451
0
162
1593
0
1772
2336
0
0
1041
0
296
4945
0
0
0
0
1064
0
1172
0
1644
1182
160
2271
0
3606
0
0
0
887
760
1063
1000
1000
459
5852
0
0
0
0
0
1008
0
1029
997
674
1913
0
3806
0
0
0
1008
804
757
360
158
5831
0
0
0
0
0
584
621
160
3692
0
0
0
1345
0
1009
0
1008
1264
539
1650
0
1086
3022
0
0
1066
1369
0
1045
0
1159
1000
310
3047
0
0
2722
0
0
927
1000
1028
1364
1292
1768
0
1619
0
843
2176
0
0
483
3290
0
0
1268
0
1045
0
997
1145
838
3348
0
0
0
1008
4581
0
0
0
0
1009
0
1002
1000
1031
964
1028
1037
884
1315
0
1463
0
4349
0
0
0
1022
970
989
765
800
1000
1188
504
1759
0
785
758
1288
569
1673
0
920
601
653
1548
0
1901
0
778
927
740
1604
0
1876
0
1446
439
466
658
1260
0
2729
0
1884
0
1637
0
908
674
999
391
582
5586
0
0
0
0
0
1139
1187
1129
1086
0
1074
0
396
1590
0
966
410
305
424
6683
0
0
0
0
0
0
765
755
1000
1031
1105
495
630
2244
0
0
3463
0
0
1126
876
1113
1246
1430
0
127
2292
0
1172
960
2722
0
0
1032
509
965
1279
2595
0
0
2112
0
1110
1351
0
621
745
1182
0
2883
0
3307
0
0
0
1041
0
1825
1132
321
2302
0
887
1440
0
740
1000
338
385
8636
0
0
0
0
0
0
0
0
1423
105
991
1007
1002
1000
1030
1005
528
604
4274
0
0
0
0
874
1035
102
1803
0
1910
0
1686
0
2130
0
1531
732
128
4088
0
0
0
0
4425
0
0
0
798
1116
890
917
871
1000
775
3788
0
0
0
1299
1210
0
1819
0
449
817
2003
0
3297
0
0
0
916
823
1000
3854
0
0
0
1651
0
1187
1995
0
1037
277
3210
0
0
0
1037
0
1038
1000
749
6542
0
0
0
0
0
0
1334
1159
0
1000
2028
0
0
2424
0
1413
2969
0
0
366
2031
0
0
2151
0
1883
0
2598
0
0
1450
1883
0
1300
0
1000
247
362
4525
0
0
0
1728
0
904
167
1500
2058
0
2578
0
0
1494
1201
999
1000
7966
0
0
0
0
0
0
0
1078
0
968
1102
670
2140
0
1192
770
1893
0
1589
0
2205
0
0
1816
0
1513
1252
1000
1000
1000
433
204
1000
10908
0
0
0
0
0
0
0
0
0
0
1018
1083
0
1008
0
1002
1001
1020
1045
278
1155
0
5630
0
0
0
0
0
1118
1326
0
414
735
875
1000
5392
0
0
0
0
0
3502
0
0
946
1164
0
1075
0
2057
0
0
954
2645
0
0
2827
0
0
1253
1154
2021
0
0
408
109
2732
0
0
3312
0
0
2018
0
1425
2838
0
0
1978
0
1187
2282
0
0
60
1730
0
1677
4025
0
0
0
3850
0
0
0
1208
1075
0
1041
0
1000
744
2248
0
4904
0
0
0
0
1110
0
1078
0
2483
0
0
1970
0
980
507
2921
0
0
1407
1076
6668
0
0
0
0
0
0
1342
0
1009
0
1028
1005
1121
1838
1
4344
0
0
0
0
747
2578
0
0
1970
0
1774
0
1636
1232
517
722
4645
0
0
0
0
1589
0
2507
0
0
1032
1335
4456
0
0
0
0
877
800
1099
560
2953
0
0
2091
0
0
1372
2123
0
3128
0
0
4318
0
0
0
1017
1008
0
1037
1026
985
1000
536
1008
4944
0
0
0
0
1053
859
1186
285
303
2622
0
3480
0
0
0
1593
269
1478
1586
0
1048
539
882
1228
2610
0
0
2668
0
784
1000
816
603
7039
0
0
0
0
0
0
748
824
824
999
4987
0
0
0
0
1014
570
1610
0
2087
0
2116
0
106
1583
3005
0
0
1116
0
1000
167
469
590
6221
0
0
0
0
0
1468
0
786
965
1423
917
1000
107
5928
0
0
0
0
0
1265
0
1074
0
1074
707
656
439
6427
0
0
0
0
0
1292
0
1009
0
1028
1005
187
3300
0
0
0
1144
7336
0
0
0
0
0
0
0
751
919
1000
1033
196
440
6672
0
0
0
0
0
0
1138
1266
1217
0
770
1000
1000
585
6878
0
0
0
0
0
0
1112
1045
1452
0
210
600
281
6420
0
0
0
0
0
0
939
819
778
1228
1272
340
999
7801
0
0
0
0
0
0
0
1207
0
1010
0
1072
955
1067
586
38
3984
0
0
0
673
1109
692
917
2568
0
0
1427
4618
0
0
0
0
867
1025
295
2490
0
2368
0
0
5859
0
0
0
0
0
1151
0
78
963
3289
0
0
0
863
94
843
6098
0
0
0
0
0
1066
0
1041
0
1031
743
490
2162
0
2647
0
0
1872
0
1617
0
220
965
3560
0
0
0
1479
0
1722
1112
990
2417
0
0
894
75
3869
0
0
0
887
745
941
586
4411
0
0
0
1135
0
1046
0
991
2892
0
0
937
1233
0
275
74
4801
0
0
0
0
777
1112
1359
345
787
1000
2090
0
0
2572
0
721
920
898
930
990
834
1446
0
714
774
255
3352
0
0
1187
0
274
1058
0
1176
840
1656
1014
1247
1006
1040
0
1035
1661
1258
914
1125
0
1037
0
1026
632
890
1403
948
899
535
74
1481
0
848
659
1282
1013
935
862
1008
846
696
842
650
897
1040
0
1008
956
1001
1030
1000
969
1324
648
692
1215
1000
1006
0
1003
997
1001
999
1002
998
1001
999
1002
997
1001
999
1002
6
1001
998
1001
1000
999
1001
999
1000
1000
1000
1000
1000
1000
1000
1000
1000
1000
1000
1000
999
1001
1010
0
999
1001
1000
1000
1000
747
1223
842
1222
0
1003
0
1000
1000
1000
1000
1000
1000
1000
1000
1000
1000
1000
1000
1000
1000
1000
1001
999
1000
1000
1000
1000
1000
1003
1000
997
1001
1002
997
1000
1001
999
1002
998
1000
999
1001
999
1001
1069
0
1154
0
1003
0
999
1001
999
1001
999
1001
999
1001
1001
999
1166
0
1003
0
999
1001
999
1001
999
1001
999
1001
999
1001
999
1002
998
1001
999
1001
999
935
105
1000
1000
1002
999
1001
999
1001
999
1001
999
1001
999
1001
1000
1000
999
1002
998
1001
999
1001
999
1001
1000
1000
999
1001
999
1001
999
1001
999
1001
999
89
996
1001
1002
999
1000
999
1000
1001
999
999
1000
1001
1000
999
1000
1001
1000
999
1001
1000
1000
999
1000
1001
1000
999
1000
1002
998
1000
1002
999
999
1000
1002
999
999
1000
1002
999
999
1000
1001
1000
999
1001
1000
1000
999
1001
1000
1000
999
1001
999
1001
999
1000
1002
999
999
1000
1002
999
999
1000
1002
999
999
1001
1000
1000
999
1000
1002
999
999
1000
1002
999
999
1000
1002
999
999
1000
1002
999
999
1000
1002
999
999
1001
1000
1000
999
1001
1001
999
999
1001
1000
1000
999
1000
1002
999
999
1000
1002
1000
998
1000
1002
999
999
1000
1002
999
999
1000
1002
999
999
1001
1000
1000
999
1001
1000
1000
999
1000
1000
1001
999
1002
998
1001
999
1001
1000
1000
999
1001
1000
1001
998
1000
1001
1000
999
1001
999
1001
1000
999
1000
1001
1000
999
1000
1001
1000
999
1000
1001
999
1000
1003
938
1059
1000
1002
999
999
1001
1000
1000
914
1049
1036
1001
995
1004
1000
1001
1000
999
1000
1001
1000
999
1000
1001
1000
999
1001
1000
999
1000
1001
1000
999
1001
999
1001
1000
999
1000
1001
999
1000
1000
1001
999
1000
1002
999
999
1000
1000
1002
998
1000
1002
999
999
1000
1002
999
889
1110
0
0
0
0
0
0
3226
3172
3118
3064
2816
2762
2708
596
791
548
738
505
111
0
0
0
4
0
0
0
0
2
0
0
0
0
4585
4531
4477
4423
4369
2403
2349
2295
3639
3585
3531
3477
1752
1698
2754
2700
2646
1181
1127
7797
7743
7689
7635
7581
7527
7473
7419
0
0
18789
18735
18681
18627
18573
18519
18465
18411
18357
18303
18249
18195
18141
18087
18033
17979
17925
17871
17817
10131
10077
10023
0
15064
15010
14956
14902
14848
14794
14740
14686
14632
14578
14524
14470
14416
14362
14308
14254
0
0
30956
30902
30848
30794
30740
30686
30632
30578
30524
30470
30416
30362
30308
30254
45164
45110
45056
45002
44948
44894
44840
44786
44732
44678
44624
44570
44516
44462
44408
44354
44300
44246
44192
44138
44084
44030
43976
43922
43868
43814
43760
43706
43652
43598
43544
43490
43004
0
69584
69530
69476
69422
69368
69314
69260
69206
69152
69098
69044
68990
68936
68882
68828
68774
68720
68666
68612
68558
68504
68450
68396
68342
68288
68234
68180
68126
68072
68018
67964
67910
67856
67802
67748
67694
67640
67586
67532
67478
67424
67370
67316
67262
67208
67154
67100
67046
66992
66938
66884
66830
66776
66722
66668
66614
66560
66506
66452
66398
66344
66290
66236
66182
66128
66074
66020
65966
65912
65858
50891
50837
20922
20868
20814
25537
25483
25429
25375
25321
25267
25213
25159
25105
25051
24997
24943
24889
24835
24781
12739
2831
2777
2723
16702
16648
16594
16540
16486
16432
16378
16324
16270
16216
16162
16108
16054
16000
15946
15892
15838
23596
23542
23488
23434
23380
23326
23272
23218
23164
23110
23056
23002
22948
22894
22840
22786
22732
22678
22624
22570
22516
23150
23096
23042
22988
22934
22880
22826
22772
22718
24242
24188
24134
24080
21567
21513
21459
21405
21351
21297
5930
5876
5822
5768
5714
5660
4030
1912
1858
792
878
2945
2891
2837
1974
1421
878
836
522
2934
2880
2826
3680
3626
4922
4868
4814
4760
4706
6590
6536
6482
1514
0
26456
26402
26348
26294
26240
26186
26132
26078
26024
25970
25916
25862
25808
25754
25700
25646
25592
25538
25484
25430
25376
25322
25268
25214
25160
25106
25052
319
676
861
875
7908
7854
7800
7746
7692
7638
7584
7530
9237
9183
9129
9075
9021
1702
1648
76
4902
4848
4794
4740
4686
3418
3364
0
1908
1854
1708
1654
4504
4450
4396
4342
4288
308
1736
1682
0
0
6934
6880
6826
6772
6718
6664
6610
5274
204
5456
5402
5348
5294
5240
5186
378
828
872
958
0
0
3592
3538
3484
3430
129
149
488
13
1308
1254
236
776
0
1743
1689
8
379
36
0
0
5
0
0
0
0
0
11
509
682
360
906
517
287
640
497
529
0
3710
3656
3602
3548
1472
1418
805
814
721
1144
1090
3933
3879
3825
3771
836
736
720
530
0
0
2410
2356
2302
4413
4359
4305
4251
4197
477
0
7392
7338
7284
7230
7176
7122
7068
7014
1437
1383
1895
1841
766
528
2448
2394
2340
1911
1857
26
0
1976
1922
1868
0
7889
7835
7781
7727
7673
7619
7565
7511
6126
6072
344
643
1361
1307
15
2
0
0
0
0
0
9
0
0
0
0
2
0
0
0
0
3
15
0
0
0
0
5
0
0
0
0
6
16
0
0
0
0
7
0
0
0
0
3
10
0
0
0
0
6
0
0
0
0
0
12
0
0
0
0
8
0
0
0
0
0
12
0
0
0
0
5
0
0
0
0
3
18
0
0
0
0
9
0
0
0
0
3
14
0
0
0
0
4
0
0
0
0
1
17
0
0
0
0
2
0
0
0
0
1
13
0
0
0
0
4
0
0
0
0
0
9
0
0
0
0
7
0
0
0
0
0
7
0
0
0
0
11
0
0
0
0
0
8
0
0
0
0
12
0
0
0
0
0
10
0
0
0
0
9
0
0
0
56
323
7
0
0
0
0
3
9
0
0
0
0
8
0
0
0
0
4
23
0
0
0
0
8
0
0
0
0
6
12
0
0
0
0
6
0
0
0
0
3
192
276
1654
1600
578
765
26
1527
1473
1354
1300
2799
2745
2691
81
264
368
0
1120
1066
179
0
0
0
0
0
1
10
0
0
18
0
6
0
0
0
0
10
8
0
0
0
0
1
0
0
0
0
1
13
0
0
0
0
6
0
0
0
0
0
14
0
0
0
0
4
0
0
0
0
0
10
0
0
0
0
9
0
0
0
0
0
9
0
0
0
0
2
0
0
0
0
4
12
0
0
0
0
4
0
0
0
0
0
7
0
0
0
0
8
0
0
0
0
0
11
0
0
0
0
4
0
0
0
0
0
6
0
0
0
0
7
0
0
0
0
1
10
0
0
0
0
8
0
0
0
0
0
10
0
0
0
0
6
0
0
0
0
3
13
0
0
0
0
5
0
0
0
0
2
10
0
0
0
0
8
0
0
0
0
1195
1141
298
14
0
0
0
14
0
0
0
0
5
0
0
0
0
5
13
0
0
619
0
6
0
0
0
0
5
0
0
0
0
0
6
0
0
0
0
6
0
0
0
0
0
13
0
0
0
0
4
0
0
0
0
2
9
0
0
0
0
4
0
0
0
0
0
16
0
0
0
0
4
0
0
0
0
0
12
0
0
0
0
2
0
0
0
0
3
16
0
0
0
0
8
0
0
0
0
2
11
0
0
0
0
3
0
0
0
0
1
7
0
0
0
0
3
0
0
0
0
0
8
0
0
0
0
8
0
0
0
0
0
9
0
0
0
0
4
0
0
0
0
0
9
0
0
0
0
3
0
0
0
0
0
7
0
0
0
0
4
0
0
0
0
0
8
0
0
0
0
0
0
0
0
0
0
10
0
0
0
0
4
0
0
0
0
4
9
0
0
0
0
7
0
0
0
0
8
11
0
0
0
0
0
0
0
0
0
0
12
0
0
0
0
0
0
0
0
0
0
15
0
0
0
0
2
0
0
0
0
5
11
0
0
0
0
5
0
0
0
0
0
11
0
0
0
0
2
0
0
0
0
1
12
0
0
0
0
3
0
0
0
0
3
10
0
0
0
0
5
0
0
0
0
0
9
0
0
0
0
0
0
0
0
0
0
9
0
0
0
0
15
0
0
0
0
0
11
0
0
0
0
4
0
0
0
0
2
9
0
0
0
0
9
0
0
0
0
0
13
0
0
0
0
10
0
0
0
0
1
13
0
0
0
0
4
0
0
0
0
1
8
0
0
0
0
1
0
0
0
0
0
14
0
0
0
0
7
0
0
0
0
8
8
0
0
0
0
9
0
0
0
0
0
9
0
0
0
0
1
0
0
0
0
1
8
0
0
0
0
5
0
0
0
0
0
6
0
0
0
0
4
0
0
0
0
1
15
0
0
0
0
3
0
0
0
0
0
1
0
0
0
0
6
0
0
0
0
0
16
0
0
0
0
6
0
0
0
0
0
13
0
0
0
0
3
0
0
0
0
3
13
0
0
0
0
2
0
0
0
0
0
9
0
0
0
0
6
0
0
0
0
4
11
0
0
0
0
3
0
0
0
0
1
14
0
0
0
0
5
0
0
0
0
1
6
0
0
0
0
8
0
0
0
0
0
12
0
0
0
0
9
0
0
0
0
0
10
0
0
0
0
1
0
0
0
0
9
9
0
0
0
0
3
0
0
0
0
0
10
0
0
0
0
3
0
0
0
0
0
14
0
0
0
0
10
0
0
0
0
0
14
0
0
0
0
6
0
0
0
0
0
14
0
0
0
0
9
0
0
0
0
8
9
0
0
0
0
3
0
0
0
0
3
8
0
0
0
0
4
0
0
0
0
0
11
0
0
0
0
1
0
0
0
0
0
5
0
0
0
0
0
0
0
0
0
0
9
0
0
0
0
5
0
0
0
0
0
9
0
0
0
0
8
0
0
0
0
0
12
0
0
0
0
3
0
0
0
0
0
5
0
0
0
0
4
0
0
0
0
1
10
0
0
0
0
7
0
0
0
0
0
11
0
0
0
0
0
0
0
0
0
2
4
0
0
0
0
2
0
0
0
0
0
6
0
0
0
0
10
0
0
0
0
2
17
0
0
0
0
1
0
0
0
0
0
10
0
0
0
0
9
0
0
0
0
3
12
0
0
0
0
14
0
0
0
0
2
13
0
0
0
0
6
0
0
0
0
2
5
0
0
0
0
3
0
0
0
0
0
15
0
0
0
0
13
0
0
0
0
3
12
0
0
0
0
5
0
0
0
0
0
16
0
0
0
0
8
0
0
0
0
1
9
0
0
0
0
6
0
0
0
0
0
6
0
0
0
0
0
0
0
0
0
0
10
0
0
0
0
11
0
0
0
0
1
10
0
0
0
0
6
0
0
0
0
0
11
0
0
0
0
6
0
0
0
0
0
4
0
0
0
0
7
0
0
0
0
1
6
0
0
0
0
4
0
0
0
0
0
13
0
0
0
0
2
0
0
0
0
0
7
0
0
0
0
4
0
0
0
0
0
15
0
0
0
0
8
0
0
0
0
0
10
0
0
0
1
5
0
0
0
0
0
5
0
0
0
0
7
0
0
0
0
0
10
0
0
0
0
6
0
0
0
0
0
9
0
0
0
0
4
0
0
0
0
0
9
0
0
0
0
10
0
0
0
0
2
8
0
0
0
0
8
0
0
0
0
1
12
0
0
0
0
4
0
0
0
0
0
9
0
0
0
0
2
0
0
0
0
1
16
0
0
0
0
4
0
0
0
0
0
8
0
0
0
0
1
0
0
0
0
0
12
0
0
0
0
0
0
0
0
0
0
7
0
0
0
0
5
0
0
0
0
4
8
0
0
0
0
8
0
0
0
0
0
9
0
0
0
0
3
0
0
0
0
1
7
0
0
0
0
4
0
0
0
0
0
14
0
0
0
0
8
0
0
0
0
5
10
0
0
0
0
8
0
0
0
0
0
11
0
0
0
0
1
0
0
0
0
0
7
0
0
0
0
3
0
0
0
0
4
10
0
0
0
0
1
0
0
0
0
1
8
0
0
0
1
9
0
0
0
0
5
13
0
0
0
0
2
0
0
0
0
0
15
0
0
0
1
4
0
0
0
0
1
9
0
0
0
0
4
0
0
0
0
0
13
0
0
0
0
7
0
0
0
0
3
8
0
0
0
0
1
0
0
0
0
0
15
0
0
0
0
2
0
0
0
0
0
14
0
0
0
0
5
0
0
0
0
5
11
0
0
0
0
6
0
0
0
0
0
4
0
0
0
0
4
0
0
0
0
4
12
0
0
0
0
3
0
0
0
0
4
16
0
0
0
0
2
0
0
0
0
0
18
0
0
0
0
0
0
0
0
0
0
4
0
0
0
0
5
0
0
0
0
0
7
0
0
0
0
2
0
0
0
0
2
7
0
0
0
0
9
0
0
0
0
2
8
0
0
0
0
7
0
0
0
0
0
9
0
0
0
0
5
0
0
0
0
0
5
0
0
0
0
3
0
0
0
0
0
7
0
0
0
0
8
0
0
0
0
3
4
0
0
0
0
4
0
0
0
0
0
12
0
0
0
0
4
0
0
0
0
0
6
0
0
0
0
8
0
0
0
0
0
14
0
0
0
0
9
0
0
0
0
2
9
0
0
0
0
10
0
0
0
0
2
14
0
0
0
0
3
0
0
0
0
0
10
0
0
0
0
10
0
0
0
0
0
9
0
0
0
0
4
0
0
0
0
9
9
0
0
0
0
9
0
0
0
0
0
11
0
0
0
0
1
0
0
0
0
0
12
0
0
0
0
4
0
0
0
0
4
12
0
0
0
0
0
0
0
0
0
6
6
0
0
0
0
7
0
0
0
0
2
13
0
0
0
0
1
0
0
0
0
0
9
0
0
0
0
7
0
0
0
0
3
11
0
0
0
0
7
0
0
0
0
1
11
0
0
0
0
10
0
0
0
0
0
8
0
0
0
0
0
0
0
0
0
2
15
0
0
0
1
6
0
0
0
0
1
14
0
0
0
0
0
0
0
0
0
3
12
0
0
0
0
5
0
0
0
0
0
5
0
0
0
3
4
0
0
0
0
0
12
0
0
0
0
5
0
0
0
0
0
8
0
0
0
1
5
0
0
0
0
0
15
0
0
0
0
3
0
0
0
0
2
13
0
0
0
0
2
0
0
0
0
4
11
0
0
0
0
4
0
0
0
0
4
15
0
0
0
0
8
0
0
0
0
0
10
0
0
0
0
10
0
0
0
0
6
12
0
0
0
0
3
0
0
0
0
0
10
0
0
0
2
0
0
0
0
0
0
14
0
0
0
0
4
0
0
0
0
0
10
0
0
0
0
0
0
0
0
0
1
12
0
0
0
0
0
0
0
0
0
0
14
0
0
0
0
1
0
0
0
0
0
12
0
0
0
0
1
0
0
0
0
3
10
0
0
0
0
6
0
0
0
0
6
7
0
0
0
0
6
0
0
0
0
2
9
0
0
0
2
4
0
0
0
0
2
9
0
0
0
0
7
0
0
0
0
5
17
0
0
0
0
8
0
0
0
0
0
15
0
0
0
0
4
0
0
0
0
2
9
0
0
0
0
3
0
0
0
0
0
9
0
0
0
0
9
0
0
0
0
5
15
0
0
0
0
1
0
0
0
0
0
5
0
0
0
0
6
0
0
0
0
0
10
0
0
0
0
2
0
0
0
0
0
13
0
0
0
0
5
0
0
0
0
0
11
0
0
0
0
3
0
0
0
0
0
16
0
0
0
0
8
0
0
0
0
0
12
0
0
0
0
3
0
0
0
0
0
7
0
0
0
0
7
0
0
0
0
6
12
0
0
0
0
3
0
0
0
0
0
15
0
0
0
0
4
0
0
0
0
1
11
0
0
0
0
9
0
0
0
0
3
8
0
0
0
0
1
0
0
0
0
0
2
0
0
0
0
7
0
0
0
0
0
8
0
0
0
0
9
0
0
0
0
3
10
0
0
0
0
2
0
0
0
0
0
8
0
0
0
0
8
0
0
0
0
0
11
0
0
0
0
5
0
0
0
0
0
10
0
0
0
0
6
0
0
0
0
0
6
0
0
0
0
1
0
0
0
0
0
10
0
0
0
0
11
0
0
0
0
1
10
0
0
0
0
5
0
0
0
0
6
13
0
0
0
0
3
0
0
0
0
0
14
0
0
0
0
7
0
0
0
0
0
8
0
0
0
0
7
0
0
0
0
4
14
0
0
0
0
10
0
0
0
0
2
7
0
0
0
0
5
0
0
0
0
3
10
0
0
0
1
4
0
0
0
0
0
9
0
0
0
0
5
0
0
0
0
1
9
0
0
0
0
4
0
0
0
0
0
14
0
0
0
0
3
0
0
0
0
0
10
0
0
0
0
8
0
0
0
0
2
18
0
0
0
0
6
0
0
0
0
1
15
0
0
0
0
6
0
0
0
0
0
9
0
0
0
0
7
0
0
0
0
0
8
0
0
0
0
7
0
0
0
0
1
6
0
0
0
0
9
0
0
0
0
3
5
0
0
0
0
6
0
0
0
0
0
16
0
0
0
0
0
0
0
0
0
0
9
0
0
0
0
6
0
0
0
0
0
7
0
0
0
0
3
0
0
0
0
0
6
0
0
0
0
8
0
0
0
0
0
7
0
0
0
0
13
0
0
0
0
0
15
0
0
0
2
4
0
0
0
0
0
13
0
0
0
0
4
0
0
0
0
4
11
0
0
0
0
0
0
0
0
0
0
9
0
0
0
0
3
0
0
0
0
3
6
0
0
0
0
5
0
0
0
0
1
9
0
0
0
0
2
0
0
0
0
4
11
0
0
0
0
6
0
0
0
0
2
12
0
0
0
4
10
0
0
0
0
0
9
0
0
0
0
7
0
0
0
0
0
12
0
0
0
0
13
0
0
0
0
0
9
0
0
0
0
4
0
0
0
0
4
8
0
0
0
0
7
0
0
0
0
3
14
0
0
0
0
2
0
0
0
0
0
11
0
0
0
0
3
0
0
0
0
1
11
0
0
0
0
4
0
0
0
0
0
11
0
0
0
0
5
0
0
0
0
0
10
0
0
0
0
5
0
0
0
0
0
8
0
0
0
0
4
0
0
0
0
0
13
0
0
0
0
1
0
0
0
0
0
13
0
0
0
0
7
0
0
0
0
0
13
0
0
0
0
7
0
0
0
0
0
14
0
0
0
0
6
0
0
0
0
1
17
0
0
0
0
2
0
0
0
0
0
13
0
0
0
0
6
0
0
0
0
0
11
0
0
0
0
6
0
0
0
0
4
15
0
0
0
0
7
0
0
0
0
0
13
0
0
0
0
8
0
0
0
0
0
7
0
0
0
0
3
0
0
0
0
0
9
0
0
0
0
5
0
0
0
0
4
10
0
0
0
0
0
0
0
0
0
7
15
0
0
0
0
5
0
0
0
0
0
12
0
0
0
0
2
0
0
0
0
0
14
0
0
0
0
8
0
0
0
0
7
11
0
0
0
0
5
0
0
0
0
3
14
0
0
0
0
6
0
0
0
0
0
11
0
0
0
0
4
0
0
0
0
0
12
0
0
0
0
3
0
0
0
0
2
13
0
0
0
0
9
0
0
0
0
0
8
0
0
0
0
6
0
0
0
0
3
13
0
0
0
1
3
0
0
0
0
1
10
0
0
0
0
3
0
0
0
0
0
12
0
0
0
0
6
0
0
0
0
0
12
0
0
0
0
5
0
0
0
0
5
11
0
0
0
0
6
0
0
0
0
4
13
0
0
0
0
12
0
0
0
0
4
13
0
0
0
0
4
0
0
0
0
1
9
0
0
0
0
6
0
0
0
0
1
5
0
0
0
0
4
0
0
0
0
0
7
0
0
0
0
1
0
0
0
0
0
9
0
0
0
0
3
0
0
0
0
0
5
0
0
0
0
7
0
0
0
0
9
13
0
0
0
0
0
0
0
0
0
0
9
0
0
0
0
2
0
0
0
0
1
10
0
0
0
0
0
0
0
0
0
3
7
0
0
0
0
5
0
0
0
0
0
11
0
0
0
1
3
0
0
0
0
1
13
0
0
0
0
10
0
0
0
0
2
11
0
0
0
0
3
0
0
0
0
0
13
0
0
0
0
3
0
0
0
0
0
10
0
0
0
0
5
0
0
0
0
2
11
0
0
0
0
3
0
0
0
0
0
12
0
0
0
0
3
0
0
0
0
0
10
0
0
0
0
8
0
0
0
0
0
17
0
0
0
0
2
0
0
0
0
3
12
0
0
0
0
7
0
0
0
0
0
12
0
0
0
0
8
0
0
0
0
3
16
0
0
0
0
6
0
0
0
0
2
6
0
0
0
0
11
0
0
0
0
0
8
0
0
0
0
6
0
0
0
0
0
7
0
0
0
0
12
0
0
0
0
1
12
0
0
0
0
3
0
0
0
0
3
14
0
0
0
0
11
0
0
0
0
1
8
0
0
0
0
4
0
0
0
0
3
9
0
0
0
0
8
0
0
0
0
4
10
0
0
0
0
5
0
0
0
0
1
9
0
0
0
0
1
0
0
0
0
5
16
0
0
0
0
8
0
0
0
0
2
13
0
0
0
0
9
0
0
0
0
5
14
0
0
0
0
2
0
0
0
0
1
11
0
0
0
0
7
0
0
0
0
0
9
0
0
0
0
3
0
0
0
0
0
14
0
0
0
0
6
0
0
0
0
2
9
0
0
0
0
5
0
0
0
0
3
14
0
0
0
0
10
0
0
0
0
0
10
0
0
0
0
7
0
0
0
0
12
12
0
0
0
0
2
0
0
0
0
2
10
0
0
0
0
12
0
0
0
0
0
7
0
0
0
0
0
0
0
0
0
3
13
0
0
0
0
4
0
0
0
0
0
6
0
0
0
0
2
0
0
0
0
0
9
0
0
0
0
3
0
0
0
0
0
8
0
0
0
0
9
0
0
0
0
0
9
0
0
0
0
8
0
0
0
0
0
9
0
0
0
0
9
0
0
0
0
6
13
0
0
0
2
3
0
0
0
0
1
13
0
0
0
0
7
0
0
0
0
4
16
0
0
0
0
1
0
0
0
0
1
12
0
0
0
0
12
0
0
0
0
0
16
0
0
0
0
4
0
0
0
0
4
4
0
0
0
0
9
0
0
0
0
0
7
0
0
0
0
4
0
0
0
0
0
7
0
0
0
0
2
0
0
0
0
0
10
0
0
0
0
8
0
0
0
0
2
12
0
0
0
0
7
0
0
0
0
2
10
0
0
0
0
5
0
0
0
0
0
14
0
0
0
0
3
0
0
0
0
11
12
0
0
0
0
7
0
0
0
0
2
12
0
0
0
0
7
0
0
0
0
1
17
0
0
0
0
6
0
0
0
0
0
7
0
0
0
0
4
0
0
0
0
0
7
0
0
0
0
6
0
0
0
0
0
9
0
0
0
0
4
0
0
0
0
4
11
0
0
0
0
0
0
0
0
0
2
12
0
0
0
0
9
0
0
0
0
5
14
0
0
0
0
1
0
0
0
0
0
8
0
0
0
0
4
0
0
0
0
2
14
0
0
0
0
10
0
0
0
0
0
5
0
0
0
0
4
0
0
0
0
7
18
0
0
0
1
11
0
0
0
0
0
11
0
0
0
0
3
0
0
0
0
0
5
0
0
0
0
8
0
0
0
0
1
12
0
0
0
0
0
0
0
0
0
0
11
0
0
0
0
8
0
0
0
0
0
13
0
0
0
0
2
0
0
0
0
0
12
0
0
0
0
1
0
0
0
0
0
13
0
0
0
0
7
0
0
0
0
0
10
0
0
0
0
3
0
0
0
0
0
6
0
0
0
0
6
0
0
0
0
0
13
0
0
0
0
1
0
0
0
0
2
7
0
0
0
0
3
0
0
0
0
0
8
0
0
0
0
0
0
0
0
0
2
10
0
0
0
0
6
0
0
0
0
0
10
0
0
0
0
0
0
0
0
0
1
4
0
0
0
0
5
0
0
0
0
1
8
0
0
0
0
6
0
0
0
0
8
10
0
0
0
0
7
0
0
0
0
0
10
0
0
0
0
4
0
0
0
0
0
7
0
0
0
0
1
0
0
0
0
3
14
0
0
0
0
6
0
0
0
0
0
14
0
0
0
0
5
0
0
0
0
2
4
0
0
0
0
4
0
0
0
0
1
14
0
0
0
1
7
0
0
0
0
0
8
0
0
0
0
5
0
0
0
0
0
5
0
0
0
0
3
0
0
0
0
2
12
0
0
0
0
2
0
0
0
0
0
11
0
0
0
0
7
0
0
0
0
2
11
0
0
0
0
5
0
0
0
0
0
8
0
0
0
0
2
0
0
0
0
3
8
0
0
0
0
4
0
0
0
0
0
11
0
0
0
0
0
0
0
0
0
2
10
0
0
0
0
6
0
0
0
0
0
3
0
0
0
0
4
0
0
0
0
2
10
0
0
0
0
6
0
0
0
0
0
13
0
0
0
0
7
0
0
0
0
0
10
0
0
0
0
10
0
0
0
0
0
9
0
0
0
0
9
0
0
0
0
0
8
0
0
0
0
4
0
0
0
0
3
14
0
0
0
0
8
0
0
0
0
5
10
0
0
0
0
4
0
0
0
0
11
10
0
0
0
0
1
0
0
0
0
0
11
0
0
0
0
7
0
0
0
0
0
5
0
0
0
0
4
0
0
0
0
5
15
0
0
0
0
0
0
0
0
0
7
15
0
0
0
0
7
0
0
0
0
0
11
0
0
0
0
3
0
0
0
0
2
12
0
0
0
0
5
0
0
0
0
0
10
0
0
0
0
7
0
0
0
0
1
13
0
0
0
0
7
0
0
0
0
1
8
0
0
0
0
4
0
0
0
0
0
10
0
0
0
0
4
0
0
0
0
0
5
0
0
0
3
8
0
0
0
0
0
8
0
0
0
0
5
0
0
0
0
0
8
0
0
0
0
4
0
0
0
0
2
10
0
0
0
0
3
0
0
0
0
0
8
0
0
0
0
2
0
0
0
0
1
13
0
0
0
0
5
0
0
0
0
0
10
0
0
0
0
4
0
0
0
0
0
13
0
0
0
0
7
0
0
0
0
0
13
0
0
0
0
5
0
0
0
0
0
9
0
0
0
0
4
0
0
0
0
0
5
0
0
0
0
7
0
0
0
0
0
11
0
0
0
0
7
0
0
0
0
0
12
0
0
0
0
7
0
0
0
0
0
10
0
0
0
0
4
0
0
0
0
0
8
0
0
0
0
7
0
0
0
0
2
11
0
0
0
0
2
0
0
0
0
2
9
0
0
0
0
10
0
0
0
0
6
10
0
0
0
0
3
0
0
0
0
2
9
0
0
0
0
3
0
0
0
0
0
13
0
0
0
0
6
0
0
0
0
0
13
0
0
0
0
6
0
0
0
0
0
6
0
0
0
0
4
0
0
0
0
0
9
0
0
0
0
4
0
0
0
0
0
12
0
0
0
0
6
0
0
0
0
0
13
0
0
0
0
7
0
0
0
0
3
18
0
0
0
0
6
0
0
0
0
1
16
0
0
0
0
2
0
0
0
0
1
9
0
0
0
0
5
0
0
0
0
6
9
0
0
0
0
4
0
0
0
0
0
10
0
0
0
0
3
0
0
0
0
1
7
0
0
0
0
4
0
0
0
0
0
2
0
0
0
0
5
0
0
0
0
0
11
0
0
0
0
7
0
0
0
0
0
6
0
0
0
0
1
0
0
0
0
0
11
0
0
0
0
7
0
0
0
0
6
8
0
0
0
0
4
0
0
0
0
2
11
0
0
0
0
0
0
0
0
0
3
10
0
0
0
0
0
0
0
0
0
0
9
0
0
0
0
2
0
0
0
0
0
6
0
0
0
0
0
0
0
0
0
1
6
0
0
0
0
3
0
0
0
0
2
5
0
0
0
0
4
0
0
0
0
0
12
0
0
0
0
6
0
0
0
0
0
13
0
0
0
0
3
0
0
0
0
0
12
0
0
0
0
5
0
0
0
0
2
9
0
0
0
0
0
0
0
0
0
0
10
0
0
0
0
5
0
0
0
0
0
7
0
0
0
0
4
0
0
0
0
0
10
0
0
0
0
10
0
0
0
0
0
8
0
0
0
0
7
0
0
0
0
0
11
0
0
0
0
6
0
0
0
0
0
4
0
0
0
0
10
0
0
0
0
0
9
0
0
0
0
11
0
0
0
0
0
11
0
0
0
0
11
0
0
0
0
3
10
0
0
0
0
10
0
0
0
0
0
6
0
0
0
0
6
0
0
0
0
0
7
0
0
0
0
8
0
0
0
0
0
11
0
0
0
0
8
0
0
0
0
1
8
0
0
0
0
6
0
0
0
0
3
10
0
0
0
0
4
0
0
0
0
0
7
0
0
0
0
6
0
0
0
0
3
5
0
0
0
0
0
0
0
0
0
0
8
0
0
0
0
7
0
0
0
0
1
11
0
0
0
0
0
0
0
0
0
4
9
0
0
0
0
7
0
0
0
0
9
13
0
0
0
0
5
0
0
0
0
0
9
0
0
0
0
5
0
0
0
0
2
8
0
0
0
0
4
0
0
0
0
2
15
0
0
0
0
6
0
0
0
0
0
10
0
0
0
0
6
0
0
0
0
0
12
0
0
0
0
5
0
0
0
0
0
12
0
0
0
0
9
0
0
0
0
6
11
0
0
0
0
2
0
0
0
0
0
14
0
0
0
0
10
0
0
0
0
4
15
0
0
0
0
2
0
0
0
0
0
11
0
0
0
0
7
0
0
0
0
0
8
0
0
0
0
1
0
0
0
0
1
13
0
0
0
0
4
0
0
0
0
0
7
0
0
0
0
7
0
0
0
0
1
10
0
0
0
0
6
0
0
0
0
3
5
0
0
0
0
3
0
0
0
0
3
15
0
0
0
0
10
0
0
0
0
4
11
0
0
0
0
10
0
0
0
0
1
10
0
0
0
0
4
0
0
0
0
0
9
0
0
0
0
4
0
0
0
0
1
7
0
0
0
0
0
0
0
0
0
0
12
0
0
0
0
2
0
0
0
0
3
13
0
0
0
0
3
0
0
0
0
0
5
0
0
0
0
0
0
0
0
0
0
10
0
0
0
0
12
0
0
0
0
3
10
0
0
0
0
1
0
0
0
0
0
7
0
0
0
0
1
0
0
0
0
1
11
0
0
0
0
3
0
0
0
0
1
10
0
0
0
0
9
0
0
0
0
3
8
0
0
0
0
8
0
0
0
0
0
7
0
0
0
0
14
0
0
0
0
1
11
0
0
0
0
4
0
0
0
0
0
5
0
0
0
0
8
0
0
0
0
1
15
0
0
0
4
6
0
0
0
0
0
10
0
0
0
0
8
0
0
0
0
4
12
0
0
0
0
8
0
0
0
0
5
12
0
0
0
0
3
0
0
0
0
1
13
0
0
0
0
6
0
0
0
0
4
8
0
0
0
0
5
0
0
0
0
0
7
0
0
0
0
11
0
0
0
0
2
11
0
0
0
0
9
0
0
0
0
0
12
0
0
0
0
5
0
0
0
0
4
14
0
0
0
0
11
0
0
0
0
0
10
0
0
0
0
5
0
0
0
0
2
11
0
0
0
0
4
0
0
0
0
0
10
0
0
0
0
10
0
0
0
0
0
9
0
0
0
0
5
0
0
0
0
1
10
0
0
0
1
8
0
0
0
0
0
10
0
0
0
0
6
0
0
0
0
0
8
0
0
0
0
9
0
0
0
0
0
13
0
0
0
0
0
0
0
0
0
1
14
0
0
0
0
1
0
0
0
0
0
16
0
0
0
0
1
0
0
0
0
1
14
0
0
0
0
3
0
0
0
0
2
13
0
0
0
0
3
0
0
0
0
1
12
0
0
0
0
5
0
0
0
0
0
9
0
0
0
0
2
0
0
0
0
0
5
0
0
0
4
5
0
0
0
0
0
9
0
0
0
0
5
0
0
0
0
0
16
0
0
0
0
5
0
0
0
0
0
5
0
0
0
0
6
0
0
0
0
0
11
0
0
0
0
6
0
0
0
0
0
9
0
0
0
0
7
0
0
0
0
4
17
0
0
0
0
6
0
0
0
0
0
13
0
0
0
0
6
0
0
0
0
10
10
0
0
0
0
4
0
0
0
0
0
17
0
0
0
0
10
0
0
0
0
8
11
0
0
0
0
9
0
0
0
0
6
12
0
0
0
0
11
0
0
0
0
1
13
0
0
0
0
9
0
0
0
0
1
10
0
0
0
0
12
0
0
0
0
0
10
0
0
0
0
5
0
0
0
0
0
10
0
0
0
0
7
0
0
0
0
5
15
0
0
0
0
4
0
0
0
0
0
12
0
0
0
0
0
0
0
0
0
5
17
0
0
0
0
9
0
0
0
0
3
12
0
0
0
0
0
0
0
0
0
3
5
0
0
0
0
5
0
0
0
0
0
8
0
0
0
0
6
0
0
0
0
0
10
0
0
0
0
2
0
0
0
0
1
11
0
0
0
0
0
0
0
0
0
2
10
0
0
0
0
5
0
0
0
0
4
16
0
0
0
0
6
0
0
0
0
5
12
0
0
0
0
8
0
0
0
0
0
4
0
0
0
0
11
0
0
0
0
0
8
0
0
0
0
3
0
0
0
0
0
8
0
0
0
0
11
0
0
0
0
0
10
0
0
0
0
6
0
0
0
0
0
12
0
0
0
0
6
0
0
0
0
0
9
0
0
0
0
2
0
0
0
0
3
15
0
0
0
0
10
0
0
0
0
2
10
0
0
0
0
0
0
0
0
0
1
10
0
0
0
0
0
0
0
0
0
0
12
0
0
0
0
0
0
0
0
0
0
13
0
0
0
0
8
0
0
0
0
0
14
0
0
0
0
1
0
0
0
0
2
9
0
0
0
0
4
0
0
0
0
3
7
0
0
0
0
3
0
0
0
0
1
12
0
0
0
0
11
0
0
0
0
0
10
0
0
0
0
11
0
0
0
0
4
12
0
0
0
0
8
0
0
0
0
3
10
0
0
0
0
10
0
0
0
0
0
13
0
0
0
0
3
0
0
0
0
1
14
0
0
0
0
10
0
0
0
0
3
15
0
0
0
0
4
0
0
0
0
2
13
0
0
0
0
0
0
0
0
0
8
14
0
0
0
0
4
0
0
0
0
2
12
0
0
0
0
5
0
0
0
0
1
10
0
0
0
0
4
0
0
0
0
9
8
0
0
0
0
6
0
0
0
0
0
9
0
0
0
0
4
0
0
0
0
1
7
0
0
0
0
7
0
0
0
0
0
8
0
0
0
0
13
0
0
0
0
0
11
0
0
0
0
0
0
0
0
0
0
10
0
0
0
0
3
0
0
0
0
4
11
0
0
0
0
0
0
0
0
0
0
7
0
0
0
0
7
0
0
0
0
1
12
0
0
0
1
1
0
0
0
0
5
10
0
0
0
0
8
0
0
0
0
2
9
0
0
0
0
6
0
0
0
0
0
9
0
0
0
0
8
0
0
0
0
0
10
0
0
0
0
2
0
0
0
0
0
14
0
0
0
0
5
0
0
0
0
0
8
0
0
0
0
5
0
0
0
0
5
11
0
0
0
0
4
0
0
0
0
0
6
0
0
0
0
5
0
0
0
0
0
14
0
0
0
0
1
0
0
0
0
0
5
0
0
0
0
8
0
0
0
0
0
9
0
0
0
0
0
0
0
0
0
2
9
0
0
0
0
7
0
0
0
0
4
15
0
0
0
0
6
0
0
0
0
0
7
0
0
0
0
5
0
0
0
0
6
12
0
0
0
0
8
0
0
0
0
0
12
0
0
0
0
1
0
0
0
0
0
10
0
0
0
0
1
0
0
0
0
1
9
0
0
0
0
5
0
0
0
0
1
7
0
0
0
0
6
0
0
0
0
0
14
0
0
0
0
7
0
0
0
0
0
13
0
0
0
0
9
0
0
0
0
6
13
0
0
0
2
7
0
0
0
0
1
14
0
0
0
0
4
0
0
0
0
0
7
0
0
0
0
4
0
0
0
0
0
5
0
0
0
0
7
0
0
0
0
0
16
0
0
0
0
4
0
0
0
0
0
2
0
0
0
0
3
0
0
0
0
0
5
0
0
0
0
0
0
0
0
0
5
16
0
0
0
0
13
0
0
0
0
0
11
0
0
0
0
0
0
0
0
0
0
8
0
0
0
0
6
0
0
0
0
0
9
0
0
0
0
5
0
0
0
0
0
20
0
0
0
0
11
0
0
0
0
0
12
0
0
0
0
1
0
0
0
0
0
13
0
0
0
0
6
0
0
0
0
0
11
0
0
0
0
6
0
0
0
0
0
15
0
0
0
0
3
0
0
0
0
0
4
0
0
0
0
3
0
0
0
0
3
13
0
0
0
0
1
0
0
0
0
0
7
0
0
0
0
8
0
0
0
0
6
16
0
0
0
1
12
0
0
0
0
1
9
0
0
0
0
5
0
0
0
0
4
10
0
0
0
0
7
0
0
0
0
5
6
0
0
0
0
8
0
0
0
0
0
5
0
0
0
0
3
0
0
0
0
7
11
0
0
0
0
14
0
0
0
0
3
10
0
0
0
0
5
0
0
0
0
6
10
0
0
0
0
1
0
0
0
0
3
17
0
0
0
0
6
0
0
0
0
4
5
0
0
0
1
11
0
0
0
0
4
12
0
0
0
0
3
0
0
0
0
3
11
0
0
0
0
7
0
0
0
0
0
10
0
0
0
0
0
0
0
0
0
2
8
0
0
0
0
10
0
0
0
0
4
4
0
0
0
0
0
0
0
0
0
0
13
0
0
0
0
7
0
0
0
0
2
9
0
0
0
0
3
0
0
0
0
1
17
0
0
0
0
12
0
0
0
0
0
11
0
0
0
0
8
0
0
0
0
0
12
0
0
0
2
12
0
0
0
0
0
4
0
0
0
0
2
0
0
0
0
2
13
0
0
0
0
2
0
0
0
0
1
16
0
0
0
0
6
0
0
0
0
1
12
0
0
0
1
1
0
0
0
0
1
9
0
0
0
0
3
0
0
0
0
3
11
0
0
0
0
1
0
0
0
0
0
9
0
0
0
0
1
0
0
0
0
0
8
0
0
0
0
5
0
0
0
0
1
10
0
0
0
0
0
0
0
0
0
4
4
0
0
0
0
9
0
0
0
0
0
11
0
0
0
0
8
0
0
0
0
3
8
0
0
0
0
11
0
0
0
0
1
6
0
0
0
0
8
0
0
0
0
0
8
0
0
0
0
3
0
0
0
0
0
4
0
0
0
0
7
0
0
0
0
0
6
0
0
0
0
4
0
0
0
0
1
13
0
0
0
0
0
0
0
0
0
0
9
0
0
0
0
10
0
0
0
0
0
20
0
0
0
0
3
0
0
0
0
0
8
0
0
0
0
4
0
0
0
0
0
9
0
0
0
0
5
0
0
0
0
5
17
0
0
0
0
12
0
0
0
0
7
7
0
0
0
0
2
0
0
0
0
2
9
0
0
0
0
7
0
0
0
0
0
8
0
0
0
0
1
0
0
0
0
0
14
0
0
0
1
7
0
0
0
0
0
9
0
0
0
0
0
0
0
0
0
5
10
0
0
0
0
9
0
0
0
0
2
8
0
0
0
0
2
0
0
0
0
0
16
0
0
0
0
11
0
0
0
0
0
8
0
0
0
0
2
0
0
0
0
2
11
0
0
0
0
6
0
0
0
0
0
11
0
0
0
1
3
0
0
0
0
0
9
0
0
0
0
8
0
0
0
0
0
4
0
0
0
0
5
0
0
0
0
2
10
0
0
0
0
2
0
0
0
0
0
5
0
0
0
0
5
0
0
0
0
0
13
0
0
0
0
2
0
0
0
0
4
12
0
0
0
0
2
0
0
0
0
0
13
0
0
0
0
7
0
0
0
0
2
12
0
0
0
0
7
0
0
0
0
2
7
0
0
0
0
6
0
0
0
0
0
9
0
0
0
0
4
0
0
0
0
0
9
0
0
0
0
0
0
0
0
0
1
16
0
0
0
0
4
0
0
0
0
2
17
0
0
0
0
2
0
0
0
0
0
10
0
0
0
1
9
0
0
0
0
3
16
0
0
0
0
8
0
0
0
0
3
14
0
0
0
0
8
0
0
0
0
2
10
0
0
0
0
6
0
0
0
0
0
9
0
0
0
0
6
0
0
0
0
0
9
0
0
0
0
4
0
0
0
0
0
13
0
0
0
0
11
0
0
0
0
0
6
0
0
0
0
9
0
0
0
0
5
20
0
0
0
0
6
0
0
0
0
2
8
0
0
0
0
1
0
0
0
0
2
13
0
0
0
0
8
0
0
0
0
0
9
0
0
0
0
6
0
0
0
0
12
8
0
0
0
0
3
0
0
0
0
8
10
0
0
0
0
7
0
0
0
0
1
6
0
0
0
0
1
0
0
0
0
0
17
0
0
0
0
8
0
0
0
0
0
11
0
0
0
0
9
0
0
0
0
2
4
0
0
0
0
10
0
0
0
0
1
10
0
0
0
0
11
0
0
0
0
0
10
0
0
0
0
3
0
0
0
0
0
12
0
0
0
0
11
0
0
0
0
0
12
0
0
0
0
9
0
0
0
0
0
4
0
0
0
0
4
0
0
0
0
0
13
0
0
0
0
5
0
0
0
0
0
9
0
0
0
0
12
0
0
0
0
0
13
0
0
0
0
14
0
0
0
0
0
12
0
0
0
0
9
0
0
0
0
0
13
0
0
0
0
2
0
0
0
0
0
5
0
0
0
0
7
0
0
0
0
4
9
0
0
0
0
2
0
0
0
0
0
12
0
0
0
0
2
0
0
0
0
6
10
0
0
0
0
2
0
0
0
0
2
11
0
0
0
0
8
0
0
0
0
0
5
0
0
0
0
3
0
0
0
0
0
17
0
0
0
0
11
0
0
0
0
0
5
0
0
0
0
4
0
0
0
0
4
17
0
0
0
0
8
0
0
0
0
0
7
0
0
0
0
9
0
0
0
0
0
9
0
0
0
0
2
0
0
0
0
0
10
0
0
0
0
10
0
0
0
0
0
12
0
0
0
0
2
0
0
0
0
0
13
0
0
0
0
12
0
0
0
0
1
11
0
0
0
0
8
0
0
0
0
0
9
0
0
0
0
14
0
0
0
0
2
7
0
0
0
0
0
0
0
0
0
0
12
0
0
0
0
5
0
0
0
0
0
6
0
0
0
0
2
0
0
0
0
3
13
0
0
0
0
7
0
0
0
0
0
14
0
0
0
0
2
0
0
0
0
0
9
0
0
0
0
6
0
0
0
0
0
13
0
0
0
0
0
0
0
0
0
0
10
0
0
0
0
8
0
0
0
0
1
17
0
0
0
0
9
0
0
0
0
1
14
0
0
0
0
9
0
0
0
0
0
7
0
0
0
0
13
0
0
0
0
1
16
0
0
0
0
6
0
0
0
0
0
10
0
0
0
0
7
0
0
0
0
0
10
0
0
0
5
4
0
0
0
0
2
13
0
0
0
0
8
0
0
0
0
0
5
0
0
0
0
6
0
0
0
0
5
9
0
0
0
0
6
0
0
0
0
0
11
0
0
0
0
3
0
0
0
0
1
12
0
0
0
0
1
0
0
0
0
0
8
0
0
0
0
5
0
0
0
0
6
8
0
0
0
0
6
0
0
0
0
5
13
0
0
0
0
7
0
0
0
0
4
11
0
0
0
0
7
0
0
0
0
0
11
0
0
0
0
4
0
0
0
0
1
6
0
0
0
0
7
0
0
0
0
0
9
0
0
0
0
2
0
0
0
0
0
16
0
0
0
0
11
0
0
0
0
3
5
0
0
0
0
7
0
0
0
0
1
14
0
0
0
0
6
0
0
0
0
1
9
0
0
0
0
9
0
0
0
0
0
7
0
0
0
0
8
0
0
0
0
0
9
0
0
0
0
7
0
0
0
0
0
10
0
0
0
0
8
0
0
0
0
0
8
0
0
0
0
6
0
0
0
0
1
14
0
0
0
0
6
0
0
0
0
0
17
0
0
0
0
10
0
0
0
0
0
14
0
0
0
0
2
0
0
0
0
0
13
0
0
0
0
5
0
0
0
0
4
8
0
0
0
0
0
0
0
0
0
2
12
0
0
0
0
5
0
0
0
0
2
7
0
0
0
0
4
0
0
0
0
0
17
0
0
0
0
5
0
0
0
0
4
10
0
0
0
0
7
0
0
0
0
5
7
0
0
0
0
4
0
0
0
0
0
8
0
0
0
0
0
0
0
0
0
2
13
0
0
0
0
3
0
0
0
0
1
11
0
0
0
0
8
0
0
0
0
3
7
0
0
0
0
8
0
0
0
0
0
7
0
0
0
0
11
0
0
0
0
0
9
0
0
0
0
5
0
0
0
0
1
5
0
0
0
0
4
0
0
0
0
0
6
0
0
0
0
7
0
0
0
0
2
20
0
0
0
3
1
0
0
0
0
0
11
0
0
0
0
7
0
0
0
0
1
14
0
0
0
0
6
0
0
0
0
3
7
0
0
0
0
9
0
0
0
0
0
12
0
0
0
0
3
0
0
0
0
3
8
0
0
0
1
9
0
0
0
0
0
9
0
0
0
0
4
0
0
0
0
0
13
0
0
0
0
3
0
0
0
0
0
11
0
0
0
0
3
0
0
0
0
0
15
0
0
0
0
5
0
0
0
0
0
13
0
0
0
0
2
0
0
0
0
0
9
0
0
0
4
9
0
0
0
0
0
9
0
0
0
0
8
0
0
0
0
4
16
0
0
0
2
7
0
0
0
0
0
12
0
0
0
0
2
0
0
0
0
5
12
0
0
0
0
1
0
0
0
0
0
14
0
0
0
0
9
0
0
0
0
0
11
0
0
0
0
2
0
0
0
0
0
12
0
0
0
0
2
0
0
0
0
9
10
0
0
0
0
1
0
0
0
0
3
12
0
0
0
0
4
0
0
0
0
0
8
0
0
0
0
4
0
0
0
0
2
4
0
0
0
2
7
0
0
0
0
0
11
0
0
0
0
1
0
0
0
0
3
17
0
0
0
0
4
0
0
0
0
0
9
0
0
0
0
4
0
0
0
0
0
8
0
0
0
0
5
0
0
0
0
0
15
0
0
0
0
7
0
0
0
0
0
5
0
0
0
0
5
0
0
0
0
9
9
0
0
0
0
3
0
0
0
0
5
9
0
0
0
0
3
0
0
0
0
0
9
0
0
0
0
6
0
0
0
0
0
11
0
0
0
0
9
0
0
0
0
3
8
0
0
0
0
4
0
0
0
0
1
8
0
0
0
0
4
0
0
0
0
2
10
0
0
0
0
8
0
0
0
0
0
7
0
0
0
0
4
0
0
0
0
0
15
0
0
0
0
9
0
0
0
0
0
12
0
0
0
0
5
0
0
0
0
1
16
0
0
0
0
0
0
0
0
0
0
10
0
0
0
0
0
0
0
0
0
2
10
0
0
0
0
2
0
0
0
0
0
6
0
0
0
0
5
0
0
0
0
5
11
0
0
0
0
8
0
0
0
0
1
13
0
0
0
0
6
0
0
0
0
0
9
0
0
0
1
5
0
0
0
0
0
11
0
0
0
0
7
0
0
0
0
0
14
0
0
0
0
8
0
0
0
0
0
12
0
0
0
0
11
0
0
0
0
0
13
0
0
0
0
6
0
0
0
0
1
11
0
0
0
0
2
0
0
0
0
0
6
0
0
0
0
9
0
0
0
0
0
13
0
0
0
4
8
0
0
0
0
0
15
0
0
0
0
5
0
0
0
0
0
13
0
0
0
0
4
0
0
0
0
0
14
0
0
0
0
5
0
0
0
0
0
9
0
0
0
0
5
0
0
0
0
0
8
0
0
0
0
7
0
0
0
0
6
13
0
0
0
0
2
0
0
0
0
0
8
0
0
0
0
13
0
0
0
0
8
8
0
0
0
0
1
0
0
0
0
3
9
0
0
0
0
4
0
0
0
0
2
14
0
0
0
0
5
0
0
0
0
3
13
0
0
0
0
3
0
0
0
0
0
5
0
0
0
0
4
0
0
0
0
3
12
0
0
0
0
3
0
0
0
0
0
9
0
0
0
0
3
0
0
0
0
3
14
0
0
0
0
8
0
0
0
0
0
14
0
0
0
0
8
0
0
0
0
1
8
0
0
0
0
13
0
0
0
0
0
10
0
0
0
0
9
0
0
0
0
1
9
0
0
0
0
2
0
0
0
0
0
5
0
0
0
0
4
0
0
0
0
0
17
0
0
0
0
5
0
0
0
0
0
11
0
0
0
0
8
0
0
0
0
2
12
0
0
0
0
5
0
0
0
0
0
15
0
0
0
0
5
0
0
0
0
9
9
0
0
0
0
12
0
0
0
0
3
6
0
0
0
0
9
0
0
0
0
6
14
0
0
0
4
3
0
0
0
0
5
16
0
0
0
0
8
0
0
0
0
0
7
0
0
0
0
5
0
0
0
0
0
9
0
0
0
0
3
0
0
0
0
0
12
0
0
0
2
7
0
0
0
0
0
11
0
0
0
0
13
0
0
0
0
0
13
0
0
0
0
7
0
0
0
0
0
18
0
0
0
2
4
0
0
0
0
0
15
0
0
0
5
7
0
0
0
0
1
10
0
0
0
0
6
0
0
0
0
0
10
0
0
0
0
7
0
0
0
0
5
13
0
0
0
0
5
0
0
0
0
5
15
0
0
0
0
8
0
0
0
0
4
11
0
0
0
0
10
0
0
0
0
5
14
0
0
0
0
3
0
0
0
0
0
13
0
0
0
0
1
0
0
0
0
6
15
0
0
0
0
4
0
0
0
0
0
9
0
0
0
0
8
0
0
0
0
0
9
0
0
0
0
3
0
0
0
0
1
9
0
0
0
0
12
0
0
0
0
4
9
0
0
0
0
5
0
0
0
0
0
6
0
0
0
0
13
0
0
0
0
0
10
0
0
0
0
5
0
0
0
0
0
9
0
0
0
4
9
0
0
0
0
2
12
0
0
0
0
5
0
0
0
0
5
12
0
0
0
0
5
0
0
0
0
4
15
0
0
0
0
3
0
0
0
0
0
15
0
0
0
0
8
0
0
0
0
0
10
0
0
0
0
5
0
0
0
0
4
15
0
0
0
0
9
0
0
0
0
6
9
0
0
0
0
7
0
0
0
0
8
14
0
0
0
0
5
0
0
0
0
0
9
0
0
0
0
5
0
0
0
0
0
9
0
0
0
0
4
0
0
0
0
4
9
0
0
0
0
8
0
0
0
0
7
14
0
0
0
0
3
0
0
0
0
0
8
0
0
0
0
10
0
0
0
0
3
11
0
0
0
0
6
0
0
0
0
0
8
0
0
0
0
7
0
0
0
0
1
10
0
0
0
0
1
0
0
0
0
2
10
0
0
0
0
3
0
0
0
0
0
10
0
0
0
0
2
0
0
0
0
2
14
0
0
0
0
6
0
0
0
0
0
11
0
0
0
0
3
0
0
0
0
2
18
0
0
0
0
11
0
0
0
0
0
9
0
0
0
0
5
0
0
0
0
0
16
0
0
0
0
7
0
0
0
0
0
15
0
0
0
0
2
0
0
0
0
5
10
0
0
0
0
0
0
0
0
0
1
12
0
0
0
0
6
0
0
0
0
6
18
0
0
0
0
2
0
0
0
0
1
14
0
0
0
0
6
0
0
0
0
0
14
0
0
0
2
0
0
0
0
0
0
9
0
0
0
0
7
0
0
0
0
0
10
0
0
0
0
3
0
0
0
0
0
9
0
0
0
0
7
0
0
0
0
2
7
0
0
0
0
0
0
0
0
0
0
11
0
0
0
0
7
0
0
0
0
0
16
0
0
0
1
7
0
0
0
0
0
13
0
0
0
0
4
0
0
0
0
5
8
0
0
0
0
6
0
0
0
0
0
11
0
0
0
1
4
0
0
0
0
5
8
0
0
0
0
5
0
0
0
0
8
13
0
0
0
0
2
0
0
0
0
3
15
0
0
0
0
3
0
0
0
0
0
12
0
0
0
0
6
0
0
0
0
0
5
0
0
0
0
9
0
0
0
0
0
7
0
0
0
0
5
0
0
0
0
0
8
0
0
0
0
7
0
0
0
0
0
6
0
0
0
0
7
0
0
0
0
2
7
0
0
0
0
8
0
0
0
0
0
3
0
0
0
0
4
0
0
0
0
1
13
0
0
0
0
2
0
0
0
0
0
7
0
0
0
0
3
0
0
0
0
4
17
0
0
0
0
5
0
0
0
0
0
9
0
0
0
0
5
0
0
0
0
3
10
0
0
0
0
3
0
0
0
0
0
9
0
0
0
1
6
0
0
0
0
8
16
0
0
0
0
2
0
0
0
0
2
12
0
0
0
0
10
0
0
0
0
2
16
0
0
0
0
1
0
0
0
0
0
8
0
0
0
0
5
0
0
0
0
0
8
0
0
0
0
5
0
0
0
0
0
13
0
0
0
0
5
0
0
0
0
0
6
0
0
0
0
6
0
0
0
0
0
14
0
0
0
0
4
0
0
0
0
2
7
0
0
0
0
3
0
0
0
0
3
8
0
0
0
0
6
0
0
0
0
0
9
0
0
0
0
1
0
0
0
0
0
11
0
0
0
0
0
0
0
0
0
0
14
0
0
0
0
6
0
0
0
0
0
12
0
0
0
0
0
0
0
0
0
5
13
0
0
0
0
13
0
0
0
0
0
9
0
0
0
0
4
0
0
0
0
0
6
0
0
0
0
6
0
0
0
0
0
9
0
0
0
0
6
0
0
0
0
3
9
0
0
0
0
10
0
0
0
0
0
9
0
0
0
0
6
0
0
0
0
0
12
0
0
0
0
6
0
0
0
0
0
10
0
0
0
0
5
0
0
0
0
0
14
0
0
0
0
5
0
0
0
0
0
14
0
0
0
0
0
0
0
0
0
3
11
0
0
0
0
1
0
0
0
0
0
1
0
0
0
0
5
0
0
0
0
6
12
0
0
0
0
7
0
0
0
0
0
9
0
0
0
0
5
0
0
0
0
0
14
0
0
0
0
1
0
0
0
0
4
12
0
0
0
0
4
0
0
0
0
0
9
0
0
0
0
4
0
0
0
0
0
7
0
0
0
0
3
0
0
0
0
2
10
0
0
0
0
3
0
0
0
0
0
14
0
0
0
0
6
0
0
0
0
5
14
0
0
0
0
1
0
0
0
0
2
7
0
0
0
1
0
0
0
0
0
1
4
0
0
0
0
0
0
0
0
0
0
8
0
0
0
0
5
0
0
0
0
1
11
0
0
0
0
9
0
0
0
0
0
8
0
0
0
0
13
0
0
0
0
2
12
0
0
0
0
4
0
0
0
0
0
12
0
0
0
0
6
0
0
0
0
1
13
0
0
0
0
4
0
0
0
0
0
14
0
0
0
0
8
0
0
0
0
0
9
0
0
0
0
5
0
0
0
0
0
16
0
0
0
0
9
0
0
0
0
0
11
0
0
0
0
7
0
0
0
0
0
6
0
0
0
0
9
0
0
0
0
0
11
0
0
0
0
1
0
0
0
0
3
8
0
0
0
0
11
0
0
0
0
0
9
0
0
0
0
10
0
0
0
0
0
6
0
0
0
0
5
0
0
0
0
2
11
0
0
0
0
4
0
0
0
0
1
13
0
0
0
0
5
0
0
0
0
0
13
0
0
0
0
8
0
0
0
0
2
12
0
0
0
0
2
0
0
0
0
1
11
0
0
0
0
5
0
0
0
0
0
16
0
0
0
0
3
0
0
0
0
0
8
0
0
0
0
9
0
0
0
0
5
11
0
0
0
0
4
0
0
0
0
0
10
0
0
0
0
4
0
0
0
0
0
13
0
0
0
0
6
0
0
0
0
0
8
0
0
0
0
1
0
0
0
0
5
9
0
0
0
0
11
0
0
0
0
0
5
0
0
0
0
7
0
0
0
0
8
8
0
0
0
0
4
0
0
0
0
4
9
0
0
0
0
6
0
0
0
0
3
11
0
0
0
0
1
0
0
0
0
0
8
0
0
0
0
4
0
0
0
0
0
6
0
0
0
0
7
0
0
0
0
0
9
0
0
0
0
7
0
0
0
0
2
6
0
0
0
1
2
0
0
0
0
7
11
0
0
0
0
11
0
0
0
0
0
5
0
0
0
0
4
0
0
0
0
1
14
0
0
0
0
7
0
0
0
0
0
14
0
0
0
0
2
0
0
0
0
1
17
0
0
0
0
10
0
0
0
0
0
7
0
0
0
0
0
0
0
0
0
0
15
0
0
0
0
6
0
0
0
0
1
13
0
0
0
0
1
0
0
0
0
1
10
0
0
0
0
8
0
0
0
0
0
15
0
0
0
0
0
0
0
0
0
0
9
0
0
0
0
5
0
0
0
0
0
13
0
0
0
0
8
0
0
0
0
5
8
0
0
0
1
3
0
0
0
0
3
14
0
0
0
0
8
0
0
0
0
0
12
0
0
0
2
6
0
0
0
0
2
9
0
0
0
0
6
0
0
0
0
0
12
0
0
0
0
9
0
0
0
0
5
10
0
0
0
0
5
0
0
0
0
0
12
0
0
0
0
3
0
0
0
0
0
11
0
0
0
0
6
0
0
0
0
4
12
0
0
0
0
1
0
0
0
0
0
5
0
0
0
0
3
0
0
0
0
6
5
0
0
0
0
2
0
0
0
0
0
11
0
0
0
0
6
0
0
0
0
1
7
0
0
0
0
1
0
0
0
0
0
13
0
0
0
0
3
0
0
0
0
0
10
0
0
0
0
10
0
0
0
0
0
9
0
0
0
0
12
0
0
0
0
1
8
0
0
0
0
7
0
0
0
0
3
8
0
0
0
0
2
0
0
0
0
8
10
0
0
0
0
0
0
0
0
0
2
9
0
0
0
0
3
0
0
0
0
1
10
0
0
0
0
8
0
0
0
0
4
11
0
0
0
0
0
0
0
0
0
0
10
0
0
0
0
1
0
0
0
0
1
9
0
0
0
0
5
0
0
0
0
3
9
0
0
0
0
5
0
0
0
0
3
14
0
0
0
0
5
0
0
0
0
0
13
0
0
0
0
0
0
0
0
0
0
7
0
0
0
0
5
0
0
0
0
3
7
0
0
0
0
7
0
0
0
0
0
13
0
0
0
0
1
0
0
0
0
1
9
0
0
0
0
0
0
0
0
0
1
8
0
0
0
0
5
0
0
0
0
2
11
0
0
0
0
3
0
0
0
0
0
13
0
0
0
0
6
0
0
0
0
0
11
0
0
0
0
6
0
0
0
0
0
10
0
0
0
0
6
0
0
0
0
0
10
0
0
0
0
7
0
0
0
0
1
10
0
0
0
0
4
0
0
0
0
2
12
0
0
0
0
4
0
0
0
0
0
7
0
0
0
0
8
0
0
0
0
1
11
0
0
0
0
7
0
0
0
0
0
10
0
0
0
0
2
0
0
0
0
1
10
0
0
0
0
6
0
0
0
0
0
6
0
0
0
0
10
0
0
0
0
0
6
0
0
0
0
6
0
0
0
0
0
12
0
0
0
0
8
0
0
0
0
0
5
0
0
0
0
2
0
0
0
0
0
11
0
0
0
0
3
0
0
0
0
0
8
0
0
0
0
0
0
0
0
0
6
7
0
0
0
0
5
0
0
0
0
0
14
0
0
0
0
8
0
0
0
0
2
7
0
0
0
0
4
0
0
0
0
0
12
0
0
0
0
3
0
0
0
0
0
15
0
0
0
0
4
0
0
0
0
2
8
0
0
0
0
6
0
0
0
0
0
11
0
0
0
0
0
0
0
0
0
3
12
0
0
0
0
5
0
0
0
0
1
11
0
0
0
0
6
0
0
0
0
0
12
0
0
0
0
1
0
0
0
0
0
10
0
0
0
0
5
0
0
0
0
1
6
0
0
0
0
8
0
0
0
0
0
11
0
0
0
0
7
0
0
0
0
0
13
0
0
0
0
4
0
0
0
0
2
10
0
0
0
0
4
0
0
0
0
7
12
0
0
0
0
5
0
0
0
0
0
16
0
0
0
0
1
0
0
0
0
0
8
0
0
0
0
9
0
0
0
0
3
10
0
0
0
0
7
0
0
0
0
7
13
0
0
0
0
5
0
0
0
0
0
9
0
0
0
0
13
0
0
0
0
0
5
0
0
0
0
6
0
0
0
0
0
12
0
0
0
0
6
0
0
0
0
0
12
0
0
0
0
8
0
0
0
0
0
10
0
0
0
3
3
0
0
0
0
0
7
0
0
0
0
2
0
0
0
0
0
15
0
0
0
1
2
0
0
0
0
0
15
0
0
0
0
8
0
0
0
0
0
10
0
0
0
0
4
0
0
0
0
0
4
0
0
0
0
4
0
0
0
0
0
9
0
0
0
0
9
0
0
0
0
0
10
0
0
0
0
1
0
0
0
0
0
13
0
0
0
0
8
0
0
0
0
0
13
0
0
0
0
0
0
0
0
0
0
14
0
0
0
0
2
0
0
0
0
0
13
0
0
0
0
4
0
0
0
0
3
23
0
0
0
0
4
0
0
0
0
0
10
0
0
0
0
0
0
0
0
0
5
11
0
0
0
0
8
0
0
0
0
0
15
0
0
0
0
3
0
0
0
0
2
13
0
0
0
0
3
0
0
0
0
0
12
0
0
0
0
8
0
0
0
0
0
8
0
0
0
0
8
0
0
0
0
0
10
0
0
0
0
8
0
0
0
0
4
9
0
0
0
0
5
0
0
0
0
0
5
0
0
0
0
7
0
0
0
0
3
9
0
0
0
0
14
0
0
0
0
2
14
0
0
0
0
6
0
0
0
0
0
13
0
0
0
0
11
0
0
0
0
0
7
0
0
0
0
4
0
0
0
0
0
17
0
0
0
0
0
0
0
0
0
5
10
0
0
0
0
10
0
0
0
0
3
9
0
0
0
0
7
0
0
0
0
0
10
0
0
0
0
7
0
0
0
0
0
11
0
0
0
0
9
0
0
0
0
3
12
0
0
0
0
10
0
0
0
0
6
12
0
0
0
0
10
0
0
0
0
4
14
0
0
0
0
5
0
0
0
0
1
15
0
0
0
0
5
0
0
0
0
0
8
0
0
0
0
3
0
0
0
0
0
8
0
0
0
0
4
0
0
0
0
1
10
0
0
0
1
1
0
0
0
0
0
7
0
0
0
0
5
0
0
0
0
0
13
0
0
0
0
11
0
0
0
0
2
6
0
0
0
0
3
0
0
0
0
2
13
0
0
0
0
4
0
0
0
0
2
10
0
0
0
0
4
0
0
0
0
0
9
0
0
0
5
7
0
0
0
0
3
8
0
0
0
0
8
0
0
0
0
0
9
0
0
0
0
3
0
0
0
0
0
16
0
0
0
0
9
0
0
0
0
0
7
0
0
0
0
6
0
0
0
0
1
11
0
0
0
0
7
0
0
0
0
1
9
0
0
0
0
1
0
0
0
0
1
11
0
0
0
0
6
0
0
0
0
1
9
0
0
0
0
3
0
0
0
0
0
9
0
0
0
0
8
0
0
0
0
3
9
0
0
0
0
5
0
0
0
0
0
9
0
0
0
0
4
0
0
0
0
4
8
0
0
0
0
1
0
0
0
0
0
8
0
0
0
0
2
0
0
0
0
2
8
0
0
0
0
10
0
0
0
0
0
8
0
0
0
0
3
0
0
0
0
0
11
0
0
0
0
7
0
0
0
0
0
12
0
0
0
0
8
0
0
0
0
0
9
0
0
0
0
0
0
0
0
0
0
7
0
0
0
0
3
0
0
0
0
1
10
0
0
0
0
10
0
0
0
0
0
10
0
0
0
0
0
0
0
0
0
0
12
0
0
0
0
2
0
0
0
0
0
12
0
0
0
1
3
0
0
0
0
2
20
0
0
0
0
6
0
0
0
0
1
10
0
0
0
0
7
0
0
0
0
0
11
0
0
0
0
3
0
0
0
0
0
13
0
0
0
0
6
0
0
0
0
0
11
0
0
0
0
6
0
0
0
0
0
13
0
0
0
0
9
0
0
0
0
0
10
0
0
0
0
5
0
0
0
0
0
11
0
0
0
0
6
0
0
0
0
1
8
0
0
0
0
2
0
0
0
0
4
13
0
0
0
0
11
0
0
0
0
0
11
0
0
0
0
2
0
0
0
0
0
12
0
0
0
0
4
0
0
0
0
0
11
0
0
0
0
4
0
0
0
0
9
6
0
0
0
0
2
0
0
0
0
1
9
0
0
0
0
3
0
0
0
0
5
15
0
0
0
0
4
0
0
0
0
4
10
0
0
0
2
2
0
0
0
0
0
8
0
0
0
0
4
0
0
0
0
1
15
0
0
0
0
3
0
0
0
0
0
9
0
0
0
0
0
0
0
0
0
4
16
0
0
0
0
3
0
0
0
0
0
10
0
0
0
0
5
0
0
0
0
0
14
0
0
0
0
3
0
0
0
0
5
11
0
0
0
0
3
0
0
0
0
0
9
0
0
0
0
3
0
0
0
0
0
10
0
0
0
0
4
0
0
0
0
0
11
0
0
0
0
0
0
0
0
0
0
4
0
0
0
0
1
0
0
0
0
2
15
0
0
0
0
6
0
0
0
0
0
8
0
0
0
0
8
0
0
0
0
4
12
0
0
0
0
7
0
0
0
0
0
9
0
0
0
0
7
0
0
0
0
3
7
0
0
0
0
2
0
0
0
0
0
9
0
0
0
0
10
0
0
0
0
0
11
0
0
0
0
6
0
0
0
0
0
10
0
0
0
0
10
0
0
0
0
3
11
0
0
0
0
7
0
0
0
0
0
4
0
0
0
0
10
0
0
0
0
1
11
0
0
0
0
2
0
0
0
0
0
12
0
0
0
0
1
0
0
0
0
0
7
0
0
0
0
5
0
0
0
0
0
14
0
0
0
0
11
0
0
0
0
4
7
0
0
0
0
4
0
0
0
0
0
12
0
0
0
0
8
0
0
0
0
0
21
0
0
0
0
4
0
0
0
0
0
13
0
0
0
0
4
0
0
0
0
4
11
0
0
0
0
1
0
0
0
0
3
13
0
0
0
0
2
0
0
0
0
0
7
0
0
0
0
9
0
0
0
0
4
10
0
0
0
0
5
0
0
0
0
0
7
0
0
0
0
11
0
0
0
0
2
13
0
0
0
0
3
0
0
0
0
0
9
0
0
0
0
7
0
0
0
0
3
10
0
0
0
0
0
0
0
0
0
0
11
0
0
0
0
10
0
0
0
0
2
11
0
0
0
0
3
0
0
0
0
0
10
0
0
0
0
3
0
0
0
0
1
7
0
0
0
0
11
0
0
0
0
0
10
0
0
0
0
4
0
0
0
0
1
10
0
0
0
0
10
0
0
0
0
0
4
0
0
0
0
6
0
0
0
0
2
13
0
0
0
0
7
0
0
0
0
0
17
0
0
0
0
8
0
0
0
0
0
15
0
0
0
0
1
0
0
0
0
3
16
0
0
0
0
12
0
0
0
0
0
8
0
0
0
0
0
0
0
0
0
3
10
0
0
0
3
10
0
0
0
0
0
11
0
0
0
0
2
0
0
0
0
0
11
0
0
0
3
12
0
0
0
0
0
14
0
0
0
0
1
0
0
0
0
0
14
0
0
0
0
8
0
0
0
0
0
7
0
0
0
0
3
0
0
0
0
0
9
0
0
0
0
5
0
0
0
0
7
19
0
0
0
0
5
0
0
0
0
5
11
0
0
0
0
3
0
0
0
0
3
13
0
0
0
5
2
0
0
0
0
5
10
0
0
0
0
7
0
0
0
0
3
15
0
0
0
0
4
0
0
0
0
4
11
0
0
0
0
8
0
0
0
0
1
8
0
0
0
0
7
0
0
0
0
0
11
0
0
0
0
6
0
0
0
0
0
6
0
0
0
0
6
0
0
0
0
1
13
0
0
0
0
5
0
0
0
0
0
12
0
0
0
3
6
0
0
0
0
4
14
0
0
0
0
5
0
0
0
0
0
10
0
0
0
0
4
0
0
0
0
4
14
0
0
0
0
6
0
0
0
0
2
9
0
0
0
1
7
0
0
0
0
0
8
0
0
0
0
6
0
0
0
0
0
13
0
0
0
0
9
0
0
0
0
0
10
0
0
0
0
4
0
0
0
0
0
13
0
0
0
0
10
0
0
0
0
2
13
0
0
0
0
4
0
0
0
0
2
10
0
0
0
0
9
0
0
0
0
1
5
0
0
0
0
4
0
0
0
0
2
15
0
0
0
0
8
0
0
0
0
1
16
0
0
0
0
9
0
0
0
0
1
11
0
0
0
0
3
0
0
0
0
0
11
0
0
0
0
8
0
0
0
0
1
16
0
0
0
0
3
0
0
0
0
4
8
0
0
0
0
6
0
0
0
0
0
12
0
0
0
0
4
0
0
0
0
5
9
0
0
0
0
6
0
0
0
0
0
9
0
0
0
0
3
0
0
0
0
6
6
0
0
0
0
7
0
0
0
0
3
6
0
0
0
0
7
0
0
0
0
2
13
0
0
0
0
8
0
0
0
0
0
12
0
0
0
0
11
0
0
0
0
0
8
0
0
0
0
10
0
0
0
0
6
12
0
0
0
0
0
0
0
0
0
0
11
0
0
0
0
8
0
0
0
0
0
7
0
0
0
0
1
0
0
0
0
0
11
0
0
0
0
6
0
0
0
0
1
8
0
0
0
0
3
0
0
0
0
2
11
0
0
0
0
3
0
0
0
0
0
5
0
0
0
0
3
0
0
0
0
1
8
0
0
0
0
10
0
0
0
0
0
11
0
0
0
0
2
0
0
0
0
2
15
0
0
0
1
4
0
0
0
0
0
12
0
0
0
0
6
0
0
0
0
0
12
0
0
0
0
5
0
0
0
0
4
9
0
0
0
0
3
0
0
0
0
6
11
0
0
0
0
2
0
0
0
0
5
15
0
0
0
0
3
0
0
0
0
2
14
0
0
0
0
3
0
0
0
0
3
9
0
0
0
0
7
0
0
0
0
1
7
0
0
0
0
3
0
0
0
0
2
9
0
0
0
0
5
0
0
0
0
2
9
0
0
0
0
6
0
0
0
0
0
10
0
0
0
0
9
0
0
0
0
3
8
0
0
0
0
4
0
0
0
0
0
17
0
0
0
0
3
0
0
0
0
0
9
0
0
0
0
4
0
0
0
0
1
8
0
0
0
0
9
0
0
0
0
0
10
0
0
0
0
7
0
0
0
0
0
6
0
0
0
0
4
0
0
0
0
3
13
0
0
0
0
4
0
0
0
0
0
11
0
0
0
0
0
0
0
0
0
4
13
0
0
0
0
7
0
0
0
0
0
14
0
0
0
0
6
0
0
0
0
0
9
0
0
0
0
10
0
0
0
0
1
14
0
0
0
0
6
0
0
0
0
0
11
0
0
0
0
8
0
0
0
0
0
13
0
0
0
0
1
0
0
0
0
0
12
0
0
0
0
7
0
0
0
0
5
14
0
0
0
0
0
0
0
0
0
0
8
0
0
0
0
7
0
0
0
0
3
11
0
0
0
0
2
0
0
0
0
0
14
0
0
0
0
15
0
0
0
0
2
11
0
0
0
0
12
0
0
0
0
0
14
0
0
0
0
3
0
0
0
0
0
6
0
0
0
0
7
0
0
0
0
0
10
0
0
0
0
4
0
0
0
0
0
16
0
0
0
0
5
0
0
0
0
3
7
0
0
0
0
5
0
0
0
0
0
15
0
0
0
0
5
0
0
0
0
1
10
0
0
0
0
4
0
0
0
0
0
4
0
0
0
0
4
0
0
0
0
0
11
0
0
0
0
7
0
0
0
0
0
13
0
0
0
0
5
0
0
0
0
0
12
0
0
0
0
7
0
0
0
0
0
7
0
0
0
0
4
0
0
0
0
6
12
0
0
0
0
11
0
0
0
0
0
13
0
0
0
0
0
0
0
0
0
1
13
0
0
0
0
7
0
0
0
0
1
11
0
0
0
0
1
0
0
0
0
2
10
0
0
0
0
8
0
0
0
0
0
14
0
0
0
0
6
0
0
0
0
0
8
0
0
0
0
2
0
0
0
0
0
13
0
0
0
0
7
0
0
0
0
0
9
0
0
0
0
7
0
0
0
0
1
14
0
0
0
0
3
0
0
0
0
3
4
0
0
0
0
8
0
0
0
0
0
11
0
0
0
0
10
0
0
0
0
3
6
0
0
0
0
6
0
0
0
0
0
10
0
0
0
0
11
0
0
0
0
0
10
0
0
0
0
6
0
0
0
0
0
15
0
0
0
2
8
0
0
0
0
0
10
0
0
0
0
5
0
0
0
0
0
9
0
0
0
0
8
0
0
0
0
0
12
0
0
0
0
10
0
0
0
0
0
13
0
0
0
0
4
0
0
0
0
0
13
0
0
0
0
3
0
0
0
0
1
10
0
0
0
0
6
0
0
0
0
5
15
0
0
0
0
5
0
0
0
0
0
12
0
0
0
0
5
0
0
0
0
1
10
0
0
0
0
5
0
0
0
0
3
16
0
0
0
0
8
0
0
0
0
1
16
0
0
0
0
7
0
0
0
0
0
15
0
0
0
0
3
0
0
0
0
0
9
0
0
0
0
3
0
0
0
0
0
11
0
0
0
0
2
0
0
0
0
0
13
0
0
0
2
4
0
0
0
0
3
12
0
0
0
0
0
0
0
0
0
0
6
0
0
0
0
4
0
0
0
0
3
13
0
0
0
0
8
0
0
0
0
0
10
0
0
0
0
11
0
0
0
0
0
14
0
0
0
0
0
0
0
0
0
3
8
0
0
0
0
3
0
0
0
0
1
7
0
0
0
0
0
0
0
0
0
5
18
0
0
0
0
6
0
0
0
0
0
13
0
0
0
0
4
0
0
0
0
3
4
0
0
0
0
7
0
0
0
0
0
14
0
0
0
0
12
0
0
0
0
0
15
0
0
0
0
0
0
0
0
0
0
8
0
0
0
0
7
0
0
0
0
2
14
0
0
0
2
6
0
0
0
0
0
10
0
0
0
0
7
0
0
0
0
4
12
0
0
0
1
5
0
0
0
0
0
12
0
0
0
0
0
0
0
0
0
3
14
0
0
0
0
5
0
0
0
3
13
6
0
0
0
0
0
0
0
0
0
4
12
0
0
0
1
7
0
0
0
0
3
11
0
0
0
0
2
0
0
0
0
0
12
0
0
0
0
6
0
0
0
0
1
17
0
0
0
0
4
0
0
0
0
7
8
0
0
0
0
4
0
0
0
0
1
13
0
0
0
0
5
0
0
0
0
1
12
0
0
0
0
8
0
0
0
0
0
12
0
0
0
0
5
0
0
0
0
0
12
0
0
0
0
10
0
0
0
0
5
10
0
0
0
0
12
0
0
0
0
0
9
0
0
0
0
4
0
0
0
0
0
13
0
0
0
1
6
0
0
0
0
3
7
0
0
0
0
4
0
0
0
0
2
10
0
0
0
0
9
0
0
0
0
0
13
0
0
0
0
0
0
0
0
0
0
14
0
0
0
0
4
0
0
0
0
0
11
0
0
0
0
3
0
0
0
0
2
14
0
0
0
0
3
0
0
0
0
0
12
0
0
0
0
5
0
0
0
0
0
13
0
0
0
0
6
0
0
0
0
1
8
0
0
0
0
10
0
0
0
0
0
9
0
0
0
0
2
0
0
0
0
0
3
0
0
0
0
4
0
0
0
0
1
13
0
0
0
0
4
0
0
0
0
2
11
0
0
0
0
3
0
0
0
0
2
10
0
0
0
0
2
0
0
0
0
0
7
0
0
0
0
5
0
0
0
0
0
10
0
0
0
0
6
0
0
0
0
0
11
0
0
0
0
7
0
0
0
0
1
7
0
0
0
0
1
0
0
0
0
0
8
0
0
0
0
5
0
0
0
0
0
11
0
0
0
2
2
0
0
0
0
5
9
0
0
0
0
1
0
0
0
0
0
12
0
0
0
0
14
0
0
0
0
1
9
0
0
0
0
0
0
0
0
0
0
13
0
0
0
0
9
0
0
0
0
0
8
0
0
0
0
4
0
0
0
0
0
11
0
0
0
1
10
0
0
0
0
1
3
0
0
0
0
4
0
0
0
0
0
22
0
0
0
0
2
0
0
0
0
0
11
0
0
0
0
0
0
0
0
0
2
14
0
0
0
0
1
0
0
0
0
3
8
0
0
0
0
4
0
0
0
0
2
8
0
0
0
0
3
0
0
0
0
0
14
0
0
0
0
6
0
0
0
0
4
11
0
0
0
0
1
0
0
0
0
0
12
0
0
0
0
5
0
0
0
0
4
9
0
0
0
0
3
0
0
0
0
0
13
0
0
0
0
5
0
0
0
0
3
12
0
0
0
0
0
0
0
0
0
0
17
0
0
0
0
4
0
0
0
0
1
11
0
0
0
0
3
0
0
0
0
1
11
0
0
0
0
2
0
0
0
0
0
16
0
0
0
0
6
0
0
0
0
2
9
0
0
0
0
7
0
0
0
0
1
10
0
0
0
0
11
0
0
0
0
2
9
0
0
0
1
10
0
0
0
0
5
13
0
0
0
0
6
0
0
0
0
3
13
0
0
0
0
5
0
0
0
0
0
12
0
0
0
0
6
0
0
0
0
0
13
0
0
0
0
8
0
0
0
0
5
10
0
0
0
0
7
0
0
0
0
0
12
0
0
0
0
5
0
0
0
0
0
12
0
0
0
0
1
0
0
0
0
0
9
0
0
0
0
4
0
0
0
0
3
9
0
0
0
0
6
0
0
0
0
0
12
0
0
0
0
5
0
0
0
0
3
7
0
0
0
0
9
0
0
0
0
2
12
0
0
0
0
2
0
0
0
0
2
7
0
0
0
0
10
0
0
0
0
1
17
0
0
0
0
2
0
0
0
0
0
6
0
0
0
0
5
0
0
0
0
0
9
0
0
0
0
6
0
0
0
0
0
9
0
0
0
0
6
0
0
0
0
1
8
0
0
0
0
8
0
0
0
0
0
12
0
0
0
0
11
0
0
0
0
0
6
0
0
0
0
4
0
0
0
0
5
7
0
0
0
0
5
0
0
0
0
1
7
0
0
0
0
6
0
0
0
0
0
6
0
0
0
0
1
0
0
0
0
0
8
0
0
0
0
5
0
0
0
0
1
15
0
0
0
0
3
0
0
0
0
1
13
0
0
0
0
1
0
0
0
0
0
8
0
0
0
0
3
0
0
0
0
0
10
0
0
0
0
8
0
0
0
0
0
12
0
0
0
0
10
0
0
0
0
0
14
0
0
0
0
7
0
0
0
0
0
9
0
0
0
0
1
0
0
0
0
3
8
0
0
0
0
0
0
0
0
0
0
11
0
0
0
0
6
0
0
0
0
0
3
0
0
0
0
5
0
0
0
0
1
13
0
0
0
0
7
0
0
0
0
0
10
0
0
0
0
13
0
0
0
0
3
11
0
0
0
0
4
0
0
0
0
1
12
0
0
0
0
10
0
0
0
0
6
10
0
0
0
0
8
0
0
0
0
3
5
0
0
0
0
5
0
0
0
0
0
15
0
0
0
0
3
0
0
0
0
0
12
0
0
0
0
3
0
0
0
0
6
11
0
0
0
0
3
0
0
0
0
4
6
0
0
0
0
5
0
0
0
0
3
12
0
0
0
0
8
0
0
0
0
1
7
0
0
0
0
9
0
0
0
0
0
14
0
0
0
0
8
0
0
0
0
3
17
0
0
0
0
5
0
0
0
0
3
14
0
0
0
0
8
0
0
0
0
0
13
0
0
0
0
9
0
0
0
0
2
9
0
0
0
0
4
0
0
0
0
1
8
0
0
0
0
3
0
0
0
0
1
10
0
0
0
0
0
0
0
0
0
0
14
0
0
0
0
8
0
0
0
0
0
6
0
0
0
0
6
0
0
0
0
1
16
0
0
0
0
6
0
0
0
0
0
14
0
0
0
0
7
0
0
0
0
0
9
0
0
0
0
4
0
0
0
0
1
19
0
0
0
0
9
0
0
0
0
0
7
0
0
0
0
9
0
0
0
0
4
17
0
0
0
0
7
0
0
0
0
2
8
0
0
0
0
5
0
0
0
0
7
13
0
0
0
0
13
0
0
0
0
0
13
0
0
0
0
10
0
0
0
0
5
11
0
0
0
0
7
0
0
0
0
0
14
0
0
0
0
2
0
0
0
0
0
4
0
0
0
0
4
0
0
0
0
0
11
0
0
0
0
9
0
0
0
0
0
9
0
0
0
0
6
0
0
0
0
0
15
0
0
0
0
8
0
0
0
0
0
17
0
0
0
0
3
0
0
0
0
9
13
0
0
0
0
9
0
0
0
0
0
7
0
0
0
0
7
0
0
0
0
1
14
0
0
0
0
4
0
0
0
0
0
12
0
0
0
0
5
0
0
0
0
0
12
0
0
0
0
5
0
0
0
0
0
14
0
0
0
0
10
0
0
0
0
1
12
0
0
0
0
4
0
0
0
0
0
12
0
0
0
0
6
0
0
0
0
1
10
0
0
0
0
2
0
0
0
0
0
12
0
0
0
0
8
0
0
0
0
2
9
0
0
0
0
7
0
0
0
0
6
15
0
0
0
0
6
0
0
0
0
0
11
0
0
0
0
8
0
0
0
0
1
13
0
0
0
0
3
0
0
0
0
0
10
0
0
0
0
10
0
0
0
2
0
11
0
0
0
0
4
0
0
0
0
0
10
0
0
0
0
6
0
0
0
0
8
10
0
0
0
0
8
0
0
0
0
0
10
0
0
0
0
5
0
0
0
0
4
10
0
0
0
0
7
0
0
0
0
0
6
0
0
0
0
5
0
0
0
0
0
14
0
0
0
0
4
0
0
0
0
0
8
0
0
0
0
3
0
0
0
0
0
9
0
0
0
0
1
0
0
0
0
0
13
0
0
0
0
1
0
0
0
0
0
9
0
0
0
0
11
0
0
0
0
7
12
0
0
0
0
6
0
0
0
0
0
8
0
0
0
0
7
0
0
0
0
3
9
0
0
0
0
8
0
0
0
0
4
11
0
0
0
0
4
0
0
0
0
3
12
0
0
0
0
10
0
0
0
0
3
7
0
0
0
0
0
0
0
0
0
4
6
0
0
0
0
4
0
0
0
0
0
13
0
0
0
0
0
0
0
0
0
0
10
0
0
0
0
4
0
0
0
0
0
6
0
0
0
0
13
0
0
0
0
1
17
0
0
0
0
5
0
0
0
0
5
11
0
0
0
0
4
0
0
0
0
0
12
0
0
0
0
1
0
0
0
0
2
14
0
0
0
0
3
0
0
0
0
1
18
0
0
0
0
2
0
0
0
0
0
9
0
0
0
0
5
0
0
0
0
5
10
0
0
0
0
4
0
0
0
0
0
14
0
0
0
0
14
0
0
0
0
6
7
0
0
0
0
0
0
0
0
0
2
12
0
0
0
0
10
0
0
0
0
2
10
0
0
0
0
6
0
0
0
0
0
14
0
0
0
0
6
0
0
0
0
0
10
0
0
0
0
0
0
0
0
0
0
14
0
0
0
0
7
0
0
0
0
0
9
0
0
0
0
0
0
0
0
0
0
12
0
0
0
0
8
0
0
0
0
0
10
0
0
0
0
9
0
0
0
0
1
8
0
0
0
0
11
0
0
0
0
0
10
0
0
0
0
6
0
0
0
0
4
9
0
0
0
0
6
0
0
0
0
2
8
0
0
0
0
4
0
0
0
0
1
12
0
0
0
0
6
0
0
0
0
0
7
0
0
0
0
8
0
0
0
0
3
16
0
0
0
0
1
0
0
0
0
0
10
0
0
0
0
6
0
0
0
0
0
11
0
0
0
0
4
0
0
0
0
0
4
0
0
0
0
0
0
0
0
0
0
18
0
0
0
0
3
0
0
0
0
0
12
0
0
0
0
5
0
0
0
0
3
11
0
0
0
0
5
0
0
0
0
1
10
0
0
0
0
4
0
0
0
0
0
9
0
0
0
0
3
0
0
0
0
2
9
0
0
0
0
6
0
0
0
0
0
14
0
0
0
0
1
0
0
0
0
3
10
0
0
0
0
3
0
0
0
0
1
8
0
0
0
0
3
0
0
0
0
4
12
0
0
0
0
12
0
0
0
0
0
7
0
0
0
0
5
0
0
0
0
5
10
0
0
0
0
8
0
0
0
0
0
3
0
0
0
0
1
0
0
0
0
0
14
0
0
0
0
9
0
0
0
0
0
7
0
0
0
0
4
0
0
0
0
1
13
0
0
0
0
9
0
0
0
0
2
3
0
0
0
0
2
0
0
0
0
0
15
0
0
0
0
1
0
0
0
0
0
11
0
0
0
0
0
0
0
0
0
0
15
0
0
0
0
7
0
0
0
0
2
10
0
0
0
0
4
0
0
0
0
0
12
0
0
0
0
2
0
0
0
0
4
7
0
0
0
0
5
0
0
0
0
0
12
0
0
0
0
0
0
0
0
0
1
7
0
0
0
0
6
0
0
0
0
1
11
0
0
0
0
4
0
0
0
0
3
11
0
0
0
0
4
0
0
0
0
0
13
0
0
0
0
8
0
0
0
0
0
15
0
0
0
0
8
0
0
0
0
5
15
0
0
0
0
8
0
0
0
0
0
12
0
0
0
0
8
0
0
0
0
6
15
0
0
0
0
3
0
0
0
0
2
17
0
0
0
2
9
0
0
0
0
0
12
0
0
0
2
2
0
0
0
0
0
9
0
0
0
0
3
0
0
0
0
3
11
0
0
0
0
10
0
0
0
0
0
9
0
0
0
0
10
0
0
0
0
0
9
0
0
0
0
8
0
0
0
0
5
11
0
0
0
0
9
0
0
0
0
0
17
0
0
0
0
3
0
0
0
0
3
10
0
0
0
0
11
0
0
0
0
2
12
0
0
0
1
5
0
0
0
0
0
16
0
0
0
0
7
0
0
0
0
3
12
0
0
0
2
7
0
0
0
0
7
14
0
0
0
0
4
0
0
0
0
1
7
0
0
0
0
4
0
0
0
0
0
6
0
0
0
0
3
0
0
0
0
2
10
0
0
0
0
3
0
0
0
0
3
9
0
0
0
0
4
0
0
0
0
0
11
0
0
0
0
4
0
0
0
0
3
7
0
0
0
0
9
0
0
0
0
0
8
0
0
0
0
1
0
0
0
0
4
11
0
0
0
2
3
0
0
0
0
0
13
0
0
0
0
1
0
0
0
0
0
10
0
0
0
0
5
0
0
0
0
5
13
0
0
0
0
5
0
0
0
0
0
6
0
0
0
0
9
0
0
0
0
6
8
0
0
0
0
2
0
0
0
0
0
10
0
0
0
0
12
0
0
0
0
0
12
0
0
0
0
3
0
0
0
0
0
15
0
0
0
0
2
0
0
0
0
3
20
0
0
0
0
11
0
0
0
0
6
13
0
0
0
0
0
0
0
0
0
5
11
0
0
0
1
7
0
0
0
0
0
9
0
0
0
0
4
0
0
0
0
1
11
0
0
0
0
5
0
0
0
0
5
11
0
0
0
0
0
0
0
0
0
5
6
0
0
0
0
5
0
0
0
0
4
13
0
0
0
0
2
0
0
0
0
1
14
0
0
0
0
7
0
0
0
0
3
11
0
0
0
0
6
0
0
0
0
0
9
0
0
0
0
3
0
0
0
0
0
9
0
0
0
0
5
0
0
0
0
6
7
0
0
0
0
3
0
0
0
0
1
7
0
0
0
0
8
0
0
0
0
0
11
0
0
0
0
0
0
0
0
0
0
11
0
0
0
0
11
0
0
0
0
0
11
0
0
0
0
2
0
0
0
0
0
4
0
0
0
0
5
0
0
0
0
2
9
0
0
0
0
4
0
0
0
0
2
10
0
0
0
0
1
0
0
0
0
0
10
0
0
0
0
6
0
0
0
0
2
10
0
0
0
3
6
0
0
0
0
4
8
0
0
0
0
0
0
0
0
0
0
14
0
0
0
0
7
0
0
0
0
4
9
0
0
0
0
4
0
0
0
0
0
12
0
0
0
0
6
0
0
0
0
3
10
0
0
0
0
8
0
0
0
0
0
10
0
0
0
2
0
0
0
0
0
0
9
0
0
0
0
7
0
0
0
0
0
10
0
0
0
0
5
0
0
0
0
0
11
0
0
0
0
3
0
0
0
0
7
7
0
0
0
0
5
0
0
0
0
0
9
0
0
0
0
2
0
0
0
0
0
14
0
0
0
0
5
0
0
0
0
0
12
0
0
0
0
1
0
0
0
0
3
12
0
0
0
0
8
0
0
0
0
0
12
0
0
0
0
6
0
0
0
0
0
6
0
0
0
0
4
0
0
0
0
0
12
0
0
0
0
7
0
0
0
0
4
11
0
0
0
0
8
0
0
0
0
0
7
0
0
0
0
9
0
0
0
0
0
12
0
0
0
0
4
0
0
0
0
1
11
0
0
0
0
10
0
0
0
0
0
13
0
0
0
0
2
0
0
0
0
2
14
0
0
0
0
8
0
0
0
0
1
8
0
0
0
0
0
0
0
0
0
2
7
0
0
0
0
11
0
0
0
0
2
16
0
0
0
0
3
0
0
0
0
0
9
0
0
0
0
3
0
0
0
0
2
12
0
0
0
0
2
0
0
0
0
0
12
0
0
0
0
4
0
0
0
0
0
10
0
0
0
0
0
0
0
0
0
0
11
0
0
0
0
8
0
0
0
0
2
12
0
0
0
0
5
0
0
0
0
0
8
0
0
0
0
4
0
0
0
0
5
4
0
0
0
0
2
0
0
0
0
8
19
0
0
0
0
5
0
0
0
0
0
12
0
0
0
0
5
0
0
0
0
2
15
0
0
0
0
5
0
0
0
0
0
11
0
0
0
0
3
0
0
0
0
1
10
0
0
0
0
4
0
0
0
0
0
6
0
0
0
0
6
0
0
0
0
0
14
0
0
0
1
4
0
0
0
0
1
10
0
0
0
0
9
0
0
0
0
6
8
0
0
0
0
10
0
0
0
0
0
7
0
0
0
0
3
0
0
0
0
1
15
0
0
0
0
1
0
0
0
0
0
6
0
0
0
0
5
0
0
0
0
6
7
0
0
0
0
3
0
0
0
0
4
11
0
0
0
0
9
0
0
0
0
2
7
0
0
0
0
0
0
0
0
0
0
9
0
0
0
0
3
0
0
0
0
4
8
0
0
0
0
8
0
0
0
0
1
10
0
0
0
0
5
0
0
0
0
0
12
0
0
0
0
4
0
0
0
0
0
16
0
0
0
0
3
0
0
0
0
4
10
0
0
0
0
4
0
0
0
0
2
10
0
0
0
0
3
0
0
0
0
0
10
0
0
0
0
3
0
0
0
0
5
12
0
0
0
0
4
0
0
0
0
2
8
0
0
0
0
5
0
0
0
0
0
15
0
0
0
0
6
0
0
0
0
0
1
0
0
0
0
2
0
0
0
0
0
10
0
0
0
0
6
0
0
0
0
3
9
0
0
0
0
7
0
0
0
0
0
6
0
0
0
0
7
0
0
0
0
0
7
0
0
0
0
9
0
0
0
0
0
8
0
0
0
0
9
0
0
0
0
3
11
0
0
0
0
9
0
0
0
0
0
13
0
0
0
0
5
0
0
0
0
0
10
0
0
0
4
11
0
0
0
0
0
12
0
0
0
0
7
0
0
0
0
0
14
0
0
0
0
3
0
0
0
0
1
10
0
0
0
0
8
0
0
0
0
0
13
0
0
0
0
13
0
0
0
0
4
8
0
0
0
0
6
0
0
0
0
0
11
0
0
0
0
0
0
0
0
0
3
11
0
0
0
0
8
0
0
0
0
5
12
0
0
0
0
3
0
0
0
0
0
10
0
0
0
0
5
0
0
0
0
1
10
0
0
0
0
6
0
0
0
0
2
10
0
0
0
0
3
0
0
0
0
1
8
0
0
0
0
5
0
0
0
0
1
11
0
0
0
0
5
0
0
0
0
5
10
0
0
0
0
5
0
0
0
0
0
9
0
0
0
1
11
0
0
0
0
2
11
0
0
0
0
7
0
0
0
0
0
11
0
0
0
0
6
0
0
0
0
1
15
0
0
0
0
5
0
0
0
0
0
7
0
0
0
0
7
0
0
0
0
0
16
0
0
0
0
3
0
0
0
0
12
13
0
0
0
0
3
0
0
0
0
0
11
0
0
0
0
5
0
0
0
0
2
11
0
0
0
0
8
0
0
0
0
0
18
0
0
0
0
4
0
0
0
0
3
9
0
0
0
0
8
0
0
0
0
0
8
0
0
0
0
8
0
0
0
0
0
14
0
0
0
0
0
0
0
0
0
0
13
0
0
0
0
5
0
0
0
0
1
13
0
0
0
0
2
0
0
0
0
1
7
0
0
0
0
3
0
0
0
0
9
17
0
0
0
0
1
0
0
0
0
0
8
0
0
0
0
0
0
0
0
0
0
9
0
0
0
0
7
0
0
0
0
0
19
0
0
0
0
2
0
0
0
0
0
9
0
0
0
0
10
0
0
0
0
4
11
0
0
0
0
3
0
0
0
0
2
7
0
0
0
0
5
0
0
0
0
0
13
0
0
0
0
8
0
0
0
0
0
12
0
0
0
0
6
0
0
0
0
0
9
0
0
0
0
5
0
0
0
0
1
11
0
0
0
0
5
0
0
0
0
0
23
0
0
0
0
6
0
0
0
0
6
16
0
0
0
0
0
0
0
0
0
8
8
0
0
0
0
3
0
0
0
0
1
8
0
0
0
0
1
0
0
0
0
0
14
0
0
0
0
5
0
0
0
0
0
6
0
0
0
0
7
0
0
0
0
0
11
0
0
0
1
10
0
0
0
0
0
7
0
0
0
0
4
0
0
0
0
0
8
0
0
0
0
6
0
0
0
0
0
5
0
0
0
0
2
0
0
0
0
1
10
0
0
0
0
2
0
0
0
0
0
11
0
0
0
0
4
0
0
0
0
6
10
0
0
0
0
3
0
0
0
0
0
12
0
0
0
0
7
0
0
0
0
3
11
0
0
0
0
7
0
0
0
0
0
13
0
0
0
1
6
0
0
0
0
0
9
0
0
0
0
4
0
0
0
0
0
9
0
0
0
0
3
0
0
0
0
0
12
0
0
0
2
9
0
0
0
0
4
16
0
0
0
0
7
0
0
0
0
2
13
0
0
0
0
11
0
0
0
0
0
9
0
0
0
0
11
0
0
0
0
0
8
0
0
0
0
1
0
0
0
0
1
14
0
0
0
0
3
0
0
0
0
0
11
0
0
0
0
3
0
0
0
0
0
16
0
0
0
0
3
0
0
0
0
0
13
0
0
0
0
5
0
0
0
0
2
11
0
0
0
0
7
0
0
0
0
0
11
0
0
0
0
7
0
0
0
0
1
10
0
0
0
0
1
0
0
0
0
0
11
0
0
0
0
3
0
0
0
0
4
13
0
0
0
0
6
0
0
0
0
1
7
0
0
0
0
3
0
0
0
0
3
12
0
0
0
0
4
0
0
0
0
2
5
0
0
0
0
2
0
0
0
0
0
9
0
0
0
0
4
0
0
0
0
0
13
0
0
0
0
3
0
0
0
0
0
13
0
0
0
0
3
0
0
0
0
6
8
0
0
0
0
6
0
0
0
0
1
12
0
0
0
0
0
0
0
0
0
2
15
0
0
0
3
4
0
0
0
0
0
5
0
0
0
0
2
0
0
0
0
1
12
0
0
0
0
7
0
0
0
0
0
12
0
0
0
1
0
0
0
0
0
2
7
0
0
0
0
9
0
0
0
0
0
5
0
0
0
0
2
0
0
0
0
2
10
0
0
0
0
5
0
0
0
0
2
6
0
0
0
0
0
0
0
0
0
0
9
0
0
0
0
7
0
0
0
0
0
7
0
0
0
0
4
0
0
0
0
1
17
0
0
0
0
11
0
0
0
0
5
8
0
0
0
0
8
0
0
0
0
0
12
0
0
0
0
6
0
0
0
0
0
8
0
0
0
0
0
0
0
0
0
0
11
0
0
0
0
9
0
0
0
0
0
11
0
0
0
0
6
0
0
0
0
0
8
0
0
0
0
4
0
0
0
0
0
10
0
0
0
0
7
0
0
0
0
7
8
0
0
0
1
1
0
0
0
0
0
10
0
0
0
0
10
0
0
0
0
1
12
0
0
0
0
1
0
0
0
0
0
14
0
0
0
0
7
0
0
0
0
0
11
0
0
0
0
9
0
0
0
0
1
7
0
0
0
0
9
0
0
0
0
4
10
0
0
0
0
9
0
0
0
0
0
8
0
0
0
0
6
0
0
0
0
0
11
0
0
0
0
5
0
0
0
0
0
11
0
0
0
0
6
0
0
0
0
0
10
0
0
0
0
3
0
0
0
0
0
7
0
0
0
0
6
0
0
0
0
0
12
0
0
0
0
7
0
0
0
0
0
4
0
0
0
0
8
0
0
0
0
5
11
0
0
0
0
9
0
0
0
0
0
8
0
0
0
0
8
0
0
0
0
4
8
0
0
0
0
10
0
0
0
0
0
13
0
0
0
1
13
0
0
0
0
0
7
0
0
0
0
6
0
0
0
0
3
12
0
0
0
0
10
0
0
0
0
0
7
0
0
0
0
0
0
0
0
0
11
8
0
0
0
0
8
0
0
0
0
0
8
0
0
0
0
6
0
0
0
0
1
9
0
0
0
0
5
0
0
0
0
0
12
0
0
0
0
4
0
0
0
0
0
10
0
0
0
0
5
0
0
0
0
2
9
0
0
0
0
6
0
0
0
0
1
18
0
0
0
0
9
0
0
0
0
0
9
0
0
0
0
7
0
0
0
0
2
17
0
0
0
0
10
0
0
0
0
0
6
0
0
0
0
2
0
0
0
0
5
10
0
0
0
0
11
0
0
0
0
0
7
0
0
0
1
3
0
0
0
0
2
8
0
0
0
0
5
0
0
0
0
1
9
0
0
0
1
5
0
0
0
0
1
9
0
0
0
0
10
0
0
0
0
0
15
0
0
0
0
10
0
0
0
0
0
9
0
0
0
0
0
0
0
0
0
6
16
0
0
0
0
8
0
0
0
0
0
8
0
0
0
0
5
0
0
0
0
0
15
0
0
0
0
13
0
0
0
0
0
13
0
0
0
0
1
0
0
0
0
0
10
0
0
0
0
12
0
0
0
0
5
14
0
0
0
0
3
0
0
0
0
0
13
0
0
0
0
3
0
0
0
0
3
6
0
0
0
0
2
0
0
0
0
1
8
0
0
0
0
3
0
0
0
0
0
9
0
0
0
0
8
0
0
0
0
2
12
0
0
0
0
4
0
0
0
0
1
13
0
0
0
1
8
0
0
0
0
8
15
0
0
0
0
5
0
0
0
0
0
4
0
0
0
0
6
0
0
0
0
2
15
0
0
0
0
2
0
0
0
0
0
11
0
0
0
0
10
0
0
0
0
5
15
0
0
0
0
4
0
0
0
0
0
5
0
0
0
0
0
0
0
0
0
1
11
0
0
0
0
11
0
0
0
0
5
0
0
0
0
0
8
0
0
0
0
0
11
0
0
0
0
6
0
0
0
0
0
11
0
0
0
0
5
0
0
0
0
0
13
0
0
0
0
10
0
0
0
0
0
11
0
0
0
0
9
0
0
0
0
0
6
0
0
0
0
0
0
0
0
0
1
13
0
0
0
0
8
0
0
0
0
0
9
0
0
0
0
2
0
0
0
0
4
11
0
0
0
0
10
0
0
0
0
0
4
0
0
0
0
0
0
0
0
0
2
15
0
0
0
0
7
0
0
0
0
0
8
0
0
0
0
6
0
0
0
0
4
18
0
0
0
0
6
0
0
0
0
0
10
0
0
0
0
3
0
0
0
0
3
14
0
0
0
0
0
0
0
0
0
1
9
0
0
0
0
2
0
0
0
0
0
13
0
0
0
0
6
0
0
0
0
0
9
0
0
0
0
8
0
0
0
0
0
12
0
0
0
0
6
0
0
0
0
0
7
0
0
0
0
12
0
0
0
0
2
8
0
0
0
0
3
0
0
0
0
0
6
0
0
0
0
9
0
0
0
0
1
15
0
0
0
0
0
0
0
0
0
0
14
0
0
0
0
7
0
0
0
0
2
11
0
0
0
0
3
0
0
0
0
0
12
0
0
0
0
11
0
0
0
0
7
10
0
0
0
0
2
0
0
0
0
0
10
0
0
0
0
7
0
0
0
0
0
11
0
0
0
0
3
0
0
0
0
0
15
0
0
0
0
3
0
0
0
0
0
16
0
0
0
0
5
0
0
0
0
4
9
0
0
0
0
6
0
0
0
0
0
11
0
0
0
0
9
0
0
0
0
0
11
0
0
0
1
9
0
0
0
0
1
7
0
0
0
0
16
0
0
0
0
3
10
0
0
0
0
10
0
0
0
0
0
6
0
0
0
0
3
0
0
0
0
5
12
0
0
0
0
9
0
0
0
0
0
15
0
0
0
0
8
0
0
0
0
0
9
0
0
0
0
2
0
0
0
0
0
11
0
0
0
0
8
0
0
0
0
3
12
0
0
0
0
8
0
0
0
0
4
8
0
0
0
0
3
0
0
0
0
0
16
0
0
0
0
3
0
0
0
0
2
7
0
0
0
0
8
0
0
0
0
3
13
0
0
0
0
2
0
0
0
0
2
8
0
0
0
0
11
0
0
0
0
0
6
0
0
0
0
3
0
0
0
0
0
19
0
0
0
0
3
0
0
0
0
0
10
0
0
0
0
7
0
0
0
0
0
10
0
0
0
2
7
0
0
0
0
0
12
0
0
0
0
3
0
0
0
0
0
11
0
0
0
0
5
0
0
0
0
2
11
0
0
0
0
3
0
0
0
0
3
16
0
0
0
0
5
0
0
0
0
0
9
0
0
0
0
5
0
0
0
0
2
10
0
0
0
0
1
0
0
0
0
4
10
0
0
0
0
4
0
0
0
0
3
13
0
0
0
0
7
0
0
0
0
1
10
0
0
0
0
4
0
0
0
0
0
12
0
0
0
0
6
0
0
0
0
0
13
0
0
0
0
5
0
0
0
0
3
11
0
0
0
0
4
0
0
0
0
0
11
0
0
0
0
9
0
0
0
0
9
10
0
0
0
0
10
0
0
0
0
0
7
0
0
0
0
4
0
0
0
0
1
10
0
0
0
0
7
0
0
0
0
0
8
0
0
0
0
6
0
0
0
0
1
13
0
0
0
0
3
0
0
0
0
0
7
0
0
0
0
2
0
0
0
0
1
5
0
0
0
0
4
0
0
0
0
0
8
0
0
0
0
9
0
0
0
0
2
10
0
0
0
0
1
0
0
0
0
0
6
0
0
0
1
4
0
0
0
0
0
8
0
0
0
0
0
0
0
0
0
0
10
0
0
0
1
3
0
0
0
0
0
8
0
0
0
0
6
0
0
0
0
0
13
0
0
0
0
7
0
0
0
0
0
8
0
0
0
0
5
0
0
0
0
0
8
0
0
0
0
9
0
0
0
0
0
14
0
0
0
0
5
0
0
0
0
0
12
0
0
0
0
2
0
0
0
0
0
10
0
0
0
0
0
0
0
0
0
0
8
0
0
0
0
2
0
0
0
0
0
9
0
0
0
0
4
0
0
0
0
0
15
0
0
0
0
5
0
0
0
0
2
11
0
0
0
0
10
0
0
0
0
0
13
0
0
0
0
4
0
0
0
0
0
9
0
0
0
4
4
0
0
0
0
5
14
0
0
0
0
6
0
0
0
0
0
7
0
0
0
0
7
0
0
0
0
1
7
0
0
0
0
3
0
0
0
0
0
9
0
0
0
0
2
0
0
0
0
5
12
0
0
0
0
8
0
0
0
0
0
11
0
0
0
0
3
0
0
0
0
1
12
0
0
0
0
8
0
0
0
0
1
16
0
0
0
0
6
0
0
0
0
0
9
0
0
0
0
5
0
0
0
0
1
5
0
0
0
0
8
0
0
0
0
3
8
0
0
0
0
2
0
0
0
0
2
13
0
0
0
0
11
0
0
0
0
0
1
0
0
0
0
8
0
0
0
0
0
13
0
0
0
0
8
0
0
0
0
6
8
0
0
0
0
0
0
0
0
0
0
9
0
0
0
0
8
0
0
0
0
4
15
0
0
0
0
4
0
0
0
0
0
9
0
0
0
0
4
0
0
0
0
0
10
0
0
0
0
1
0
0
0
0
1
4
0
0
0
0
9
0
0
0
0
1
10
0
0
0
0
4
0
0
0
0
0
15
0
0
0
0
8
0
0
0
0
0
18
0
0
0
2
4
0
0
0
0
9
14
0
0
0
0
2
0
0
0
0
0
8
0
0
0
0
3
0
0
0
0
0
11
0
0
0
0
10
0
0
0
0
0
9
0
0
0
0
11
0
0
0
0
3
13
0
0
0
0
6
0
0
0
0
0
13
0
0
0
0
10
0
0
0
0
2
11
0
0
0
0
7
0
0
0
0
0
10
0
0
0
0
9
0
0
0
0
0
11
0
0
0
0
4
0
0
0
0
2
10
0
0
0
0
12
0
0
0
0
0
15
0
0
0
0
5
0
0
0
0
0
13
0
0
0
0
1
0
0
0
0
0
8
0
0
0
0
8
0
0
0
0
1
11
0
0
0
0
4
0
0
0
0
2
14
0
0
0
0
6
0
0
0
0
3
10
0
0
0
0
14
0
0
0
0
2
12
0
0
0
0
7
0
0
0
0
6
10
0
0
0
0
0
0
0
0
0
2
14
0
0
0
0
4
0
0
0
0
3
8
0
0
0
0
3
0
0
0
0
1
16
0
0
0
2
6
0
0
0
0
6
10
0
0
0
0
0
0
0
0
0
1
14
0
0
0
0
7
0
0
0
0
4
10
0
0
0
0
5
0
0
0
0
0
13
0
0
0
0
5
0
0
0
0
1
11
0
0
0
0
1
0
0
0
0
0
12
0
0
0
0
8
0
0
0
0
6
7
0
0
0
0
3
0
0
0
0
10
10
0
0
0
0
5
0
0
0
0
0
9
0
0
0
0
5
0
0
0
0
0
8
0
0
0
0
6
0
0
0
0
0
11
0
0
0
0
0
0
0
0
0
0
16
0
0
0
0
7
0
0
0
0
0
8
0
0
0
0
3
0
0
0
0
4
11
0
0
0
5
7
0
0
0
0
0
9
0
0
0
0
8
0
0
0
0
0
9
0
0
0
0
6
0
0
0
0
0
13
0
0
0
0
0
0
0
0
0
2
10
0
0
0
0
7
0
0
0
0
3
10
0
0
0
0
11
0
0
0
0
0
8
0
0
0
0
7
0
0
0
0
0
9
0
0
0
0
9
0
0
0
0
0
16
0
0
0
0
1
0
0
0
0
0
6
0
0
0
0
6
0
0
0
0
2
13
0
0
0
6
2
0
0
0
0
0
15
0
0
0
0
3
0
0
0
0
4
16
0
0
0
1
9
0
0
0
0
0
5
0
0
0
0
6
0
0
0
0
0
13
0
0
0
0
6
0
0
0
0
0
2
0
0
0
0
2
0
0
0
0
0
13
0
0
0
0
5
0
0
0
0
0
11
0
0
0
0
10
0
0
0
0
0
11
0
0
0
0
3
0
0
0
0
0
8
0
0
0
0
6
0
0
0
0
1
9
0
0
0
0
2
0
0
0
0
0
7
0
0
0
0
5
0
0
0
0
4
14
0
0
0
0
2
0
0
0
0
0
7
0
0
0
0
2
0
0
0
0
4
11
0
0
0
0
7
0
0
0
0
0
13
0
0
0
0
9
0
0
0
0
5
17
0
0
0
0
3
0
0
0
0
2
7
0
0
0
0
2
0
0
0
0
0
8
0
0
0
0
4
0
0
0
0
4
15
0
0
0
0
7
0
0
0
0
0
7
0
0
0
0
0
0
0
0
0
3
7
0
0
0
0
9
0
0
0
0
0
8
0
0
0
0
1
0
0
0
0
0
6
0
0
0
0
5
0
0
0
0
0
14
0
0
0
0
4
0
0
0
0
0
12
0
0
0
0
7
0
0
0
0
0
11
0
0
0
0
8
0
0
0
0
0
16
0
0
0
0
4
0
0
0
0
0
10
0
0
0
0
3
0
0
0
0
6
8
0
0
0
0
5
0
0
0
0
0
10
0
0
0
0
4
0
0
0
0
1
11
0
0
0
0
3
0
0
0
0
0
13
0
0
0
0
7
0
0
0
0
0
10
0
0
0
0
3
0
0
0
0
0
12
0
0
0
0
10
0
0
0
0
0
9
0
0
0
0
3
0
0
0
0
0
6
0
0
0
0
5
0
0
0
0
0
7
0
0
0
0
3
0
0
0
0
0
10
0
0
0
0
6
0
0
0
0
2
8
0
0
0
0
0
0
0
0
0
0
12
0
0
0
0
12
0
0
0
0
0
10
0
0
0
0
3
0
0
0
0
1
12
0
0
0
0
7
0
0
0
0
0
14
0
0
0
0
2
0
0
0
0
0
17
0
0
0
0
6
0
0
0
0
0
8
0
0
0
0
6
0
0
0
0
2
14
0
0
0
0
6
0
0
0
0
6
11
0
0
0
0
5
0
0
0
0
0
13
0
0
0
0
8
0
0
0
0
0
13
0
0
0
0
0
0
0
0
0
2
11
0
0
0
0
6
0
0
0
0
3
9
0
0
0
0
3
0
0
0
0
1
9
0
0
0
0
1
0
0
0
0
0
8
0
0
0
0
0
0
0
0
0
0
12
0
0
0
0
9
0
0
0
0
0
9
0
0
0
0
5
0
0
0
0
0
10
0
0
0
0
9
0
0
0
0
0
16
0
0
0
0
5
0
0
0
0
1
12
0
0
0
0
6
0
0
0
0
2
12
0
0
0
0
6
0
0
0
0
3
11
0
0
0
0
5
0
0
0
0
1
12
0
0
0
0
8
0
0
0
0
0
13
0
0
0
0
6
0
0
0
0
0
14
0
0
0
0
10
0
0
0
0
5
12
0
0
0
0
8
0
0
0
0
2
5
0
0
0
0
10
0
0
0
0
2
9
0
0
0
0
4
0
0
0
0
3
15
0
0
0
0
9
0
0
0
0
5
10
0
0
0
5
8
0
0
0
0
0
12
0
0
0
0
4
0
0
0
0
4
8
0
0
0
0
1
0
0
0
0
1
8
0
0
0
0
6
0
0
0
0
0
13
0
0
0
0
10
0
0
0
0
1
8
0
0
0
0
7
0
0
0
0
0
14
0
0
0
0
5
0
0
0
0
1
9
0
0
0
0
4
0
0
0
0
3
10
0
0
0
0
7
0
0
0
0
0
18
0
0
0
0
4
0
0
0
0
0
22
0
0
0
0
7
0
0
0
0
4
17
0
0
0
0
3
0
0
0
0
3
13
0
0
0
0
6
0
0
0
0
0
10
0
0
0
0
3
0
0
0
0
0
9
0
0
0
0
1
0
0
0
0
0
9
0
0
0
0
5
0
0
0
0
0
9
0
0
0
0
5
0
0
0
0
0
9
0
0
0
0
5
0
0
0
0
5
11
0
0
0
0
8
0
0
0
0
2
12
0
0
0
0
9
0
0
0
0
4
7
0
0
0
0
6
0
0
0
0
0
9
0
0
0
0
1
0
0
0
0
0
12
0
0
0
0
5
0
0
0
0
0
9
0
0
0
0
6
0
0
0
0
0
15
0
0
0
0
6
0
0
0
0
0
10
0
0
0
0
4
0
0
0
0
2
16
0
0
0
0
4
0
0
0
0
0
11
0
0
0
0
0
0
0
0
0
0
10
0
0
0
0
4
0
0
0
0
0
8
0
0
0
0
4
0
0
0
0
7
11
0
0
0
0
10
0
0
0
0
2
10
0
0
0
0
0
0
0
0
0
0
14
0
0
0
0
9
0
0
0
0
1
10
0
0
0
0
7
0
0
0
0
0
7
0
0
0
0
8
0
0
0
0
0
14
0
0
0
0
9
0
0
0
0
0
7
0
0
0
0
5
0
0
0
0
0
11
0
0
0
0
12
0
0
0
0
3
9
0
0
0
0
3
0
0
0
0
0
17
0
0
0
0
8
0
0
0
0
0
11
0
0
0
0
3
0
0
0
0
0
14
0
0
0
0
8
0
0
0
0
3
13
0
0
0
0
4
0
0
0
0
2
7
0
0
0
0
0
0
0
0
0
0
13
0
0
0
0
6
0
0
0
0
0
11
0
0
0
0
3
0
0
0
0
5
8
0
0
0
0
6
0
0
0
0
2
7
0
0
0
0
5
0
0
0
0
5
9
0
0
0
0
3
0
0
0
0
2
12
0
0
0
0
2
0
0
0
0
0
11
0
0
0
0
4
0
0
0
0
7
12
0
0
0
0
1
0
0
0
0
1
9
0
0
0
0
8
0
0
0
0
1
15
0
0
0
0
5
0
0
0
0
1
9
0
0
0
0
8
0
0
0
0
4
16
0
0
0
0
7
0
0
0
0
0
5
0
0
0
0
15
0
0
0
0
1
11
0
0
0
1
5
0
0
0
0
0
6
0
0
0
0
8
0
0
0
0
0
11
0
0
0
0
6
0
0
0
0
0
9
0
0
0
0
2
0
0
0
0
0
15
0
0
0
0
6
0
0
0
0
0
6
0
0
0
0
0
0
0
0
0
5
12
0
0
0
0
2
0
0
0
0
0
14
0
0
0
0
5
0
0
0
0
0
8
0
0
0
0
4
0
0
0
0
5
12
0
0
0
3
8
0
0
0
0
0
8
0
0
0
0
6
0
0
0
0
5
6
0
0
0
1
8
0
0
0
0
0
10
0
0
0
2
5
0
0
0
0
0
12
0
0
0
0
6
0
0
0
0
0
4
0
0
0
0
3
0
0
0
0
4
12
0
0
0
0
8
0
0
0
0
6
7
0
0
0
0
7
0
0
0
0
0
13
0
0
0
0
6
0
0
0
0
6
11
0
0
0
0
0
0
0
0
0
4
6
0
0
0
0
7
0
0
0
0
0
8
0
0
0
0
4
0
0
0
0
2
9
0
0
0
0
8
0
0
0
0
8
8
0
0
0
0
2
0
0
0
0
0
11
0
0
0
0
7
0
0
0
0
1
5
0
0
0
0
2
0
0
0
0
0
9
0
0
0
0
2
0
0
0
0
5
7
0
0
0
0
2
0
0
0
0
2
12
0
0
0
0
8
0
0
0
0
0
10
0
0
0
0
3
0
0
0
0
0
13
0
0
0
0
7
0
0
0
0
5
6
0
0
0
0
8
0
0
0
0
8
13
0
0
0
0
5
0
0
0
0
0
6
0
0
0
0
4
0
0
0
0
0
15
0
0
0
0
1
0
0
0
0
0
8
0
0
0
0
7
0
0
0
0
5
9
0
0
0
0
2
0
0
0
0
0
10
0
0
0
0
8
0
0
0
0
6
10
0
0
0
0
6
0
0
0
0
5
11
0
0
0
0
6
0
0
0
0
0
15
0
0
0
0
0
0
0
0
0
3
9
0
0
0
0
3
0
0
0
0
1
15
0
0
0
0
8
0
0
0
0
0
10
0
0
0
0
5
0
0
0
0
0
9
0
0
0
0
8
0
0
0
0
0
9
0
0
0
0
6
0
0
0
0
0
6
0
0
0
0
4
0
0
0
0
0
7
0
0
0
0
5
0
0
0
0
0
15
0
0
0
0
9
0
0
0
0
0
12
0
0
0
0
12
0
0
0
0
2
8
0
0
0
0
4
0
0
0
0
1
10
0
0
0
0
3
0
0
0
0
0
6
0
0
0
0
5
0
0
0
0
0
14
0
0
0
0
7
0
0
0
0
0
8
0
0
0
0
4
0
0
0
0
2
10
0
0
0
2
0
0
0
0
0
0
10
0
0
0
0
8
0
0
0
0
5
9
0
0
0
0
2
0
0
0
0
2
17
0
0
0
3
5
0
0
0
0
1
11
0
0
0
0
2
0
0
0
0
3
13
0
0
0
0
13
0
0
0
0
0
11
0
0
0
0
8
0
0
0
0
0
9
0
0
0
0
3
0
0
0
0
1
9
0
0
0
0
7
0
0
0
0
0
10
0
0
0
0
1
0
0
0
0
0
15
0
0
0
0
3
0
0
0
0
0
9
0
0
0
0
4
0
0
0
0
8
12
0
0
0
0
3
0
0
0
0
1
7
0
0
0
0
4
0
0
0
0
0
8
0
0
0
0
4
0
0
0
0
0
7
0
0
0
0
5
0
0
0
0
1
10
0
0
0
0
4
0
0
0
0
2
9
0
0
0
0
2
0
0
0
0
0
9
0
0
0
0
8
0
0
0
0
0
13
0
0
0
0
4
0
0
0
0
1
12
0
0
0
0
8
0
0
0
0
2
18
0
0
0
0
6
0
0
0
0
2
8
0
0
0
0
4
0
0
0
0
2
15
0
0
0
0
9
0
0
0
0
0
9
0
0
0
0
6
0
0
0
0
6
8
0
0
0
0
7
0
0
0
0
0
13
0
0
0
0
2
0
0
0
0
0
11
0
0
0
0
7
0
0
0
0
0
10
0
0
0
0
10
0
0
0
0
5
11
0
0
0
0
6
0
0
0
0
0
11
0
0
0
0
2
0
0
0
0
5
14
0
0
0
0
6
0
0
0
0
0
11
0
0
0
0
7
0
0
0
0
0
9
0
0
0
0
8
0
0
0
0
3
10
0
0
0
0
4
0
0
0
0
0
7
0
0
0
0
3
0
0
0
0
0
10
0
0
0
0
9
0
0
0
0
2
10
0
0
0
0
6
0
0
0
0
1
8
0
0
0
0
6
0
0
0
0
0
13
0
0
0
0
0
0
0
0
0
0
16
0
0
0
0
6
0
0
0
0
2
5
0
0
0
0
4
0
0
0
0
3
8
0
0
0
0
6
0
0
0
0
0
6
0
0
0
0
9
0
0
0
0
0
6
0
0
0
0
8
0
0
0
0
2
8
0
0
0
0
11
0
0
0
0
3
11
0
0
0
0
3
0
0
0
0
0
8
0
0
0
4
5
0
0
0
0
2
9
0
0
0
0
6
0
0
0
0
0
9
0
0
0
0
5
0
0
0
0
0
19
0
0
0
0
3
0
0
0
0
0
17
0
0
0
0
9
0
0
0
0
0
13
0
0
0
0
6
0
0
0
0
0
4
0
0
0
4
10
0
0
0
0
2
16
0
0
0
0
2
0
0
0
0
0
11
0
0
0
0
4
0
0
0
0
0
14
0
0
0
0
5
0
0
0
0
0
5
0
0
0
0
6
0
0
0
0
1
10
0
0
0
0
4
0
0
0
0
4
13
0
0
0
0
4
0
0
0
0
1
12
0
0
0
0
5
0
0
0
0
5
10
0
0
0
0
6
0
0
0
0
0
12
0
0
0
0
7
0
0
0
0
0
14
0
0
0
0
5
0
0
0
0
1
6
0
0
0
0
3
0
0
0
0
2
14
0
0
0
0
4
0
0
0
0
0
11
0
0
0
0
8
0
0
0
0
0
13
0
0
0
0
9
0
0
0
0
1
9
0
0
0
0
5
0
0
0
0
5
11
0
0
0
0
8
0
0
0
0
0
15
0
0
0
0
10
0
0
0
0
0
8
0
0
0
0
5
0
0
0
0
1
9
0
0
0
0
2
0
0
0
0
0
13
0
0
0
0
8
0
0
0
0
0
10
0
0
0
0
4
0
0
0
0
0
7
0
0
0
0
6
0
0
0
0
5
13
0
0
0
0
8
0
0
0
0
0
6
0
0
0
0
6
0
0
0
0
0
10
0
0
0
0
6
0
0
0
0
1
11
0
0
0
0
0
0
0
0
0
2
6
0
0
0
0
2
0
0
0
0
0
8
0
0
0
0
3
0
0
0
0
2
10
0
0
0
0
3
0
0
0
0
2
10
0
0
0
0
0
0
0
0
0
0
13
0
0
0
0
8
0
0
0
0
2
11
0
0
0
0
0
0
0
0
0
0
9
0
0
0
0
10
0
0
0
0
3
7
0
0
0
0
1
0
0
0
0
0
12
0
0
0
0
8
0
0
0
0
1
9
0
0
0
0
6
0
0
0
0
6
9
0
0
0
0
10
0
0
0
0
3
10
0
0
0
0
3
0
0
0
0
1
12
0
0
0
0
6
0
0
0
0
0
16
0
0
0
0
3
0
0
0
0
4
6
0
0
0
0
7
0
0
0
0
0
9
0
0
0
0
4
0
0
0
0
0
7
0
0
0
0
7
0
0
0
0
0
7
0
0
0
1
2
0
0
0
0
0
16
0
0
0
0
4
0
0
0
0
2
12
0
0
0
2
2
0
0
0
0
0
10
0
0
0
0
5
0
0
0
0
0
9
0
0
0
0
11
0
0
0
0
0
12
0
0
0
0
8
0
0
0
0
1
7
0
0
0
0
4
0
0
0
0
0
11
0
0
0
0
2
0
0
0
0
0
11
0
0
0
0
4
0
0
0
0
4
8
0
0
0
0
6
0
0
0
0
0
11
0
0
0
0
6
0
0
0
0
0
10
0
0
0
0
6
0
0
0
0
1
11
0
0
0
0
4
0
0
0
0
0
7
0
0
0
0
13
0
0
0
0
3
8
0
0
0
0
5
0
0
0
0
0
15
0
0
0
0
11
0
0
0
0
3
11
0
0
0
0
5
0
0
0
0
0
9
0
0
0
0
10
0
0
0
0
1
9
0
0
0
0
3
0
0
0
0
0
6
0
0
0
0
10
0
0
0
0
1
12
0
0
0
0
6
0
0
0
0
0
8
0
0
0
0
12
0
0
0
0
4
8
0
0
0
0
7
0
0
0
0
0
9
0
0
0
0
8
0
0
0
0
0
18
0
0
0
0
9
0
0
0
0
0
14
0
0
0
0
10
0
0
0
0
2
11
0
0
0
0
6
0
0
0
0
2
14
0
0
0
0
5
0
0
0
0
2
11
0
0
0
0
10
0
0
0
0
1
15
0
0
0
0
6
0
0
0
0
5
9
0
0
0
0
4
0
0
0
0
0
13
0
0
0
0
9
0
0
0
0
1
18
0
0
0
0
1
0
0
0
0
2
8
0
0
0
0
6
0
0
0
0
6
9
0
0
0
0
0
0
0
0
0
4
11
0
0
0
0
5
0
0
0
0
0
10
0
0
0
0
5
0
0
0
0
3
12
0
0
0
0
6
0
0
0
0
4
7
0
0
0
0
8
0
0
0
0
3
12
0
0
0
0
3
0
0
0
0
1
13
0
0
0
1
7
0
0
0
0
0
8
0
0
0
0
10
0
0
0
0
0
8
0
0
0
0
10
0
0
0
0
1
13
0
0
0
0
7
0
0
0
0
0
10
0
0
0
0
3
0
0
0
0
2
14
0
0
0
0
10
0
0
0
0
4
6
0
0
0
0
2
0
0
0
0
1
12
0
0
0
0
11
0
0
0
0
0
8
0
0
0
0
6
0
0
0
0
0
10
0
0
0
0
7
0
0
0
0
0
7
0
0
0
0
9
0
0
0
0
0
12
0
0
0
0
7
0
0
0
0
2
14
0
0
0
0
2
0
0
0
0
0
9
0
0
0
0
7
0
0
0
0
3
14
0
0
0
0
4
0
0
0
0
3
9
0
0
0
0
0
0
0
0
0
0
11
0
0
0
0
4
0
0
0
0
0
10
0
0
0
0
3
0
0
0
0
2
9
0
0
0
0
2
0
0
0
0
0
12
0
0
0
0
3
0
0
0
0
4
9
0
0
0
0
5
0
0
0
0
6
15
0
0
0
0
6
0
0
0
0
1
10
0
0
0
0
6
0
0
0
0
2
13
0
0
0
0
0
0
0
0
0
0
15
0
0
0
0
3
0
0
0
0
3
14
0
0
0
0
8
0
0
0
0
4
13
0
0
0
0
3
0
0
0
0
4
12
0
0
0
0
12
0
0
0
0
3
9
0
0
0
0
4
0
0
0
0
1
