0
60000
0
0
0
1000
0
0
1004
0
0
0
178
595
230
0
993
0
0
1001
0
0
0
1001
0
0
1001
0
0
0
0
2001
0
288
1033
1
674
0
446
556
0
0
416
75
511
0
0
0
996
1512
488
1000
0
0
1000
0
1003
0
172
829
0
0
0
0
0
997
0
0
0
0
2003
1
995
0
0
1002
0
0
0
1001
0
0
1001
0
0
712
288
0
0
845
170
989
997
1002
0
1002
1002
1998
996
1000
1001
0
1002
1001
999
998
1000
1000
1001
999
193
808
345
659
541
1002
0
1000
1001
998
1000
1002
1149
141
180
2002
998
0
1000
1001
0
433
1004
0
999
1998
0
1001
0
1001
1000
1003
996
1000
1001
0
1000
1002
998
1000
1000
1001
0
323
1005
0
997
1000
999
878
1
1001
1001
2997
1000
0
1001
0
2002
997
1000
1000
1002
0
2001
997
1000
1001
0
1001
1000
999
733
269
301
1000
282
720
773
2001
0
999
565
270
1000
1003
0
999
1001
998
2000
0
4000
810
190
0
0
376
628
1002
0
1002
1000
998
999
201
1003
0
2997
0
1000
1001
0
1000
1001
1001
0
1000
1001
999
1003
1499
503
0
2000
998
1000
810
191
1000
1001
1002
0
1003
1997
998
1000
1000
4000
0
1000
0
0
1001
0
1002
854
997
1001
236
999
1000
401
998
1000
1000
1000
1001
999
1000
813
1003
0
142
971
1000
1000
1000
1
1001
456
486
63
1001
999
2004
0
1001
0
278
997
2001
0
683
1609
2115
1274
0
1000
1001
1002
997
275
661
340
1002
0
1000
1000
999
999
2001
998
1000
1001
0
1001
0
3465
0
204
697
100
804
1004
0
997
1000
886
1002
0
1001
998
1001
1000
999
1001
0
1001
1001
1001
1001
998
1000
613
1001
1000
0
1002
0
1000
1000
1002
1000
1002
0
1000
350
997
1001
1001
999
1003
998
1000
997
1000
1000
1002
1003
999
1003
999
1000
999
1000
1000
1000
1000
1003
108
983
1007
1002
1001
1000
999
1000
1000
1003
998
999
1000
1002
997
1000
1000
1002
998
1001
999
1003
998
998
1000
1002
998
1001
999
1001
997
1002
998
1000
999
1001
1000
1001
1000
999
1000
1000
999
1001
999
1001
1000
1000
999
1001
999
1001
999
1002
1000
1000
1000
1002
999
1001
999
1001
998
543
279
794
997
1006
1000
1000
1000
1000
999
1001
1001
1000
999
1000
1001
1000
999
1000
1001
1000
999
1001
1000
1001
999
1000
1000
1001
999
1000
1000
1001
998
1000
1000
1002
998
1001
999
1002
998
1001
999
1002
998
1001
999
1002
998
1001
999
1000
1000
1000
999
1000
1001
1000
999
1000
1001
1000
999
1000
1001
1000
999
1000
1000
1000
999
1001
1000
1001
997
1002
1000
1001
997
1002
1001
1000
999
1002
998
1001
997
1002
1000
1001
997
1002
1000
1000
999
1001
1000
1000
1000
1000
1001
999
1000
1000
1001
999
1001
999
1000
1001
999
1000
999
1002
999
1000
999
1002
998
1001
999
1002
998
1001
1000
1001
999
1001
999
1001
999
1001
999
1001
999
1001
999
1001
999
1001
999
1001
999
1001
999
1001
999
1001
998
1002
996
1003
998
1002
997
1003
998
1002
997
1003
998
1001
998
1002
999
1000
82
1006
0
1000
1001
1000
1000
1000
999
1001
999
1000
1000
1002
999
999
999
1001
1001
999
1000
1001
1000
999
999
1000
1001
1000
1000
999
1001
999
1000
1000
1001
999
1000
1000
1001
1000
999
1000
1001
1000
999
1000
1001
999
1001
1000
1002
998
1001
999
1002
999
1000
999
1003
998
999
1000
1002
998
1000
1001
1000
998
1001
1001
1001
998
999
1003
1000
999
999
1003
999
998
1000
1002
1000
998
1000
1002
999
999
1001
1001
122
991
999
1005
999
999
1000
1002
999
999
1000
1002
999
999
1000
1002
999
999
1000
1002
999
999
1001
1000
999
1000
1001
1000
999
1000
1001
1000
999
1001
999
1001
999
1001
999
1001
999
1001
999
1001
999
1001
999
1001
999
1001
1031
969
999
1032
1003
996
1001
1000
1215
739
1688
1204
0
1007
0
1000
1000
1000
998
1042
994
999
1029
972
996
1178
861
1041
1511
0
1220
0
1041
0
966
1030
1132
616
1111
0
962
984
1144
954
1151
1075
0
1042
0
1038
412
1502
0
1091
1251
1288
0
1009
0
999
1037
995
1001
1040
960
1000
1004
996
1033
1114
1044
817
1189
1305
0
704
997
1030
972
1034
997
1003
1033
1038
959
1657
1305
0
159
174
1041
0
1005
992
1004
1132
864
999
1002
1002
1767
1167
0
1007
0
1038
991
971
999
1034
997
999
970
1030
1037
967
1039
989
1368
1217
1143
1239
0
1038
0
1000
1003
1001
1070
962
966
1637
1361
0
961
1010
1033
998
997
969
1000
1000
1066
926
2142
0
3238
0
0
0
767
1003
999
1215
786
1142
857
937
890
1179
958
598
1474
1328
1795
0
2185
0
1021
0
1037
1000
970
1068
960
1036
935
1032
1003
1350
937
756
1208
824
861
999
2115
0
0
962
931
1031
1000
1244
1370
1218
0
961
1069
357
1734
2867
0
0
1367
0
766
996
1007
999
1033
968
1104
963
1024
974
1111
1070
435
275
2019
0
1508
1116
0
925
999
911
1037
0
1717
1121
1349
0
1038
0
2462
0
0
1510
1676
0
1671
0
765
956
967
1033
999
1002
1059
1411
475
1230
1181
1119
0
1007
0
1030
969
1035
1245
1073
889
1525
0
1230
773
689
258
2474
0
1536
0
1580
0
1005
0
1002
1032
969
1032
1072
928
1091
823
1469
293
1048
887
845
798
3102
0
0
0
901
1002
1001
999
1037
1162
827
1004
1924
1332
0
969
241
630
591
521
474
744
459
629
1749
637
1222
1184
0
1167
0
872
2289
0
0
835
883
1033
1037
988
1069
1312
1262
2226
0
1101
0
118
998
1002
1037
965
998
1034
967
1193
1261
2371
0
1174
0
1006
0
1072
893
76
956
1000
1006
1033
970
1028
1001
1097
906
1068
977
955
1186
806
652
480
497
2112
0
1398
0
994
1007
1000
999
1000
1031
970
998
1000
1000
1501
673
480
882
71
21
1059
0
1045
0
997
1276
1325
1149
1136
1120
0
958
1069
940
1004
1025
990
1091
923
575
580
546
762
426
606
204
87
979
1006
1000
1069
931
1034
965
757
986
1009
997
1001
998
1003
997
1032
968
1001
999
1001
1000
1000
1000
999
1000
1001
999
1000
1000
1001
999
1000
1000
1001
999
1000
1000
1001
999
1000
1000
1001
999
1000
1000
1001
999
1000
1000
1001
999
1000
1000
1001
999
1000
1000
1001
999
1000
1000
1001
999
1000
1000
1001
999
1000
1000
1001
1030
976
991
1
676
516
594
1065
1864
0
441
905
1006
0
995
1005
1004
1000
998
999
1036
1187
811
1071
1075
886
881
941
1047
0
1044
961
1869
1482
0
1569
46
994
1005
1194
1439
675
773
868
528
480
1019
272
1237
0
764
1368
0
996
883
1642
1244
1109
0
1019
0
987
1257
775
1068
1354
882
1145
1627
0
1907
0
761
998
1031
1203
839
924
924
1426
0
1198
1126
1386
0
940
1009
998
1001
1000
1034
1196
762
1924
1051
31
994
1008
1716
1171
1000
1008
0
1000
1034
966
1001
1262
1133
640
960
1007
1029
1008
966
1172
817
225
3297
0
0
859
851
1731
1261
0
1007
0
999
1000
1000
1001
999
999
1000
1000
1001
998
1001
999
1000
999
1000
1001
999
999
1000
1001
1000
999
1000
1002
999
999
1000
1001
1000
1001
998
1001
1000
1000
999
1001
1000
999
1001
1001
999
999
1001
1000
1000
999
1002
999
1000
999
1001
1000
1000
999
1000
1001
1000
999
1000
1001
999
1000
1001
0
1006
1000
1002
0
1000
1000
1001
999
1000
1001
0
1001
1122
999
835
169
1000
1001
905
1000
1000
1000
1002
0
1000
1000
1002
0
999
1000
1001
0
1000
1000
1001
0
1000
1000
1001
0
1000
1000
1000
1000
1000
1001
1000
999
1002
998
1000
1020
1000
1002
0
1000
1001
999
1000
1000
1001
999
1000
1000
1001
1123
999
1003
0
999
1000
1000
1001
999
1001
1000
45
1002
0
1000
1000
999
1001
1000
1000
1022
1001
1002
0
1000
1000
1280
0
1003
0
1001
0
1001
0
1001
0
1001
0
1001
0
1001
0
1001
0
1000
991
11
561
1220
1000
1000
1001
1001
0
1001
0
1001
0
1001
0
1001
0
1001
0
1003
0
1001
0
1000
1000
1000
1001
1001
0
1001
0
1000
1000
1001
0
1004
0
1002
0
1001
0
1000
1000
1001
0
1001
0
1001
0
1001
0
1001
0
1002
0
999
1001
0
1000
1000
1000
1000
1000
1001
0
1000
1000
1000
1000
1000
862
139
999
1001
1000
1000
1000
1000
1000
1000
1000
1001
0
1000
1001
851
1003
0
1001
1037
1001
1003
0
1001
1000
1000
999
1001
998
1000
1001
1000
999
1000
1001
1000
1000
999
1001
1000
999
1000
1000
1000
1000
1000
1000
1000
1001
999
1000
1002
998
1000
1001
1000
999
1000
1000
1001
1000
999
1001
1000
1000
1000
999
1002
999
1000
1001
1000
999
1000
1000
1003
997
1000
999
1003
999
999
1000
1001
999
1000
1000
85
1003
0
1000
1003
998
1000
999
1003
998
1000
110
1000
1003
0
1001
1000
999
1001
1000
1000
999
1000
1001
1002
997
1001
1001
999
1000
999
1001
1000
999
1000
1122
0
1004
0
1029
1003
0
1001
85
992
1000
1003
1108
0
1004
0
1002
999
999
1000
1001
1000
999
1000
1002
999
999
1001
1000
1000
1000
999
1001
1000
999
1000
1001
1000
999
1000
1002
999
999
1161
0
1004
0
1000
1001
999
1000
1000
1001
1000
1000
1000
1000
999
999
1001
1000
1000
999
1000
1001
1000
999
1000
1001
1000
999
1000
1001
1000
999
1000
1002
999
999
201
748
1253
0
1004
0
1000
999
1000
1001
1000
999
1001
1000
1000
1000
999
1001
1000
999
1000
1001
1000
999
1001
999
115
1002
0
1002
1152
1000
1004
0
999
1001
999
1002
998
1000
1002
999
999
1000
1000
1001
999
1001
1281
0
1003
0
1000
1001
999
1000
1000
1001
999
1001
999
1001
1000
1000
999
45
1001
1002
0
1002
999
999
1000
1001
1000
999
1000
1001
999
1001
999
1001
999
1000
1001
1001
998
1000
1001
1000
999
1000
1001
1000
999
1000
1001
999
1000
1001
999
1000
1000
1000
1000
1000
1001
999
1000
1001
1000
1001
998
1000
1001
999
1000
1002
999
182
1250
999
1003
0
1000
1000
1001
999
1002
998
1001
999
1000
1000
1001
1000
999
1000
1001
1001
998
1001
1000
999
1000
1000
1005
1001
1002
0
1001
1000
999
1001
1002
997
1000
1002
999
999
1001
1000
1000
999
1000
1000
1001
999
1000
1000
1001
999
1000
1000
1001
999
1001
999
1001
999
1000
1000
1001
999
1000
58
1002
0
1001
1001
1000
999
1001
1000
1000
999
1000
1000
1001
999
1000
1000
1002
998
1000
1000
1001
999
1000
1000
1001
999
1000
1001
1000
999
1001
999
1001
999
1000
1000
1001
999
1257
0
1003
0
1000
1001
1000
999
1000
1001
999
1000
1001
1000
999
1000
1000
1001
1000
1000
999
1000
1001
108
1000
1003
0
106
1187
0
1003
0
1000
1001
1000
999
1000
1001
1000
999
1001
999
1001
999
75
1001
0
1001
1000
1000
1001
999
1000
1001
1000
999
1000
1001
999
999
1002
999
1000
999
1001
1000
1001
998
1001
1000
1000
999
1001
1000
1000
999
1001
1000
1000
999
1001
1000
1000
999
1001
1001
1000
998
1002
999
1000
1001
999
1000
1000
1000
1001
999
1000
1000
1000
1000
1000
999
1001
1000
1001
998
1001
1000
1001
1180
0
1003
0
1000
1001
999
1000
999
1001
1000
1001
998
1001
1001
112
1001
1001
0
1001
999
1000
1001
999
1000
1000
1001
1000
1000
999
1001
1000
111
99
1002
0
1000
1253
0
229
1001
1002
0
1000
1000
1000
1000
1000
999
1001
1000
1001
999
999
1001
1000
1002
997
1144
1000
1002
0
1001
1000
999
1000
1001
1000
999
1000
1001
1000
999
1000
1000
1001
999
1000
1000
1001
999
1000
1000
1001
999
1002
999
1000
999
1000
1000
1001
999
1000
1001
1000
1000
999
1000
1002
998
1000
1001
1000
999
1000
1000
43
1114
859
143
999
1001
1001
0
1001
999
1000
1001
1000
999
1000
1000
1001
999
1000
1001
1000
999
1000
1000
230
1001
1001
0
1001
999
1000
1000
1001
999
1000
1001
1000
999
1001
999
21
1000
1003
0
999
1000
1000
1001
1000
999
1000
1001
1000
999
1001
1002
998
999
1000
1001
1000
999
1001
1000
1000
999
1000
1002
999
999
1001
1000
1000
999
1000
1002
999
999
1081
0
308
1000
1003
0
1001
998
1000
1002
999
999
1000
1001
1001
998
1000
1000
1000
1000
1000
1000
1000
1000
1000
1000
1000
1001
1001
0
1001
1001
999
999
1000
836
1164
1000
0
5
6
3
420
347
1546
1497
610
461
0
2592
2543
2494
3
323
4
2
3
5
6
4
4
5
5
5
8
234
530
669
0
580
1372
1323
2462
2413
2364
594
0
1264
0
1254
0
0
0
0
0
0
0
0
0
0
0
0
0
0
0
0
0
0
0
0
0
0
0
0
0
0
0
0
0
0
0
0
0
0
0
0
0
0
0
0
0
0
0
0
0
0
0
0
0
0
0
0
0
0
0
0
0
0
0
0
0
0
0
0
0
0
0
0
0
0
0
0
0
0
0
0
0
0
0
0
0
0
0
0
0
0
0
0
0
0
0
0
0
0
0
0
0
0
0
0
0
0
0
0
0
0
0
0
0
0
0
0
0
0
0
0
0
0
0
0
0
0
0
0
0
0
0
0
0
0
0
0
0
0
0
0
0
0
0
0
0
0
0
0
0
0
0
0
0
0
0
0
0
0
0
0
0
0
0
0
0
0
0
0
0
0
0
0
0
0
0
0
0
0
0
0
0
0
0
0
0
0
0
0
0
0
0
0
0
0
0
0
0
0
0
0
0
0
0
0
0
0
0
0
0
0
0
0
0
0
0
0
0
0
0
0
0
0
0
0
0
0
0
0
0
0
0
0
0
0
0
0
0
0
0
0
0
0
0
0
0
0
0
0
0
0
0
0
0
0
0
0
0
0
0
0
0
0
0
0
0
0
0
0
0
0
0
0
0
0
0
0
0
0
0
0
0
0
0
0
0
0
0
0
0
0
0
0
0
0
0
0
0
0
0
0
0
0
0
0
0
0
0
0
0
0
0
0
0
0
0
0
0
0
0
0
0
0
0
0
0
0
0
0
0
0
0
0
0
0
0
0
0
0
0
0
0
0
0
0
0
0
0
0
0
0
0
0
0
0
0
0
0
0
0
0
0
0
0
0
0
0
0
0
0
0
0
0
0
0
0
0
0
0
0
0
0
0
0
0
0
0
0
0
0
0
0
0
0
0
0
0
0
0
0
0
0
0
0
0
0
0
0
0
0
0
0
0
0
0
0
0
0
0
0
0
0
0
0
0
0
0
0
0
0
0
0
0
0
0
0
0
0
0
0
0
0
0
0
0
0
0
0
0
0
0
0
0
0
0
0
0
0
0
0
0
0
0
0
0
0
0
0
0
0
0
0
0
0
0
0
0
0
0
0
0
0
0
0
0
0
0
0
0
0
0
0
0
0
0
0
0
0
0
0
0
0
0
0
0
0
0
0
0
0
0
0
0
0
0
0
0
0
0
0
0
0
0
0
0
0
0
0
0
0
0
0
0
0
0
0
0
0
0
0
0
0
0
0
0
0
0
0
0
0
0
0
0
0
0
0
0
0
0
0
0
0
0
0
0
0
0
0
0
0
0
0
0
0
0
0
0
0
0
0
0
0
0
0
0
0
0
0
0
0
0
0
0
0
0
0
0
0
0
0
0
0
0
0
0
0
0
0
0
0
0
0
0
0
0
0
0
0
0
0
0
0
0
0
0
0
0
0
0
0
0
0
0
0
0
0
0
0
0
0
0
0
0
0
0
0
0
0
0
0
0
0
0
0
0
0
0
0
0
0
0
0
0
0
0
0
0
0
0
0
0
0
0
0
0
0
0
0
0
0
0
0
0
0
0
0
0
0
0
0
0
0
0
0
0
0
0
0
0
0
0
0
0
0
0
0
0
0
0
0
0
0
0
0
0
0
0
0
0
0
0
0
0
0
0
0
0
0
0
0
0
0
0
0
0
0
0
0
0
0
0
0
0
0
0
0
0
0
0
0
0
0
0
0
0
0
0
0
0
0
0
0
0
0
0
0
0
0
0
0
0
0
0
0
0
0
0
0
0
0
0
0
0
0
0
0
0
0
0
0
0
0
0
0
0
0
0
0
0
0
0
0
0
0
0
0
0
0
0
0
0
0
0
0
0
0
0
0
0
0
0
0
0
0
0
0
0
0
0
0
0
0
0
0
0
0
0
0
0
0
0
0
0
0
0
0
0
0
0
0
0
0
0
0
0
0
0
0
0
0
0
0
0
0
0
0
0
0
0
0
0
0
0
0
0
0
0
0
0
0
0
0
0
0
0
0
0
0
0
0
0
0
0
0
0
0
0
0
0
0
0
0
0
0
0
0
0
0
0
0
0
0
0
0
0
0
0
0
0
0
0
0
0
0
0
0
0
0
0
0
0
0
0
0
0
0
0
0
0
0
0
0
0
0
0
0
0
0
0
0
0
0
0
0
0
0
0
0
0
0
0
0
0
0
0
0
0
0
0
0
0
0
0
0
0
0
0
0
0
0
0
0
0
0
0
0
0
0
0
0
0
0
0
0
0
0
0
0
0
0
0
0
0
0
0
0
0
0
0
0
0
0
0
0
0
0
0
0
0
0
0
0
0
0
0
0
0
0
0
0
0
0
0
0
0
0
0
0
0
0
0
0
0
0
0
0
0
0
0
0
0
0
0
0
0
0
0
0
0
0
0
0
0
0
0
0
0
0
0
0
0
0
0
0
0
0
0
0
0
0
0
0
0
0
0
0
0
0
0
0
0
0
0
0
0
0
0
0
0
0
0
0
0
0
0
0
0
0
0
0
0
0
0
0
0
0
0
0
0
0
0
0
0
0
0
0
0
0
0
0
0
0
0
0
0
0
0
0
0
0
0
0
0
0
0
0
0
0
0
0
0
0
0
0
0
0
0
0
0
0
0
0
0
0
0
0
0
0
0
0
0
0
0
0
0
0
0
0
0
0
0
0
0
0
0
0
0
0
0
0
0
0
0
0
0
0
0
0
0
0
0
0
0
0
0
0
0
0
0
0
0
0
0
0
0
0
0
0
0
0
0
0
0
0
0
0
0
0
0
0
0
0
0
0
0
0
0
0
0
0
0
0
0
0
0
0
0
0
0
0
0
0
0
0
0
0
0
0
0
0
0
0
0
0
0
0
0
0
0
0
0
0
0
0
0
0
0
0
0
0
0
0
0
0
0
0
0
0
0
0
0
0
0
0
0
0
0
0
0
0
0
0
0
0
0
0
0
0
0
0
0
0
0
0
0
0
0
0
0
0
0
0
0
0
0
0
0
0
0
0
0
0
0
0
0
0
0
0
0
0
0
0
0
0
0
0
0
0
0
0
0
0
0
0
0
0
0
0
0
0
0
0
0
0
0
0
0
0
0
0
0
0
0
0
0
0
0
0
0
0
0
0
0
0
0
0
0
0
0
0
0
0
0
0
0
0
0
0
0
0
0
0
0
0
0
0
0
0
0
0
0
0
0
0
0
0
0
0
0
0
0
0
0
0
0
0
0
0
0
0
0
0
0
0
0
0
0
0
0
0
0
0
0
0
0
0
0
0
0
0
0
0
0
0
0
0
0
0
0
0
0
0
0
0
0
0
0
0
0
0
0
0
0
0
0
0
0
0
0
0
0
0
0
0
0
0
0
0
0
0
0
0
0
0
0
0
0
0
0
0
0
0
0
0
0
0
0
0
0
0
0
0
0
0
0
0
0
0
0
0
0
0
0
0
0
0
0
0
0
0
0
0
0
0
0
0
0
0
0
0
0
0
0
0
0
0
0
0
0
0
0
0
0
0
0
0
0
0
0
0
0
0
0
0
0
0
0
0
0
0
0
0
0
0
0
0
0
0
0
0
0
0
0
0
0
0
0
0
0
0
0
0
0
0
0
0
0
0
0
0
0
0
0
0
0
0
0
0
0
0
0
0
0
0
0
0
0
0
0
0
0
0
0
0
0
0
0
0
0
0
0
0
0
0
0
0
0
0
0
0
0
0
0
0
0
0
0
0
0
0
0
0
0
0
0
0
0
0
0
0
0
0
0
0
0
0
0
0
0
0
0
0
0
0
0
0
0
0
0
0
0
0
0
0
0
0
0
0
0
0
0
0
0
0
0
0
0
0
0
0
0
0
0
0
0
0
0
0
0
0
0
0
0
0
0
0
0
0
0
0
0
0
0
0
0
0
0
0
0
0
0
0
0
0
0
0
0
0
0
0
0
0
0
0
0
0
0
0
0
0
0
0
0
0
0
0
0
0
0
0
0
0
0
0
0
0
0
0
0
0
0
0
0
0
0
0
0
0
0
0
0
0
0
0
0
0
0
0
0
0
0
0
0
0
0
0
0
0
0
0
0
0
0
0
0
0
0
0
0
0
0
0
0
0
0
0
0
0
0
0
0
0
0
0
0
0
0
0
0
0
0
0
0
0
0
0
0
0
0
0
0
0
0
0
0
0
0
0
0
0
0
0
0
0
0
0
0
0
0
0
0
0
0
0
0
0
0
0
0
0
0
0
0
0
0
0
0
0
0
0
0
0
0
0
0
0
0
0
0
0
0
0
0
0
0
0
0
0
0
0
0
0
0
0
0
0
0
0
0
0
0
0
0
0
0
0
0
0
0
0
0
0
0
0
0
0
0
0
0
0
0
0
0
0
0
0
0
0
0
0
0
0
0
0
0
0
0
0
0
0
0
0
0
0
0
0
0
0
0
0
0
0
0
0
0
0
0
0
0
0
0
0
0
0
0
0
0
0
0
0
0
0
0
0
0
0
0
0
0
0
0
0
0
0
0
0
0
0
0
0
0
0
0
0
0
0
0
0
0
0
0
0
0
0
0
0
0
0
0
0
0
0
0
0
0
0
0
0
0
0
0
0
0
0
0
0
0
0
0
0
0
0
0
0
0
0
0
0
0
0
0
0
0
0
0
0
0
0
0
0
0
0
0
0
0
0
0
0
0
0
0
0
0
0
0
0
0
0
0
0
0
0
0
0
0
0
0
0
0
0
0
0
0
0
0
0
0
0
0
0
0
0
0
0
0
0
0
0
0
0
0
0
0
0
0
0
0
0
0
0
0
0
0
0
0
0
0
0
0
0
0
0
0
0
0
0
0
0
0
0
0
0
0
0
0
0
0
0
0
0
0
0
0
0
0
0
0
0
0
0
0
0
0
0
0
0
0
0
0
0
0
0
0
0
0
0
0
0
0
0
0
0
0
0
0
0
0
0
0
0
0
0
0
0
0
0
0
0
0
0
0
0
0
0
0
0
0
0
0
0
0
0
0
0
0
0
0
0
0
0
0
0
0
0
0
0
0
0
0
0
0
0
0
0
0
0
0
0
0
0
0
0
0
0
0
0
0
0
0
0
0
0
0
0
0
0
0
0
0
0
0
0
0
0
0
0
0
0
0
0
0
0
0
0
0
0
0
0
0
0
0
0
0
0
0
0
0
0
0
0
0
0
0
0
0
0
0
0
0
0
0
0
0
0
0
0
0
0
0
0
0
0
0
0
0
0
0
0
0
0
0
0
0
0
0
0
0
0
0
0
0
0
0
0
0
0
0
0
0
0
0
0
0
0
0
0
0
0
0
0
0
0
0
0
0
0
0
0
0
0
0
0
0
0
0
0
0
0
0
0
0
0
0
0
0
0
0
0
0
0
0
0
0
0
0
0
0
0
0
0
0
0
0
0
0
0
0
0
0
0
0
0
0
0
0
0
0
0
0
0
0
0
0
0
0
0
0
0
0
0
0
0
0
0
0
0
0
0
0
0
0
0
0
0
0
0
0
0
0
0
0
0
0
0
0
0
0
0
0
0
0
0
0
0
0
0
0
0
0
0
0
0
0
0
0
0
0
0
0
0
0
0
0
0
0
0
0
0
0
0
0
0
0
0
0
0
0
0
0
0
0
0
0
0
0
0
0
0
0
0
0
0
0
0
0
0
0
0
0
0
0
0
0
0
0
0
0
0
0
0
0
0
0
0
0
0
0
0
0
0
0
0
0
0
0
0
0
0
0
0
0
0
0
0
0
0
0
0
0
0
0
0
0
0
0
0
0
0
0
0
0
0
0
0
0
0
0
0
0
0
0
0
0
0
0
0
0
0
0
0
0
0
0
0
0
0
0
0
0
0
0
0
0
0
0
0
0
0
0
0
0
0
0
0
0
0
0
0
0
0
0
0
0
0
0
0
0
0
0
0
0
0
0
0
0
0
0
0
0
0
0
0
0
0
0
0
0
0
0
0
0
0
0
0
0
0
0
0
0
0
0
0
0
0
0
0
0
0
0
0
0
0
0
0
0
0
0
0
0
0
0
0
0
0
0
0
0
0
0
0
0
0
0
0
0
0
0
0
0
0
0
0
0
0
0
0
0
0
0
0
0
0
0
0
0
0
0
0
0
0
0
0
0
0
0
0
0
0
0
0
0
0
0
0
0
0
0
0
0
0
0
0
0
0
0
0
0
0
0
0
0
0
0
0
0
0
0
0
0
0
0
0
0
0
0
0
0
0
0
0
0
0
0
0
0
0
0
0
0
0
0
0
0
0
0
0
0
0
0
0
0
0
0
0
0
0
0
0
0
0
0
0
0
0
0
0
0
0
0
0
0
0
0
0
0
0
0
0
0
0
0
0
0
0
0
0
0
0
0
0
0
0
0
0
0
0
0
0
0
0
0
0
0
0
0
0
0
0
0
0
0
0
0
0
0
0
0
0
0
0
0
0
0
0
0
0
0
0
0
0
0
0
0
0
0
0
0
0
0
0
0
0
0
0
0
0
0
0
0
0
0
0
0
0
0
0
0
0
0
0
0
0
0
0
0
0
0
0
0
0
0
0
0
0
0
0
0
0
0
0
0
0
0
0
0
0
0
0
0
0
0
0
0
0
0
0
0
0
0
0
0
0
0
0
0
0
0
0
0
0
0
0
0
0
0
0
0
0
0
0
0
0
0
0
0
0
0
0
0
0
0
0
0
0
0
0
0
0
0
0
0
0
0
0
0
0
0
0
0
0
0
0
0
0
0
0
0
0
0
0
0
0
0
0
0
0
0
0
0
0
0
0
0
0
0
0
0
0
0
0
0
0
0
0
0
0
0
0
0
0
0
0
0
0
0
0
0
0
0
0
0
0
0
0
0
0
0
0
0
0
0
0
0
0
0
0
0
0
0
0
0
0
0
0
0
0
0
0
0
0
0
0
0
0
0
0
0
0
0
0
0
0
0
0
0
0
0
0
0
0
0
0
0
0
0
0
0
0
0
0
0
0
0
0
0
0
0
0
0
0
0
0
0
0
0
0
0
0
0
0
0
0
0
0
0
0
0
0
0
0
0
0
0
0
0
0
0
0
0
0
0
0
0
0
0
0
0
0
0
0
0
0
0
0
0
0
0
0
0
0
0
0
0
0
0
0
0
0
0
0
0
0
0
0
0
0
0
0
0
0
0
0
0
0
0
0
0
0
0
0
0
0
0
0
0
0
0
0
0
0
0
0
0
0
0
0
0
0
0
0
0
0
0
0
0
0
0
0
0
0
0
0
0
0
0
0
0
0
0
0
0
0
0
0
0
0
0
0
0
0
0
0
0
0
0
0
0
0
0
0
0
0
0
0
0
0
0
0
0
0
0
0
0
0
0
0
0
0
0
0
0
0
0
0
0
0
0
0
0
0
0
0
0
0
0
0
0
0
0
0
0
0
0
0
0
0
0
0
0
0
0
0
0
0
0
0
0
0
0
0
0
0
0
0
0
0
0
0
0
0
0
0
0
0
0
0
0
0
0
0
0
0
0
0
0
0
0
0
0
0
0
0
0
0
0
0
0
0
0
0
0
0
0
0
0
0
0
0
0
0
0
0
0
0
0
0
0
0
0
0
0
0
0
0
0
0
0
0
0
0
0
0
0
0
0
0
0
0
0
0
0
0
0
0
0
0
0
0
0
0
0
0
0
0
0
0
0
0
0
0
0
0
0
0
0
0
0
0
0
0
0
0
0
0
0
0
0
0
0
0
0
0
0
0
0
0
0
0
0
0
0
0
0
0
0
0
0
0
0
0
0
0
0
0
0
0
0
0
0
0
0
0
0
0
0
0
0
0
0
0
0
0
0
0
0
0
0
0
0
0
0
0
0
0
0
0
0
0
0
0
0
0
0
0
0
0
0
0
0
0
0
0
0
0
0
0
0
0
0
0
0
0
0
0
0
0
0
0
0
0
0
0
0
0
0
0
0
0
0
0
0
0
0
0
0
0
0
0
0
0
0
0
0
0
0
0
0
0
0
0
0
0
0
0
0
0
0
0
0
0
0
0
0
0
0
0
0
0
0
0
0
0
0
0
0
0
0
0
0
0
0
0
0
0
0
0
0
0
0
0
0
0
0
0
0
0
0
0
0
0
0
0
0
0
0
0
0
0
0
0
0
0
0
0
0
0
0
0
0
0
0
0
0
0
0
0
0
0
0
0
0
0
0
0
0
0
0
0
0
0
0
0
0
0
0
0
0
0
0
0
0
0
0
0
0
0
0
0
0
0
0
0
0
0
0
0
0
0
0
0
0
0
0
0
0
0
0
0
0
0
0
0
0
0
0
0
0
0
0
0
0
0
0
0
0
0
0
0
0
0
0
0
0
0
0
0
0
0
0
0
0
0
0
0
0
0
0
0
0
0
0
0
0
0
0
0
0
0
0
0
0
0
0
0
0
0
0
0
0
0
0
0
0
0
0
0
0
0
0
0
0
0
0
0
0
0
0
0
0
0
0
0
0
0
0
0
0
0
0
0
0
0
0
0
0
0
0
0
0
0
0
0
0
0
0
0
0
0
0
0
0
0
0
0
0
0
0
0
0
0
0
0
0
0
0
0
0
0
0
0
0
0
0
0
0
0
0
0
0
0
0
0
0
0
0
0
0
0
0
0
0
0
0
0
0
0
0
0
0
0
0
0
0
0
0
0
0
0
0
0
0
0
0
0
0
0
0
0
0
0
0
0
0
0
0
0
0
0
0
0
0
0
0
0
0
0
0
0
0
0
0
0
0
0
0
0
0
0
0
0
0
0
0
0
0
0
0
0
0
0
0
0
0
0
0
0
0
0
0
0
0
0
0
0
0
0
0
0
0
0
0
0
0
0
0
0
0
0
0
0
0
0
0
0
0
0
0
0
0
0
0
0
0
0
0
0
0
0
0
0
0
0
0
0
0
0
0
0
0
0
0
0
0
0
0
0
0
0
0
0
0
0
0
0
0
0
0
0
0
0
0
0
0
0
0
0
0
0
0
0
0
0
0
0
0
0
0
0
0
0
0
0
0
0
0
0
0
0
0
0
0
0
0
0
0
0
0
0
0
0
0
0
0
0
0
0
0
0
0
0
0
0
0
0
0
0
0
0
0
0
0
0
0
0
0
0
0
0
0
0
0
0
0
0
0
0
0
0
0
0
0
0
0
0
0
0
0
0
0
0
0
0
0
0
0
0
0
0
0
0
0
0
0
0
0
0
0
0
0
0
0
0
0
0
0
0
0
0
0
0
0
0
0
0
0
0
0
0
0
0
0
0
0
0
0
0
0
0
0
0
0
0
0
0
0
0
0
0
0
0
0
0
0
0
0
0
0
0
0
0
0
0
0
0
0
0
0
0
0
0
0
0
0
0
0
0
0
0
0
0
0
0
0
0
0
0
0
0
0
0
0
0
0
0
0
0
0
0
0
0
0
0
0
0
0
0
0
0
0
0
0
0
0
0
0
0
0
0
0
0
0
0
0
0
0
0
0
0
0
0
0
0
0
0
0
0
0
0
0
0
0
0
0
0
0
0
0
0
0
0
0
0
0
0
0
0
0
0
0
0
0
0
0
0
0
0
0
0
0
0
0
0
0
0
0
0
0
0
0
0
0
0
0
0
0
0
0
0
0
0
0
0
0
0
0
0
0
0
0
0
0
0
0
0
0
0
0
0
0
0
0
0
0
0
0
0
0
0
0
0
0
0
0
0
0
0
0
0
0
0
0
0
0
0
0
0
0
0
0
0
0
0
0
0
0
0
0
0
0
0
0
0
0
0
0
0
0
0
0
0
0
0
0
0
0
0
0
0
0
0
0
0
0
0
0
0
0
0
0
0
0
0
0
0
0
0
0
0
0
0
0
0
0
0
0
0
0
0
0
0
0
0
0
0
0
0
0
0
0
0
0
0
0
0
0
0
0
0
0
0
0
0
0
0
0
0
0
0
0
0
0
0
0
0
0
0
0
0
0
0
0
0
0
0
0
0
0
0
0
0
0
0
0
0
0
0
0
0
0
0
0
0
0
0
0
0
0
0
0
0
0
0
0
0
0
0
0
0
0
0
0
0
0
0
0
0
0
0
0
0
0
0
0
0
0
0
0
0
0
0
0
0
0
0
0
0
0
0
0
0
0
0
0
0
0
0
0
0
0
0
0
0
0
0
0
0
0
0
0
0
0
0
0
0
0
0
0
0
0
0
0
0
0
0
0
0
0
0
0
0
0
0
0
0
0
0
0
0
0
0
0
0
0
0
0
0
0
0
0
0
0
0
0
0
0
0
0
0
0
0
0
0
0
0
0
0
0
0
0
0
0
0
0
0
0
0
0
0
0
0
0
0
0
0
0
0
0
0
0
0
0
0
0
0
0
0
0
0
0
0
0
0
0
0
0
0
0
0
0
0
0
0
0
0
0
0
0
0
0
0
0
0
0
0
0
0
0
0
0
0
0
0
0
0
0
0
0
0
0
0
0
0
0
0
0
0
0
0
0
0
0
0
0
0
0
0
0
0
0
0
0
0
0
0
0
0
0
0
0
0
0
0
0
0
0
0
0
0
0
0
0
0
0
0
0
0
0
0
0
0
0
0
0
0
0
0
0
0
0
0
0
0
0
0
0
0
0
0
0
0
0
0
0
0
0
0
0
0
0
0
0
0
0
0
0
0
0
0
0
0
0
0
0
0
0
0
0
0
0
0
0
0
0
0
0
0
0
0
0
0
0
0
0
0
0
0
0
0
0
0
0
0
0
0
0
0
0
0
0
0
0
0
0
0
0
0
0
0
0
0
0
0
0
0
0
0
0
0
0
0
0
0
0
0
0
0
0
0
0
0
0
0
0
0
0
0
0
0
0
0
0
0
0
0
0
0
0
0
0
0
0
0
0
0
0
0
0
0
0
0
0
0
0
0
0
0
0
0
0
0
0
0
0
0
0
0
0
0
0
0
0
0
0
0
0
0
0
0
0
0
0
0
0
0
0
0
0
0
0
0
0
0
0
0
0
0
0
0
0
0
0
0
0
0
0
0
0
0
0
0
0
0
0
0
0
0
0
0
0
0
0
0
0
0
0
0
0
0
0
0
0
0
0
0
0
0
0
0
0
0
0
0
0
0
0
0
0
0
0
0
0
0
0
0
0
0
0
0
0
0
0
0
0
0
0
0
0
0
0
0
0
0
0
0
0
0
0
0
0
0
0
0
0
0
0
0
0
0
0
0
0
0
0
0
0
0
0
0
0
0
0
0
0
0
0
0
0
0
0
0
0
0
0
0
0
0
0
0
0
0
0
0
0
0
0
0
0
0
0
0
0
0
0
0
0
0
0
0
0
0
0
0
0
0
0
0
0
0
0
0
0
0
0
0
0
0
0
0
0
0
0
0
0
0
0
0
0
0
0
0
0
0
0
0
0
0
0
0
0
0
0
0
0
0
0
0
0
0
0
0
0
0
0
0
0
0
0
0
0
0
0
0
0
0
0
0
0
0
0
0
0
0
0
0
0
0
0
0
0
0
0
0
0
0
0
0
0
0
0
0
0
0
0
0
0
0
0
0
0
0
0
0
0
0
0
0
0
0
0
0
0
0
0
0
0
0
0
0
0
0
0
0
0
0
0
0
0
0
0
0
0
0
0
0
0
0
0
0
0
0
0
0
0
0
0
0
0
0
0
0
0
0
0
0
0
0
0
0
0
0
0
0
0
0
0
0
0
0
0
0
0
0
0
0
0
0
0
0
0
0
0
0
0
0
0
0
0
0
0
0
0
0
0
0
0
0
0
0
0
0
0
0
0
0
0
0
0
0
0
0
0
0
0
0
0
0
0
0
0
0
0
0
0
0
0
0
0
0
0
0
0
0
0
0
0
0
0
0
0
0
0
0
0
0
0
0
0
0
0
0
0
0
0
0
0
0
0
0
0
0
0
0
0
0
0
0
0
0
0
0
0
0
0
0
0
0
0
0
0
0
0
0
0
0
0
0
0
0
0
0
0
0
0
0
0
0
0
0
0
0
0
0
0
0
0
0
0
0
0
0
0
0
0
0
0
0
0
0
0
0
0
0
0
0
0
0
0
0
0
0
0
0
0
0
0
0
0
0
0
0
0
0
0
0
0
0
0
0
0
0
0
0
0
0
0
0
0
0
0
0
0
0
0
0
0
0
0
0
0
0
0
0
0
0
0
0
0
0
0
0
0
0
0
0
0
0
0
0
0
0
0
0
0
0
0
0
0
0
0
0
0
0
0
0
0
0
0
0
0
0
0
0
0
0
0
0
0
0
0
0
0
0
0
0
0
0
0
0
0
0
0
0
0
0
0
0
0
0
0
0
0
0
0
0
0
0
0
0
0
0
0
0
0
0
0
0
0
0
0
0
0
0
0
0
0
0
0
0
0
0
0
0
0
0
0
0
0
0
0
0
0
0
0
0
0
0
0
0
0
0
0
0
0
0
0
0
0
0
0
0
0
0
0
0
0
0
0
0
0
0
0
0
0
0
0
0
0
0
0
0
0
0
0
0
0
0
0
0
0
0
0
0
0
0
0
0
0
0
0
0
0
0
0
0
0
0
0
0
0
0
0
0
0
0
0
0
0
0
0
0
0
0
0
0
0
0
0
0
0
0
0
0
0
0
0
0
0
0
0
0
0
0
0
0
0
0
0
0
0
0
0
0
0
0
0
0
0
0
0
0
0
0
0
0
0
0
0
0
0
0
0
0
0
0
0
0
0
0
0
0
0
0
0
0
0
0
0
0
0
0
0
0
0
0
0
0
0
0
0
0
0
0
0
0
0
0
0
0
0
0
0
0
0
0
0
0
0
0
0
0
0
0
0
0
0
0
0
0
0
0
0
0
0
0
0
0
0
0
0
0
0
0
0
0
0
0
0
0
0
0
0
0
0
0
0
0
0
0
0
0
0
0
0
0
0
0
0
0
0
0
0
0
0
0
0
0
0
0
0
0
0
0
0
0
0
0
0
0
0
0
0
0
0
0
0
0
0
0
0
0
0
0
0
0
0
0
0
0
0
0
0
0
0
0
0
0
0
0
0
0
0
0
0
0
0
0
0
0
0
0
0
0
0
0
0
0
0
0
0
0
0
0
0
0
0
0
0
0
0
0
0
0
0
0
0
0
0
0
0
0
0
0
0
0
0
0
0
0
0
0
0
0
0
0
0
0
0
0
0
0
0
0
0
0
0
0
0
0
0
0
0
0
0
0
0
0
0
0
0
0
0
0
0
0
0
0
0
0
0
0
0
0
0
0
0
0
0
0
0
0
0
0
0
0
0
0
0
0
0
0
0
0
0
0
0
0
0
0
0
0
0
0
0
0
0
0
0
0
0
0
0
0
0
0
0
0
0
0
0
0
0
0
0
0
0
0
0
0
0
0
0
0
0
0
0
0
0
0
0
0
0
0
0
0
0
0
0
0
0
0
0
0
0
0
0
0
0
0
0
0
0
0
0
0
0
0
0
0
0
0
0
0
0
0
0
0
0
0
0
0
0
0
0
0
0
0
0
0
0
0
0
0
0
0
0
0
0
0
0
0
0
0
0
0
0
0
0
0
0
0
0
0
0
0
0
0
0
0
0
0
0
0
0
0
0
0
0
0
0
0
0
0
0
0
0
0
0
0
0
0
0
0
0
0
0
0
0
0
0
0
0
0
0
0
0
0
0
0
0
0
0
0
0
0
0
0
0
0
0
0
0
650
1550
2250
2800
3450
3750
4500
4950
5700
5650
6650
6650
7650
7900
7800
8200
9200
10200
11200
12200
13200
8000
