3.74464
3.2
2.56
3.2
2.72
2.72
4.8
2.24
2.88
2.88
3.52
3.44
3.52
3.36
2.72
4
3.04
2.4
3.52
2.08
2.88
2.72
3.04
2.08
1.92
3.04
3.68
3.2
4.32
3.2
3.04
3.2
2.72
3.52
2.24
3.04
3.2
2.4
4.32
2.24
2.72
3.68
3.2
2.88
2.56
3.52
4.48
3.04
4.8
4.32
2.72
2.88
3.2
4.64
3.68
3.2
4.16
3.92
4.32
3.52
2.56
3.52
4
3.52
3.04
4.16
3.84
6.08
4.72
3.68
3.36
4.16
2.88
4.48
4.64
2.72
4.48
2.88
4.16
6.24
3.2
3.84
4.16
3.2
5.44
7.84
2.56
3.04
4.96
4.48
3.2
5.92
3.36
5.28
2.24
5.12
6.24
3.04
4.32
5.12
4.48
6.08
3.52
4.8
2.72
6.08
4.48
5.12
2.88
3.52
4.96
4.96
4
4
1.6
4.8
3.2
3.52
4.8
3.84
4.32
2.88
5.12
6.88
4.96
5.44
3.84
5.44
3.52
3.84
3.52
4.96
3.2
5.76
2.4
4
4.96
3.36
4.64
3.52
4.48
4.48
3.36
5.28
5.12
3.04
4.64
3.52
6.08
1.92
4.48
3.52
3.84
3.68
4.64
4.16
5.76
4.42667
3.52
4.64
5.44
5.28
4.16
5.92
3.04
3.84
3.2
5.12
5.28
3.52
4.48
5.12
3.84
4.96
3.2
5.92
4
4.96
5.44
3.2
4
3.2
4.8
4.48
3.36
4
3.68
4.64
4.8
5.44
2.88
4.96
2.88
4.8
4.8
4.64
5.6
3.68
4.48
5.6
3.84
4
3.52
3.52
4.64
4.48
3.36
4.32
4.32
4.48
3.52
4.16
4.48
3.68
5.92
3.68
5.28
5.28
5
2.08
2.56
6.24
4
3.04
3.52
4.96
7.2
3.52
3.68
4.96
4.96
2.88
5.76
3.2
3.84
6.24
3.68
5.28
2.08
2.88
4
4.8
4.64
4.96
2.24
4.96
4.32
4.8
4.96
2.56
5.28
4.96
3.52
4.96
4.04
1.76
5.28
5.12
5.12
4.8
4.48
5.44
6.08
4
2.56
3.68
4.16
4
4.48
4.96
3.2
5.44
3.2
3.36
2.56
4.16
5.92
4.96
3.68
3.52
4.16
6.24
2.88
3.68
4.64
5.36
2.56
3.04
5.44
3.84
5.76
4.8
1.92
4.48
3.04
4.64
4.96
4.64
3.36
4.64
4.48
4.64
2.88
6.08
2.56
3.2
5.04
5.6
5.12
4.16
1.6
4
3.52
3.84
4.32
5.12
2.88
5.92
3.2
6.24
2.56
4.88
6.4
3.36
4.32
4
4.48
3.04
5.12
2.72
4
3.04
4
4.32
5.12
4.96
4.8
2.72
7.2
2.88
4
3.52
5.44
3.52
4
5.76
2.88
3.2
5.6
4.32
4.32
6.72
3.04
4.64
3.84
4.64
3.2
4.16
6.4
3.2
4.16
3.04
4.8
4.32
4.32
4.96
6.24
2.4
4.8
3.2
4.64
5.12
4.16
3.92
4.08
6.4
2.88
3.36
4.32
3.52
4.64
2.88
5.28
3.36
1.92
2.72
4.96
4.32
3.68
4.32
4.48
4.16
3.36
3.84
2.88
4.96
4.48
3.36
3.36
4.16
3.68
5.12
3.2
3.2
3.36
2.56
4
4.64
3.68
3.68
2.88
2.88
4.32
3.36
3.84
3.52
3.36
2.72
4.32
4.16
3.52
3.04
3.04
2.24
3.84
3.84
4.16
3.68
3.52
3.52
3.44
4
3.52
2.88
4.32
3.52
3.2
2.72
5.28
3.2
3.68
2.88
3.2
4.08
2.88
3.52
4.16
3.84
4.64
4.32
3.84
3.2
3.52
3.2
2.88
4
3.84
4.16
2.24
3.52
3.64
3.2
4
3.84
3.84
3.84
3.68
3.2
3.52
4
3.36
3.2
4
2.08
2.88
3.84
3.52
3.36
4.48
3.36
5.28
3.2
4.64
3.52
3.36
3.44
4.64
3.52
3.68
4.48
3.12
4.16
3.52
4.32
3.2
4.16
3.36
4.48
3.94667
3.68
4.16
3.52
4
3.68
3.52
3.68
4.32
1.76
4.16
3.52
4.16
4
2.72
4.32
4
3.2
4.48
4
3.84
4.16
4.64
4.16
2.88
3.2
4.64
3.68
1.92
4.8
5.28
4.96
4.16
5.28
3.84
4.32
3.68
4.64
5.12
3.84
4.16
4.16
3.84
4.24
3.52
4.16
3.68
2.56
3.68
4.16
4.64
3.36
4.64
4.64
4
3.68
4.48
4.36
4
4.8
4.48
3.2
3.84
2.08
5.28
4.16
4.8
4.16
3.84
4.16
4
4.96
2.88
4
4.48
4.32
4.8
5.28
4.16
4.32
4
4
1.92
4.32
3.04
4.48
3.2
3.52
5.12
3.68
2.72
4
4.32
4.96
5.28
5.12
4.48
4.16
4.16
3.84
2.88
3.68
4.16
3.04
4.48
5.76
4.96
4.96
5.92
4.96
4.88
4.8
4.8
4.8
4.64
5.76
4.48
5.28
3.84
4.48
4.96
4.48
4
5.92
4.8
4.48
5.12
6.24
4
4.8
5.12
4.32
3.84
4.48
4.16
7.2
3.36
1.92
5.76
5.28
6.56
4.32
5.28
6.56
4.16
3.68
3.84
3.84
3.68
4.48
4.8
4.48
4.8
4.8
3.84
4.48
5.6
2.24
6.08
4.48
4.16
6.08
6.08
5.12
5.28
5.76
5.44
3.52
5.12
5.6
7.36
5.6
5.76
4.8
5.92
6.08
2.72
5.76
6.88
5.12
5.6
4.8
5.44
4.64
4.32
4.96
6.56
5.12
5.76
6.24
5.92
4.64
6.08
6.08
4
5.76
2.56
4
4
6.56
5.92
4.16
5.12
5.28
5.12
5.44
4.8
5.28
5.6
6.4
5.12
4.32
3.68
4.48
5.6
2.56
5.76
4.32
4.48
6.08
5.92
5.12
3.36
4.64
4.96
5.76
6.56
5.76
5.12
5.28
3.68
4.32
5.12
5.76
4.96
3.04
5.92
5.6
5.12
4.32
4.32
4.64
6.24
4.64
4.96
6.56
5.44
5.44
4.96
6.24
6.72
6.56
7.36
6.72
2.72
5.92
4.8
5.6
6.08
5.76
5.6
5.92
6.56
5.12
5.92
4.64
5.12
6.4
5.44
5.28
6.24
7.04
5.28
5.76
3.68
5.12
6.08
5.6
6.4
5.6
5.92
6.24
5.76
6.56
6.88
6.56
5.12
5.76
7.04
5.44
7.2
6.08
6.08
2.56
6.08
5.44
5.6
4.64
5.28
6.72
5.28
6.72
5.44
4.64
6.56
5.6
6.4
5.44
5.28
5.76
6.56
6.24
6.88
3.2
5.92
5.6
6.88
6.08
6.08
5.44
6.88
5.12
5.76
5.44
5.76
6.4
5.28
6.56
5.92
6.24
6.24
7.04
3.2
6.24
6.24
6.24
5.92
5.6
6.88
6.56
5.76
6.4
5.76
5.44
5.6
6.4
6.72
5.76
5.44
5.12
7.52
6.72
3.04
5.6
5.92
6.08
6.08
5.28
5.28
7.36
5.6
5.12
5.28
4.96
4.64
5.12
5.28
5.28
6.24
5.76
5.44
3.52
5.28
6.08
5.76
6.08
5.44
5.28
7.2
6.08
5.44
5.28
5.92
4.8
5.76
6.88
6.72
6.24
5.6
6.4
5.28
3.52
5.76
6.88
3.68
5.12
4.8
4.16
5.12
6.72
6.4
6.4
6.4
5.6
6.4
4.8
4.16
4.32
5.92
5.76
2.24
6.24
4.16
3.36
4.32
4.96
6.56
5.44
4.32
5.28
4.16
4.32
4.8
5.28
4.8
5.12
4.8
4.64
6.72
4.8
3.68
4.96
6.08
4.96
6.4
5.6
5.6
3.84
4.96
5.76
6.4
6.4
6.72
4.8
5.44
4.96
5.92
5.6
5.44
2.56
6.08
7.04
6.24
5.28
5.28
4.96
5.44
5.6
4.64
5.28
5.44
4.48
5.28
4.8
3.52
4.64
5.28
4.8
5.12
3.36
4
6.4
5.44
4.64
3.84
4
5.12
5.12
4.8
5.12
5.76
6.24
4.64
4.64
4.64
5.6
5.12
2.24
4.64
5.76
4.16
5.28
3.84
4.24
4.48
4.64
3.2
4.64
4.48
5.6
5.12
4.48
5.44
5.76
2.72
4
3.68
5.12
4.8
5.28
4.48
4.8
4.32
4.72
4.48
4
5.44
4.96
5.44
4.48
3.92
4.32
5.44
4.64
5.44
5.76
5.92
5.76
3.84
5.28
5.28
6.08
5.44
4.32
5.28
5.44
5.12
2.24
4.96
4.16
5.12
5.28
4.64
4.8
3.84
4.16
4.16
4.48
5.28
5.01333
5.6
4.48
5.44
5.28
3.04
5.28
3.68
4.64
4.32
4.96
4.08
4.16
5.28
4.32
5.12
4.16
4.48
4.96
4.32
5.12
4.32
3.36
2.88
4
4.8
4.8
5.28
4.16
4
3.68
4.64
4.32
4.16
5.44
4.32
4.8
3.36
4.16
3.36
4.64
3.36
1.92
4.64
3.68
4.64
4
4.96
4.16
4.32
5.12
3.52
3.52
4.32
4.64
3.2
4.48
5.28
3.52
4.64
2.4
3.28
3.36
4
4.64
4.8
3.04
3.52
4.32
4.64
3.68
2.88
4.96
5.28
4.32
4.8
4.32
2.4
4.32
3.52
4.48
4.96
2.88
4.64
3.2
6.08
3.84
4.32
3.84
4.42667
3.52
6.08
3.68
3.04
3.04
5.28
3.84
4
3.84
5.12
3.04
3.84
5.12
4.10667
4.16
3.2
3.84
3.2
3.52
2.24
4.8
4
4.56
4.32
4.32
4.32
5.28
5.28
5.12
4
5.44
5.76
3.68
4.96
2.72
4.32
3.52
6.08
4.8
3.52
4.64
3.04
4.48
4.48
4
4
4
4.8
3.68
4
5.44
2.24
4
4.16
4.96
4.32
4.96
3.68
3.04
5.12
4.8
5.28
4.21333
4.64
4.64
3.84
4
4
2.24
5.28
5.6
4
4.21333
3.84
4.8
6.56
4.64
4
4.32
5.76
4.64
3.84
2.88
4.48
6.08
4.05333
4
5.6
4.32
5.76
4.64
4.8
5.76
4.96
5.76
5.04
4.8
4.64
5.44
2.4
6.08
1.92
6.4
5.28
6.08
5.92
4.16
5.28
5.28
5.44
4.64
4.8
6.4
3.68
5.12
4.16
4.96
4.96
4.48
4.64
2.56
5.44
4.16
6.08
4.8
5.28
4.96
5.76
5.28
5.92
6.24
4.32
5.6
4.48
5.92
5.12
3.68
5.44
5.12
4.48
4.64
4.16
4.32
5.76
6.02667
4.96
5.12
5.76
5.6
5.76
6.56
5.28
4.48
6.56
4.32
6.24
3.04
4.96
5.28
6.4
7.52
5.76
4.48
6.08
4.96
4.16
4.96
5.6
4.8
6.08
5.92
5.28
5.92
7.36
7.36
4.16
6.56
7.68
7.2
5.6
7.52
6.08
4.32
7.04
4.8
6.08
4.16
7.84
6.08
5.92
5.92
4.16
6.4
6.72
6.08
5.76
4.64
4.96
5.44
6.56
7.52
5.76
5.76
5.44
4.32
7.52
6.56
4.52
2.4
6.56
7.2
5.44
6.08
4.16
7.52
5.92
6.4
5.84
7.36
5.12
7.52
7.68
7.04
5.28
5.44
2.08
8.16
6.72
9.76
6.88
5.44
5.84
8.24
8.64
8
7.36
7.36
7.68
5.44
7.52
7.68
3.36
8.96
5.76
8.48
5.12
5.92
7.28
5.92
4.8
8.56
8.64
6.24
8.8
4.64
8
4.48
6.88
8.48
6.24
6.72
9.92
8.8
6.72
6.24
6.88
6.56
6.4
7.36
8.48
7.6
10.56
6.4
6.88
6.56
3.68
9.12
6.72
6.24
8.05333
3.2
8.32
5.76
7.36
8.48
7.68
6.08
8.16
9.44
5.76
7.84
5.6
3.68
8.64
6.24
7.04
8.16
8
8.8
6.24
10.24
8.48
8.64
8.64
8.8
9.76
10.56
7.84
11.68
7.04
8.96
7.68
6.08
8
10.88
9.76
10.72
9.12
9.44
9.92
10.08
10.08
8.32
8.8
10.08
12
10.4
10.4
11.2
9.6
9.12
5.76
10.88
9.12
9.76
11.36
10.08
10.88
11.52
12.64
9.12
11.36
12.16
12
10.56
10.72
11.84
12
10.88
12
11.2
3.52
9.92
10.88
10.56
9.12
9.44
13.28
7.68
6.88
10.72
9.44
7.68
8.96
9.28
9.6
10.4
10.56
10.72
10.4
5.12
10.4
7.36
9.28
12.48
7.68
9.92
11.68
8
10.88
10.08
10.88
9.6
9.12
8.96
9.6
10.56
10.08
5.92
11.84
5.6
9.44
13.76
12
11.04
10.08
9.6
9.92
9.12
10.24
10.4
9.92
10.72
10.88
9.28
11.52
9.76
5.6
10.88
10.24
10.56
8
10.72
11.68
11.36
12.16
11.04
9.12
14.24
10.88
11.36
10.72
9.44
10.4
10.88
8.64
5.28
10.08
8.08
8.64
8.64
10.72
10.72
8.96
10.24
9.44
7.2
8.64
10.08
10.56
9.12
11.2
11.52
10.24
5.44
9.92
9.12
7.36
7.36
8.96
10.08
6.72
8.8
6.56
7.04
4.96
5.12
6.08
5.12
5.12
5.6
5.76
6.08
6.24
4.32
6.24
6.08
6.08
5.92
5.44
4.64
5.6
5.28
5.92
5.28
4
5.28
3.52
5.12
4.48
4.32
4.64
4.48
3.68
4.48
6.4
4.32
5.28
4
4.16
4.16
3.84
3.2
5.12
5.76
4.48
5.12
4.8
5.44
5.12
4
5.12
6.08
4.48
5.6
5.92
4.8
6.08
5.6
4.32
5.44
3.84
3.84
5.12
5.6
4.8
5.6
5.76
6.24
5.44
5.76
5.76
3.52
6.56
6.56
5.12
5.76
5.6
5.28
4.48
5.92
4.96
5.12
5.12
5.92
6.24
5.76
5.6
5.92
4.48
5.12
5.76
5.12
6.4
6.24
6.24
5.44
4.96
5.92
5.44
5.44
5.76
5.6
5.92
5.28
5.92
6.56
4.32
5.12
5.6
5.92
4.8
6.56
6.24
6.4
6.08
6.08
5.76
5.12
5.92
6.24
5.6
4.96
4.8
5.44
6.08
5.76
5.12
5.28
6.08
5.92
5.12
6.4
4.96
5.92
4.32
5.92
5.76
5.6
5.92
5.6
5.12
5.76
5.76
4.96
5.92
5.76
6.24
5.6
6.56
4.48
6.56
5.28
5.6
5.12
5.6
6.24
5.92
5.76
5.28
5.12
5.44
5.6
6.08
6.08
6.56
5.76
5.12
5.12
5.92
4.96
5.76
5.28
5.92
5.28
6.88
6.4
6.4
6.08
6.24
5.6
5.12
5.44
4.8
5.12
5.76
5.76
6.24
5.92
5.44
7.2
5.92
4.32
5.92
6.24
3.84
5.92
6.4
5.6
6.88
4.48
6.08
5.6
5.6
5.92
5.92
5.76
6.24
5.28
5.44
6.72
6.24
5.28
5.76
6.08
5.44
5.76
6.56
4.96
5.92
6.72
5.92
6.88
6.24
5.28
6.24
5.28
5.76
4
8
6.24
6.08
6.4
6.24
6.24
5.92
6.72
6.72
6.24
6.08
5.92
5.92
6.4
6.56
6.72
4.96
8.48
3.84
4.16
4.8
4.32
4.96
4.16
4.64
4.96
5.12
4.16
5.12
4.64
4.96
4.64
4.64
4.32
4.32
4
3.36
4.64
3.2
5.76
4.96
4.48
4.64
5.12
4.16
2.88
3.04
3.68
3.2
3.2
3.84
3.52
2.88
4.32
1.92
3.84
2.72
3.2
3.04
2.88
3.68
1.92
3.68
2.56
3.52
3.36
3.04
4
4.32
3.2
2.88
3.2
3.36
3.2
2.88
3.84
2.88
2.56
3.52
3.68
3.84
2.4
3.52
3.84
2.72
3.36
1.92
2.88
2.08
2.4
2.88
3.2
3.84
3.2
3.68
4.48
2.88
2.72
4.16
2.08
1.76
3.36
3.04
2.72
3.04
3.2
4.16
3.52
3.2
3.2
3.68
3.2
4
2.56
3.2
2.4
2.72
3.2
2.88
3.2
3.2
3.68
3.36
2.56
2.88
2.24
3.52
3.52
2.88
3.36
3.36
3.84
4.32
2.72
3.04
3.36
3.36
3.36
3.2
2.56
3.36
3.68
3.36
3.04
2.88
3.68
3.68
2.56
3.52
3.52
2.24
2.72
2.4
2.24
2.72
2.4
3.68
4.32
3.68
4
3.2
4.16
3.84
3.52
4
2.08
3.36
1.76
3.52
2.72
2.4
3.04
2.88
3.36
2.72
2.72
4.16
4
2.24
3.2
2.56
3.04
2.08
2.08
3.04
3.2
3.2
3.68
3.36
3.68
3.36
3.04
2.4
2.24
2.24
3.52
3.36
3.36
3.52
3.84
3.2
2.08
2.72
2.72
2.72
2.56
3.52
3.2
2.24
3.36
3.68
2.4
2.88
3.36
3.2
3.52
2.56
2.72
2.4
2.24
2.88
2.56
3.36
3.36
4.16
3.36
3.36
2.88
2.88
2.88
2.56
2.72
1.92
1.76
4
3.36
2.72
2.72
3.2
2.72
2.4
2.88
2.88
3.36
3.36
2.24
1.76
3.2
1.76
3.84
2.4
2.72
2.24
2.88
3.52
2.4
3.2
3.04
3.36
3.04
3.52
3.68
2.08
3.2
2.56
1.92
2.88
2.24
3.04
2.88
2.4
2.56
1.92
4.16
2.72
3.36
2.56
3.2
2.24
2.24
1.92
1.92
2.88
3.2
3.36
3.04
3.84
4.48
2.88
3.2
1.92
3.2
1.92
2.72
3.68
2.08
2.56
3.04
2.56
2.88
3.04
2.88
2.88
3.36
2.24
3.04
4
2.72
3.04
2.72
4.8
2.88
4.32
3.84
1.92
2.88
2.24
2.4
2.08
1.92
2.56
2.72
3.04
3.2
3.68
3.2
3.52
3.36
2.88
1.92
2.56
2.4
2.88
3.36
2.24
2.72
3.04
3.68
3.68
2.88
3.2
1.92
3.2
1.92
2.24
2.88
2.24
3.2
2.88
2.88
2.08
3.52
3.2
3.04
2.72
2.4
2.56
2.56
3.2
3.36
2.56
3.52
2.72
3.2
3.68
2.72
2.56
2.56
2.08
2.4
2.24
3.04
3.04
3.84
3.84
3.2
3.36
3.36
2.4
3.68
1.92
2.24
2.88
3.04
2.72
3.2
1.92
1.76
3.2
2.24
3.84
2.88
2.56
3.04
2.08
2.88
2.24
3.04
3.36
3.84
3.36
3.2
3.68
2.4
2.72
1.92
3.04
2.72
2.24
3.36
2.56
1.9436
2.4
3.2
2.72
3.52
1.92
2.88
2.08
3.04
2.24
2.4
3.04
3.36
3.2
3.2
3.36
3.2
3.04
3.52
2.88
3.2
3.2
3.68
2.72
3.36
2.88
3.2
4.16
3.68
3.84
3.36
5.12
4.96
4.48
4.8
5.28
5.12
5.28
5.12
5.12
4.8
5.12
5.12
4.96
5.44
4.64
4.96
5.28
5.44
4.48
3.84
5.92
5.44
4.32
4.48
6.08
5.28
5.6
4.8
5.28
5.6
5.28
4.96
5.12
5.28
4.8
5.6
5.92
4.16
3.84
5.6
4.8
5.44
5.6
4.32
5.44
4.96
4.96
6.08
5.12
4.96
5.6
4.64
5.6
4.96
4.96
5.44
5.28
4.48
4.16
5.92
5.44
5.44
4.8
5.12
5.44
4.96
4.48
4.64
5.76
4.8
4.8
5.12
5.28
5.44
5.76
4.48
5.12
4.48
5.92
5.6
6.72
3.84
4.8
5.28
4.8
4.96
5.12
4.96
5.44
4.8
5.44
5.28
4.96
5.44
4.8
5.44
4.8
4.96
4.8
4.96
5.44
5.12
4.8
4.96
5.92
4.48
6.08
4.8
4.96
5.12
5.12
5.28
5.28
4.96
4.8
6.08
3.52
4.96
5.44
5.76
5.28
4.96
5.6
4.96
6.08
4.32
4.8
5.12
5.12
4.8
5.12
5.28
5.12
5.28
5.12
5.28
4.64
5.28
4.8
7.04
3.68
7.36
3.2
4.48
5.28
5.12
5.28
4.96
5.12
5.28
4.96
5.12
4.8
4.48
5.28
3.36
6.72
5.92
5.28
4.96
5.6
5.76
4.32
4.96
5.12
5.28
4.96
5.12
5.6
4.8
5.28
4.8
4.96
5.76
5.12
5.76
4.32
5.28
4.64
5.12
5.44
4.96
5.12
5.12
5.12
5.44
5.92
4
7.04
3.84
4.16
4.96
5.12
5.28
3.84
5.92
4.96
5.6
5.12
5.12
3.84
2.56
2.56
2.56
2.56
1.28
7.2
6.24
7.36
9.44
4.64
7.04
6.88
4.8
3.04
5.12
4.64
5.12
5.12
6.72
5.28
7.04
7.68
7.68
6.72
7.84
7.36
5.6
8
6.72
7.04
10.56
12.96
3.52
8.64
7.52
11.36
16.16
10.24
9.28
5.28
11.36
9.6
4.32
4.16
9.12
11.2
7.52
8.08
8.48
10.16
11.056
8.32
10.2705
11.0629
13.12
14.24
11
11.6114
11.92
11.3486
9.792
15.424
14.08
13.888
8.88
12
13.4871
15.7333
10.24
10.72
10.7478
12.1267
6.4
9.28
6.76
3.68
5.97333
7.2
7.168
8.16
6.24
11.76
9.76
13.4824
15.36
15.68
15.2
11.52
11.04
10.88
9.12
13.44
11.84
12.16
9.6
10.08
8.64
8.64
11.68
6.4
11.36
14.24
14.08
15.84
16.8
12.64
12.64
16.8
14.56
12.64
15.84
16.8
10.72
12.48
16.64
14.88
15.84
13.76
12.48
8.8
14.56
15.52
18.56
16.8
15.68
19.2
18.24
18.4
17.44
18.72
17.28
19.2
18.28
17.6
18.08
9.44
17.44
17.92
17.76
17.6
10.24
14.08
12.48
12.16
18.88
17.92
16
9.6
12.48
15.04
14.72
9.44
13.6
10.24
14.08
8.64
17.44
19.04
18.88
19.2
16.96
14.4
14.4
13.44
16
15.36
14.24
13.28
15.2
15.84
16.32
15.52
17.28
18.4
9.6
19.04
19.2
18.4
19.2
19.2
19.2
19.2
18.72
12.32
17.12
17.28
16.7138
16.88
16
16.16
13.92
10.24
15.36
19.2
17.92
9.6
19.04
19.04
19.2
19.2
18.56
19.2
18.76
19.2
19.04
19.04
17.44
19.2
11.2
15.36
17.44
15.36
7.04
17.76
18.88
17.76
18.08
18.88
19.04
18.08
17.44
19.2
18.88
17.92
19.04
19.2
16.48
18.24
19.2
19.2
15.2
7.52
17.12
18.72
19.2
18.88
18.24
17.44
17.76
17.92
18.88
16.8
18.88
17.12
18.88
17.12
18.88
16.96
18.88
19.2
19.2
9.44
18.88
18.72
18.24
17.12
18.4
18.08
19.2
17.12
18.24
18.72
19.2
19.04
19.04
18.24
19.2
18.56
18.88
18.24
9.6
15.36
14.08
19.2
18.56
18.88
18.88
18.72
17.6
18.08
19.04
19.04
19.04
19.2
19.2
17.6
8
7.04
9.6
15.04
9.28
19.2
18.88
19.2
18.08
18.72
19.04
19.2
19.2
18.72
19.2
19.2
19.2
19.2
19.2
18.88
18.72
19.04
19.04
6.88
17.76
19.2
19.2
19.2
18.72
18.24
18.4
19.2
18.88
18.4
18.88
18.4
16.48
17.44
11.84
10.4
17.12
18.4
18.88
9.44
19.2
19.2
18.56
18.88
18.56
18.08
18.24
17.92
17.44
19.2
18.08
17.76
17.6
19.04
19.04
18.56
15.36
17.92
9.12
17.12
18.88
11.68
10.24
14.24
16.8
12.8
15.9886
15.4133
15.2
16.544
15.8507
12.4273
6.08
5.92
4.96
6.08
6.24
7.2
7.2
6.88
6.00392
3.84
6.08
4.32
4
5.12
6.72
5.76
3.84
5.6
3.2
3.2
3.2
2.48
1.76
2.08
2.56
2.24
1.92
2.56
1.92
1.28
1.44
0.64
0.32
0
0.946667
1.28
2.56
6.72
4.16
8
2.72
2.4
4.8
4.64
2.56
3.04
4
3.84
4.96
4
6.88
4.8
5.6
0.16
0
0.32
0
0.48
1.12
1.44
0.56
0.32
1.92
0.32
1.12
0.48
1.12
0.32
0.64
0.96
0.64
0.64
0.8
0.48
1.28
0.8
0.48
0.32
0.96
0.96
0.8
0.48
0.16
0.8
0.32
0.48
0.64
0.96
1.12
0.48
1.12
0.32
0.48
1.28
0.8
0.32
0.32
0.32
0.32
0.32
0.48
0.64
0.16
0.32
0.16
0.48
0
0.96
0.48
0.48
0.24
0
0.96
0.64
0.48
0.32
0.32
0.32
0.16
0.64
0.48
0.48
0.64
0.32
0.0152381
0
0
0.0032
0.008
0
