0
49000
0
0
0
0
0
0
0
0
0
1000
253
1
756
1
592
388
0
12
0
997
0
0
0
0
4000
1000
1002
0
0
0
613
219
0
0
0
0
0
0
554
1
0
0
274
0
0
0
0
0
1782
555
1000
1001
1661
339
822
1
0
0
0
1179
0
545
454
0
0
998
0
0
0
510
129
1164
0
300
995
1005
996
1004
1996
2000
0
998
1003
1997
70
0
1002
0
1002
999
1001
998
1000
1001
1000
1004
995
1669
1239
90
1002
0
1006
997
2995
1349
0
837
0
421
2996
1000
0
1
1001
0
1001
1000
998
1000
1003
1002
3994
0
295
706
0
936
1064
2001
0
999
796
65
995
1001
999
1001
998
1000
1003
1002
1995
0
3000
939
376
1
170
1164
1000
1005
667
329
1284
1000
1002
0
1000
1429
1000
1001
0
615
999
1003
1001
0
1087
247
751
1000
1001
1002
1998
1000
0
1001
0
1001
542
1996
1000
1000
806
197
2997
0
1000
1005
0
999
1004
1001
1001
1001
0
1
428
160
672
1329
999
1002
1998
1000
0
549
453
329
223
2145
0
677
405
3999
0
1000
0
1001
490
515
412
1000
1000
1
1001
1359
556
919
2336
59
1074
1000
1001
0
1003
999
1002
1000
997
1003
997
709
997
531
1001
0
1001
0
1000
1003
999
1020
2000
0
668
333
434
649
1596
755
1001
1001
0
2002
998
0
1000
1003
0
1998
421
393
611
45
964
1004
0
997
1001
999
1000
20
84
998
1002
1002
387
1000
1002
0
1003
1999
3563
433
0
1675
0
1327
2000
0
998
0
808
35
1002
0
999
2001
0
885
119
291
135
651
1002
0
1003
998
1003
996
999
1000
1002
0
2000
0
1002
0
1004
998
997
1000
1000
1002
0
1000
1000
1000
1418
755
248
998
1000
1001
1170
27
1001
0
2001
0
2001
999
1000
0
1001
0
1001
1002
1002
0
279
997
1001
999
1003
998
1004
999
999
528
501
1003
0
1001
1002
302
987
1002
1001
998
1002
997
1001
1002
1001
407
1003
0
998
1000
1002
1001
1000
870
1006
0
1000
1000
1003
996
1001
110
1156
0
447
1126
0
997
1074
926
2155
0
2988
0
0
1049
0
1001
1000
1004
997
1007
996
1001
1696
1343
0
892
268
5213
0
0
0
0
0
797
1002
998
999
1002
1001
998
999
1002
1001
998
999
1002
1001
998
999
1002
1001
998
999
1002
1001
998
999
1003
999
998
1002
1000
1000
998
1000
1002
999
998
1001
1002
999
998
1002
1001
999
998
1002
1001
1000
997
1002
1001
999
998
1002
1001
999
998
1002
1001
999
553
831
1013
0
997
1000
1004
997
999
1131
0
1038
0
972
1035
1035
965
1031
1047
2593
0
0
1020
787
1639
0
959
1010
1036
964
1028
971
1002
1034
995
996
974
999
1000
999
1002
999
999
999
1002
1000
999
999
1000
1001
997
1001
1001
30
1004
0
1002
1000
118
989
1004
1001
999
999
1002
999
1001
999
1001
1000
1034
998
988
980
1000
1032
969
1070
683
473
825
468
134
1650
1217
0
1006
0
999
1000
999
1002
1001
999
998
1002
999
1000
999
1002
998
1002
998
1001
1000
999
1000
1002
1001
0
1000
1001
999
1000
1000
1001
1000
1000
999
1001
1000
1000
999
1002
998
1000
1000
1002
1001
0
1002
999
1003
0
1000
999
1001
0
1000
1001
1000
1001
998
1001
999
1000
1000
1001
999
1000
1000
1001
999
1000
1000
1001
1001
999
999
1001
999
1000
1000
1038
964
1001
1031
1181
672
307
1318
1737
0
1004
0
999
1002
999
1002
997
1002
1000
1000
998
1002
999
1003
997
1002
999
1000
1000
1001
999
1000
1000
1001
1001
998
136
990
1003
0
1002
1000
998
1000
1000
1001
1000
1000
1000
1001
999
1000
1000
1002
997
1000
1000
1002
997
1001
999
1003
998
1001
1000
1000
1001
998
1000
1000
1000
1000
1000
1000
1000
1000
1000
1000
1000
1000
1000
1000
1000
1000
1000
1000
1000
1000
1000
1000
1000
999
1001
1001
1001
998
1000
1001
999
999
1002
1001
998
999
1002
1000
999
999
1002
1000
999
999
1001
1002
1000
997
1001
1001
1001
997
1001
1001
1000
999
1000
1002
998
999
1003
999
999
1001
1001
999
1078
0
1006
0
1000
1000
1001
1001
997
999
1001
1001
999
999
1001
1001
999
999
1001
1001
999
999
1001
1002
1000
999
999
1001
625
862
1008
0
999
1000
999
1004
998
1000
999
1004
998
1000
997
1000
56
991
1002
1001
1001
999
1000
1000
1001
999
1002
1000
999
999
1000
1000
1000
1002
998
1000
1001
1000
999
1001
1001
999
1000
1001
999
1000
1000
999
1002
1000
999
1000
1002
998
999
1002
997
1004
997
1001
1000
999
1000
1003
998
1000
1002
999
999
1001
1002
1000
998
1000
1000
1002
998
1000
1000
1002
999
1000
1001
1000
1027
1000
1022
626
1537
0
1009
0
1104
926
1024
728
1167
1081
1022
131
737
1559
0
1057
1039
695
1418
0
1006
287
878
3553
0
0
0
712
1007
1065
967
1496
1078
839
1543
2588
0
0
1958
0
1489
0
1045
0
993
1083
954
3479
0
0
0
1224
1033
1568
0
223
861
330
384
2175
0
1668
0
1477
0
1156
0
476
2063
0
1462
1868
0
2025
0
1140
0
1232
0
787
1968
0
1754
0
1241
2218
0
0
361
2235
0
1725
0
718
999
2081
0
0
2697
0
1262
0
1399
1112
2114
0
1905
0
1552
0
1000
2957
0
0
1046
0
1804
0
2252
0
1634
2329
0
0
977
732
191
624
5256
0
0
0
0
0
1009
0
1031
576
1724
0
981
3428
0
0
0
1064
986
2111
0
1121
0
576
1678
668
702
2572
0
0
1778
0
702
417
1006
0
1005
1070
2268
0
0
927
2696
0
1283
0
326
2345
0
1810
0
2009
0
1261
1628
0
1012
943
1679
0
531
1647
1659
0
1526
0
47
3051
0
0
1037
0
1045
2260
0
0
1502
763
719
1475
0
1034
1308
4065
0
0
0
0
981
997
1517
1161
245
620
4921
0
0
0
0
1267
1432
0
892
1008
1013
1482
2984
0
0
977
1571
0
963
1041
1046
1580
1331
755
1912
0
1266
1389
0
714
357
440
3374
0
0
1327
1304
0
1008
0
1001
1001
1035
1007
574
1519
0
2511
0
1405
0
1913
1078
2249
0
0
1027
1201
1782
0
742
615
478
1223
1030
1271
2937
0
0
1217
0
849
1008
1286
880
712
1453
1432
986
767
2207
0
1668
0
1366
0
1008
0
1000
999
1002
1034
1083
1524
222
2786
0
0
1330
0
1052
0
296
415
1000
1006
0
1036
1002
330
394
2598
0
1396
0
105
931
1865
996
1552
0
553
811
988
1007
1175
856
1065
1603
471
3119
0
0
1064
0
992
1006
1038
966
1033
957
1727
0
1316
0
1007
0
1035
1004
522
3423
0
0
0
1
1007
1001
1001
999
999
1001
1000
1016
984
1023
1005
1077
604
618
1000
4343
0
0
0
1036
990
245
893
999
1007
999
1000
1000
1000
1623
1312
1245
0
1006
0
1002
1039
1474
931
1017
428
485
995
1258
785
997
1488
910
1044
516
864
1086
1063
1033
933
1200
946
464
1628
932
1084
1264
0
1008
0
1000
1000
998
1003
998
1000
1002
1000
999
1001
998
1000
999
1001
999
1001
1002
1028
1000
969
1001
1000
1000
999
1002
1001
998
999
1001
1001
1000
999
1032
969
1033
1010
1027
1271
2563
0
0
1006
0
1004
1048
949
1000
2171
0
0
868
967
1001
1029
970
1000
1001
1029
1005
965
1001
1156
842
999
1002
999
1030
1447
638
1052
1001
0
1006
1002
999
1000
1000
1001
999
1000
1000
999
999
1002
999
1001
998
1002
999
1001
998
1002
999
1001
999
1001
999
1001
998
1002
999
1001
998
1002
999
1001
998
1002
999
1001
998
1002
1000
1000
998
1002
999
1001
998
1002
999
1001
998
1002
999
1002
997
1002
999
1001
998
1000
1000
1000
1000
1000
1000
1002
997
1001
998
1000
1001
1000
999
1000
1001
1000
999
1000
1001
1000
999
1000
1000
999
1000
1001
1000
12
55
16
1003
0
1001
999
1002
999
999
1000
1001
999
1263
0
1003
0
1001
999
1001
999
1000
1000
1001
999
1000
1000
1001
999
1000
1000
1001
999
1000
1000
1001
999
1000
1000
1001
999
1000
1000
1001
999
1000
1002
1068
1000
1003
0
1001
1000
999
1001
1000
1000
999
81
1003
0
1002
999
1000
1000
999
1001
1000
1000
999
1001
1000
1000
999
1001
1000
1000
999
1001
1000
1000
999
1000
1000
1000
999
1001
1000
1000
999
1001
1000
1000
999
1001
1000
1050
0
1003
0
1000
999
1001
1000
1000
999
1001
1000
1000
999
1001
1000
1000
999
1001
1000
1000
999
1001
1000
1000
1000
1002
998
1001
999
1002
998
1000
999
1003
998
1000
1000
1002
997
110
996
1001
1002
1001
997
1002
998
1001
999
1002
998
1001
1000
1001
998
1001
999
1004
996
1001
999
1002
998
1001
999
1001
999
1000
1001
1000
999
1000
1001
1000
999
1001
999
1001
999
1000
1000
1001
999
1000
1000
1000
1000
1002
998
1000
1003
998
999
1000
1001
1000
1002
997
1000
1001
1000
999
1001
1002
997
1000
1000
1001
999
1000
1001
1000
999
751
261
1003
0
1000
999
1001
999
1000
1000
1001
999
1000
1000
1001
999
1000
1000
1001
999
1000
1000
1001
999
1003
998
1000
999
1001
999
1001
999
1000
1000
1001
999
1000
1000
999
1000
1002
998
1000
1000
1001
999
1000
1001
1000
999
1000
1000
1001
1000
999
1001
1000
999
1000
1001
1000
999
1000
1001
1000
999
1000
1001
1000
999
1000
1002
999
999
1000
1000
1001
999
1000
1001
1001
998
1001
999
1002
998
990
136
84
13
1016
826
1136
1000
1002
0
1000
999
1000
1001
1000
999
1000
1002
999
999
1000
1000
1001
999
1001
999
1001
1000
999
1000
1002
998
1000
1001
999
1002
998
1001
1000
1002
997
1001
1000
1000
999
1001
999
1001
1000
1000
999
1001
999
1001
1001
999
999
1001
999
1001
1000
1000
999
1001
1000
1000
1000
1000
999
1001
1000
1000
999
1001
1000
1000
999
1001
1000
1000
999
1002
998
1001
1000
1000
999
1002
998
1001
1000
1000
1000
1000
999
1001
999
1001
999
921
1080
999
1000
710
1291
999
972
30
1001
0
1002
999
999
1001
1000
999
1002
999
1000
999
1002
19
1004
0
1000
999
1000
1002
997
1001
1000
1000
999
1001
999
999
1004
998
1000
998
1001
1002
998
1002
999
1000
999
1000
1000
1002
998
1000
1000
1001
999
1000
1000
1002
998
1000
1002
999
21
1002
0
1001
1000
999
1001
1002
62
95
370
998
100
40
1000
1002
1000
999
1001
1000
1000
1000
1000
1000
1000
1000
1000
1000
1000
1001
999
1000
1000
1000
1190
1000
1003
0
1001
999
1001
999
1000
1000
1001
999
1000
1000
1000
1000
1000
1000
1000
1000
1000
1000
1000
1001
999
1000
1001
999
1000
1000
1000
1000
1001
999
1001
999
1000
1001
999
1000
1001
999
1000
1000
1001
999
1000
1000
1000
1000
1000
1000
1000
1001
1031
0
1003
0
1001
999
999
1001
1000
999
1000
1001
1000
999
1001
1003
997
999
1000
1004
997
999
1001
1000
1000
999
1000
1003
998
999
1001
1000
1000
999
85
994
1002
0
1001
1001
1000
998
1000
1001
1000
999
1001
1001
999
999
1003
998
1000
1000
1000
1000
1000
999
1000
1002
999
999
1001
1001
1001
999
999
1001
1000
1000
999
1001
1226
0
1005
0
999
1000
999
1001
1000
1000
999
1001
82
1003
0
1002
999
1000
1001
999
1000
1000
999
1001
1000
1000
999
1001
1000
1000
999
1047
0
1003
0
1001
55
993
1077
0
1004
0
1002
998
1000
1001
998
1001
1000
1000
999
1126
0
1005
0
999
1000
1001
999
1000
1000
1239
0
1005
0
999
999
1000
1001
1000
999
1000
1002
999
999
1000
1001
1000
999
1000
1002
999
999
1000
1001
1000
999
1001
1000
1000
999
1000
1001
1000
999
1000
1002
999
999
1000
1001
1000
999
1000
1001
999
1000
1000
1000
1001
999
1000
1000
1000
1001
999
1000
1000
1000
1000
1001
999
999
1000
1000
1000
1000
1001
999
1001
1001
998
1000
1000
1000
1001
999
1000
1001
999
1000
1001
999
1001
1000
1001
999
1000
999
1001
999
1001
999
1002
998
1001
999
1001
1000
1000
999
1004
996
1001
231
1001
0
1002
999
1001
999
1001
999
1001
999
1001
999
1001
999
1001
999
1001
999
1002
998
1001
1000
1001
998
1001
999
1002
998
1001
999
1002
999
1000
999
1002
73
39
1001
998
1001
1001
999
1002
124
1002
0
1003
997
1001
1000
1002
997
1001
1000
1001
998
1001
999
1002
999
1000
1001
1000
998
1001
1000
1001
998
1001
1001
1000
998
1001
999
1002
999
1000
65
1001
0
1002
1001
1000
998
1001
999
1002
998
191
372
61
544
277
369
281
569
1002
0
1002
998
1001
999
1002
998
1001
999
1001
1000
1001
998
1001
999
1001
1000
1000
1001
1001
997
1001
999
1002
998
1001
1029
1001
0
1187
0
1002
0
1003
997
1001
999
1001
999
1001
999
1001
999
1001
999
1000
1000
1001
999
1000
1000
1001
999
1000
1000
1001
164
998
999
1003
998
1000
1000
1001
999
1000
1001
1000
999
1000
1001
1000
999
1001
999
1001
1000
1001
946
82
1000
1000
1004
999
999
999
1000
1001
1000
1000
1000
1001
1000
1000
998
1001
999
1000
1002
998
1000
1000
1002
998
1000
1000
1000
1001
1000
999
1000
1001
999
1000
1001
1000
998
1001
999
1002
998
1001
1000
1002
1000
998
1000
1002
999
999
1000
1001
1000
999
1001
999
1001
1000
999
1001
1000
999
1000
1001
1000
834
1165
1000
1001
999
1000
0
0
0
0
0
105
1429
1364
251
0
2616
2551
2486
2
796
0
0
0
0
0
2
0
0
0
0
0
0
0
0
0
0
0
0
0
0
0
359
282
823
987
2567
2502
176
1748
1683
944
0
2721
2656
2591
3647
3582
3517
3452
0
9037
8972
8907
8842
8777
8712
8647
8582
8517
8452
3851
3786
3721
3656
142
3718
3653
3588
3523
3867
3802
3737
3672
1515
1450
952
887
1888
1823
3758
3693
3628
3563
4879
4814
4749
4684
4619
1315
1250
1692
1627
0
8950
8885
8820
8755
8690
8625
8560
8495
8430
6415
12412
12347
12282
12217
12152
12087
12022
11957
11892
11827
11762
11697
11632
0
0
14747
14682
14617
14552
14487
14422
14357
14292
14227
14162
14097
14032
13967
13902
13837
0
29675
29610
29545
29480
29415
29350
29285
29220
29155
29090
29025
28960
28895
28830
28765
28700
28635
28570
28505
28440
28375
28310
28245
28180
28115
28050
27985
27920
27855
27790
13680
7375
10771
10706
10641
10576
10511
10446
10381
10316
10251
10186
10121
3466
3401
3336
3271
4546
4481
4416
4351
4286
3968
3903
3838
3773
17316
17251
17186
17121
17056
16991
16926
16861
16796
16731
16666
16601
16536
16471
16406
17473
17408
17343
17278
17213
17148
17083
38817
38752
38687
38622
38557
38492
38427
38362
38297
38232
38167
38102
38037
37972
37907
37842
37777
37712
37647
37582
37517
37452
37387
37322
37257
37192
37127
37062
36997
36932
36867
36802
36737
36672
36607
36542
36477
36412
36347
27507
0
13270
13205
13140
13075
13010
12945
12880
12815
12750
12685
12620
12555
12490
12425
55079
55014
54949
54884
54819
54754
54689
54624
54559
54494
54429
54364
54299
54234
54169
54104
54039
53974
53909
53844
53779
53714
53649
53584
53519
53454
53389
53324
53259
53194
53129
53064
52999
52934
52869
52804
52739
52674
52609
52544
52479
52414
52349
52284
52219
52154
52089
52024
51959
51894
51829
51764
51699
51634
51569
51504
0
45932
45867
45802
45737
45672
45607
45542
45477
45412
45347
45282
45217
45152
45087
45022
44957
44892
44827
44762
44697
44632
44567
44502
44437
44372
44307
44242
44177
44112
44047
43982
43917
43852
43787
43722
43657
43592
43527
43462
43397
43332
43267
43202
43137
43072
43007
52064
51999
51934
51869
51804
51739
51674
51609
51544
51479
31418
31353
31288
6783
5262
5197
5132
5067
5002
4937
66835
66770
66705
66640
66575
66510
66445
66380
66315
66250
66185
66120
66055
65990
65925
65860
65795
65730
65665
65600
65535
65470
65405
65340
65275
65210
65145
65080
65015
64950
64885
64820
64755
64690
64625
64560
64495
64430
64365
64300
64235
64170
64105
64040
63975
63910
63845
63780
63715
63650
63585
63520
63455
63390
63325
63260
63195
63130
63065
63000
62935
62870
62805
62740
62675
62610
62545
68854
68789
68724
68659
68594
68529
68464
68399
68334
68269
68204
68139
57869
9616
9551
9486
9421
9356
9291
9226
9161
9096
9031
14539
14474
14409
14344
14279
14214
14149
14084
14019
13954
13889
13824
13759
13694
13629
6875
6810
6745
6680
6615
6550
6485
1908
1843
6826
6761
6696
6631
6566
6501
6436
9502
9437
9372
9307
9242
9177
9112
9047
8982
8917
3855
3790
3725
3660
11883
11818
11753
11688
11623
11558
11493
11428
11363
11298
11233
11168
11976
11911
11846
11781
11716
4053
3988
3923
3858
3793
14950
14885
14820
14755
14690
14625
14560
14495
14430
14365
14300
14235
14170
14105
14040
15419
15354
15817
15752
15687
15622
15557
15492
15427
26240
26175
26110
26045
25980
25915
25850
25785
25720
25655
25590
25525
25460
20203
10453
13660
13595
13530
13465
13400
13335
13270
13205
13140
13075
13010
12945
12880
12815
2967
2902
2837
6508
6443
6378
6313
9703
9638
9573
9508
9526
9461
9396
9331
9266
9201
9136
9071
9006
8941
6875
6810
6745
6680
6615
6550
6485
1672
1607
927
4895
4830
4765
4700
4635
2977
2912
6665
6600
6535
6470
6405
1489
1424
4928
4863
4798
4733
4668
2523
21207
21142
21077
21012
20947
20882
20817
20752
20687
20622
20557
20492
20427
20362
20297
20232
20167
20102
20037
19972
19907
19842
5667
5602
5537
5472
5407
5342
183
6955
6890
6825
6760
6695
6630
6565
10695
10630
10565
10500
10435
10370
6380
6315
6250
6185
6120
6055
5990
844
0
0
13441
13376
13311
13246
13181
13116
13051
12986
12921
12856
12791
12726
12661
12596
299
0
3856
3791
3726
3661
2641
2576
2511
0
0
4394
4329
4264
4199
4134
439
467
532
0
4381
4316
4251
4186
4121
699
473
766
1880
1815
663
1203
1138
1917
1852
0
3249
3184
3119
3054
1360
1295
359
2
0
0
0
0
0
0
5
0
0
0
0
0
0
11
0
0
0
0
0
0
675
0
448
385
144
0
153
0
0
0
0
0
0
0
0
0
0
0
0
2
0
0
0
0
0
0
8
0
0
0
0
0
4
0
0
0
0
0
0
9
0
0
0
0
0
0
0
0
0
0
0
0
6
0
0
0
0
0
0
9
0
0
0
0
0
0
0
0
0
0
0
0
6
0
0
0
0
0
0
0
0
0
0
0
0
8
0
0
0
0
0
0
8
0
0
0
0
0
0
0
0
0
0
0
0
4
0
0
0
0
0
0
0
0
0
0
0
0
6
0
0
0
0
0
0
5
0
0
0
0
0
0
0
0
0
0
0
0
3
0
0
0
0
0
0
0
0
0
0
0
0
1
0
0
0
0
0
0
8
0
0
0
0
0
0
0
0
0
0
0
0
7
0
0
0
0
0
0
0
0
0
0
0
0
8
0
0
0
0
0
1
9
0
0
0
0
0
2
0
0
0
0
0
0
6
0
0
0
0
0
0
0
0
0
0
0
0
5
0
0
0
0
0
0
9
0
0
0
0
0
0
0
0
0
0
0
0
7
0
0
0
0
0
0
0
0
0
0
0
0
1
0
0
0
0
0
61
157
320
0
370
338
465
310
899
0
94
429
306
349
131
301
2
417
385
140
0
0
0
0
0
0
0
1
0
0
0
0
0
0
8
0
0
0
0
0
3
0
0
0
0
0
0
12
0
0
265
0
119
688
267
361
713
111
663
0
763
0
276
32
276
103
0
8
0
0
0
0
0
0
0
0
0
0
0
0
2
0
0
0
0
0
0
0
0
0
0
0
0
2
0
0
0
0
0
0
4
0
0
0
0
0
0
0
0
0
0
0
0
10
0
0
0
0
0
0
0
0
0
0
0
0
11
0
0
0
0
0
0
12
0
0
0
0
0
0
0
0
0
0
0
0
7
0
0
0
0
0
0
0
0
0
0
0
0
5
0
0
0
0
0
0
6
0
0
0
0
0
1
0
0
0
0
0
0
2
0
0
0
0
0
1
0
0
0
0
0
0
2
0
0
0
0
0
0
6
0
0
0
0
0
0
0
0
0
0
0
0
4
0
0
0
0
170
330
8
0
0
0
0
0
2
0
0
0
0
0
0
8
0
0
135
171
231
64
145
161
174
155
0
253
365
342
397
685
270
462
1482
1417
178
0
1213
1148
397
0
0
0
0
0
0
0
0
0
0
0
0
0
0
0
0
0
0
0
0
6
0
0
0
0
0
0
13
0
0
0
0
0
3
0
0
0
0
0
0
5
0
0
0
0
213
169
433
0
949
1109
369
0
1948
1883
0
723
328
332
0
8
0
0
0
0
0
5
0
0
0
0
0
0
6
0
0
0
0
0
4
0
0
0
0
0
0
9
0
0
0
0
0
0
8
0
0
0
0
0
1
0
0
0
0
0
0
8
0
0
0
0
0
0
0
0
0
0
0
0
3
0
0
0
0
0
0
9
0
0
0
0
0
0
0
0
0
0
0
0
6
0
0
0
0
0
2
0
0
0
0
0
0
4
0
0
0
0
0
2
13
0
0
0
0
0
2
0
0
0
0
0
0
8
0
0
0
0
0
0
0
0
0
0
0
0
3
0
0
0
0
0
0
9
0
0
0
0
0
0
0
0
0
0
0
0
9
0
53
0
33
0
4
0
0
0
0
0
0
1
0
0
0
0
0
1
16
0
0
0
0
0
1
0
0
0
0
0
0
6
0
0
0
0
0
0
0
122
151
0
0
0
4
0
0
0
0
0
2
8
0
0
0
0
0
1
0
0
0
0
0
0
8
0
0
0
0
0
0
0
0
0
0
0
0
10
0
0
0
0
0
3
12
0
0
0
0
0
2
0
0
0
0
0
0
9
0
0
0
0
0
0
0
0
0
0
0
0
5
0
0
0
0
0
0
10
0
0
0
0
0
4
0
0
0
0
0
0
4
0
0
0
0
0
0
0
0
0
0
0
0
6
0
0
0
0
0
0
7
0
0
0
0
0
0
0
0
0
0
0
0
4
0
0
0
0
0
0
0
0
0
0
0
0
0
0
0
0
0
0
0
10
0
0
0
0
0
3
0
0
0
0
0
0
12
0
0
0
0
0
0
0
0
0
0
0
0
5
0
0
0
0
0
0
8
0
0
0
0
0
1
0
0
0
0
0
0
8
0
0
0
0
0
0
0
0
0
0
0
0
7
0
0
0
0
0
0
9
0
0
0
0
0
0
0
0
0
0
0
0
3
0
0
0
0
0
0
0
0
0
0
0
0
5
0
0
0
0
0
0
7
0
0
0
0
0
2
0
0
0
0
0
0
8
0
0
0
0
0
0
0
0
0
0
0
0
4
0
0
0
0
0
0
7
0
0
0
0
0
3
0
0
0
0
0
0
3
0
0
0
0
0
0
0
0
0
0
0
0
2
0
0
0
0
0
0
10
0
0
0
0
0
1
0
0
0
0
0
0
5
0
0
0
0
0
1
0
0
0
0
0
0
4
0
0
0
0
0
0
6
0
0
0
0
0
0
0
0
0
0
0
0
5
0
0
0
0
0
0
0
0
0
0
0
0
4
0
0
0
0
0
0
12
0
0
0
0
0
3
0
0
0
0
0
0
7
0
274
0
50
0
5
0
0
0
0
0
0
4
0
0
0
0
0
0
0
0
0
0
0
0
5
0
0
0
0
0
0
0
0
0
0
0
0
4
0
0
0
0
0
0
7
0
0
0
0
0
2
0
0
0
0
0
0
6
0
0
0
0
0
0
0
0
0
0
0
0
2
0
0
0
0
0
0
9
0
0
0
0
0
2
0
0
0
0
0
0
8
0
0
0
0
0
3
0
0
0
0
0
0
3
0
0
0
0
0
0
8
0
0
0
0
0
0
0
0
0
0
0
0
5
0
0
0
0
0
0
0
0
0
0
0
0
2
0
0
0
0
0
0
6
0
0
0
0
0
2
0
0
0
0
0
0
2
0
0
0
0
0
0
0
0
0
0
0
0
2
0
0
0
0
0
0
5
0
0
0
0
0
1
0
0
0
0
0
0
3
0
0
0
0
0
0
0
0
0
0
0
0
3
0
0
0
0
0
0
9
0
0
0
0
0
4
0
0
0
0
0
0
8
0
0
0
0
0
1
0
0
0
0
0
0
2
0
0
0
0
164
0
4
0
0
0
0
0
1
7
0
0
0
0
0
6
0
0
0
0
0
0
9
0
0
0
0
0
2
0
0
0
0
0
0
2
0
0
0
0
0
0
7
0
0
0
0
0
7
0
0
0
0
0
0
6
0
0
0
0
0
0
0
0
0
0
0
0
3
0
0
0
0
0
0
13
0
0
0
0
0
1
0
0
0
0
0
0
8
0
0
0
175
374
397
399
651
393
633
467
359
341
231
426
262
104
0
0
11
0
0
0
0
0
0
0
0
0
0
0
0
9
0
0
0
0
0
3
0
0
0
0
0
0
3
0
0
0
0
0
0
12
0
0
0
0
0
3
0
0
0
0
0
0
5
0
0
0
0
0
0
0
0
0
0
0
0
5
0
0
0
0
0
0
8
0
0
0
0
0
3
0
0
0
0
0
0
7
0
0
0
0
0
0
0
0
0
0
0
0
2
0
0
0
0
0
0
9
0
0
0
0
0
3
0
0
0
0
0
0
9
0
0
0
0
0
3
0
0
0
0
0
0
5
0
0
0
0
0
0
12
0
0
0
0
0
3
0
0
0
0
0
0
6
0
0
0
0
0
2
0
0
0
0
0
0
6
0
0
0
0
0
0
6
0
0
0
0
0
0
0
0
0
0
0
0
5
0
0
0
0
0
1
0
0
0
0
0
0
0
0
0
0
0
0
1
5
0
0
0
0
0
0
0
0
0
0
0
0
5
0
0
0
0
0
1
0
0
0
0
0
0
4
0
0
0
0
0
0
8
0
0
0
0
0
0
0
116
187
0
45
212
634
22
354
427
1
160
1
0
0
0
0
0
0
5
0
0
0
0
0
0
0
0
0
0
78
0
2
0
0
0
0
0
0
10
0
0
0
0
0
2
0
0
0
0
0
0
3
0
0
0
0
0
0
0
0
0
0
0
0
7
0
0
0
0
0
0
6
0
0
0
0
272
259
101
0
209
654
195
126
385
136
672
0
813
59
686
702
139
694
270
160
831
1
0
0
0
0
0
0
8
0
0
0
0
0
0
0
0
0
0
0
0
7
0
0
0
0
0
0
8
0
0
0
0
0
2
0
0
0
0
0
0
6
0
0
0
0
0
0
0
0
0
0
0
0
5
0
0
0
0
0
0
7
0
356
267
222
351
208
113
201
0
0
0
0
3
0
0
0
0
0
0
0
0
0
0
0
0
1
0
0
0
0
0
0
11
0
0
0
0
0
7
0
0
0
0
0
0
6
0
0
0
0
0
0
0
0
0
0
0
0
5
0
0
0
0
0
0
8
0
0
0
0
0
1
0
0
0
0
0
127
1123
2123
3123
4123
5123
6123
7123
8123
9123
10123
11123
12123
13123
14123
15123
15925
0
0
