4.23109
2.4
3.2
3.2
4.32
4.64
5.44
3.2
5.92
4.32
4.32
2.88
3.2
4.32
2.72
3.04
5.44
2.88
2.72
4
1.44
3.84
5.92
3.2
5.52
3.04
4.16
2.88
5.12
3.04
5.44
2.88
4.72
3.68
2.56
4.64
3.84
5.76
2.08
3.84
3.68
6.4
3.2
3.04
3.68
5.6
3.2
5.44
3.2
3.68
2.72
4.48
4
3.36
2.88
2.88
5.12
1.92
5.76
4.32
6.16
5.28
5.28
2.88
4.16
3.52
5.28
6.4
4.48
4.96
4.32
5.92
4.16
3.2
2.88
1.6
4
4.64
4.32
4.8
6.4
2.88
4.96
5.44
3.52
5.28
4.16
5.12
4.8
4.64
4
4.96
5.12
4.8
1.76
5.6
4
3.68
5.76
4.8
5.76
5.12
4.64
4.16
4.8
4.64
5.28
4.32
3.68
4.48
4.64
4.64
4
4.32
3.52
4
4.64
5.44
5.12
6.88
5.12
4.64
4.42667
4.32
4.64
5.12
5.68
1.92
4.64
4.16
6.4
6.4
4.96
3.2
5.04
7.04
2.88
4.64
4.64
3.68
5.92
4.64
3.68
5.12
3.52
6.08
2.24
4.64
3.68
4.16
4.48
5.6
4.32
3.52
4.48
5.76
3.68
4.64
6.72
4.8
4
3.2
5.6
6.4
4.16
3.04
5.12
4.48
3.84
4.16
5.6
4.8
5.6
5.12
3.68
5.12
5.76
4
4
5.52
5.6
4.16
5.12
2.88
4.96
4.8
4.48
4.16
5.12
4
4.64
4.96
4.48
4.16
5.76
3.52
4.8
5.44
4.48
4.16
5.28
4.96
2.88
5.12
5.44
4.16
6.4
4.8
4.16
6.4
4.32
5.76
3.84
4.64
5.76
4.48
6.56
4
3.52
4.48
4.8
1.44
4.48
7.52
3.68
3.84
4.48
4.16
5.28
6.56
4
3.52
6.08
3.04
6.24
7.2
3.36
4.16
4.16
3.92
2.88
6.24
3.36
3.84
5.6
4.32
3.68
4.64
5.92
4.64
4.16
5.68
6.08
6.24
2.56
4.96
4.64
3.36
4.48
4.16
4.32
4.16
7.04
2.72
5.44
4.16
5.28
5.28
3.84
4.96
4.64
4.48
5.12
4.96
4.8
5.76
1.6
5.6
4.48
4.16
6.24
5.12
5.92
4.32
4.32
5.28
5.28
5.28
5.6
4.48
4.16
6.56
5.76
3.84
4.64
3.84
3.36
4.8
6.72
4
5.84
4.8
5.44
4.48
5.6
4.48
4.96
6.4
3.52
5.12
4.64
5.12
3.84
3.04
5.28
4.96
5.28
7.68
3.52
4.96
4.64
4
5.6
5.12
5.76
5.6
4.16
5.28
4.32
4.64
5.92
4.8
3.52
4.96
5.28
4.64
4.16
5.6
3.84
3.84
6.24
5.76
3.04
4.16
4.96
5.28
4.16
5.12
3.52
5.76
2.56
4
6.56
3.52
3.68
5.76
3.04
3.52
5.12
4.64
6.56
5.92
4.96
4.64
5.68
6.4
3.36
3.52
5.6
2.4
4.96
5.28
4.8
6.08
4
3.84
3.68
4.48
4
4.64
3.52
3.84
4.64
4.64
5.76
4
5.12
5.92
3.68
2.88
6.08
3.2
4.8
4.32
5.12
4.64
5.76
6.4
4.48
4.48
4.96
4.8
6.24
6.08
3.68
3.52
3.52
4.8
2.08
4.96
4.16
5.44
4.32
3.68
4.48
4.16
4.48
5.12
4
4.32
4.48
3.36
3.68
4
3.04
3.2
3.68
2.4
3.36
3.36
4.32
4.8
4.64
3.2
2.88
3.52
4.64
4.8
3.52
3.36
2.72
4.32
3.52
3.52
3.04
4.64
3.04
2.08
4.32
3.2
3.52
3.68
3.68
4.64
3.84
4.48
3.36
3.2
3.68
4.48
3.2
4.32
3.68
3.52
3.92
1.76
4.32
3.68
3.84
4.16
3.2
3.04
3.68
3.04
3.2
5.12
3.84
4
3.04
3.52
3.84
4.64
2.56
4
3.36
2.08
4.64
3.52
4
3.52
3.36
4.48
4
3.52
3.36
4.48
3.52
3.36
3.84
3.84
3.84
4.48
4.16
4.16
2.4
3.84
3.52
3.68
4
4.16
4
4.16
3.68
3.36
3.84
4
3.68
5.12
4.8
4
4.16
4.8
4.8
5.12
2.24
4.96
3.68
4.32
3.36
4.64
4.96
4.32
3.68
4.64
5.76
4.8
4.8
5.12
4.32
3.84
4.8
4.48
3.68
2.72
3.68
4.48
3.52
3.52
4.96
4.96
4.32
3.68
3.84
3.68
3.84
4
4.16
4.16
4
3.84
3.68
3.84
4.96
2.4
3.2
3.36
3.2
4
4.32
4.8
3.2
4.16
4.32
4.64
4.64
5.12
3.68
4.64
4.96
4.48
3.84
3.52
2.4
4.8
5.28
4.64
5.76
5.92
3.68
2.88
4.48
5.28
3.04
4.16
4.96
4.16
5.12
3.52
4.48
3.04
4.16
3.84
2.88
4.32
4.8
5.12
4.8
4.32
4.16
5.28
5.44
5.44
4
5.28
5.6
4.96
5.6
5.76
6.56
6.72
5.12
1.92
7.36
4.8
6.08
5.76
5.92
4.64
5.28
5.12
3.2
5.76
5.6
3.68
4.96
4.64
4.32
5.92
4.48
5.28
3.84
3.84
6.56
4.16
4.64
4
4.96
5.6
4.16
4.08
5.28
4.96
4.96
4.48
5.44
5.6
3.36
4
5.12
2.08
3.84
5.28
5.44
4.16
5.6
4.16
4.48
5.76
5.44
3.68
3.68
5.68
4.48
4.48
5.6
5.12
5.12
2.56
4.32
3.52
5.76
5.76
3.84
6.56
5.12
6.88
6.72
5.92
4.48
6.88
6.24
5.76
6.72
6.56
7.04
7.2
4.8
5.6
6.24
6.72
4.8
4.64
5.92
5.76
7.36
5.6
5.92
5.44
3.52
5.12
5.28
5.92
5.76
6.88
5.76
7.04
6.4
7.52
5.6
6.24
6.4
5.76
6.24
5.6
5.44
5.28
6.08
5.6
6.56
5.6
5.12
5.76
3.04
6.56
6.88
7.04
5.76
6.88
4.48
6.56
5.44
6.72
7.2
5.6
5.76
5.44
5.76
6.08
6.56
5.28
6.56
7.04
4.16
7.52
5.92
5.28
4.96
5.76
5.12
4.96
6.4
6.4
8.16
6.4
7.36
5.76
6.72
6.4
5.28
5.28
6.24
3.68
6.24
6.24
7.52
8.16
9.44
7.36
8.32
7.36
8.96
8
6.88
5.76
5.92
6.24
7.04
6.56
7.36
6.72
8
5.12
6.88
5.44
7.84
8.32
6.72
7.2
7.68
7.2
6.56
8.8
6.88
6.56
6.72
7.68
7.36
7.36
8.64
7.36
5.12
8.8
7.36
6.72
6.88
7.36
6.08
9.12
7.36
8.16
6.24
7.04
7.84
6.56
5.76
7.04
7.52
6.88
7.36
8.32
3.68
8.32
7.68
6.24
7.2
6.08
5.6
6.56
6.88
7.04
7.68
7.04
7.84
5.76
6.88
6.56
7.04
6.24
7.52
4
6.72
7.84
7.04
7.52
7.52
8.48
8.32
7.2
5.92
9.12
8.8
7.36
7.84
7.2
7.2
7.2
8.64
7.84
8.32
2.88
8.16
10.56
7.36
7.04
7.36
7.04
5.12
7.04
9.44
6.72
8.64
7.36
6.4
6.56
8
6.24
7.36
5.12
6.24
6.24
7.2
5.12
7.52
6.88
7.52
5.76
5.92
4.64
6.24
5.76
6.24
6.56
7.28
5.44
7.36
9.92
6.08
3.04
7.52
7.52
7.76
5.92
8.64
6.72
5.92
5.76
4.16
8.16
6.88
6.88
8.32
8
8.64
6.72
7.04
3.36
8
4.96
6.56
4.8
5.92
6.4
7.36
7.2
6.24
7.2
6.72
8.64
6.72
5.6
5.44
7.68
5.76
7.2
5.92
2.4
6.4
6.56
6.4
7.36
4.64
7.52
6.4
4.96
6.24
5.6
8.16
6.72
5.6
6.56
7.04
5.12
6.08
7.68
3.2
6.24
6.24
7.68
6.4
5.92
8
5.28
8.64
6.08
8
5.92
7.52
7.68
6.72
5.28
5.92
10.08
6.56
5.76
4.64
5.44
10.72
5.28
4
7.52
9.6
9.6
6.08
7.36
9.44
4.32
7.52
5.44
6.4
5.6
7.36
7.52
6.4
4.16
6.4
7.52
6.88
8.32
3.84
8.32
7.2
5.92
7.84
4.8
8.8
3.52
4.8
8.16
9.44
6.56
8.48
3.2
8.16
1.92
7.04
5.76
9.12
4.64
8.16
6.08
8.48
9.76
4.96
8.16
8.16
5.92
7.2
5.44
8.96
7.36
6.56
6.4
5.44
5.12
7.36
7.04
6.24
6.72
7.68
5.6
9.6
7.36
4.64
9.6
7.68
7.84
4.32
7.68
7.52
4.8
7.36
6.72
2.72
6.24
6.08
3.84
8.64
4.96
10.56
4.8
8.16
6.08
7.04
6.4
6.08
6.24
5.76
6.56
6.56
6.4
4.16
8.8
8.48
4.48
8.64
8
6.56
5.12
4.16
7.52
5.44
7.2
3.84
8.16
9.12
6.72
5.6
6.88
4.8
6.56
2.72
8.48
5.44
8.8
7.84
3.68
5.12
8.32
3.04
6.72
3.52
8.64
5.44
4.96
8.16
4.48
6.88
3.84
4
2.4
6.4
7.04
4.8
6.88
4.96
6.56
4.96
5.6
6.72
6.56
5.44
3.68
7.36
6.08
6.24
7.2
7.36
8.64
4.32
5.28
7.04
3.52
4.32
7.2
7.2
4.96
7.2
3.36
7.2
4.8
5.44
8.32
5.12
6.72
4.64
6.08
6.56
2.72
5.92
5.44
4.64
6.4
7.04
6.08
6.4
4.96
6.72
6.08
7.84
3.68
4.8
6.24
4.48
8.8
4.96
5.84
4.32
4.96
5.44
5.28
4.88
5.28
7.52
5.76
7.2
8.96
9.28
7.84
7.84
4.96
4.16
7.36
4.96
3.36
5.44
7.04
7.2
6.56
6.88
8.16
4
11.68
5.44
6.88
7.04
4.16
4.8
6.88
7.68
8.16
5.28
4.16
7.84
3.2
8.48
5.76
8.64
7.84
3.52
8.64
8.48
8.48
4.32
8.96
4.8
8.32
6.88
5.28
5.28
3.04
7.2
5.44
3.52
8.48
5.6
8.16
5.28
6.56
4.32
9.28
8
9.92
5.44
8.16
7.2
12.8
6.56
5.76
7.04
5.44
7.2
6.4
6.4
5.44
8.8
5.12
8.32
3.84
7.2
8.64
6.24
9.76
9.28
3.68
9.28
8.32
4.48
8.32
7.36
5.12
4.32
8.48
4.64
8
5.12
7.84
4.48
9.12
10.56
7.68
7.2
6.88
8.48
5.92
8.64
4.16
5.44
7.52
4.16
4.4
3.2
8.96
7.2
7.68
9.76
4.16
5.44
7.04
10.24
3.36
7.52
4.96
8.16
8.96
4.8
6.72
6.24
8
9.28
5.92
9.44
5.12
5.76
8.8
7.84
5.12
5.92
5.76
6.24
7.12
7.04
5.44
4.48
6.24
8
4
6.8
6.56
8.8
7.52
4.8
6.08
6.88
9.12
4.64
6.72
7.2
5.44
5.44
7.36
4.96
8.64
8.32
3.2
8.48
6.4
9.6
5.92
9.12
7.04
6.88
7.68
5.28
8
8.32
4.16
6.88
5.6
5.76
8.8
4.64
6.72
6.24
7.76
4.8
7.52
7.2
6.4
6.56
8.8
8.16
5.6
9.92
10.24
6.08
10.08
7.52
7.2
4.48
7.52
7.68
9.44
6.56
4.8
8.64
8.32
4.32
8.32
6.4
8.8
6.56
8.48
6.24
6.24
8.32
6.56
9.92
4.96
3.68
7.84
8.32
8.16
9.28
3.84
8
8.96
8.16
4.64
9.12
7.2
5.44
6.72
8.16
5.44
7.2
9.44
7.04
3.52
7.36
8.16
7.84
4.32
7.2
6.4
10.4
7.52
9.36
8.16
8.48
7.36
8.64
7.2
10.4
10.08
5.92
8.96
4
6.88
6.88
10.4
6.56
7.2
8.8
7.68
9.6
6.56
8.96
9.92
8
7.2
8.64
9.12
6.24
7.52
5.92
9.92
7.84
9.92
4.32
5.12
9.76
8.64
10.4
8.48
9.44
6.56
9.12
8.16
8.48
7.52
6.4
7.68
9.44
3.04
8.64
8.64
6.24
9.6
12.16
10.56
9.6
9.76
10.08
9.28
9.28
8.16
10.4
7.84
12.8
10.24
8.96
10.08
4.48
11.36
8.96
10.72
7.36
8.64
7.52
9.12
9.6
9.76
9.76
9.28
10.08
10.72
10.88
8.16
10.88
11.36
8.96
7.36
5.28
6.56
8
8.64
8.96
10.24
10.08
13.28
10.08
9.6
8.16
8.96
9.6
10.4
9.92
10.24
9.76
11.52
8.32
5.92
9.92
10.4
9.28
8.48
9.76
10.88
10.72
9.76
10.56
11.2
10.4
10.88
9.76
10.4
9.92
11.36
10.88
10.08
10.56
7.2
9.92
11.2
10.4
11.04
10.24
9.6
10.88
10.4
11.52
9.28
10.08
10.88
10.72
12.48
10.72
11.2
9.92
10.4
5.28
11.36
12.8
11.36
9.76
12.48
9.92
11.36
11.84
10.24
10.24
12.32
10.88
10.56
11.84
9.92
10.56
11.68
11.68
11.2
8
11.04
11.52
11.2
10.88
11.84
12.32
11.52
10.88
11.52
10.72
11.36
10.88
10.72
9.92
12.32
10.88
11.36
10.56
6.24
11.68
10.4
8.48
11.04
8
11.52
11.36
10.4
10.56
9.6
12.16
11.52
9.28
10.56
10.88
9.6
9.12
8.96
11.04
5.6
10.4
10.24
12.32
9.6
10.08
12.96
9.92
10.56
10.4
9.6
10.56
10.88
8.64
8.8
9.6
10.08
9.12
9.12
6.08
9.76
8.32
7.36
7.84
8.16
7.52
8
8
9.6
8
8
9.12
7.68
6.88
8.96
7.68
8.16
8.48
8
6.24
7.84
7.84
8.8
7.68
9.28
9.12
8.32
7.36
7.36
6.56
9.6
7.68
9.28
7.84
6.88
8.32
7.2
6.56
5.12
8.32
7.84
7.84
8.48
9.44
8.64
7.68
8.96
7.84
8.64
7.36
7.84
8.16
8.48
7.04
8.32
8.16
9.28
8.64
5.92
7.04
7.84
8.48
7.04
8.32
7.04
8.16
7.04
7.84
8.48
10.08
7.52
7.52
7.52
8.48
8.8
8.64
8
5.6
8.8
8
8.64
7.84
7.36
7.04
6.72
6.08
7.2
7.68
7.84
8
7.84
7.68
7.68
6.08
8.48
6.72
7.84
5.28
6.56
8.32
7.04
8
6.24
7.52
8.48
6.4
7.2
8.32
6.08
6.72
7.04
7.04
6.08
5.6
6.4
7.2
4.64
8.64
6.88
6.4
6.4
8
6.72
8
7.2
8.48
7.36
6.56
7.68
7.68
8
8.16
6.08
8.48
7.52
7.04
4.48
6.88
7.2
7.84
8.32
7.04
6.4
7.36
8.64
7.2
5.92
7.84
5.76
5.76
7.2
6.72
8.16
7.52
7.68
5.12
6.56
6.08
6.08
7.04
7.2
6.24
5.12
6.72
7.84
5.92
8.16
7.04
6.56
7.84
6.4
6.88
7.52
8
6.24
5.12
7.36
8.16
6.4
6.56
7.84
7.52
7.84
6.4
7.04
7.2
8
6.4
6.08
5.12
7.2
5.76
6.72
5.6
3.84
7.2
5.76
5.92
5.92
6.24
6.4
6.88
5.44
6.88
5.92
5.44
7.52
6.56
6.08
6.08
6.56
6.08
5.76
5.44
5.28
6.4
5.28
6.88
6.24
6.56
6.08
5.28
5.44
6.72
5.6
6.08
6.72
6.56
5.44
6.4
6.56
4.8
6.08
4.32
7.04
5.44
5.28
6.08
5.6
6.24
7.04
5.92
6.24
5.28
5.76
6.24
6.08
6.08
5.76
6.56
5.76
5.76
6.88
5.44
5.6
6.24
4.96
6.4
5.12
6.56
6.08
6.56
4.16
4.32
5.6
5.12
4.16
5.44
4.96
4.8
5.28
4.48
4.16
5.28
4.64
4.48
5.28
4.8
4.96
4.48
4.64
4.96
4.32
5.12
4.96
5.6
4.96
5.44
6.4
5.76
5.44
5.76
4.16
5.28
7.36
6.24
6.4
6.72
6.24
5.76
6.56
5.6
6.88
5.76
6.4
6.08
4.96
6.08
4.96
5.28
5.76
3.68
5.76
5.92
5.6
5.76
5.6
5.6
4.96
5.6
6.24
6.24
4.32
4.48
5.6
4.32
6.88
4.48
5.92
5.28
4.32
4.16
5.28
5.28
5.12
6.08
7.04
6.08
6.24
6.24
5.92
5.28
4.64
7.04
5.76
4.96
4.96
5.76
5.44
5.44
3.68
6.4
5.92
4.48
5.76
6.08
5.12
6.24
5.28
5.44
5.12
5.76
5.28
4.8
4.96
5.12
5.12
5.6
4.48
4.96
3.52
6.24
6.4
5.44
4.32
6.4
4.96
4.8
5.6
5.12
5.12
5.76
4.96
5.12
5.28
5.44
4.96
5.44
4.64
5.12
7.2
7.2
5.44
7.52
6.56
5.28
6.72
7.84
7.52
6.4
6.72
7.36
7.36
6.56
7.36
5.6
5.92
6.08
6.56
6.56
5.6
5.76
7.68
6.24
5.44
7.04
6.72
6.88
5.92
7.36
7.04
6.08
6.72
5.92
6.08
6.08
6.88
6.4
4.48
7.04
6.08
5.6
7.52
5.92
7.84
7.2
6.72
6.56
6.88
6.08
6.88
5.92
6.4
5.92
7.04
6.56
6.24
5.92
4.64
6.24
6.08
5.92
6.4
6.08
5.6
6.4
5.76
5.92
7.68
5.6
6.88
6.4
6.4
5.92
8
6.4
5.44
4.48
6.72
6.72
6.24
5.6
6.08
6.56
5.44
6.56
6.56
6.24
5.44
5.44
6.08
6.24
6.72
6.56
5.92
5.44
6.88
5.6
6.56
5.92
5.92
6.56
5.44
7.36
7.04
7.04
6.24
6.08
6.72
6.56
7.36
7.2
7.04
7.2
6.56
6.24
5.28
6.72
5.92
6.08
6.56
6.88
6.72
5.44
6.56
6.08
6.4
6.56
5.92
6.4
6.24
6.4
6.24
6.72
6.24
6.56
5.28
7.2
5.92
6.08
6.24
6.72
5.92
6.4
6.08
6.24
6.88
6.88
6.08
5.92
6.24
6.08
6.56
5.6
6.56
4.8
7.04
6.08
7.52
6.4
6.88
6.24
6.72
6.88
6.56
5.92
6.72
6.88
6.24
6.4
6.24
6.24
6.4
6.24
6.4
5.44
6.56
6.56
6.24
5.76
5.76
6.56
5.76
6.08
6.72
7.04
5.6
5.6
6.88
5.92
6.88
6.24
5.44
7.04
3.84
7.68
5.76
6.56
6.24
6.4
6.56
5.92
5.92
6.88
6.56
6.88
5.92
7.2
6.08
6.24
6.08
7.04
7.36
6.4
5.92
7.84
6.4
6.56
6.08
6.4
7.2
5.92
6.08
6.24
6.24
6.24
6.72
6.4
6.24
7.2
6.24
6.4
6.4
4.96
6.24
6.24
6.72
6.24
7.04
6.24
6.4
8.48
5.44
6.08
5.44
7.04
7.52
5.12
5.76
5.6
7.04
5.76
5.6
4.8
6.4
7.04
6.08
6.72
6.56
7.52
5.12
5.92
7.68
6.56
5.92
7.68
6.24
6.72
6.24
6.24
5.6
6.88
4.96
7.68
5.76
5.92
6.88
6.08
6.24
6.08
6.08
6.4
6.88
7.2
7.04
6.4
6.08
6.24
5.28
3.52
3.68
3.52
3.2
3.84
4.16
4.48
3.52
4.48
3.68
4
3.2
4.8
3.68
4
4.32
3.84
3.68
4
3.36
3.84
3.68
3.36
4.16
3.52
3.68
4.64
3.68
3.84
3.84
4
4.32
3.84
4.32
3.04
3.68
3.84
3.36
3.52
3.84
3.68
3.36
3.36
3.36
3.68
4.16
3.68
3.52
3.68
4.48
4.48
3.68
3.84
3.68
4
3.36
3.84
4.16
3.2
3.04
4.48
3.36
3.68
3.68
4
3.36
4
3.68
3.68
3.2
3.36
3.68
3.84
4
3.36
3.84
3.52
3.52
3.36
4
4
3.36
3.84
3.68
4.32
3.68
4.32
3.2
4.32
4
4.32
3.36
5.12
3.84
3.84
3.68
3.52
3.2
4.32
3.68
3.68
4.16
3.52
4.16
3.2
3.84
3.52
3.36
3.68
4.64
4.64
4.16
3.68
3.36
3.84
3.84
4.32
3.52
3.36
3.84
3.84
4.16
4
3.52
4
3.36
4.16
4
4.32
4.96
3.68
4
4.64
3.2
3.84
4.32
5.44
4
4
3.68
4.32
4
4.16
3.36
3.52
3.2
4.16
4.48
4.48
4.8
3.68
3.36
3.52
3.36
4
4.96
4
4.48
4
3.36
3.84
3.68
4
3.84
3.36
4.16
3.36
4
4.32
4.16
4.48
4.8
4
3.84
4.16
4.32
4
3.2
3.36
3.52
4.16
4.32
4.16
4.32
3.84
4.32
4.16
4.48
3.68
4
3.84
4
4.32
4
3.84
3.52
5.6
4
3.36
3.68
4
4
3.52
3.52
3.52
3.84
4.32
4.8
4.96
5.12
3.36
4.16
3.68
3.36
3.2
4
3.68
2.56
4.96
3.36
3.84
2.88
3.52
4
2.4
1.44
3.04
2.88
2.72
2.88
2.08
2.24
2.72
3.04
3.2
2.4
2.4
1.76
2.08
2.56
2.56
2.08
2.56
2.4
2.72
2.4
3.2
3.04
2.56
2.72
2.88
3.52
2.72
1.44
2.56
2.72
2.08
2.24
2.56
1.76
3.2
2.4
3.04
2.72
2.4
2.08
2.56
2.72
2.24
2.72
2.56
2.08
2.72
3.04
2.56
1.92
1.92
2.88
2.4
2.4
2.56
3.52
3.84
1.92
2.56
3.84
2.4
2.88
2.56
2.72
2.88
3.04
3.2
2.56
2.4
2.24
2.4
2.08
2.24
2.72
3.04
3.2
2.24
3.52
2.4
3.84
2.72
3.04
2.72
3.04
2.88
2.56
2.56
1.92
3.52
2.56
2.4
3.2
3.04
3.2
1.76
2.08
2.88
2.4
2.4
2.4
2.88
2.4
3.04
2.4
2.24
3.04
2.72
2.24
8.16
13.92
15.68
13.44
10.08
9.12
11.36
10.72
10.4
13.12
13.28
10.24
14.72
12.96
15.36
15.2
17.44
16.64
16.48
13.92
7.84
13.92
15.04
11.04
15.52
15.2
14.4
16.64
17.76
13.12
12.48
14.24
14.24
12.48
13.12
15.2
11.68
14.24
11.52
5.6
9.76
15.68
12.64
10.08
13.12
10.24
11.68
13.44
11.52
13.92
13.92
13.6
14.08
15.2
14.56
14.72
13.76
14.08
16.64
8
14.24
16.64
10.88
13.92
14.08
15.68
15.2
13.92
13.44
12
14.08
13.76
14.56
14.24
13.92
16.64
17.28
15.36
8.96
13.28
12.8
14.4
12.8
9.44
14.24
13.12
17.76
17.28
16.32
16.8
12.32
16.48
14.56
12.8
13.28
14.88
15.52
14.4
7.36
15.36
12
13.44
13.28
13.12
13.12
12.32
12.8
13.92
11.52
15.68
13.76
13.12
13.44
13.92
14.4
13.12
10.72
6.4
15.68
13.12
16
15.04
13.44
15.52
15.36
14.08
15.52
13.12
15.2
13.28
14.4
17.28
13.28
14.4
5.6
8
8.16
4.8
8.16
9.12
10.4
10.72
10.56
11.2
8.8
9.6
8.16
12
10.24
9.76
11.36
12.48
10.24
15.84
13.28
14.88
6.08
16.16
16.8
15.36
12.16
12.48
16.48
16.32
15.52
15.2
14.88
16.48
15.52
17.12
12.64
16.96
13.12
16
15.2
14.56
6.72
14.56
11.04
14.88
13.6
16
13.28
14.88
14.08
15.36
14.24
13.44
14.4
13.12
15.84
14.24
16.96
14.4
14.72
8.64
13.6
16.96
14.88
15.04
15.36
12.64
17.76
14.4
15.68
18.4
14.72
17.6
15.52
15.84
14.08
14.88
14.08
14.88
17.44
8.64
12
14.56
14.4
13.76
15.52
16.32
15.04
10.4
14.24
15.2
14.4
17.28
13.12
13.92
14.72
9.28
11.84
15.52
8
11.68
14.88
15.52
9.12
16.16
19.2
16.64
18.08
18.08
18.08
14.4
17.28
18.88
17.12
18.24
18.88
16.96
15.2
16.48
6.4
16.8
15.2
16.48
8.64
10.56
9.6
8.8
10.24
12.32
13.12
12.96
15.04
16.8
15.48
17.12
17.54
16.48
17.1284
12.64
17.1446
16.8
17.92
16.96
17.76
16.16
18.08
13.68
17.35
16.1067
10.5534
5.6
16.64
6.48
4.8
18.08
18.72
17.44
17.76
16.64
18.88
13.28
18.88
19.2
19.2
19.2
18.96
14.32
19.2
17.3257
17.6
17.28
18.4
16.8
19.2
16.8
18.4
18.08
9.6
16.64
18.08
16.8
17.6
18.4
18.24
19.2
17.92
15.12
17.92
15.36
17.088
16.16
18.56
17.12
16
17.12
18.24
18.56
16.16
18.88
16
18.4
15.52
18.24
18.64
18.08
14.08
9.97333
11.84
12.32
7.2
8.64
12.5867
9.72308
9.83652
4.69333
4.96
9.2
7.68
10.24
5.57854
10.08
4.48
3.84
3.52
5.12
4
4.64
2.56
2.72
1.50222
3.04
4.32
4.32
4.96
3.68
4.8
4
4.48
4.48
4
5.6
4.8
3.2
4
5.44
3.68
2.56
3.04
2.08
1.76
6.32
8.64
4.16
2.98667
3.68
4.96
3.68
5.12
3.36
5.6
4.96
4.8
4.32
5.76
3.36
5.12
4.16
5.6
5.6
4.96
5.12
5.12
1.88
0.8
1.92
1.28
2.16
1.6
2.24
2.24
1.6
1.76
2.24
2.56
1.76
2.08
1.92
2.88
2.24
2.24
2.08
1.92
2.56
0.96
1.6
3.52
2.08
1.12
2.24
3.2
1.12
1.44
1.92
1.76
2.24
1.76
1.76
2.24
2.24
1.92
2.08
1.76
2.24
1.76
2.88
2.24
3.04
1.44
1.44
2.88
2.08
2.4
2.4
2.4
1.92
2.08
1.92
1.12
2.56
1.44
1.28
1.92
0.96
1.76
2.56
2.4
2.56
1.44
2.56
2.24
1.92
2.4
2.08
1.44
1.44
1.12
1.12
1.28
1.44
1.44
1.44
0.64
1.6
1.92
1.12
1.28
2.24
1.12
2.4
1.12
1.44
0.64
1.28
0.64
0.96
2.08
0.8
0.96
0.8
1.12
1.6
1.6
0.96
1.6
1.28
1.44
0.8
2.08
1.12
0.96
1.44
1.76
0.96
0.96
1.12
1.12
1.92
1.12
1.76
0.96
1.76
1.44
1.44
1.28
0.96
1.44
1.92
1.6
1.92
1.28
1.6
1.12
1.76
1.44
1.92
1.28
0.96
1.44
1.12
1.44
0.96
1.76
1.12
1.44
1.12
0.48
1.76
0.8
1.92
1.6
1.6
1.6
0.96
0.8
1.92
1.6
1.28
1.12
1.12
0.96
1.44
1.92
1.6
0.8
1.92
0.96
1.28
0.96
0.96
1.6
1.92
1.44
1.92
0.64
1.76
0.8
1.12
0.8
1.28
1.28
1.92
1.76
2.4
1.12
1.6
2.24
1.12
1.28
1.28
1.76
1.6
1.44
0.96
0.96
0.64
1.92
1.12
1.28
0.48
1.12
0.96
1.28
1.12
1.92
0.48
1.92
1.12
1.12
0.8
0.96
2.24
2.08
1.92
1.44
0.96
1.6
1.28
1.28
0.96
1.28
1.12
1.44
2.24
1.12
1.28
1.76
1.6
1.44
2.56
1.12
1.76
1.12
1.28
0.96
1.44
0.96
1.92
0.32
0.96
2.24
1.28
1.28
1.28
1.28
2.08
1.28
2.08
1.12
0.16
1.76
0.96
1.44
1.44
0.96
1.28
1.28
1.12
1.12
1.6
0.8
1.6
0.48
1.76
1.6
0.96
2.08
0.48
1.28
1.76
0.64
1.92
0.96
1.12
1.76
3.04
0.96
1.6
0.64
1.6
0.48
0.96
1.6
1.6
1.44
0.96
1.12
0.96
1.6
0.64
1.12
0.96
1.28
0.96
0.96
2.08
1.12
1.44
1.6
1.6
1.6
0.96
1.12
1.12
2.88
1.6
1.6
0.64
2.08
1.44
0.8
0.96
1.44
1.92
1.44
1.12
1.6
1.28
1.44
1.6
1.12
1.6
1.12
0.8
1.92
2.56
1.28
1.92
1.76
1.44
1.6
1.12
1.28
1.76
1.92
0.64
1.44
1.6
1.76
0.48
0.8
1.12
2.08
1.28
1.92
1.28
1.12
1.44
0.96
2.24
0.96
0.96
1.6
0.8
0.8
1.12
1.92
1.28
1.44
1.6
1.44
1.92
1.12
1.92
1.12
1.28
1.28
0.64
1.28
0.8
1.44
0.48
1.12
1.92
0.96
1.44
0.64
1.6
0.96
0.8
1.12
1.12
1.44
1.44
1.6
0.8
0.96
1.76
1.12
0.96
0.8
1.44
1.6
0.64
1.76
0.8
1.28
1.44
1.12
2.08
1.92
0.8
1.28
0.96
1.76
1.44
0.96
0.96
0.8
0.96
0.96
1.12
0.64
1.28
0.8
1.28
1.92
0.8
1.28
0.64
1.6
1.6
1.76
1.44
1.28
1.28
1.28
0.64
1.28
0.48
0.48
1.12
1.28
1.6
1.76
1.28
1.76
1.12
1.28
2.24
0.96
2.24
0.64
1.12
0.96
1.12
2.08
1.12
0.96
1.28
1.6
1.28
0.8
0.96
0.96
0.96
2.08
1.6
1.12
1.12
0.96
1.44
1.12
1.92
1.92
0.64
1.28
0.96
0.96
0.64
1.28
1.28
1.44
1.12
1.28
1.44
1.28
2.24
0.8
1.04
1.92
1.44
2.08
1.28
1.28
1.12
1.44
0.96
1.28
1.28
0.8
1.12
1.6
0.96
0.64
1.12
1.76
