5.09568
4.16
5.28
3.84
1.92
3.68
3.84
4.64
6.4
4.56
5.01333
3.2
5.6
4.64
3.84
3.52
2.88
5.28
3.36
2.56
2.88
3.04
6.56
3.52
4.48
5.28
6.72
4.32
3.68
3.04
2.72
6.08
5.76
3.52
4.08
4.64
5.6
2.4
5.12
4.8
5.28
4.48
2.88
4.32
2.08
3.68
3.52
5.6
2.08
4.16
5.44
3.68
3.2
5.12
5.92
3.52
3.2
5.28
3.36
5.28
3.68
7.68
3.04
3.36
4
6.72
5.76
6.08
4.8
4
4.08
5.76
8.16
4.16
3.68
2.88
5.6
7.36
3.52
4.48
5.6
4.32
4.96
3.68
6.88
5.28
4.96
4.4
7.68
6.88
3.84
5.28
4.32
6.88
5.76
4.32
4.16
5.44
4.96
4.96
3.84
6.56
3.84
5.28
4.8
4.96
4.64
4.48
6.4
7.04
2.4
4
3.52
5.44
5.92
7.04
3.84
4.24
4.8
7.68
7.04
4.96
6.08
4
4.8
6.4
5.44
4.96
5.44
3.84
4.96
3.04
3.68
5.44
4.96
6.24
4.8
5.92
4.8
4.48
5.28
6.56
4.48
4.96
5.28
5.92
4.48
4.8
5.44
1.92
5.28
5.28
5.28
6.24
6.56
4
5.28
4.96
4.96
3.52
5.92
5.6
3.68
6.24
3.52
5.28
4.96
4.8
2.88
7.52
6.24
6.88
5.76
5.76
5.44
4.32
4.16
5.92
5.92
6.72
3.68
5.92
5.6
7.68
4.8
3.68
3.52
4.48
5.92
5.92
4
4.88
7.36
4.8
3.2
5.12
3.52
8.16
5.76
4.48
5.76
5.76
5.28
6.4
2.24
5.6
5.6
4.32
4.96
4
6.08
4.8
5.12
3.2
4.96
4.96
4.32
4.96
5.92
4.48
8
5.12
4.48
4.16
3.68
4
6.56
5.28
3.68
5.6
8.16
6.08
2.72
4.8
6.24
9.12
3.36
3.52
5.76
10.24
4.96
6.72
2.56
5.44
5.28
4.96
4.96
5.6
3.68
4.8
3.84
6.56
3.04
5.6
7.2
4
5.6
5.6
5.36
4
4
6.4
4.8
5.28
5.6
5.28
7.36
5.76
7.84
5.76
4.16
7.2
5.6
6.72
5.28
4.48
5.28
5.6
3.36
3.04
5.12
5.12
6.88
3.52
4.64
8.16
5.6
5.44
8.48
3.68
3.36
7.84
8.48
3.68
4
4.8
7.68
4.32
3.36
5.28
6.08
3.04
6.24
4.96
6.24
3.2
9.76
5.92
3.84
5.76
6.45333
7.84
3.2
5.28
5.92
2.4
6.08
4.64
2.72
5.12
5.28
5.44
4.96
8
4
5.44
8
5.28
6.32
5.76
8
3.68
3.84
8.96
3.36
3.2
7.68
6.88
3.04
3.84
3.84
4.64
4.48
4.32
4.16
3.52
4.64
3.36
4.8
3.52
4
2.56
3.52
3.36
3.84
4.32
3.2
4.96
4.16
3.36
3.68
3.68
4.64
4.16
3.68
4
4.64
4.16
3.84
3.36
5.76
2.24
4.32
2.4
3.36
5.6
3.2
3.84
4.16
4
4.16
2.56
4.32
3.36
2.72
3.84
4.16
3.36
3.68
5.76
3.2
4.64
2.56
4.16
4
4
3.2
2.56
5.12
6.24
3.36
3.36
3.2
3.04
4.8
3.52
3.84
3.84
4.32
4.96
2.24
4.48
5.6
5.44
4
3.36
4.32
4.8
3.2
3.52
5.44
5.76
4.8
3.52
3.84
4.32
4.32
3.84
3.36
2.08
3.2
4.8
4.48
5.28
4.32
3.36
5.28
5.12
4.32
4.48
4
5.12
3.52
3.84
4.32
4.8
4.32
3.68
3.52
1.92
2.72
3.68
3.84
4
3.52
4.32
3.68
4.96
3.68
4.64
2.88
4
4
3.68
5.44
2.88
5.76
4
2.88
4.48
4.32
4.16
5.12
4.8
4.8
4.8
5.28
4.8
4.8
4.96
4.48
4.16
4
3.6
4
4.8
3.52
3.36
4.96
4.32
3.36
4.32
5.6
5.44
4.32
4
5.6
4.8
5.44
5.6
5.28
5.12
6.56
6.56
5.44
6.72
2.72
5.28
3.04
4
4.16
4.48
3.68
4.8
5.76
5.44
3.68
4.64
4
4.32
6.08
3.84
4.32
5.92
5.44
4.32
3.2
4
2.88
4.16
5.28
3.36
4.8
5.6
5.12
3.84
4.64
4.16
4
5.12
5.28
5.28
4.64
4
3.36
3.2
3.84
3.52
4.32
3.52
4.64
3.68
3.68
2.72
3.68
3.04
4.48
3.68
4.16
4.16
3.2
3.84
3.68
3.2
2.4
3.84
2.08
4.48
3.2
2.88
2.08
3.68
3.2
3.04
4.64
2.24
4.32
4.16
2.88
3.52
2.88
3.52
2.72
4.32
2.72
3.84
3.68
3.68
2.56
2.56
3.84
3.84
2.88
2.88
4.16
4.16
2.88
4.16
3.36
2.72
2.4
4.16
3.84
3.84
1.92
3.36
3.2
2.72
2.72
4.32
3.2
3.04
1.92
2.88
2.56
4.16
3.36
2.24
3.68
2.88
4.64
2.56
4
3.2
3.36
2.4
2.88
3.04
4
3.2
2.24
1.92
2.88
3.52
1.6
2.72
2.4
2.24
2.72
1.92
1.76
2.24
3.68
0.8
2.72
1.76
1.92
2.08
2.08
2.08
2.08
2.08
2.24
2.24
3.2
2.4
2.4
1.92
2.4
1.92
2.56
3.2
1.92
2.56
1.44
2.72
2.88
1.6
2.08
2.72
2.88
2.72
2.72
3.04
3.36
2.08
3.2
3.84
2.88
2.56
2.72
2.56
1.6
1.44
2.08
2.56
3.36
3.04
2.56
1.76
2.72
2.08
1.28
1.44
2.08
1.28
2.24
2.56
2.4
1.6
2.24
1.76
2.24
2.72
2.24
1.76
2.08
2.56
1.28
2.08
1.92
2.4
2.72
1.76
2.08
2.4
2.08
1.6
1.92
2.08
1.44
0.8
2.08
1.6
2.24
2.24
2.08
1.44
1.6
1.6
3.52
2.56
3.2
2.56
1.92
2.08
2.24
2.56
1.44
2.88
2.4
1.76
2.56
2.08
2.88
3.36
2.88
1.92
2.4
2.4
2.24
1.44
2.08
1.12
2.4
1.28
2.24
2.08
3.2
3.04
1.6
2.24
2.4
2.56
1.92
2.88
1.44
2.88
2.88
1.44
2.4
2.24
1.76
2.4
1.76
1.76
2.24
2.56
2.24
1.44
2.4
3.2
1.44
1.6
2.72
1.12
2.4
1.6
1.28
1.28
2.4
1.44
2.08
3.2
1.28
2.08
2.88
1.44
1.6
1.28
2.08
1.28
1.76
1.28
2.24
1.92
2.24
2.08
2.4
2.24
2.56
2.56
1.92
2.4
2.24
1.44
2.56
1.92
2.4
2.24
2.4
3.04
2.88
2.24
2.72
2.88
2.24
2.88
1.92
3.36
3.04
1.92
2.56
2.72
2.88
1.92
2.4
2.72
1.76
2.56
2.4
2.56
1.92
1.92
3.04
2.4
3.36
2.24
3.36
2.08
3.36
1.92
3.36
2.56
2.56
1.44
2.08
1.76
2.24
2.56
3.2
4
1.76
3.04
2.88
2.56
3.36
1.76
3.04
1.92
3.36
2.4
1.76
2.88
1.44
2.88
1.12
1.92
0.8
3.04
1.6
2.4
2.24
2.08
2.88
1.44
2.56
2.72
1.92
1.92
2.24
1.6
1.6
2.72
2.4
2.08
1.44
1.92
2.08
2.56
1.92
2.08
2.4
1.76
2.24
2.24
1.76
1.92
2.56
1.92
2.08
2.4
1.76
2.88
1.44
2.24
1.68
1.92
1.76
2.08
3.52
1.76
1.76
2.56
1.92
2.24
2.4
1.76
2.24
2.56
1.92
1.76
1.6
2.72
0.64
1.92
2.24
1.92
1.92
2.56
1.76
2.4
1.28
1.12
2.56
2.08
2.88
3.04
1.12
3.04
2.56
1.6
1.92
1.6
2.72
1.6
2.72
2.08
3.68
3.36
1.44
2.72
2.08
2.24
2.08
2.88
2.88
1.6
3.2
1.6
3.52
0.8
1.6
1.6
2.56
3.84
3.04
1.44
1.76
1.6
1.76
1.92
2.24
2.72
4.16
2.72
2.4
3.84
2.4
2.08
3.2
2.4
1.6
3.68
3.2
2.88
2.24
1.6
3.36
2.56
2.72
1.76
3.84
3.04
3.2
2.24
1.92
2.56
2.88
1.44
2.4
1.92
2.88
1.44
1.92
2.4
2.4
1.76
1.6
1.44
2.08
1.76
2.56
2.4
2.56
2.08
2.4
1.6
2.4
0.8
2.24
1.6
2.4
2.4
1.6
1.44
1.44
1.76
2.56
2.4
1.44
1.44
2.08
2.24
0.96
2.24
1.76
2.72
2.08
1.12
1.28
1.44
1.44
1.28
1.6
2.08
2.08
1.92
2.08
2.24
2.88
2.72
2.24
1.76
3.04
2.56
1.12
0.96
2.24
1.76
1.28
2.24
1.6
2.08
1.76
3.04
1.6
1.92
3.36
2.56
3.84
1.28
2.24
2.4
2.56
2.4
3.84
1.76
2.24
2.72
3.68
1.76
2.4
2.24
2.24
1.76
3.36
2.08
3.36
3.04
3.52
2.08
1.92
2.08
2.4
2.88
2.08
2.24
2.4
1.6
3.04
2.56
3.2
2.08
3.2
1.92
2.88
3.04
3.04
3.04
3.04
1.6
2.4
1.76
2.72
2.08
3.36
1.6
2.24
3.2
2.56
2.72
1.92
1.92
3.04
1.92
3.04
2.08
1.76
3.52
2.72
1.44
2.72
1.76
1.6
1.44
1.28
1.44
1.92
1.92
2.08
1.92
1.76
2.32
2.72
1.92
1.44
1.28
1.12
2.4
2.56
1.92
1.76
2.72
1.76
0.88
2.24
1.6
1.76
2.08
2.72
3.04
2.08
1.92
0.96
3.04
1.76
1.76
1.92
2.24
1.28
1.92
2.4
2.24
1.44
1.44
1.44
1.28
1.6
1.6
2.24
1.28
2.56
2.4
1.76
1.6
1.76
1.44
1.12
2.4
1.44
1.28
1.44
1.6
1.44
1.76
1.92
1.92
1.6
2.08
2.08
1.6
2.08
2.88
2.56
2.24
2.24
1.76
2.08
2.24
1.6
1.76
1.12
1.44
2.4
1.92
1.6
2.24
1.76
1.6
2.56
1.6
1.6
2.72
2.56
1.6
1.76
2.08
1.44
2.4
1.76
2.08
2.08
2.4
1.92
2.56
3.2
2.08
2.4
1.44
2.08
2.24
2.88
2.08
2.88
1.92
2.4
1.6
2.24
2.08
1.76
1.44
1.12
2.08
1.76
1.76
1.92
2.4
1.76
2.56
2.4
2.56
2.4
2.4
2.24
1.28
3.2
2.24
1.92
2.4
1.28
1.6
2.24
3.04
1.92
1.6
1.6
2.72
0.8
2.08
1.36
3.04
1.92
1.44
2.24
2.56
2.4
2.24
2.08
1.6
2.4
1.28
1.6
2.08
2.08
2.56
2.08
3.04
1.6
1.28
1.6
2.4
1.44
2.08
1.92
2.4
2.24
2.24
1.28
2.24
1.6
1.28
2.08
1.44
2.08
1.76
1.28
1.92
2.88
2.08
1.76
3.2
1.6
1.92
2.56
1.76
2.08
1.6
1.12
2.24
1.6
1.6
1.92
1.12
2.88
2.08
1.6
1.6
2.08
3.04
1.76
2.56
1.28
2.24
1.76
1.12
1.6
1.76
2.08
1.76
2.08
1.92
1.76
2.4
2.24
1.76
3.04
3.2
2.4
3.68
3.84
4.64
4.48
3.36
4.16
3.36
3.04
1.12
2.72
3.52
3.52
4.32
3.36
4.96
3.36
3.52
2.56
2.88
2.72
2.88
1.6
1.12
1.28
2.72
2.24
2.24
2.72
2.4
3.04
3.04
2.88
2.24
2.24
2.24
2.72
3.04
2.88
1.12
2.72
3.04
2.72
2.08
2.88
1.28
2.4
3.52
1.76
2.24
2.24
2.4
1.28
1.44
2.88
2.08
2.72
2.08
2.4
2.24
2.88
3.2
3.04
3.04
1.92
1.92
2.88
1.44
3.68
1.44
2.56
2.08
2.24
2.56
1.76
2.24
2.08
2.4
2.24
2.24
3.52
1.92
2.72
2.24
3.68
2.72
1.44
2.4
4
2.88
3.68
2.24
4.16
3.68
4.16
3.2
3.36
4.48
4.16
3.52
3.04
1.92
2.88
3.84
3.2
3.68
2.08
4.16
5.12
4.64
5.44
5.44
4.48
4.48
2.88
3.84
4.32
5.12
4.32
3.84
4
4.8
4.32
4.16
5.6
6.4
5.76
7.68
8.16
7.84
6.08
6.56
6.56
4.8
4.48
5.12
4
7.52
14.24
12.8
7.2
3.84
4.64
6.24
3.2
2.88
4
3.84
7.84
7.52
8.64
8.64
9.76
8
8.16
4.32
8
11.36
10.88
5.92
4
4
3.84
5.28
8.16
4.48
8.48
5.12
6.24
3.84
4
7.2
3.2
4.64
5.84
5.44
5.6
6.56
7.52
5.92
7.36
7.52
8
3.04
6.88
5.12
5.6
4.8
6.4
5.6
3.52
3.68
4.8
7.2
4.64
4
4.96
4.48
3.84
3.84
4.48
3.84
4.8
1.6
5.76
4
4.96
4.32
5.44
4.8
11.68
10.56
8.64
5.28
5.92
4.48
5.44
4.48
5.12
5.28
6.08
6.08
4
4.8
4.96
4.48
3.84
5.28
4.64
4.32
5.28
3.68
6.4
4
9.12
8.32
8.16
8.64
7.2
3.36
6.88
5.44
6.24
15.68
15.68
14.72
9.28
10.88
11.04
9.92
9.6
8.96
4
5.28
3.36
6.4
5.6
4
3.84
6.56
7.2
3.84
7.68
14.88
17.28
18.72
12.32
8.32
8.8
8
11.04
8
9.6
4.64
6.24
6.56
8.64
8
11.68
13.28
9.6
3.68
6.56
10.56
8.96
10.88
7.04
7.68
11.04
14.08
12.32
14.24
8.96
9.92
13.76
9.6
5.01333
2.56
4.48
4.32
3.68
4.64
3.92
3.73333
7.36
5.68
8.42667
9.76
8.48
5.6
6.24
8.96
8.16
6.56
3.04
5.12
4
3.52
12.32
8.96
4.16
4
4.96
1.76
8.32
6.08
4
5.12
3.04
5.28
4.96
4.8
5.12
5.12
9.12
3.84
8.32
6.56
2.72
10.08
6.88
5.76
6.4
2.88
7.52
3.52
2.88
3.04
5.44
4.64
4.64
4.64
5.12
5.28
6.56
4.16
4.8
3.84
4.8
5.44
6.24
3.52
6.08
4.64
4.32
4.64
4.96
4.96
6.72
5.38667
6.56
5.04
4.48
4.576
6.88
5.76
5.2
4.32
5.49333
6.08
3.36
4.96
4.32
6.08
4.90667
5.12
7.52
8.59429
7.94667
6.72
8.48
7.2
6.72
4.64
3.84
5.13143
3.52
5.92
4.32
3.36
4
3.68
3.2
4.32
4.32
5.12
4.64
5.44
4.16
5.72
7.84
10.7429
10.1867
9.63
4.96
8
7.52
9.76
9.28
9.6
8.8
9.28
10.72
9.28
9.44
9.12
10.4
7.84
7.68
6.56
9.28
10.88
8
3.68
9.84
12
10.2933
8.8
8.32
12.16
9.5
6.53333
5.6
5.76
4.64
3.712
3.84
3.52
11.36
10.4
9.12
8.8
9.68
7.2
8.32
9.28
10.08
8
9.12
9.76
8.16
9.44
14.24
9.44
8.96
8
8.8
9.28
11.36
10.88
7.2
3.84
4.3328
6.93333
6.72
5.28
4.48
5.92
3.2
7.04
5.12
5.12
4.96
4.96
5.6
4.96
4.16
4.8
5.28
4.32
3.04
4.32
5.12
5.6
4.96
7.04
8.8
4.8
7.68
6.88
8
4.76
3.52
2.88
4
4
6.24
4.48
5.76
5.6
8.32
7.52
8.96
11.04
5.76
10.08
8.8
10.08
9.76
9.44
9.12
3.36
3.36
3.68
3.52
5.12
9.92
6.88
8.64
8.96
8.64
8.64
4.32
2.4
4.48
3.84
3.68
6.4
6.24
11.2
8.48
11.2
6.08
6.08
9.76
4.32
6.56
7.84
12
10.08
6.56
8.8
8.8
5.92
8.48
3.67484
3.04
1.44
2.24
3.04
1.6
2.88
1.6
2.56
1.44
2.88
1.76
2.88
1.76
2.24
1.6
1.92
2.08
2.72
1.6
2.88
1.76
2.4
3.68
2.72
4
4.64
4.64
3.04
3.84
2.72
2.56
3.2
3.52
2.72
2.24
3.68
3.36
2.56
2.72
2.4
2.56
2.08
1.6
1.76
2.88
1.76
1.28
2.24
2.4
0.96
1.76
2.08
2.4
2.4
1.76
1.44
2.72
1.28
1.92
1.44
1.28
1.76
1.76
1.6
2.4
2.08
2.56
2.72
2.56
2.56
1.6
1.76
2.24
2.24
2.56
1.76
2.08
2.56
2.4
2.08
1.92
1.6
0.96
2.24
0.96
2.56
3.2
1.28
1.28
2.72
2.24
1.6
2.4
1.6
1.92
1.76
1.76
1.6
0.8
1.92
1.28
2.72
2.08
0.96
2.24
1.6
2.08
2.08
2.88
1.76
2.24
1.6
2.56
1.92
1.12
2.56
2.08
1.76
1.76
1.92
1.12
2.4
1.92
2.24
2.4
1.12
0.64
1.92
2.88
1.92
2.72
1.76
2.08
2.08
1.76
1.44
2.24
1.92
2.24
0.96
1.6
3.36
1.28
2.88
1.44
2.08
1.6
1.44
1.76
1.6
1.92
1.92
2.4
2.4
1.12
1.28
1.6
2.08
1.44
0.96
2.24
1.28
1.28
1.76
1.6
1.28
1.92
1.92
1.76
1.92
1.76
2.08
1.92
1.6
1.44
2.24
1.92
1.92
1.12
1.28
1.6
2.08
1.44
1.92
2.56
2.4
1.44
2.24
2.4
1.76
1.28
2.56
2.72
1.28
1.76
2.72
1.6
2.4
1.92
2.24
2.24
2.72
2.4
1.6
1.76
1.6
1.76
3.04
2.72
2.56
2.56
1.28
1.92
1.44
1.76
2.4
2.72
1.28
2.08
1.76
1.6
1.76
2.24
2.88
1.76
3.84
2.4
2.24
2.72
2.4
1.6
2.56
1.6
1.44
2.08
2.24
1.76
1.44
1.76
2.08
1.76
1.92
1.92
1.28
1.12
2.4
2.4
1.28
2.56
2.24
1.6
1.44
1.92
2.4
2.4
1.6
1.76
1.76
1.6
2.72
2.56
2.72
2.08
1.76
2.4
2.56
2.56
2.08
2.08
2.88
0.96
1.76
1.44
1.28
1.44
2.08
1.76
3.04
2.56
1.44
2.56
1.92
1.44
2.4
2.72
2.72
1.44
2.24
1.44
2.56
2.4
1.92
1.28
1.76
1.92
1.28
1.76
3.2
1.92
1.6
1.76
2.24
3.36
1.92
1.6
2.72
2.08
2.08
1.44
1.92
1.12
2.24
2.56
2.72
3.04
2.4
1.44
2.4
1.6
2.24
2.4
2.4
2.4
1.92
1.76
2.88
2.56
1.92
1.76
1.76
1.92
2.08
1.6
2.72
1.6
1.6
1.92
1.6
2.4
1.12
2.24
1.44
1.44
2.4
1.92
1.92
1.12
3.2
2.4
1.44
2.24
2.08
1.92
1.6
2.72
0.96
2.08
2.88
1.92
2.4
2.56
2.24
1.92
1.92
2.4
1.28
1.92
2.08
1.28
1.12
1.92
2.4
0.96
1.6
1.12
1.28
1.6
1.28
2.08
1.6
1.76
2.72
2.24
1.44
1.6
2.72
2.24
1.44
1.12
2.24
1.44
1.6
1.92
2.24
1.6
1.6
