3.72618
4.16
4.48
3.52
3.52
4.16
3.28
3.04
4.64
3.68
1.76
4.72
4.32
3.04
3.84
2.4
4
3.04
2.4
3.2
3.36
3.52
4.96
3.68
2.24
3.6
2.4
1.76
2.08
2.88
2.72
3.84
1.92
4.96
4
2.4
2.72
5.36
3.52
4.64
2.72
4.48
2.56
2.72
2.72
4.8
1.6
4.8
3.04
5.44
3.2
4.96
3.52
3.68
4.48
4.96
6.72
2.88
3.68
6.56
2.88
5.76
5.76
3.2
5.28
2.56
2.72
4
5.92
4.8
3.2
5.12
3.84
5.12
5.44
4.96
4.96
2.56
4.48
6.08
5.44
3.52
5.28
3.84
4
2.08
4.64
5.28
2.56
6.24
4.8
4.48
5.92
3.52
5.04
7.36
4
3.68
5.12
5.44
3.68
5.44
3.04
4.48
4
3.68
5.6
5.92
4.16
6.08
5.12
5.44
7.04
4.16
5.44
4.48
5.12
3.52
5.28
6.24
4.64
5.44
2.88
5.28
5.44
3.84
5.12
3.68
5.28
6.08
5.76
4.32
3.52
5.28
7.84
4.16
3.68
4.8
7.04
6.88
4.32
3.52
3.68
5.44
5.12
5.92
2.4
5.28
4
4.64
5.28
6.08
3.84
5.28
3.52
6.88
5.28
5.12
5.6
4.8
6.4
2.56
4
5.76
6.56
5.76
4
5.76
7.52
3.36
7.2
3.84
5.52
5.44
3.68
4.48
5.12
7.84
3.84
3.36
2.4
4
5.92
8.32
4.16
4
5.44
4.16
6.72
4.48
2.88
7.84
5.76
5.92
6.56
3.36
5.12
6.4
4.32
4.8
4.32
5.44
4.8
5.28
5.76
6.08
4.8
5.44
6.24
5.76
3.84
4.32
5.6
7.68
3.84
4.48
7.04
4.48
1.44
5.28
5.6
8.64
4.32
2.72
5.12
4.64
8
2.88
7.68
3.2
3.52
5.92
4.96
4.96
6.4
4.64
3.68
2.08
4.96
7.04
2.72
4.8
5.44
8
2.72
6.08
5.92
7.2
4.8
2.72
5.44
4.96
6.24
4.48
4
7.68
4.16
4
4.64
6.88
5.76
4.8
4
8.16
4.32
5.92
5.28
6.4
3.36
8
3.52
6.24
4.64
4.64
8.32
3.36
1.92
5.28
6.08
4.96
4.64
6.72
5.6
6.56
4.48
7.68
5.6
3.04
5.6
5.76
6.4
4
2.88
5.76
5.12
4.16
4.32
4.64
3.52
4.32
5.12
4.64
3.36
5.12
3.68
5.6
4.32
4.16
4
4.32
3.36
4.8
4.8
5.28
6.24
4
3.36
3.84
4.8
4.8
3.2
5.6
3.2
3.68
3.2
5.12
4.32
3.36
3.04
5.12
4.48
3.68
4.64
4.16
4.96
2.72
4
4.64
4
3.36
4.16
4
3.2
4.32
3.04
3.04
3.52
3.52
3.68
5.44
3.84
3.68
3.68
3.04
3.52
3.84
3.04
3.04
4
3.2
4.32
3.68
3.84
3.52
3.68
4
3.52
3.04
2.56
2.88
3.84
2.56
2.72
2.4
1.76
2.56
2.56
2.08
1.28
0.48
1.28
0.8
0.64
0.64
0.64
0.64
0.8
0.8
0.48
0.8
0.64
0.48
0.8
0.32
0.8
0.32
0.16
1.12
0.32
0.16
0.48
0.16
0.8
0.64
0.48
0.64
0.64
1.12
0.32
0.8
0.16
0.64
0.64
0.16
0.8
0.64
0.96
0.64
0.64
0.96
1.12
0.96
0.8
0.8
0.16
0.32
0.48
0.32
0.16
0.8
0.48
0.16
0.48
0.8
0.16
0.64
0.48
0.32
0.32
0.32
0.48
0.8
0.32
0.48
0.48
0.8
0.64
0.8
0.96
0.64
0.16
0.48
0
0.16
1.12
1.28
0.48
0.64
0.32
0.32
0.48
0
0.8
0.96
0
0.64
0.8
0.96
0.64
0.32
0.32
0
0.8
0.16
0.64
0.64
0.16
0.16
0.48
0.48
0.64
0.96
1.28
0.96
0.32
0.64
0.8
0.8
0.64
0.64
0.64
0
0.64
0.8
0.32
0.32
1.12
0.8
0.48
0.8
0.64
0.96
0.16
0.16
0.64
0.48
0.48
0.32
0.48
0.48
0.48
0.48
0.64
0.96
0.32
0.64
0.64
0.16
0.64
0.16
1.12
0.48
0.48
0.48
0.96
0.32
0.48
0.48
0.48
0.64
0.8
0.32
0.16
1.28
0.32
0.32
0.8
0.8
0.96
0.48
0.48
0.64
1.28
1.12
1.12
0.96
0.32
0.48
0.32
1.12
1.44
0.64
0.48
0.64
0.32
0.64
0.16
0.96
0.64
0.48
0.8
0.32
0.8
0.32
0.64
0.64
0.16
0.48
0.8
0.8
0.48
1.12
0.64
0.64
0.32
0.48
0.16
0.32
0.64
1.12
0.16
0.48
0.8
0.8
0.8
0.8
0.64
0.96
0.96
0.64
0.16
1.44
0.16
0.64
0.48
0.8
0.32
0.64
0.96
0.96
0.32
0.16
0.64
0.48
0.32
0.32
0.96
1.12
0.48
0.48
0.8
0.48
0.32
0.96
0.32
0.64
0
0.64
0.64
0.48
0.64
1.12
0.96
0.96
0.96
1.28
1.6
1.76
0.48
0.8
0.48
1.76
1.92
0.96
1.12
0.8
1.28
1.28
0.64
0.48
0.96
1.28
1.6
0.96
0.8
2.4
1.12
1.44
1.44
0.8
1.76
1.28
1.28
1.28
1.12
1.28
1.28
0.8
0.96
0.96
0.96
0.48
1.2
0.64
0.96
1.28
1.44
1.12
1.28
0.48
0.8
0.64
1.12
1.76
1.6
1.28
1.28
0.8
0.8
0.8
1.44
1.44
0.48
0.8
0.64
0.8
1.12
1.12
1.44
0.64
1.12
1.76
0.96
1.44
1.92
1.28
0.96
1.12
1.12
1.28
1.12
1.28
0.48
1.28
1.44
1.12
0.96
0.48
0.96
0.8
1.28
1.12
0.48
0.64
0.96
1.12
0.96
0.8
0.8
1.76
0.8
1.28
0.8
1.12
1.12
1.12
1.28
1.12
1.12
0.96
1.12
0.64
1.12
1.44
1.44
1.12
0.96
1.44
1.12
0.96
1.12
0.8
1.12
0.16
0.96
1.12
0
0.64
0
1.12
0.32
1.12
0.32
0.48
0.96
0.32
1.28
0.8
1.12
0.8
0.96
0.32
1.12
0.48
0.16
0.96
0.48
0.96
0.64
0.96
0.8
0.8
0.96
0.64
0.64
0.8
0.64
1.44
0.48
0.64
0.32
0.32
0.96
0.48
0.64
0.48
0.48
0.64
0.96
0.8
1.44
0.32
0.48
0.32
0.64
0.48
0.32
0.64
0.8
0.32
0.8
0.16
1.28
0.32
0.64
1.12
1.12
0.32
0.64
1.28
0.8
0.48
0.32
0.8
0.48
0.56
0.48
0.32
0.64
1.12
0.8
0.48
0.64
0.16
0.32
0.16
1.12
0.64
1.12
0.48
0.32
0.64
0.96
0.8
0.96
0.8
1.12
0.8
1.44
0.8
0.48
1.28
0.32
0.96
0.16
0.48
0.8
0.64
0.48
0.8
1.28
0.8
0.64
0.8
0.32
0.32
0.48
0.96
0.8
0.48
0.16
0.32
0.32
0.48
0.48
0.96
1.04
0.32
0.64
0.64
0.32
1.44
0.32
0.96
0.48
0.48
0.64
0.64
0.96
0.32
0.32
0.64
0.32
0.8
0.16
0.96
0.16
0.24
0.8
0.16
0.48
0.16
1.12
0.8
0.64
0.64
0.64
1.44
0.16
1.12
0.64
0.48
0.64
0.64
0.64
0.48
0.16
1.12
0.64
0.48
0.64
0.64
0.64
0.64
0.64
0.64
0.32
0.64
0.48
0.48
0
0.96
0.32
0.64
1.12
0.96
0.56
0.8
0.4
0.64
0.8
0.48
0.64
0.32
0.32
0.96
1.12
0.48
0.48
0.48
0.96
0.16
1.12
0.32
0.64
0.48
0.48
0.32
1.12
0
0.64
0.48
1.12
0.16
0.8
0.8
0.72
1.12
0.16
0.8
0.32
1.44
1.44
0.32
0.32
0.48
0.8
0.8
0.96
0.88
0.8
0.64
0.8
0.8
0.64
0.64
0
0.16
1.12
0.48
0
0.32
0.32
0.64
0.16
0.56
0.16
0
1.28
0.8
0.48
0.48
0.32
0.32
1.12
0.96
0.8
0.48
0.48
0.8
0.32
0.48
0.48
0.96
0.72
0.96
0.8
0.8
0.64
0.48
0.32
0.48
0.64
0.96
0.16
0.64
0
0.64
0.16
0.48
0.32
0.48
0.96
0.8
1.44
0.64
0.8
0.96
0.48
0.16
0.64
0.16
0.64
0.32
0.8
0.32
0.96
0.64
0.8
0.96
0.48
0.64
1.44
0.48
0.8
0.32
0.32
0.72
0.64
0.48
0.96
0.32
0.48
0.16
0.16
0.16
0.32
1.44
0.64
0.48
0.96
0.48
0.96
0.64
0.64
0.32
0.64
0.48
0.16
0.32
0.64
0.48
0.32
0.48
0.8
1.44
0.32
0.64
0.32
0.32
0.8
0.64
0.8
0.88
0.32
0.96
0.32
0.8
0.8
0.32
0.24
0.48
0.48
0.48
0.64
0.32
0.32
0.32
1.12
0.16
0.56
0.64
0.48
0.96
0.48
0.64
0.48
0.96
0.16
1.44
0.48
0.8
0.32
1.28
0.72
0.48
0.64
0.32
0.48
0.96
0.32
1.44
1.12
0.32
0.8
0.96
0.48
0.64
1.12
0.16
0.8
0.64
0.64
1.12
0.8
0.96
0.32
0.96
0.64
0.64
0.8
0.96
0.48
0.48
0.64
0.32
0.32
0.64
0.32
0.96
0.8
0.32
0.32
0.48
0.96
0.4
0.64
0.8
0.32
0.8
0.64
0.96
0.64
0.48
0.64
0.96
0
0.64
0.16
0.96
0.8
0.96
0.16
0.16
0.8
0.64
0.64
0.64
0.72
0
0.64
0.48
0.64
0.48
0.48
0.96
0.48
0.16
0.48
0.64
0.32
0
0.48
1.12
0.32
0.8
0.64
0.48
0.8
0.96
0.32
1.76
0.8
0.96
0.8
0.64
0.8
1.04
0.48
0.64
0.48
0.72
0.64
1.6
0.8
0.48
0.8
0.64
0.64
0.32
0.48
0.48
0.16
0.32
0.8
0.8
0.64
0.64
0.8
1.12
0.48
0.8
0.64
0.8
0
0.48
0.16
0.16
0.48
0.72
0.96
0.64
0.64
0.56
0.96
0.64
0.48
0.48
0.64
0.64
0.8
0.64
0.96
1.44
0.16
0.48
0.8
0.8
0.64
0.8
0.96
0.32
1.28
1.44
0.32
0.32
0.48
0.48
0.64
0.96
0.48
0.16
0.48
0.64
0.96
1.44
1.12
0.96
0.32
0.96
1.44
0.64
0.64
0.8
0.32
0.16
0.64
0.16
0.64
0.48
0.64
1.28
0.48
1.12
0.64
1.12
0.32
0.32
0.8
0.16
0.32
0.48
0.48
0.32
1.12
0.32
0.64
0.64
1.28
0.8
0.8
0.32
0.64
0.64
0.32
0.16
0.64
0.96
0.8
0.8
0.96
0.16
0.8
1.28
1.28
0.48
0.48
0.64
0.32
1.44
1.12
1.76
0.64
0.64
0.8
0.48
0.64
0.64
1.92
2.4
2.4
3.52
1.92
2.88
2.24
2.24
4
1.92
2.88
2.24
1.76
2.24
2.4
0.8
1.6
1.44
1.76
0.96
1.12
0.96
0.64
0.8
0.48
0.8
0.96
0.32
0.48
1.12
1.12
0.48
3.2
3.2
4
3.2
2.4
1.92
1.92
2.24
2.08
2.56
3.36
3.68
4.32
6.4
4.32
4.96
6.24
6.24
4.48
4.16
5.6
6.08
8.16
9.12
10.24
8.8
10.88
9.44
9.92
9.6
8.8
9.6
9.28
4.64
11.36
8.32
5.44
9.76
7.36
8
12
10.24
10.56
9.92
10.88
7.52
5.92
8.16
6.4
5.44
9.76
9.76
12.32
8.32
9.28
7.04
8.64
8.48
6.56
7.84
8.8
9.28
9.6
11.36
9.12
8.48
8.32
8.64
8.32
10.24
10.24
8.8
5.76
12
9.12
9.76
9.6
8.32
6.72
6.88
13.28
11.04
5.28
3.52
6.08
9.44
8.48
5.44
4
6.56
6.56
12.48
8.32
5.44
12.16
8.16
11.2
10.4
12.64
8.16
8.16
6.4
10.24
12.96
6.24
10.08
12.96
12.48
8.32
8.16
7.2
4.32
11.2
9.92
8.8
8.64
11.36
10.72
10.88
10.4
12.16
14.88
12.32
10.24
8.64
13.44
12.48
14.72
13.92
16
15.52
7.2
17.6
16.8
12.8
14.4
12.32
14.4
12.48
12.96
9.76
14.72
14.72
17.6
15.2
17.76
16.32
12.8
15.52
15.84
8.16
19.04
16.8
15.84
15.84
13.6
14.4
15.84
12.16
13.6
12.32
13.28
16.32
12.16
14.4
10.4
14.4
15.2
12.48
14.88
7.52
15.84
12.48
16.16
11.36
13.44
13.92
14.56
12.96
11.52
11.84
12.32
11.04
14.24
12.16
11.68
9.76
10.4
13.92
5.92
13.12
9.6
14.08
13.44
11.36
10.4
8.96
15.2
14.4
12.96
12
10.56
9.76
10.88
10.56
10.24
11.68
12.96
13.28
5.12
8.64
12.32
9.12
10.08
16.96
12.8
9.44
14.88
9.92
12.32
11.36
7.68
8.8
9.92
10.4
9.92
9.28
9.76
5.12
8.8
8.96
3.84
2.88
3.52
2.56
1.6
1.92
1.6
13.76
14.88
12.48
14.72
15.68
18.24
17.44
17.12
3.09333
2.88
3.04
2.08
1.76
2.08
0.8
1.44
1.44
1.6
0.96
2.56
1.92
1.28
1.92
2.56
2.56
1.76
1.44
0.32
1.44
0.64
1.6
0.8
1.28
3.04
3.2
0.96
1.6
1.44
1.76
1.6
1.6
1.44
2.08
2.56
1.44
2.08
1.92
1.28
0.96
1.76
1.28
2.08
1.44
0.96
2.56
1.6
1.44
2.56
1.44
1.12
1.28
1.28
0
0.48
0.32
0.32
0.32
0.48
1.28
0.32
1.12
0.32
0.48
1.28
0.32
0.64
0.88
0.8
1.28
1.28
0.8
0.96
1.28
0.64
0.64
0.8
0.48
0.96
1.44
0.64
0.48
0.64
0.8
0.48
1.28
0.32
0.96
0.56
0.64
1.44
0.48
0.64
0.8
0.96
1.12
1.28
1.28
0.96
0.96
0.16
0.48
0.64
0.96
0.96
1.04
0.8
0.64
1.2
0.8
0.96
0.64
0.48
0.8
0.8
0.32
0.8
1.12
1.44
0.32
0.48
0.32
0.8
1.12
0.48
0.8
0.64
0.48
0.64
0.64
0.96
0.48
0.8
0.32
0.48
1.28
0.48
0.96
0.96
1.28
0.64
1.28
0.96
0.64
0.8
0.8
0.8
0.8
0.96
0.96
0.8
1.28
0.96
0.8
0.48
0.64
0.8
0.32
0.48
0.48
1.12
0.8
0.32
0.64
0.48
1.12
0.32
0.64
0.64
1.12
0.48
0.64
0.8
0.64
0.96
0.96
1.12
0.64
0.48
0.64
0.8
1.12
1.28
0.16
0.48
0.8
0.64
0.16
0.96
0.48
1.12
1.28
0.96
0.32
1.12
0.48
0.96
1.44
0.64
0
0.96
0.16
0.8
0.8
0.48
0.96
0.32
0.64
1.12
0.96
1.76
0.48
0.8
0.48
0.8
0.64
0.16
0.8
1.28
0.48
0.64
0.8
0.96
0.32
0.16
1.28
0.48
0.32
0.8
0.64
0.96
1.6
0.48
1.12
0.4
0.96
0.32
0.32
1.12
0.96
0.64
0.72
0.32
1.44
1.12
0.48
0.8
0.8
0.96
0.8
0
0.48
1.28
0.64
0.96
1.12
0.96
1.12
1.28
0.32
0.48
1.28
0.64
0.64
0.64
0.8
0.48
0.72
0.32
1.12
1.12
0.8
0.48
0.56
0.32
0.48
0.96
0.32
1.12
0.8
0.64
1.28
0.32
0.48
