3.7266
5.44
2.4
3.36
4.16
3.84
3.92
2.72
2.4
3.52
1.6
3.36
3.84
2.72
2.88
2.4
2.56
3.36
2.4
2.56
3.36
3.68
2.24
3.04
3.2
3.92
5.12
2.4
3.2
3.04
3.04
4.8
2.88
3.84
3.04
3.36
5.28
4.4
3.84
2.56
3.36
3.68
3.36
5.76
3.68
1.76
3.84
3.04
6.4
3.52
3.36
5.28
4.32
4.48
4.64
4.96
4.16
4.8
4
3.84
4.16
5.92
5.28
3.52
4.64
3.52
3.52
4.16
5.12
4.16
4.8
4.8
4.96
3.84
5.44
4.48
4.48
4.48
5.44
5.6
4.16
3.84
5.6
5.12
4
4.8
2.72
6.08
2.88
4.96
5.12
5.28
5.28
5.52
4
4.48
5.28
4
5.28
4.64
5.12
4.48
5.44
2.24
5.44
5.76
4.64
5.68
4.48
4.48
4.96
5.12
4.16
5.92
6.24
4.48
4.64
4
6.88
4.96
4.32
3.2
3.84
4.32
4.48
4.48
5.44
5.76
6.72
6.08
3.84
5.6
4.8
6.72
2.88
6.56
3.2
5.6
7.68
3.36
5.44
3.68
5.12
4.8
3.36
4.8
4.48
6.24
4.8
3.68
6.72
3.84
7.36
2.88
6.08
4.8
4.16
5.28
4.96
5.6
5.12
4
6.72
4.48
7.2
3.6
5.92
5.12
9.12
3.52
4.64
2.56
8.64
4.48
4.64
4.48
5.28
5.6
3.84
3.84
3.68
5.92
8.48
3.84
6.4
4.48
4.16
5.12
8.16
6.4
6.24
2.88
5.92
5.12
4.48
4.32
6.24
4.64
3.68
3.36
8.96
3.36
6.4
5.44
6.4
5.76
5.28
5.44
2.88
3.68
5.44
7.84
4
4.56
6.4
5.44
2.24
3.68
6.72
5.92
5.76
3.04
7.52
4.8
4.8
4
5.44
5.28
3.52
7.36
5.12
5.92
4.32
3.52
4.48
4.32
5.76
3.52
4.16
5.6
8
1.76
3.84
5.44
7.2
6.24
3.04
3.68
8
3.36
4.96
5.12
4.96
6.88
3.52
3.04
4.64
6.56
5.44
5.12
6.4
6.24
4.16
5.28
3.52
8.96
3.84
6.72
5.44
4
2.88
3.04
10.4
3.84
2.08
5.92
8
3.52
3.52
5.6
8.8
4
4
5.92
7.68
3.52
4.96
7.04
6.56
3.52
4.8
5.12
5.44
5.28
4.64
4.48
4
5.76
6.56
2.56
3.52
4.32
3.68
3.2
3.52
5.28
4.16
4.48
6.08
3.68
3.84
5.6
4
1.44
4.48
5.6
3.68
4
4.32
3.52
4.96
6.08
5.6
5.12
3.36
5.76
2.72
3.04
5.12
3.84
4.16
3.68
4.96
2.72
3.2
4.16
2.88
5.44
4
4.16
3.36
4
2.88
3.52
5.76
3.2
3.04
4.48
3.52
3.68
3.2
3.84
2.56
4
4.16
3.68
3.52
2.88
4.48
3.68
4
4
4.64
4.48
3.04
3.04
3.68
2.88
3.84
3.36
3.84
1.92
1.6
2.88
2.08
2.88
1.92
1.28
0.64
0.8
0.8
1.12
1.12
0.64
1.12
0.64
0.8
0.48
0.32
0.8
0.48
0.64
0.8
0.96
0.8
0.32
0.32
0.8
0.48
0.8
0.32
0
0.48
0.8
0.48
0.48
0
0.96
0.48
0.48
0
0.32
1.12
0.64
0.48
1.12
0.64
0.8
0.32
0.64
1.44
0.32
0.8
0.48
0.64
0.48
0.32
0.96
0.48
0.8
0.48
0.48
0.32
0.16
0.48
0.32
0.96
0.48
0.16
0.16
0.16
0.16
0.48
0.48
0.8
0.32
0.32
0.48
0.16
0.32
0.64
0.32
0.32
0.32
0.32
0.8
0.48
0.8
0.64
0.16
0.64
0.64
0.32
1.44
0.32
0.32
0.48
0.32
0.64
0.32
0.32
0.64
0.32
0
0.48
1.12
0.64
0.32
0.32
0.32
0.96
0.48
0.8
0.48
0.8
0.96
0.32
0.32
0.32
0.96
0.64
0.8
0.8
0.48
0.48
0.32
0.48
0.96
0.96
0
0.64
0.48
0.32
0.64
0.64
0.32
0.32
0.64
0
0.48
0.8
0.64
0.48
0.64
1.44
0.48
0.96
0.96
0.16
0.32
0.64
0.16
0.8
0.8
0.8
1.12
0.32
0.64
0.64
1.12
0.96
1.28
1.12
0.96
0.48
0.32
0.48
0.64
0.32
0.96
0.48
0.48
0.64
0.64
0.32
0.48
0.32
0.32
0.16
0.8
0.64
0.32
0.64
0.8
0.32
0.48
0.64
0.16
0.96
0.32
0.32
0.16
0.32
0.8
0.48
0.64
0.64
0.96
0.8
0.8
1.28
0.32
0.48
0.32
0.64
1.12
0.64
0.8
1.12
0.16
0.48
0.48
0.8
0.8
0.64
1.12
0.64
0.32
0.48
0.32
0.16
1.44
0.32
0.64
0.8
0.96
0.96
0.48
0.48
0.48
0.8
0.96
0.64
0.32
0.96
0.8
0.32
0.48
0.64
0.32
0.32
0.64
1.28
0.64
0.96
0.64
0.64
0.8
0.96
1.12
1.6
0.96
0.8
0.96
1.12
0.96
1.12
0.64
0.64
1.44
1.6
0.64
1.44
0.32
0.96
1.28
1.76
0.96
0.48
1.44
1.28
0.96
1.12
1.12
0.96
1.44
1.28
1.28
1.44
2.08
0.8
0.64
0.64
1.12
0.64
0.64
1.76
1.44
1.28
1.44
1.28
1.12
1.76
0.48
1.28
0.64
0.96
0.8
0.8
1.12
0.8
1.28
0.96
0.96
1.28
1.6
1.28
1.6
0.8
1.28
0.96
1.28
1.44
1.12
1.28
2.08
0.64
0.96
1.12
1.12
1.6
1.12
1.12
0.96
0.96
1.12
0.48
0.96
1.12
0.64
1.44
0.96
1.12
1.28
0.64
1.12
1.28
1.6
1.12
0.96
0.8
1.28
0.96
1.28
0.8
1.12
1.12
1.12
1.76
0.64
1.44
1.44
0.8
0.96
0.48
0.8
1.6
1.76
1.28
1.28
0.96
0.64
1.12
1.12
0.64
0.8
1.12
1.12
0.96
0.96
0.32
1.44
0.8
0.96
1.76
1.76
0.8
0.8
0.32
1.12
0.48
0.32
0.48
0.48
0.64
0.64
1.12
1.28
0.32
0
0.64
0.48
0.16
0.96
0.8
0.8
0.48
1.28
0.48
0.48
0.48
0.96
0.8
0.32
0.96
1.28
0.64
0.96
0.32
0.64
1.12
0.32
0.64
0.48
0.32
0.8
0.64
0.48
0.8
1.28
1.12
0.8
0.8
0.96
0.16
1.12
0.64
0.16
0.8
0.96
0.8
0.64
0.96
1.12
0.64
0.16
0.8
0.32
0.48
0.32
1.12
0.64
0.88
0.16
0.32
0.48
0.48
0.96
0.48
0.32
0.96
0.48
0.32
0.32
0.64
0.8
0.96
1.12
0.64
0.32
0.8
0.48
0.64
0.64
0.64
0.96
0.64
0.96
0.32
0
0.8
0.8
0.8
1.12
0.48
1.28
0.48
0.32
0.96
0.64
0.32
0.48
0.8
0.64
0.72
0.64
0.64
0.64
0.64
0.72
1.12
0.64
0.16
0.64
0.32
0.48
0.48
0.48
0.96
0.48
0.48
0.16
0.32
0.4
0.64
0.8
0.64
0.96
0.8
0.64
0.64
0.48
1.12
0.16
0.88
0.8
0.64
0.8
0.8
0.96
0.48
0.96
0.72
0.16
0.64
0.32
1.12
0.32
1.28
0.64
0.64
1.04
0.8
0.8
0.32
0.16
1.12
0.8
0.8
0.16
0.88
0.32
0.64
1.76
0.64
0.64
0.64
0.32
0.48
0.96
0.8
0.4
0.8
0.32
0.96
0.8
0.32
1.12
0.96
0.64
0.64
0.48
0.96
1.12
0.56
0.32
0.96
0.64
0.48
0.48
0.8
0.32
0.48
0.64
0.32
0.64
0.32
0.96
0.48
0.48
0.48
0.48
1.12
0.32
0.48
0.48
0.16
0.64
0.72
0.96
0.16
0.48
0.56
0.32
1.6
0.32
0.48
0.56
0.64
0.64
0.8
0.8
0.96
1.12
0.32
1.12
0.64
0.32
1.28
0.64
0.8
0.16
0.16
0.96
0.48
1.12
1.76
0.64
0.64
0.16
0.48
0.64
0.64
1.12
0.48
0.48
0.32
0.32
0.8
1.2
0.8
0.48
0.96
0.64
0.48
0.32
0.16
0.64
0.96
1.28
0.32
0.64
0.16
0.64
0.64
0.64
0.64
0.64
0.16
0.32
0.8
0.64
0.32
0.32
0.96
0.8
0.64
1.44
0.8
0.64
1.12
0.8
1.12
0.8
0.8
0.16
0.96
0.48
0.48
0.64
0.48
0.48
0.56
0.96
0.32
0.64
0.48
0.96
0.64
0.16
0.8
0.16
0.88
0.8
0.64
0.96
0.8
0.16
0.32
1.28
0.48
0.96
0.64
0.48
0.48
0.96
1.12
0.32
0.96
0.48
0.32
0.32
0.8
0.16
0.64
0.8
0.16
0.64
0.8
0
0.8
0.96
0.32
0.64
0.96
0.8
0.64
0.64
0.8
0.64
0.64
0.64
0.48
0.48
0.48
0.32
1.28
0.96
0.32
0.96
0.8
0.48
0.8
0.32
0.48
0.88
0.48
0.8
0.8
0.72
1.28
1.12
0.16
0.64
0.64
0.96
1.28
0.32
0.48
1.12
0.24
0.48
0.64
0.32
0.96
0.64
0.32
0.8
0.32
0.64
0.96
0
0.48
0.8
0.8
0.16
0.64
0.48
0.72
0.64
0.96
0.64
0.96
0.32
0.64
0.32
0.64
0.96
0.64
0.64
0.48
0.8
0.32
0.8
0.8
0.8
0.8
0.4
0.32
0.96
0.8
0
1.12
0.64
0.96
0.64
1.28
0.8
1.12
0.96
0.96
1.12
0.48
0.48
0.72
0.96
0.48
0.16
1.12
0
0.64
0.48
0.64
0.8
1.44
0.48
0.96
0.32
0.96
0.16
1.28
0.64
0.48
0.96
0.16
1.12
0.8
0.32
0.8
0.32
1.44
1.28
0.32
0.4
0.32
0.48
0.533333
0.64
0.32
1.28
1.12
0.8
0.64
1.44
0.48
0.64
0.64
0.64
1.12
0.96
0.32
0.64
1.12
0.64
0.64
0.64
0.48
0.64
0.8
0.48
1.12
0.64
0.96
0.96
0.72
0.8
0.96
1.28
0.64
0.16
0.8
0.64
1.12
0.48
0.48
0.64
0.8
0.64
0.48
0.4
1.76
0.32
1.28
0.64
0.16
0.96
0.16
0.32
0.32
0.32
0.16
0.16
0.56
0.16
0.32
0.48
0.56
0.8
0.48
0.96
0.48
0.48
1.44
0.8
1.76
0.16
0.96
0.48
0.48
0.96
0.64
0.32
0.64
1.44
0.96
0.16
0.16
0.32
0.48
1.44
0.96
0.64
0.8
0.32
0.64
0.8
0
0.8
0.48
1.12
0.8
0.16
0.96
0.48
0.48
0.96
0.64
0.32
0.8
0.16
1.12
0.96
0.96
0.64
0.48
1.6
1.92
0.8
1.12
0.8
1.12
0.96
0.96
1.76
0.96
0.96
0.48
0.48
1.76
0.96
1.76
2.88
2.24
2.88
1.28
2.56
2.88
2.24
2.88
1.44
3.04
2.72
1.44
2.56
1.76
1.44
0.96
2.08
1.76
0.96
0.8
0.64
0.8
0.64
0.32
0.64
0.48
0.8
0.64
0.8
1.28
1.76
2.72
3.04
3.2
3.36
4
3.04
1.76
3.04
1.28
2.56
4.32
3.84
3.68
5.28
4
4.8
7.36
6.56
4.64
4.32
5.12
6.88
7.52
9.44
10.72
8.64
10.88
9.12
9.6
9.76
7.52
8.32
10.4
4.96
11.52
8
6.4
9.6
5.92
9.44
9.92
11.36
9.6
8.64
10.88
6.72
6.08
7.2
5.92
5.92
9.12
10.56
12.48
10.24
7.84
7.04
8.64
9.12
5.12
8.64
9.6
8.64
11.36
12.32
9.44
8.48
8.32
7.68
8.64
8.8
11.2
8.16
6.24
11.2
9.28
8
10.24
7.52
7.04
8
13.6
12.32
5.28
3.68
5.76
8.64
6.56
7.36
5.44
6.88
6.24
12.64
7.84
6.72
11.68
8.8
10.72
10.4
10.24
7.68
7.52
6.24
10.88
12.96
6.56
12.32
12.64
11.04
9.6
7.84
5.44
4.32
11.68
11.84
9.28
10.08
11.36
11.84
11.52
9.6
8.32
13.6
15.68
10.56
9.92
12.64
12
14.72
16.16
13.12
13.76
8.16
15.84
16.48
16
13.6
13.28
15.36
12
14.56
11.36
12.64
12.96
14.08
14.24
15.36
15.04
15.36
15.68
16.16
8.64
17.12
16.16
14.56
15.36
16.32
15.04
13.76
13.28
15.68
14.4
15.36
15.04
11.2
15.36
12.48
12.96
11.84
13.92
15.04
9.28
15.68
14.72
13.76
12.96
14.56
13.12
14.08
11.52
11.36
10.08
13.28
9.6
10.4
11.84
11.2
12
15.2
12.8
5.44
12.64
10.56
12.96
13.44
12.8
11.84
9.92
15.04
16
13.28
12
10.08
10.08
11.84
9.92
12.16
10.24
14.88
14.56
5.28
10.88
11.52
9.44
10.72
16.48
13.44
12.64
9.44
4
13.44
12
7.84
8.96
9.92
9.92
9.28
8.16
9.92
4.48
8.32
7.68
3.84
3.52
2.56
1.12
2.72
2.24
1.28
15.2
14.72
12.8
14.72
18.08
17.12
17.44
15.68
2.48
2.56
4.96
3.84
3.84
3.36
0.8
0.8
1.28
1.6
1.28
2.4
1.28
2.56
2.88
2.4
2.56
3.04
2.4
1.92
0.8
1.6
1.6
2.08
1.92
1.28
1.12
2.08
1.28
1.92
1.92
1.28
1.76
2.4
1.92
2.56
1.44
1.28
0.64
2.24
1.12
1.12
2.56
1.44
2.08
1.6
1.76
1.92
1.28
1.6
0.64
0.8
1.12
1.44
1.44
0.64
0.16
0.32
0.8
1.12
0.96
0.16
1.12
1.12
0.8
0.8
0.96
1.12
1.44
1.12
0.64
1.44
0.32
1.6
0.64
0.16
1.12
1.12
1.44
0
0.48
0.16
0.48
0
0.64
0.96
1.12
1.44
0.64
0.96
0.16
1.12
1.12
0.96
0.96
0.96
0.48
1.12
0.4
0.8
0.64
0.96
0.48
0.64
0.96
1.12
0.32
0.32
0.8
0.96
1.28
0.48
0.96
0.8
0.64
0.8
0.72
0.64
0.8
0.64
0.64
1.28
0.48
0.8
0.64
0.64
0.8
1.28
0.96
0.64
0.48
1.44
0.64
1.12
0.96
0.8
0.64
0.8
1.28
0.8
0.8
0.8
0.64
0.48
0.8
0.48
0.8
1.6
1.28
0.64
0.64
1.12
0.48
0.64
0.64
1.12
1.6
0.64
0.8
0.8
0.64
0.72
0.32
0.96
0.8
0.96
0.64
0.8
0.64
0.4
0.32
0.64
0.64
0.8
0.48
1.12
0.48
0.48
0.8
1.28
0
0.96
1.12
0.64
0.48
0.8
0.32
0.64
0.8
0.64
0.48
0.64
0.8
0.48
0.64
1.12
0.96
0.8
0.8
1.28
0.64
0.64
0.48
1.12
0.16
0.8
0.32
0.48
0.8
1.12
0.8
0.8
0.64
0.8
0.64
0.64
0.64
0.48
0.96
0.8
0.48
0.16
1.28
0.16
0.32
0.96
0.16
1.12
0.48
0.88
1.12
0.96
0.64
0.64
0.64
1.12
1.12
0.64
0.72
0.48
0.96
0.96
0.48
0.64
0.64
0.72
1.12
0.64
0.8
0.96
0.8
1.28
0.48
0.16
0.56
0.8
0.48
0.8
0.96
0.8
0.16
0.48
0.96
0.64
0.64
0.64
0.96
0.8
0.64
0.64
1.12
0.8
0.8
0.32
1.6
0.16
0.96
0.8
0.8
0.48
0.64
0.8
0.32
0.48
0.64
0.48
0.48
0.96
