0
54000
451
1
549
0
0
0
0
1001
0
1003
0
0
996
778
0
0
1113
110
999
0
0
0
999
0
0
1003
0
0
0
0
0
0
733
1
1
0
1
145
0
1117
0
999
0
895
1
1104
705
0
1
0
260
0
1034
0
0
1002
0
1000
0
0
999
0
0
1003
0
0
998
0
0
0
1000
0
0
0
0
1003
1002
999
463
1
1
1002
1000
998
1000
999
1002
1002
1001
994
1002
0
1001
1000
999
1001
1000
1001
842
1002
0
1000
1000
302
602
738
318
999
904
1001
0
3999
0
544
134
324
2001
68
930
1002
0
1002
1001
999
998
1002
999
1001
999
1000
1000
1000
1001
0
1000
1002
920
741
1001
0
1000
1002
1002
419
3000
1000
0
0
1000
1003
0
1002
1356
945
1117
580
755
250
2003
997
0
1000
1001
0
953
4000
1000
0
0
322
267
131
997
180
1000
1
1001
0
2003
0
540
463
139
866
997
1001
1000
1001
1001
0
999
783
1002
674
1
1000
1002
0
1000
2000
998
1000
1004
0
1003
2382
611
2000
1000
1001
0
0
452
997
1001
1000
1001
0
1003
0
1001
998
318
541
1005
1996
999
2000
2002
0
998
0
445
559
0
769
1600
1396
124
312
4630
370
0
0
1001
0
0
816
993
1002
0
770
435
108
734
1005
0
1998
997
838
167
140
1004
0
999
998
1001
1000
999
1002
0
270
944
1997
1000
1000
1002
0
1607
281
999
1003
0
1002
1998
0
1000
593
291
1000
1006
0
2301
0
1000
1002
0
1000
1000
1000
3998
0
494
507
0
653
1002
0
999
1000
1004
0
1001
998
530
383
1003
0
1001
1814
185
1001
1001
998
124
240
348
89
1002
0
1000
1001
1000
999
983
409
592
1003
0
1001
453
654
1000
819
183
1999
999
1000
1001
0
999
1483
999
1002
0
1003
0
383
994
1006
997
1001
999
998
1002
915
1176
0
1002
0
1002
1000
1000
432
646
863
1006
0
999
591
459
449
229
787
985
1009
1000
1005
997
999
999
1003
997
1001
999
1002
998
1000
1000
1001
999
999
1001
1001
998
1001
1000
1001
1000
999
999
1001
999
1000
1001
1001
999
1000
999
1001
1000
1000
1001
998
1002
998
1001
1000
1001
998
1002
1000
999
998
1001
1001
1000
1000
1001
1000
999
999
1001
1000
999
1000
1001
1000
999
1000
1001
1000
999
1001
1000
999
1000
1171
0
1009
0
1030
971
999
1000
1001
1000
999
1000
1001
1000
999
1000
1001
1000
999
1000
1001
1000
999
1000
1001
1000
999
1000
1001
1000
999
999
1002
999
1000
999
1002
999
1000
999
1002
999
1000
998
1001
998
999
999
1001
999
1001
999
1001
999
1001
999
1001
999
1001
999
1001
999
1001
1001
999
999
1000
1001
1000
999
1000
1001
1000
999
1000
1001
1000
999
1000
1001
1001
998
1000
1001
1000
999
1000
1001
998
1000
1002
999
999
1001
1001
998
1000
1000
1001
999
1000
1000
1002
1000
998
1000
1001
1001
998
1000
1001
1001
998
1001
1001
1000
998
1001
1001
1000
998
1001
1001
1000
998
1001
1001
1000
998
1001
1001
999
999
1168
0
1004
0
1001
1001
999
999
1000
1001
1000
1000
1000
1000
1000
1251
0
1006
0
999
999
1001
1001
998
1000
1001
1001
998
1000
1001
1001
998
1000
1001
1001
998
1000
1001
1001
998
1000
1001
1001
998
1000
1001
1001
998
1000
1001
1001
998
1000
1001
1001
998
1000
1001
1000
1000
999
1001
1000
1000
999
1001
1000
1000
999
1001
1000
1000
999
1001
1232
0
1005
0
1001
1000
1000
999
1001
999
1000
1001
1000
1000
998
1003
1000
1000
999
1001
1000
1000
998
1002
999
1000
999
1001
1002
999
999
1000
1001
999
999
1001
1001
999
999
1001
1001
999
999
1001
1001
999
1001
999
1002
999
1000
999
1001
999
1000
1000
1001
999
1000
1001
1000
999
1032
968
1001
999
1000
1031
969
1000
1000
1001
1812
861
607
624
893
1006
0
1000
1000
1036
1184
599
811
997
1042
1030
1146
721
1095
883
979
978
1121
212
1000
1041
1034
931
889
2160
0
1428
1301
1115
0
994
1006
1001
998
1042
1028
999
1265
942
753
999
1001
1002
1035
1038
373
365
279
2369
0
941
960
965
1134
987
1192
794
1093
0
1007
0
1003
997
1041
996
1085
915
1034
959
1147
819
2744
0
1303
0
952
1006
1002
999
999
1000
1001
1030
1005
1303
1193
580
2182
0
2428
0
0
815
1001
1000
1029
1001
1029
975
1774
1187
0
3001
0
0
1121
1243
0
963
1009
1030
970
1066
1033
1125
767
2783
0
1227
0
990
1077
1068
967
1065
1956
0
1044
129
1254
1314
1965
0
1081
0
1048
973
1044
1505
1384
0
2060
0
1573
1271
1093
0
2031
0
1409
1080
1820
0
1353
0
959
696
1463
1386
0
4288
0
0
0
754
968
1029
1012
1062
1037
850
1000
3118
0
0
0
2532
0
1017
1428
0
1037
0
1001
1025
1504
1894
0
1211
448
3421
0
0
1140
0
991
1072
1003
924
2588
0
1702
0
484
33
4513
0
0
0
0
1046
980
1406
1173
0
1127
0
1000
335
3163
0
0
2312
0
1232
0
959
923
1882
1038
0
1704
0
1847
0
1387
1126
0
2809
0
2367
0
0
868
653
958
1042
1034
755
1794
0
1221
1658
0
2137
0
1431
0
4204
0
0
0
769
982
1013
1032
998
1184
586
1712
0
702
140
4085
0
0
0
1018
0
1008
1104
888
1000
2975
0
1675
0
1372
0
975
1075
926
1330
0
1471
0
2147
0
509
1296
0
566
1474
0
2426
0
3135
0
0
1084
0
1041
0
1731
402
724
710
451
6363
0
0
0
0
0
1327
1017
0
1006
1004
999
1032
1001
1126
730
1046
1377
0
2014
0
1154
1323
2612
0
0
1206
794
2250
0
1229
0
189
1428
2663
0
0
907
370
2810
0
1879
0
1389
0
1130
0
250
1945
0
1238
1635
0
4392
0
0
0
0
1008
0
1371
1020
918
1063
438
1112
480
511
721
1000
3345
0
0
2008
0
1281
707
697
599
4523
0
0
0
0
1357
2991
0
0
1158
0
239
994
1010
1128
977
2692
0
0
273
3831
0
0
0
893
1486
889
373
46
1478
1303
2651
0
0
1387
0
146
961
1000
1000
4732
0
0
0
0
902
658
1007
0
1039
963
1028
1124
685
621
4222
0
0
0
1166
0
1011
0
996
1036
994
1431
1008
0
386
2319
0
1334
694
3249
0
0
1012
1008
0
1031
1035
968
857
1169
829
856
3632
0
0
0
1097
1022
1314
1187
0
77
1074
1000
933
1374
0
2149
0
1212
1940
0
1221
0
653
797
2540
0
1012
1438
1000
2747
0
0
1264
0
992
1042
999
1172
1129
1113
946
927
511
1333
2723
0
0
1315
0
963
1064
946
1027
1074
1079
885
1649
1504
0
773
1039
1168
831
1372
745
2373
0
1192
0
733
531
136
1767
1427
0
1
1008
1067
961
1001
1115
847
2266
0
772
1002
1837
1404
0
1000
891
833
1001
1046
1020
858
1018
424
1253
0
893
1039
1757
788
486
583
1360
1251
1116
0
992
1011
998
1000
1000
1001
1001
1030
968
1141
1466
1021
1468
0
1361
2002
0
1231
0
991
1040
973
1115
1040
1373
652
1262
0
791
1038
962
1765
0
1574
0
926
1011
1027
1003
1033
1732
2107
0
1094
0
992
1012
1036
993
1183
849
1464
1197
1000
1010
0
1039
1193
955
770
1482
0
1098
1307
0
894
997
1042
1116
876
1002
1056
1988
141
0
1544
1368
0
1010
0
999
1002
999
1071
1192
839
1053
1846
0
1351
0
960
1694
1315
0
992
1009
1000
1208
824
974
985
1904
0
1429
0
1189
737
1605
0
1156
1404
1749
0
2247
0
1007
0
1010
999
1026
965
1997
0
1479
0
1693
1547
0
1449
1001
0
2372
0
1243
0
1766
2459
0
0
1010
0
1154
843
436
1828
0
1331
1044
0
3855
0
0
1155
0
992
1008
1002
1000
1104
1143
1035
363
2004
0
1138
0
1525
0
1120
1297
661
2737
0
0
1148
1728
0
1410
0
992
1010
1000
998
1000
725
1049
806
1388
1299
1544
0
852
806
1136
1578
311
125
1154
844
657
1025
969
1082
914
1001
1032
966
998
1001
1000
1000
999
1002
999
1000
1000
69
993
999
1002
1000
1000
1000
1001
1000
999
1000
1000
1001
1001
1000
999
999
1000
1000
1001
999
1000
1000
1001
999
1000
1002
998
1000
1002
998
1000
1002
998
1000
1001
999
1001
1000
1000
999
1002
999
999
1001
1000
999
1000
1001
999
1000
1000
1000
1000
1000
1001
1000
999
1000
1003
997
1000
1000
1000
1000
1001
999
1000
1000
1000
1000
1002
999
999
1000
1001
999
1002
235
995
998
1002
1000
1000
1000
1000
1000
1000
1000
1000
1001
999
1000
1000
1001
1000
1001
998
1001
999
1000
1001
1001
998
1001
1000
1000
999
1000
1001
1000
999
1000
1001
1000
999
1000
1001
1002
997
1000
1000
1001
999
1000
1000
1001
999
1001
999
1001
999
1001
1001
1000
998
1000
1001
1000
999
1001
999
1001
999
1002
998
1001
1001
998
1000
1001
999
1001
998
1001
999
1001
999
1001
1000
999
1000
1001
999
1001
1000
80
996
1001
1001
1000
999
1001
107
246
68
1000
1003
0
1000
1000
999
1001
1000
1000
38
1001
0
1002
1001
1000
1000
999
999
1001
998
1001
1000
1000
999
1001
1001
999
999
1002
999
999
1000
1000
1000
1000
1000
1000
1000
1000
1000
1000
1000
1000
1000
1000
1000
1000
1000
1000
1000
1000
1000
1000
1000
1000
1000
1000
1000
1000
1000
1000
987
1054
0
1001
0
1000
1000
1000
1000
1000
1000
1000
1000
1000
1000
1000
1000
1000
1000
1000
1000
29
8
1000
1001
0
1000
1000
1000
1000
1000
1000
1000
1000
1000
1000
1000
1000
1000
1000
1000
1000
1000
1000
1000
1000
1000
1000
1000
1000
1000
1000
1000
1000
1000
1000
1000
1001
999
1001
999
1001
1000
1000
999
1001
1000
1000
1001
999
999
1001
999
1001
1000
1001
998
189968
1031
1001
999
1000
1000
1001
999
1000
1000
1001
999
1000
1000
1001
999
1000
1000
1001
999
1000
1000
1001
999
1000
1000
1001
1000
999
1000
1001
999
883
1118
999
1000
1000
1000
1001
999
1000
1000
1000
1000
1000
1000
694
1168
1138
1000
1001
999
1000
1000
1001
999
1000
1000
1001
999
1000
1000
1001
999
1000
1000
1001
999
1000
1000
1001
999
1000
1000
1001
1000
999
1000
1001
999
1000
1000
1001
914
1085
1000
1001
999
1000
1000
1001
999
1000
1000
1001
999
1000
1000
1001
999
1000
1000
1001
999
1000
1000
1001
1000
999
1000
1001
999
1000
1000
1001
999
1000
1000
1001
999
1000
1000
1001
999
1000
1000
1001
999
1000
1000
1001
999
1000
1000
1001
999
1000
1000
1001
999
1000
1000
1001
999
1000
1000
1001
999
1000
1000
1001
999
1000
1000
1001
999
1000
1000
1001
999
1000
1000
883
1117
1000
1000
1001
999
914
1041
1045
1000
1000
1000
1001
999
1000
1000
1001
999
1000
1000
1001
999
1000
1000
1001
999
1000
1000
1001
999
1000
1000
1001
999
1000
1000
1001
999
1000
1000
1001
0
999
0
1001
0
1000
0
1002
0
998
0
1000
0
1000
0
1002
0
999
0
999
0
1000
0
1002
0
998
0
1000
0
1000
0
1001
0
843
157
998
0
1000
0
1001
0
1000
0
1000
0
1000
0
1000
0
1000
0
1000
0
1000
0
1000
0
1000
0
1000
0
1000
0
1000
0
993
1
977
1
1027
0
1001
0
1000
0
1000
0
1000
0
1000
0
1000
0
1000
0
1000
0
1000
0
1000
0
1000
0
1000
0
1000
0
1000
0
1000
0
1000
0
1000
0
1000
0
1000
0
1000
0
1000
0
1000
0
1000
0
1000
0
1000
0
1000
0
1000
0
885
116
1000
0
969
1
1028
0
1000
0
1001
0
1000
0
1000
0
1000
0
1000
0
1000
0
1000
0
1000
0
1000
0
1000
0
1000
0
1000
0
1000
0
1000
0
1000
0
1000
0
1000
0
1000
0
1000
0
1000
0
1000
0
1000
0
1000
0
1000
0
1000
0
1000
0
1000
0
1000
0
1001
0
999
0
954
47
968
32
884
1
1113
0
1000
0
1001
0
1001
0
999
0
1000
0
1000
0
1001
0
999
0
1000
0
1000
0
1001
0
999
0
1002
0
998
0
1003
0
998
0
947
53
999
0
1000
0
1000
0
1000
0
1000
0
1001
0
999
0
1000
0
1000
0
1001
0
999
0
1000
0
1000
0
1001
0
999
0
1000
0
1000
0
1001
0
999
0
1000
0
1000
0
1002
0
998
0
1001
0
1001
0
1000
0
998
0
1000
0
1000
0
1000
0
914
87
998
0
1000
0
1001
0
1000
0
1000
0
1000
0
1000
0
1000
0
1000
0
1002
0
999
0
999
0
1000
0
1000
0
1000
0
1000
0
1000
0
1000
0
1000
0
1000
0
1000
0
1000
0
1000
0
1000
0
1000
0
1002
0
999
0
1000
0
999
0
1001
0
999
0
1000
0
1000
0
1000
0
1000
0
1000
0
1000
0
1000
0
1000
0
1000
1000
1000
1000
1000
1000
1000
1000
38
1001
0
1000
1000
1000
59
854
915
1002
0
112
703
1001
0
1000
1000
1000
1000
1000
1000
1000
1001
999
1000
1000
1000
1000
1000
1000
1000
1000
1000
1000
1000
1000
1000
1000
1000
1000
1000
1000
1000
1000
1001
999
1000
1000
1000
1000
1000
1000
1000
1000
1000
113
1000
1001
0
1000
1000
1000
1000
1000
1000
1000
1000
1000
1000
1000
1000
1000
1000
1000
1000
1000
1000
1000
1000
1000
1000
1000
1000
1000
1000
1000
1000
1000
1000
1001
999
1000
1000
1000
1000
1000
1000
1000
1000
1000
1000
1000
1000
1000
1000
1000
1000
1000
1000
1000
1000
1000
1000
1000
1000
1000
1000
1001
999
1000
1000
1000
1000
1000
1000
1000
1000
1000
1000
1000
1000
1000
1000
1000
1000
1000
1000
1000
1000
1000
1000
1000
1001
999
1000
1000
1001
999
1000
1000
1001
999
1000
1000
1000
1000
1000
1000
1001
999
1000
1000
1001
999
1000
1000
1001
909
991
1100
999
1000
1000
1000
1001
999
0
0
0
312
562
1161
1121
4188
4148
4108
4068
4028
2600
2560
2520
0
7174
7134
7094
7054
7014
6974
6934
6894
0
0
0
20860
20820
20780
20740
20700
20660
20620
20580
20540
20500
20460
20420
20380
20340
20300
20260
20220
20180
20140
20100
20060
16060
949
1174
791
3914
3874
3834
3794
7138
7098
7058
7018
6978
6938
4668
4628
4588
4548
4508
1859
1819
855
918
1906
1866
536
921
2091
2051
2011
4170
4130
4090
4050
4010
5039
4999
4959
4919
4879
4839
5236
5196
5156
5116
5076
5036
0
2571
2531
2491
6610
6570
6530
6490
6450
6410
6370
0
0
8479
8439
8399
8359
8319
8279
8239
8199
8159
273
0
8099
8059
8019
7979
7939
7899
7859
7819
7779
149
5718
5678
5638
5598
5558
5518
0
1015
975
1681
1641
48
0
1444
1404
0
0
2446
2406
2366
0
1620
1580
915
1563
1523
201
1962
1922
1206
0
0
0
3565
3525
3485
3445
0
0
3487
3447
3407
3367
0
0
3611
3571
3531
3491
0
630
875
2815
2775
2735
0
483
0
4267
4227
4187
4147
4107
631
145
3521
3481
3441
3401
271
0
2791
2751
2711
0
1834
1794
0
1925
1885
0
3360
3320
3280
3240
914
0
5651
5611
5571
5531
5491
5451
0
0
2542
2502
2462
2904
2864
2824
0
0
2975
2935
2895
5182
5142
5102
0
0
4913
4873
4833
4793
4753
5061
5021
4981
4841
600
0
9371
9331
9291
9251
9211
9171
9131
9091
9051
9011
0
2540
2500
2460
4757
4717
4677
4637
4597
2046
2006
1966
658
1691
1651
0
0
0
14952
14912
14872
14832
14792
14752
14712
14672
14632
14592
14552
14512
14472
14432
14392
13320
172
3307
3267
3227
3187
13470
13430
13390
13350
13310
13270
13230
13190
13150
13110
13070
13030
12990
12950
355
4992
4952
4912
5805
5765
5725
6090
6050
6010
5588
5924
5884
5844
470
903
3718
3678
3638
3598
1566
1526
4498
4458
4418
4378
4338
3446
3406
3366
3326
13272
13232
13192
13152
13112
13072
13032
12992
12952
12912
12872
12832
12792
12752
1846
1806
925
1203
1163
1652
1612
9848
9808
9768
9728
9688
9648
9608
9568
9528
9488
4088
0
19083
19043
19003
18963
18923
18883
18843
18803
18763
18723
18683
18643
18603
18563
18523
18483
18443
18403
18363
18323
18809
18769
18729
18689
18649
18609
18569
18529
18489
18449
18409
18369
18329
18289
18249
18209
18169
18129
18089
12329
0
20926
20886
20846
20806
20766
20726
20686
20646
20606
20566
20526
20486
20446
20406
20366
20326
20286
20246
20206
20166
20126
20836
20796
34287
34247
34207
34167
34127
34087
34047
34007
33967
33927
33887
33847
33807
33767
32639
32599
32559
21124
1252
1212
14894
14854
14814
14774
14734
14694
14654
14614
14574
14534
14494
14454
14414
14374
14334
24465
24425
24385
24345
24305
24265
24225
24185
24145
24105
24065
24025
23985
7265
2400
0
6397
6357
6317
6277
6237
6197
6157
8797
8757
8717
8677
8637
8597
8557
8517
8477
2157
8183
8143
8103
8063
8023
7983
2817
2777
2737
2308
2268
2228
1867
1827
12308
12268
12228
12188
12148
12108
12068
12028
11988
11948
11908
11868
11828
0
2314
2274
2234
3388
3348
3308
3268
15145
15105
15065
15025
14985
14945
14905
14865
14825
14785
14745
14705
14665
14625
14585
14545
1760
1720
866
1774
1734
0
10765
10725
10685
10645
10605
10565
10525
10485
10445
10405
10365
3452
1405
1365
654
2723
2683
2643
2885
2845
2805
3633
3593
3553
3513
1605
1565
677
1654
1614
1955
1915
2052
2012
804
306
898
635
0
0
2
0
0
0
0
1
0
0
9
0
0
0
0
4
0
0
0
0
4
0
0
0
0
1
0
0
7
0
1
0
0
4
0
0
0
0
8
0
0
0
0
5
0
0
0
0
1
0
0
8
0
3
0
0
2
0
0
0
0
4
0
0
0
0
3
0
0
8
0
0
0
0
6
0
0
0
0
7
0
0
0
0
4
0
0
0
0
2
0
0
9
0
0
0
0
7
0
0
0
0
3
0
0
0
0
3
0
0
7
0
0
0
0
6
0
0
0
0
3
0
0
0
0
2
0
0
0
0
3
0
0
8
0
0
0
0
5
0
0
0
0
4
0
0
0
0
1
0
0
9
0
0
0
0
130
1121
2121
3121
4121
0
776
281
0
0
5
0
26
1026
2026
2657
2960
2484
3156
4156
5156
6156
7156
8156
9156
10156
11156
12156
0
0
0
9828
9788
9748
9708
9668
9628
9588
9548
9508
9468
4558
0
1312
1272
12489
12490
12491
12492
12493
12494
12495
12496
12497
12498
12499
12500
12501
12980
13980
18372
18373
18374
18375
18980
19980
20980
21980
22980
23980
24980
25980
26980
27980
28980
29980
30980
31980
32980
33980
34980
35980
36980
37980
38980
39980
40980
41980
42980
43980
44980
45980
46980
47980
48980
49980
50980
51980
52980
53980
54980
55980
56980
57980
58980
59980
60980
61980
62980
63980
64980
65980
66980
67980
68980
69980
70980
71980
72980
73980
74980
75980
76980
77980
78980
79980
80980
81980
82980
83980
84980
85980
86980
87980
88980
89980
90980
91980
92980
93980
94980
95980
96980
97980
98980
99980
100980
101980
102980
103980
104980
105980
106980
107980
108980
109980
110980
111980
112980
113980
114980
115980
116980
117980
118980
119980
120980
121980
122980
123980
124980
125980
126980
127980
128980
129980
130980
131980
132980
133980
134980
135980
136980
137980
138980
139980
140980
141980
142980
143980
144980
145980
146980
147980
148980
149980
150980
151980
152980
153980
154980
155980
156980
157980
158980
159980
160980
161980
162980
163980
164980
165980
166980
167980
168980
169980
170980
171980
172980
173980
174980
175980
176980
177980
178980
179980
180980
181980
182980
183980
184980
185980
186980
187980
188980
189980
190980
191980
192980
193980
194980
195980
196980
197980
198980
199980
200980
201980
202980
203980
204980
205980
206980
207980
208980
209980
210980
211980
212980
213980
214980
215980
216980
217980
218980
219980
220980
221980
222980
223980
224980
225980
226980
227980
228980
229980
230980
231980
232980
233980
234980
235980
236980
237980
238980
239980
240980
241980
242980
243980
244980
245980
246980
247980
248980
249980
250980
251980
252980
253980
254980
255980
256980
257980
258980
259980
260980
261980
262980
263980
264980
265980
266980
267980
268980
269980
270980
271980
272980
273980
274980
275980
276980
277980
278980
279980
280980
281980
282980
283980
284980
285734
286529
287449
288447
262062
263059
281393
281394
281395
281396
281397
281398
281399
281400
281401
281402
281403
281404
281405
281406
281407
281408
281409
281410
282059
283059
284059
285059
286059
287059
288059
289059
290059
291059
292059
293059
294059
295059
296059
297059
298059
299059
300059
301059
302059
303059
304059
305059
306059
307059
308059
309059
310059
311059
312059
313059
314059
315059
316059
317059
318059
319059
320059
321059
322059
322936
323936
324813
325772
326690
327690
327952
328952
329952
330952
331952
332952
333952
334952
335952
336952
337952
338952
339911
340829
341747
342624
343583
344542
345542
