0
49000
0
570
432
0
998
0
40
962
0
0
0
998
0
1003
963
36
0
0
998
0
0
0
0
0
0
0
0
0
1004
0
0
0
0
0
0
1007
0
0
997
0
0
0
3992
0
2002
998
0
0
0
1
999
0
0
1004
0
0
999
0
0
1000
0
1001
0
1585
1
411
0
591
59
1
351
0
0
1285
0
2003
997
0
246
758
997
1005
998
1001
1091
1000
1001
0
1000
3999
0
1000
0
1002
999
976
1000
1001
999
1000
1000
980
21
1002
999
0
1000
1000
1006
920
999
493
423
115
1005
0
997
999
1001
2998
1000
0
70
936
995
1003
1001
1003
0
235
991
382
2001
0
0
1004
0
1001
997
588
414
216
684
1006
1874
1120
0
4000
1000
0
2003
997
1000
0
0
1000
0
1003
0
1005
176
1050
0
962
1002
0
1001
2997
0
1000
1002
1998
1000
3000
1000
0
0
0
265
176
949
1005
0
1496
1396
4999
0
1000
0
0
2003
997
1000
0
0
1000
1005
0
1000
1701
3292
0
1000
0
1001
0
1001
1000
1000
1000
785
218
244
334
1003
0
1002
22
1
1003
2996
0
1000
1004
997
999
449
555
549
1126
0
1007
1993
277
352
797
298
704
999
1000
1003
999
1001
70
1001
1004
995
647
1353
2003
686
0
1310
0
1007
998
995
461
542
647
916
1839
2154
0
1985
20
386
1000
1004
0
1103
1000
734
1108
0
160
846
1005
0
2995
2000
0
1000
1003
0
309
689
71
1
1007
1000
1133
0
2001
0
2001
719
279
2805
1
0
2785
0
1
1166
0
1999
0
1006
0
1000
999
998
202
728
214
554
448
999
1003
999
999
658
1001
0
113
986
1095
0
1011
0
998
1000
1002
1001
997
1000
998
999
1001
999
1000
1000
741
388
623
1083
0
1003
0
999
999
1001
999
1001
1000
1001
999
1000
1000
1001
999
1001
998
1000
1004
999
326
993
1004
1002
998
1000
1003
1000
1001
999
1001
1000
1000
999
1001
1000
1001
998
1002
1000
1000
998
1002
999
1000
999
1002
998
1001
999
1000
998
999
1001
1000
1000
999
999
1002
999
999
1000
1002
999
999
1000
1002
999
999
1000
1002
999
999
1000
1002
999
999
1001
1001
999
999
1001
1001
999
999
1001
79
1004
0
1003
1000
999
425
630
586
995
1218
0
1006
0
1001
1003
997
999
1000
1002
999
999
1000
1002
999
1000
999
1002
999
999
1000
1001
999
1000
1000
1001
999
1000
1000
1001
999
1000
1000
1001
1000
1089
1129
0
1007
0
1001
1002
998
999
1001
1000
1000
999
1001
1000
1000
1000
1000
904
983
1009
999
1002
1001
999
997
1004
1000
999
997
1004
1000
999
997
1004
1000
999
997
1004
1000
999
997
1004
1000
999
997
1004
1000
999
997
1004
1000
999
997
1004
1000
999
997
1004
1000
999
997
1004
1000
999
997
1004
1000
999
997
1004
1000
999
997
1004
1000
999
997
1004
1000
998
998
1004
1000
998
998
1004
1000
998
998
1004
1000
998
998
1004
1000
998
998
1004
1000
998
998
1004
1000
997
1000
1003
999
998
1000
1003
999
998
1000
1004
997
1000
1000
1003
997
1000
1274
0
1010
0
1001
1002
997
1000
1000
1003
997
1000
1000
1003
997
1000
1000
1003
996
1001
1000
1003
997
1001
1000
1002
998
1001
998
1001
1002
998
998
1001
1003
998
998
1001
1003
998
998
1001
1003
998
998
1000
1004
997
999
1000
1004
997
999
1000
1004
997
999
1000
1004
997
999
1001
1003
997
999
1001
1003
997
999
1001
1003
997
999
1001
1003
997
999
1001
1003
996
999
1003
1002
996
999
1004
1001
997
998
1004
1001
997
998
1004
1001
997
998
1004
1001
997
998
1004
1001
997
998
1004
1001
997
998
1004
1001
997
998
1005
999
998
998
1005
999
998
999
1004
998
1000
999
1003
999
999
999
1003
999
999
999
1003
999
999
999
1003
999
999
999
1003
999
999
999
1003
999
999
999
1003
999
999
999
1003
997
1002
997
1005
996
1002
997
1005
996
1002
997
1005
996
1002
997
1005
996
1002
997
1004
997
1002
997
1003
998
1002
997
1003
998
1002
997
1003
998
1002
996
1003
1000
1000
997
1003
1000
1000
997
1003
1000
1000
997
1003
1000
1000
997
1002
1001
1000
997
1003
1000
1000
997
1003
1000
1000
997
1003
1000
1000
997
1003
1000
1000
997
1003
1000
1000
997
1003
1000
1000
997
1003
1000
1000
997
1003
1000
1000
997
1003
1000
1000
997
1003
1000
1000
998
1003
998
1000
999
1002
998
1001
999
1002
998
1001
999
1002
998
1001
999
1002
998
1001
999
1002
998
1001
999
1002
999
1000
999
1002
1000
1000
999
1002
998
1000
999
1002
999
1000
1000
1001
999
1000
1000
1001
999
1000
1000
1001
999
1000
1000
1000
1000
999
1000
1000
1001
999
1000
1000
1001
999
1000
1000
1001
999
1000
1001
1001
999
999
1001
1001
999
999
1001
1001
999
999
1001
1001
999
999
1002
999
1000
999
1003
998
999
1000
1003
998
1000
999
1003
998
1000
999
1003
998
1000
999
1003
998
1000
999
1003
998
1000
999
1003
998
1000
999
1003
998
1000
999
1003
998
1000
999
1003
998
1000
999
1003
998
1001
998
1003
998
1001
998
1003
998
1001
998
1003
998
1001
998
1003
998
1001
998
1003
998
1001
998
1003
998
1001
997
1003
999
1001
997
1003
999
1001
997
1004
998
1001
998
1004
997
1001
998
1004
997
1001
998
1004
997
1001
998
1004
997
1001
998
1004
997
1001
998
1004
997
1001
998
1004
997
1001
998
1004
997
1001
998
1004
997
1001
998
1004
997
1001
998
1004
997
1001
998
1004
997
1001
998
1004
997
1001
998
1004
997
1000
999
1004
997
1000
999
1004
997
1000
999
1004
997
1000
999
1004
997
1000
999
1004
997
1000
999
1004
997
1000
999
1004
996
1001
999
1004
996
1001
999
1004
997
1002
997
1004
997
1002
997
1004
997
1002
997
1004
997
1002
997
1004
997
1002
997
1004
997
1002
997
1004
996
1003
998
1003
997
1002
999
1002
998
1001
999
1001
1000
999
999
1001
1001
999
999
1001
1001
999
999
1001
1001
999
999
1000
1003
997
1000
999
1004
997
1000
999
1004
997
1000
999
1004
997
1000
999
1004
997
1000
999
1004
997
1000
999
1004
997
1000
999
1004
997
1000
999
1003
997
1000
1001
1002
997
1000
1002
1001
998
999
1002
1001
998
999
1002
1001
998
999
1002
1001
998
999
1002
1001
998
999
1002
1001
998
999
1002
1001
998
999
1003
1000
998
999
1003
1000
999
998
1004
999
1001
996
1004
999
1001
996
1004
999
1001
996
1004
999
1000
996
1004
999
1001
996
1004
999
1001
996
1002
1001
1000
997
1002
1000
1000
997
1003
999
1001
997
1004
998
1001
997
1004
998
1001
997
1004
998
1001
997
1003
998
1001
997
1003
997
1003
997
1001
999
1003
997
1001
999
1002
998
1001
998
1001
999
1001
999
1001
999
1001
999
1001
999
1001
999
1001
999
1001
999
1001
999
1001
999
1001
999
1001
999
1001
999
1001
999
1001
999
1001
999
1001
999
1001
999
1001
999
1001
999
1001
999
1001
999
1001
998
1001
1000
1000
999
1001
1183
0
1004
0
1002
999
998
1000
1001
1000
999
1000
1001
1000
999
1000
1001
1000
999
1000
1001
1000
999
1000
1001
998
999
1000
1001
1000
999
1000
1001
1000
999
1000
1000
1003
997
1000
1000
970
1030
1001
999
1000
1001
1000
999
1000
1000
1001
999
1000
1000
1001
999
0
0
0
0
3
0
0
0
0
0
0
0
0
3
0
0
0
0
0
0
0
0
0
0
0
0
3
0
0
0
6
0
0
0
2
0
0
0
0
13
0
0
0
0
0
0
0
0
0
0
0
0
9
0
0
0
5
0
0
0
2
0
0
0
0
3
0
0
0
1
0
0
0
2
0
0
0
1
10
0
0
0
6
0
0
0
0
0
0
0
0
7
0
0
0
6
0
0
0
2
0
0
0
0
7
0
0
0
1
0
0
0
0
0
0
0
0
12
0
0
0
1
0
0
0
0
0
0
0
0
5
0
0
0
4
0
0
0
5
0
0
0
0
11
0
0
0
4
0
0
0
0
0
0
0
0
11
0
0
0
10
0
0
0
0
0
0
0
0
11
0
0
0
1
0
0
0
0
0
0
0
3
9
0
0
0
7
0
0
0
1
0
0
0
0
9
0
0
0
8
0
0
0
0
0
0
0
0
14
0
0
0
5
0
0
0
0
0
0
0
0
9
0
0
0
2
0
0
0
4
0
0
0
0
10
0
0
0
3
0
0
0
0
0
0
0
0
9
0
0
0
4
0
0
0
0
0
0
0
0
9
0
0
0
5
0
0
0
0
0
0
0
0
8
0
0
0
0
0
0
0
0
0
0
0
3
10
0
0
0
5
0
0
0
0
0
0
0
0
4
0
0
0
7
0
0
0
0
0
0
0
0
14
0
0
0
5
0
0
0
0
0
0
0
0
8
0
0
0
3
0
0
0
3
0
0
0
0
10
0
0
0
7
0
0
0
2
0
0
0
0
9
0
0
0
4
0
0
0
0
0
0
0
0
6
0
0
0
0
0
0
0
0
0
0
0
0
9
0
0
0
7
0
0
0
0
0
0
0
0
4
0
0
0
4
0
0
0
3
0
0
0
0
6
0
0
0
5
0
0
0
2
0
0
0
0
7
0
0
0
5
0
0
0
1
0
0
0
0
4
0
0
0
7
0
0
0
0
0
0
0
0
10
0
0
0
3
0
0
0
2
0
0
0
0
11
0
0
0
9
0
0
0
3
0
0
0
0
5
0
0
0
4
0
0
0
1
0
0
0
0
7
0
0
0
5
0
0
0
3
0
0
0
0
12
0
0
0
2
0
0
0
2
0
0
0
0
10
0
0
0
6
0
0
0
0
0
0
0
0
9
0
0
0
6
0
0
0
0
0
0
0
0
8
0
0
0
3
0
0
0
0
0
0
0
0
10
0
0
0
7
0
0
0
4
0
0
0
0
8
0
0
0
12
0
0
0
3
0
0
0
0
5
0
0
0
7
0
0
0
0
0
0
0
0
8
0
0
0
2
0
0
0
0
0
0
0
0
6
0
0
0
5
0
0
0
4
0
0
0
0
8
0
0
0
4
0
0
0
1
0
0
0
3
7
0
0
0
3
0
0
0
0
0
0
0
0
11
0
0
0
4
0
0
0
3
0
0
0
0
8
0
0
0
1
0
0
0
0
0
0
0
0
10
0
0
0
6
0
0
0
1
0
0
0
0
9
0
0
0
6
0
0
0
3
0
0
0
0
15
0
0
0
0
0
0
0
0
0
0
0
0
8
0
0
0
4
0
0
0
2
0
0
0
0
4
0
0
0
6
0
0
0
4
0
0
0
0
7
0
0
0
7
0
0
0
0
0
0
0
0
6
0
0
0
4
0
0
0
3
0
0
0
0
11
0
0
0
6
0
0
0
3
0
0
0
0
8
0
0
0
5
0
0
0
0
0
0
0
0
5
0
0
0
6
0
0
0
0
0
0
0
0
8
0
0
0
4
0
0
0
0
0
0
0
0
6
0
0
0
2
0
0
0
0
0
0
0
0
8
0
0
0
6
0
0
0
0
0
0
0
1
5
0
0
0
1
0
0
0
0
0
0
0
0
14
0
0
0
7
0
0
0
4
0
0
0
0
12
0
0
0
0
0
0
0
7
0
0
0
0
5
0
0
0
3
0
0
0
0
0
0
0
0
8
0
0
0
3
0
0
0
0
0
0
0
0
1
0
0
0
5
0
0
0
1
0
0
0
0
12
0
0
0
3
0
0
0
0
0
0
0
0
6
0
0
0
4
0
0
0
4
0
0
0
0
6
0
0
0
9
0
0
0
1
0
0
0
0
14
0
0
0
7
0
0
0
0
0
0
0
0
8
0
0
0
8
0
0
0
1
0
0
0
0
12
0
0
0
3
0
0
0
1
0
0
0
0
12
0
0
0
7
0
0
0
0
0
0
0
0
7
0
0
0
9
0
0
0
0
0
0
0
0
10
0
0
0
5
0
0
0
4
0
0
0
0
10
0
0
0
7
0
0
0
0
0
0
0
0
6
0
0
0
6
0
0
0
9
0
0
0
0
8
0
0
0
6
0
0
0
1
0
0
0
0
7
0
0
0
4
0
0
0
0
0
0
0
0
5
0
0
0
7
0
0
0
1
0
0
0
0
5
0
0
0
7
0
0
0
0
0
0
0
0
15
0
0
0
5
0
0
0
1
0
0
0
0
8
0
0
0
3
0
0
0
1
0
0
0
0
8
0
0
0
3
0
0
0
0
0
0
0
0
6
0
0
0
1
0
0
0
0
0
0
0
0
7
0
0
0
1
0
0
0
2
0
0
0
0
5
0
0
0
4
0
0
0
1
0
0
0
0
9
0
0
0
6
0
0
0
0
0
0
0
0
11
0
0
0
1
0
0
0
1
0
0
0
0
8
0
0
0
2
0
0
0
3
0
0
0
0
6
0
0
0
2
0
0
0
4
0
0
0
0
9
0
0
0
9
0
0
0
0
0
0
0
0
13
0
0
0
3
0
0
0
0
0
0
0
0
8
0
0
0
3
0
0
0
2
0
0
0
0
8
0
0
0
1
0
0
0
3
0
0
0
0
13
0
0
0
9
0
0
0
0
0
0
0
0
5
0
0
0
1
0
0
0
0
0
0
0
0
13
0
0
0
8
0
0
0
1
0
0
0
0
7
0
0
0
4
0
0
0
1
0
0
0
0
9
0
0
0
7
0
0
0
0
0
0
0
0
6
0
0
0
1
0
0
0
3
0
0
0
0
7
0
0
0
1
0
0
0
0
0
0
0
0
8
0
0
0
5
0
0
0
1
0
0
0
0
7
0
0
0
8
0
0
0
0
0
0
0
0
13
0
0
0
1
0
0
0
2
0
0
0
0
8
0
0
0
5
0
0
0
3
0
0
0
0
5
0
0
0
6
0
0
0
3
0
0
0
0
11
0
0
0
7
0
0
0
4
0
0
0
0
12
0
0
0
6
0
0
0
2
0
0
0
0
5
0
0
0
3
0
0
0
1
0
0
0
0
8
0
0
0
4
0
0
0
0
0
0
0
0
6
0
0
0
4
0
0
0
0
0
0
0
0
12
0
0
0
3
0
0
0
3
0
0
0
0
10
0
0
0
5
0
0
0
2
0
0
0
0
7
0
0
0
5
0
0
0
1
0
0
0
1
8
0
0
0
5
0
0
0
0
0
0
0
0
15
0
0
0
3
0
0
0
3
0
0
0
0
9
0
0
0
9
0
0
0
2
0
0
0
0
12
0
0
0
6
0
0
0
4
0
0
0
0
6
0
0
0
5
0
0
0
2
0
0
0
0
9
0
0
0
6
0
0
0
0
0
0
0
0
9
0
0
0
5
0
0
0
3
0
0
0
0
4
0
0
0
6
0
0
0
0
0
0
0
1
9
0
0
0
0
0
0
0
0
0
0
0
3
7
0
0
0
1
0
0
0
2
0
0
0
0
7
0
0
0
3
0
0
0
0
0
0
0
0
7
0
0
0
6
0
0
0
0
0
0
0
0
5
0
0
0
7
0
0
0
0
0
0
0
0
6
0
0
0
6
0
0
0
2
0
0
0
0
6
0
0
0
3
0
0
0
1
0
0
0
0
10
0
0
0
0
0
0
0
1
0
0
0
0
6
0
0
0
3
0
0
0
0
0
0
0
0
10
0
0
0
9
0
0
0
1
0
0
0
0
7
0
0
0
1
0
0
0
1
0
0
0
0
8
0
0
0
2
0
0
0
0
0
0
0
0
13
0
0
0
8
0
0
0
0
0
0
0
0
3
0
0
0
9
0
0
0
1
0
0
0
0
12
0
0
0
6
0
0
0
0
0
0
0
0
14
0
0
0
5
0
0
0
0
0
0
0
0
6
0
0
0
5
0
0
0
0
0
0
0
0
9
0
0
0
7
0
0
0
0
0
0
0
0
9
0
0
0
5
0
0
0
0
0
0
0
0
11
0
0
0
3
0
0
0
2
0
0
0
0
10
0
0
0
6
0
0
0
3
0
0
0
0
6
0
0
0
8
0
0
0
0
0
0
0
0
8
0
0
0
5
0
0
0
1
0
0
0
0
10
0
0
0
3
0
0
0
2
0
0
0
0
10
0
0
0
9
0
0
0
1
0
0
0
0
11
0
0
0
3
0
0
0
4
0
0
0
0
17
0
0
0
7
0
0
0
2
0
0
0
1
8
0
0
0
2
0
0
0
3
0
0
0
0
7
0
0
0
6
0
0
0
0
0
0
0
0
8
0
0
0
2
0
0
0
0
0
0
0
0
8
0
0
0
2
0
0
0
1
0
0
0
0
8
0
0
0
5
0
0
0
3
0
0
0
0
5
0
0
0
5
0
0
0
3
0
0
0
0
13
0
0
0
9
0
0
0
0
0
0
0
0
9
0
0
0
5
0
0
0
2
0
0
0
0
12
0
0
0
4
0
0
0
0
0
0
0
0
10
0
0
0
9
0
0
0
0
0
0
0
0
7
0
0
0
8
0
0
0
0
0
0
0
0
9
0
0
0
8
0
0
0
0
0
0
0
0
10
0
0
0
6
0
0
0
3
0
0
0
0
6
0
0
0
2
0
0
0
2
0
0
0
0
13
0
0
0
7
0
0
0
0
0
0
0
0
4
0
0
0
3
0
0
0
2
0
0
0
0
7
0
0
0
4
0
0
0
0
0
0
0
0
5
0
0
0
3
0
0
0
2
0
0
0
0
9
0
0
0
7
0
0
0
3
0
0
0
0
8
0
0
0
2
0
0
0
0
0
0
0
0
6
0
0
0
3
0
0
0
3
0
0
0
0
12
0
0
0
1
0
0
0
0
0
0
0
0
12
0
0
0
4
0
0
0
0
0
0
0
0
3
0
0
0
2
0
0
0
2
0
0
0
0
12
0
0
0
1
0
0
0
0
0
0
0
0
8
0
0
0
3
0
0
0
1
0
0
0
0
4
0
0
0
6
0
0
0
0
0
0
0
0
11
0
0
0
4
0
0
0
0
0
0
0
0
7
0
0
0
3
0
0
0
0
0
0
0
1
5
0
0
0
4
0
0
0
0
0
0
0
0
7
0
0
0
5
0
0
0
1
0
0
0
0
10
0
0
0
8
0
0
0
0
0
0
0
0
11
0
0
0
5
0
0
0
0
0
0
0
0
9
0
0
0
4
0
0
0
7
0
0
0
0
10
0
0
0
2
0
0
0
0
0
0
0
0
7
0
0
0
9
0
0
0
0
0
0
0
0
10
0
0
0
6
0
0
0
5
0
0
0
0
9
0
0
0
6
0
0
0
0
0
0
0
0
3
0
0
0
5
0
0
0
1
0
0
0
0
6
0
0
0
3
0
0
0
0
0
0
0
0
14
0
0
0
5
0
0
0
0
0
0
0
0
7
0
0
0
2
0
0
0
0
0
0
0
0
10
0
0
0
5
0
0
0
6
0
0
0
0
4
0
0
0
4
0
0
0
2
0
0
0
0
10
0
0
0
2
0
0
0
0
0
0
0
0
8
0
0
0
4
0
0
0
0
0
0
0
0
8
0
0
0
4
0
0
0
1
0
0
0
0
6
0
0
0
3
0
0
0
0
0
0
0
0
6
0
0
0
4
0
0
0
5
0
0
0
0
11
0
0
0
5
0
0
0
0
0
0
0
0
6
0
0
0
5
0
0
0
0
0
0
0
0
7
0
0
0
3
0
0
0
0
0
0
0
0
10
0
0
0
5
0
0
0
3
0
0
0
0
9
0
0
0
2
0
0
0
0
0
0
0
0
7
0
0
0
3
0
0
0
0
0
0
0
0
6
0
0
0
3
0
0
0
0
0
0
0
0
8
0
0
0
3
0
0
0
0
0
0
0
0
9
0
0
0
1
0
0
0
0
0
0
0
0
6
0
0
0
0
0
0
0
0
0
0
0
0
7
0
0
0
4
0
0
0
0
0
0
0
0
7
0
0
0
1
0
0
0
4
0
0
0
0
9
0
0
0
8
0
0
0
0
0
0
0
0
7
0
0
0
5
0
0
0
4
0
0
0
0
8
0
0
0
8
0
0
0
0
0
0
0
0
8
0
0
0
6
0
0
0
0
0
0
0
0
6
0
0
0
2
0
0
0
0
0
0
0
0
12
0
0
0
1
0
0
0
0
0
0
0
0
8
0
0
0
6
0
0
0
2
0
0
0
0
3
0
0
0
0
0
0
0
0
0
0
0
0
3
0
0
0
1
0
0
0
0
0
0
0
0
19
0
0
0
5
0
0
0
2
0
0
0
0
7
0
0
0
2
0
0
0
0
0
0
0
0
9
0
0
0
4
0
0
0
2
0
0
0
0
8
0
0
0
1
0
0
0
0
0
0
0
0
7
0
0
0
3
0
0
0
0
0
0
0
0
12
0
0
0
7
0
0
0
0
0
0
0
0
12
0
0
0
1
0
0
0
0
0
0
0
0
4
0
0
0
1
0
0
0
0
0
0
0
0
14
0
0
0
4
0
0
0
1
0
0
0
0
7
0
0
0
3
0
0
0
0
0
0
0
0
6
0
0
0
3
0
0
0
4
0
0
0
0
3
0
0
0
1
0
0
0
50
0
0
0
0
3
0
0
0
0
0
0
0
0
0
0
0
0
5
0
0
0
2
0
0
0
0
0
0
0
0
5
0
0
0
1
0
0
0
0
260
0
0
0
7
0
0
0
0
0
0
0
0
3
0
0
0
2
0
0
0
0
0
0
0
0
5
0
429
38
623
236
208
0
0
0
0
0
0
0
0
0
0
3
0
0
0
0
0
0
0
0
0
0
0
0
7
0
0
0
0
0
0
0
0
0
0
0
0
5
0
0
0
3
0
0
0
0
0
0
0
0
5
0
0
0
2
0
0
0
0
0
0
0
0
6
0
0
0
1
0
0
0
0
0
0
0
0
5
0
0
0
1
0
0
0
0
0
0
0
0
3
0
0
0
5
0
0
0
0
0
0
0
0
6
0
0
0
3
0
0
0
0
0
0
0
0
7
0
0
0
1
0
0
0
237
350
245
549
295
143
0
0
0
0
0
0
0
0
8
0
0
0
1
0
0
0
0
0
0
0
0
7
0
0
0
4
0
0
0
0
0
0
0
0
4
0
0
0
6
0
0
0
0
0
0
0
0
7
0
0
0
1
0
0
0
2
0
0
0
0
5
0
0
0
4
0
0
0
0
0
0
0
0
5
0
0
0
4
0
0
0
0
0
0
0
0
12
0
0
0
3
0
0
0
3
0
0
0
0
8
0
0
0
5
0
0
0
0
0
0
0
0
10
0
0
0
4
0
0
0
0
0
0
0
0
5
0
0
0
2
0
0
0
0
0
0
0
0
8
0
0
0
9
0
0
0
0
0
0
0
0
12
0
0
0
5
0
0
0
128
186
0
0
0
7
0
0
0
4
0
0
0
0
0
0
0
0
9
0
0
0
2
0
0
0
1
0
0
0
0
10
0
121
233
613
361
0
2511
2460
2409
420
216
3312
3261
3210
3159
599
210
272
307
493
230
194
0
0
206
352
240
0
0
126
0
0
0
1
0
0
0
0
0
0
0
0
2
0
0
0
1
0
0
0
0
0
0
0
0
5
0
0
0
1
0
0
0
2
0
0
0
0
7
0
0
0
1
0
0
0
0
0
0
0
0
8
0
0
0
3
0
0
0
0
0
0
0
0
5
0
0
0
0
0
0
0
0
0
0
0
0
3
0
0
0
1
0
227
0
0
196
368
330
89
1
0
0
0
1
0
0
0
0
0
0
0
0
2
0
0
0
0
0
0
0
0
0
0
0
0
4
0
0
0
0
0
0
0
0
0
0
0
0
5
0
0
0
1
0
0
0
0
0
0
0
197
424
166
42
0
0
0
0
0
0
6
0
0
0
8
0
0
0
5
0
0
0
0
10
0
0
0
1
0
0
0
0
0
0
0
0
11
0
0
0
2
0
0
0
0
0
0
0
0
8
0
0
0
1
0
335
1335
2335
3335
4335
5335
6335
7335
8335
712
549
2476
2425
2374
2846
3843
4843
5843
6843
7843
8843
9843
10843
11843
12843
3133
6039
5988
5937
8163
8164
8165
