0
52000
0
0
0
0
1000
0
1
624
0
382
0
0
133
525
0
0
189
1
0
0
830
318
290
708
0
0
751
1
1
0
0
249
603
399
0
0
995
0
1002
1000
0
0
0
1
107
894
0
0
0
0
0
0
997
0
0
0
1005
998
1525
0
472
1000
0
0
0
0
1000
0
1003
0
999
998
1597
406
937
67
796
778
229
415
997
1004
0
1001
999
1000
8
998
1000
2000
999
1001
244
756
1999
1000
644
357
155
580
425
1004
0
999
999
1002
1162
1000
1000
713
1004
1283
891
1000
1000
1003
0
1000
998
433
1997
884
116
875
132
1003
998
999
1
1003
0
3948
504
545
0
1001
1760
240
999
1000
685
282
1002
0
1001
159
997
659
1004
0
997
1999
1000
788
216
1002
0
999
1002
393
999
2997
1000
0
4000
0
615
387
0
999
0
2001
0
1184
291
1176
1000
1003
0
159
768
999
1005
995
1001
1001
0
157
997
2002
997
1000
1001
1000
0
2665
1335
0
0
1000
402
604
357
459
711
1000
1001
235
242
999
1000
1002
1004
0
830
997
1004
998
1
1000
1000
1002
1003
998
1997
0
1001
1886
1113
1000
1000
0
234
767
1003
0
999
1000
208
1000
1000
2999
0
1000
1695
307
2998
0
1000
0
1
462
1001
1001
0
810
192
1130
943
1001
597
403
1000
1000
1000
1000
1001
1000
130
961
1000
1001
1868
1001
0
1004
0
998
284
780
1000
1379
1319
302
1001
0
1163
0
2004
2994
2000
0
951
51
998
0
1000
1002
0
999
1001
1331
0
1004
0
1004
999
995
1001
998
1000
1000
1000
1000
1001
1001
238
1000
1002
0
1999
874
1000
1000
1002
999
0
1001
0
474
997
999
1000
823
180
998
1003
1000
999
1000
1001
0
1001
999
2001
0
1066
933
1000
1001
1001
3273
314
686
0
590
412
1003
997
1000
389
1613
934
1064
0
1002
0
1002
3216
780
0
1000
1004
0
153
766
996
1005
998
1000
1000
1001
998
1002
717
994
1003
998
999
1001
999
1001
818
239
771
1006
0
1003
1000
1002
997
413
1009
0
998
1004
998
1000
998
999
999
999
1002
1001
997
1000
998
1002
999
1001
998
784
1141
0
1006
0
999
1002
998
1003
1002
997
1000
1002
999
1001
1072
314
1930
0
1518
0
799
1101
992
1557
1354
0
1037
0
1004
1206
793
1003
1080
1388
1293
1095
1109
0
992
1010
1038
993
996
1005
1031
1000
964
1014
948
2842
0
1205
0
1045
0
1029
967
1033
967
1000
1071
929
1000
1001
1741
1292
0
260
1489
1614
0
1232
446
454
639
992
1007
1002
1000
1000
998
1002
1116
0
1011
0
1000
1000
998
1002
999
999
1000
1001
1001
998
1000
1001
1001
998
1000
1000
1000
1000
1002
996
999
1000
1000
999
1001
997
1002
1000
1001
997
1001
1000
1001
998
1001
1002
999
998
1001
1001
1000
998
1003
999
1000
998
1001
1002
1000
997
1001
1000
1001
998
1001
1000
1002
997
1001
1000
1001
998
1001
1001
1000
1000
1002
998
999
1000
1002
999
999
999
1002
998
1001
1000
1000
999
1002
998
1001
999
1002
1000
1000
1000
1002
998
1000
1000
1001
999
1000
999
1001
1000
1000
999
1000
1001
999
999
1001
1003
997
1000
1003
997
1000
1002
1000
998
1001
1000
1001
998
1000
1001
1002
997
1000
1001
1001
998
1000
1000
1002
998
1000
1000
1002
998
1000
1000
1000
1000
1001
999
1000
1000
1001
999
1002
1000
999
999
1000
1001
1000
1000
1002
999
999
999
1002
1001
998
999
1001
1000
1002
999
999
1000
1002
998
1001
999
1003
997
1001
999
1001
999
1002
998
1001
999
1001
1001
999
999
1001
999
1001
999
1001
999
1001
999
1002
998
1003
997
1003
999
999
999
1002
998
1001
1000
1330
0
1006
0
1001
999
999
1002
998
1000
1000
1000
1000
1000
1002
998
1000
1000
1000
1000
1000
1001
1000
999
1000
1002
998
1000
1001
1001
998
1000
1000
1000
1000
1002
998
1000
1000
1001
999
1000
1000
1001
999
1000
1002
999
999
1000
1000
1000
1000
1000
1000
1000
1000
1000
1000
1000
1000
1001
1001
999
999
1001
1000
999
1001
1000
999
1000
1000
1001
1000
1683
317
582
900
998
1003
1000
998
999
1032
693
925
1076
1724
2340
0
0
1006
0
1001
1000
999
1000
1216
0
1005
0
1003
999
999
1001
1000
999
1001
1000
1002
997
1002
998
1003
996
1001
1000
1001
998
1001
1001
1001
997
1001
1000
1002
998
1002
999
1002
998
1000
1001
1001
998
1000
1001
1001
998
1000
1001
1001
999
1000
1002
1000
998
1000
1002
1001
998
1001
1000
1002
997
1001
1001
1001
998
908
981
1012
997
1001
1000
1002
998
1000
1001
1000
1034
965
999
1003
998
1000
1000
1002
1024
974
999
1028
1004
1000
1168
2722
0
0
1315
0
1037
0
974
1000
1002
1025
973
1112
2248
0
0
1022
981
820
1968
0
1063
0
1006
1354
1612
0
1722
676
1035
834
1431
0
1176
1759
0
1395
202
990
1009
1001
1227
1336
1890
0
1578
0
959
1182
818
2592
0
833
1539
1517
0
1484
1641
0
394
669
956
1573
0
1057
993
1109
337
748
1125
882
1032
1871
1643
0
1042
894
1337
1176
0
994
834
987
1008
999
999
1001
1052
945
999
1001
1690
1300
1002
1006
0
1001
1003
997
1000
1000
1000
1138
945
1270
1649
0
994
1010
997
999
1000
1001
1015
1713
1269
0
1008
0
998
1000
1003
999
999
999
1001
1000
999
1000
1001
1000
999
1001
1000
999
1000
999
1001
1000
1001
999
1000
1000
1000
999
1001
1000
1000
999
1002
1000
998
1002
1000
1000
998
1000
1001
1001
998
1002
999
1000
1156
246
1784
0
973
1004
1002
1000
999
1001
999
1001
999
1001
999
1001
999
1001
999
1001
999
1031
969
1002
999
1031
999
973
1096
894
1995
1008
0
1001
1002
1061
988
949
1640
2142
0
1218
0
1009
0
999
1001
997
1002
1000
999
999
1002
999
1140
0
712
1315
0
1041
0
1103
559
391
880
1475
2082
0
1382
1062
0
1007
0
999
1004
997
1000
999
1003
998
1001
1001
1001
999
1000
1000
1003
995
999
1001
1000
1002
998
1001
999
1002
998
1001
999
1002
1000
999
999
1034
966
1000
999
1001
999
1001
999
1001
999
1001
999
1001
999
1001
999
1001
999
1001
999
1001
999
1001
999
999
13
999
1001
999
1001
999
1002
997
1000
1003
997
999
1000
1000
999
1000
999
42
761
1000
1001
1001
1001
1001
999
999
1002
999
1000
1001
1002
997
1000
999
1003
998
1000
999
1002
999
1000
999
1002
999
1000
999
1002
999
1000
1000
1001
999
149
1006
0
999
1003
998
1000
1000
999
999
1002
1001
997
1000
1002
999
999
1001
1001
999
999
1001
999
1001
999
1002
998
1001
999
1001
999
1001
999
1001
999
1001
999
1001
999
1001
999
1001
999
1001
999
1001
999
1001
999
1001
999
1001
999
1001
999
1001
999
1001
999
1001
999
1001
999
1001
999
1001
999
1001
999
1001
999
1001
999
1001
1000
1000
999
1001
1001
999
998
1001
1001
1001
997
1000
1001
1001
998
1000
1002
1001
1000
1000
1000
1002
997
1001
999
1002
1000
998
1000
1001
1000
1001
999
1002
998
999
1001
1001
999
1001
999
1002
998
1000
1000
1000
999
1000
1001
1001
1000
997
999
1002
999
1000
999
1002
1000
1000
999
999
1000
1001
999
1000
1000
999
1000
1000
1000
1000
1000
1001
1000
999
1000
1000
1000
1000
1000
1000
1000
999
1000
1000
1000
1001
999
1000
1000
1001
1000
999
1001
1000
999
1001
999
1002
998
1000
1001
1000
999
1000
1000
1001
999
794
1216
1000
1000
1001
0
1001
999
1000
1000
1001
999
1001
999
1001
160
999
1003
0
998
1000
1000
1001
999
1000
1000
1001
1000
999
1000
1001
72
1002
0
1001
998
1000
1001
1001
998
1000
1000
1001
999
1000
1001
1000
999
1002
0
1002
998
1000
1001
1000
999
1000
1000
1001
999
1000
1000
1001
999
1002
1000
999
999
1000
1001
1000
999
1000
1000
1001
999
1000
1001
1000
1000
1000
999
1001
999
1000
1000
1001
999
1000
1000
1001
1000
999
1000
1002
998
1000
1000
1002
998
1000
1001
1000
999
1000
1001
1000
999
1000
1000
1001
999
1000
1001
1000
999
1000
1000
1001
999
1000
1000
1002
998
1000
1000
1001
1000
999
1000
1002
998
1000
1001
1000
999
1001
999
1001
999
1000
1000
1002
998
1001
1001
999
999
1001
999
1003
998
1000
1001
999
1001
999
1001
455
705
1000
1001
856
1012
1000
1001
269
731
1000
1049
1000
1000
1000
1002
1000
998
294
708
1000
874
127
1001
1001
0
1001
0
1000
1000
375
1000
963
1000
1000
823
180
998
1002
0
1000
999
1000
1003
0
999
951
997
1003
1036
1000
1001
0
1000
349
1001
0
1001
1000
999
1003
999
616
388
997
882
1004
0
997
1002
1001
998
1000
429
342
711
1002
0
830
997
1191
0
1002
1002
0
261
159
679
851
119
995
7
142
993
1003
999
998
468
994
1002
1001
1002
0
291
135
538
781
480
658
368
253
1070
0
1002
0
130
1004
0
1001
1002
240
161
1001
999
1003
686
849
104
1003
0
297
994
1003
1001
476
108
121
53
124
1243
0
934
74
1005
0
1000
893
995
1003
1000
999
11
1000
283
1019
864
141
997
1001
102
993
1005
921
1006
0
1001
997
1000
1001
623
66
998
1003
1003
998
121
993
71
992
1004
1000
1000
1001
998
1000
1000
894
1004
0
1002
997
1002
943
994
1002
1002
1002
997
999
306
1005
0
1000
1000
1000
999
1000
1000
1003
998
999
1000
1001
1000
1002
998
1001
998
1000
1002
998
1000
1001
1000
1001
997
888
1006
0
405
992
1002
1003
1022
1002
0
1004
999
1000
998
1003
1000
999
1000
1002
996
1002
999
1001
999
1000
1000
1001
999
999
1000
1001
1000
999
1001
450
260
998
1004
999
1000
747
1004
0
1002
1000
1001
996
1002
1000
1001
751
357
999
57
994
1004
999
1001
1000
1000
999
1001
1000
1000
999
1001
1000
1000
999
1001
1000
1000
998
1001
1000
998
1000
1000
1002
999
999
1002
1000
999
1000
1003
998
999
1002
1000
998
1001
998
242
1250
0
360
288
1005
0
999
610
951
1050
0
1002
0
1004
996
595
938
969
1029
1003
0
1000
1000
999
1001
1000
1001
999
1001
1000
999
999
1002
999
1000
1001
999
999
1003
997
1001
999
24
39
1004
0
1000
1069
0
1004
0
1002
1001
996
1001
998
1044
0
1002
0
1059
0
1004
0
1000
998
1001
999
1001
1002
999
1000
1000
1001
999
998
1001
999
1000
999
1001
999
1001
999
1003
999
1001
998
1002
999
1002
1000
240
995
1001
176
1003
0
1004
998
1000
1000
1000
999
1002
998
1001
1000
1001
998
1001
1000
999
1000
1001
999
1000
999
1001
1000
1001
998
1001
1000
1000
1001
1000
1000
573
618
997
1003
1000
999
345
1004
0
999
1001
1000
1002
999
999
1000
1000
1000
1000
1000
1073
0
717
101
1000
1004
0
1001
1001
997
1001
1000
1000
999
489
456
1276
0
1004
0
1002
998
1001
999
1000
1000
1002
999
1000
999
1002
998
387
74
1006
0
216
430
102
997
999
1005
999
1000
1000
998
1001
1000
1000
1001
999
1003
999
998
1002
999
1002
999
999
999
1000
1001
998
1000
1004
466
1004
0
1002
997
674
969
40
1003
0
1004
997
1000
1002
1000
1000
998
1064
0
1004
0
1001
1001
1000
889
1211
0
1003
0
1002
182
254
47
999
1004
998
1000
1002
996
1006
997
112
998
1007
0
997
999
1003
997
1004
995
1003
1001
1000
1001
777
993
1003
997
1002
1002
999
1001
999
1002
126
990
1004
999
1002
999
892
1008
0
1098
0
328
680
172
1006
0
1000
1000
8
1001
998
1003
66
110
1
1002
362
1142
67
1000
1001
1001
608
45
1005
0
999
1001
998
1001
1000
1001
57
994
1000
1005
999
999
1002
999
999
999
1001
1002
89
287
1000
1002
999
364
1006
0
999
998
1001
1001
1001
999
999
1001
999
132
883
255
26
872
83
796
577
1203
1000
1002
0
1002
1000
1001
999
1000
1001
999
1000
1001
259
1004
0
1000
829
991
1003
998
944
995
1002
1001
999
1000
1000
1001
1000
998
1002
529
945
61
994
1000
1003
1001
998
1001
1000
1001
998
1001
999
1002
998
1001
999
1001
999
511
761
1000
1002
1000
999
1001
999
1001
999
1001
1000
1000
999
998
1002
1000
1001
999
1001
755
996
1002
193
1002
0
1001
1001
999
616
178
1002
0
1002
1000
1001
999
999
910
820
1041
0
195
26
1002
0
1000
746
203
1001
0
1003
1132
0
1003
0
1001
999
1000
1171
0
1003
0
1002
1000
998
1000
1002
678
137
1000
1001
1002
899
545
462
676
1002
0
1002
1000
1000
998
1002
998
1002
998
1002
999
769
1055
1185
0
1003
0
1001
1000
999
1001
998
1002
999
1001
998
135
994
1000
1002
1001
999
1001
1000
999
1001
999
1000
1001
999
1000
729
995
1002
1002
998
1000
1000
1001
1000
366
995
1002
998
1003
999
1000
999
1000
1000
1003
997
813
1003
0
999
1000
1002
1000
997
1001
1000
1001
1000
998
1001
1000
999
1000
1000
1001
999
1000
1000
1002
998
1001
1001
999
999
1000
1000
1001
999
1000
1000
1001
999
1000
1000
1002
998
1000
1000
1001
999
1000
1000
1001
999
1000
1000
1001
999
1000
1000
1001
999
1000
1002
999
999
1000
1000
1001
999
1000
1000
1000
1000
1000
1001
999
1000
1000
1001
999
0
0
0
0
0
0
0
0
0
0
0
0
0
0
0
0
0
0
0
1
0
0
0
0
0
1
0
0
0
0
711
886
0
161
152
0
0
0
5
0
0
0
0
0
6
0
0
0
0
0
784
150
197
0
0
64
0
6
0
0
0
0
0
1
0
0
0
0
0
0
0
0
74
0
143
274
5
0
0
0
0
0
0
0
0
0
0
0
0
0
0
0
0
0
0
6
0
0
0
0
0
0
0
0
0
0
0
0
0
0
0
0
5
138
571
367
203
249
523
337
537
0
0
237
773
61
518
204
155
267
277
246
556
204
273
146
0
0
0
0
0
0
0
139
0
0
0
46
42
214
0
379
151
463
175
647
209
782
197
52
276
91
0
828
162
0
603
0
0
0
0
3
0
0
0
0
0
0
13
5
0
0
0
0
0
0
0
0
0
0
5
0
0
0
0
0
65
359
290
18
912
412
0
1589
1514
280
0
1584
1509
4
598
134
337
499
80
489
727
0
933
504
129
1163
1088
720
0
2723
2648
2573
203
0
0
0
4360
4285
4210
4135
4060
0
0
3206
3131
3056
2981
0
0
3494
3419
3344
3269
74
0
0
2970
2895
2820
2073
0
0
2528
2453
2378
0
0
0
3303
3228
3153
3078
0
0
2272
2197
2122
0
1736
1661
0
1260
1185
0
1519
1444
0
895
601
114
1066
991
0
917
37
459
499
333
515
427
354
502
261
41
615
0
162
521
345
305
926
139
692
28
452
329
0
251
0
17
85
0
0
0
0
163
614
248
283
88
670
280
519
173
632
0
622
616
297
532
352
440
472
383
648
549
1084
1009
1423
1348
1588
1513
0
1865
1790
0
1944
1869
773
0
1773
1698
0
2200
2125
2050
0
2627
2552
2477
0
0
5501
5426
5351
5276
5201
5126
3201
3126
3051
2976
835
1663
1588
1856
1781
0
5352
5277
5202
5127
5052
4977
2541
2466
2391
1724
1649
478
938
2907
2832
2757
1189
1114
2403
2328
2253
0
6630
6555
6480
6405
6330
6255
6180
1653
1578
0
2850
2775
2700
800
788
0
5455
5380
5305
5230
5155
5080
0
0
4470
4395
4320
4245
4170
5454
5379
5304
5229
5154
5079
759
878
1368
1293
3573
3498
3423
3348
688
903
0
0
3383
3308
3233
3158
0
0
1977
1902
1827
833
223
402
317
61
0
0
0
0
0
0
0
0
3
0
0
0
0
0
4
0
0
0
0
0
0
0
0
0
0
0
0
10
0
0
0
0
0
3
0
0
0
0
0
0
0
0
0
0
0
0
6
0
0
0
0
0
3
0
0
0
124
74
0
204
271
395
180
0
274
272
0
0
0
0
177
358
302
220
269
347
644
263
811
113
108
1582
1507
164
0
3299
3224
3149
3074
1542
1467
736
0
1862
1787
1571
1496
246
0
0
3957
3882
3807
3732
3587
775
0
2322
2247
2172
697
0
1302
1227
0
731
0
248
60
0
0
0
5
0
0
0
0
0
4
0
0
0
0
0
0
0
0
0
0
0
0
8
0
0
178
0
0
1
570
271
267
216
0
0
0
0
0
0
208
171
0
162
0
306
0
0
3
347
81
282
309
407
88
712
331
68
1585
1510
0
0
1776
1701
364
250
1039
964
0
1625
1550
0
1152
1077
374
72
5
0
0
0
4
0
0
0
0
0
3
0
0
0
0
0
0
0
0
0
0
0
0
8
0
0
0
0
0
0
0
0
0
81
0
0
0
0
0
0
0
0
3
0
0
0
0
0
0
0
0
0
0
0
1
0
0
0
0
0
0
6
0
0
0
0
310
0
0
0
0
0
0
0
0
0
0
0
0
0
3
0
0
0
0
0
2
0
0
0
0
0
0
0
0
0
0
0
0
3
0
0
0
0
0
2
0
0
0
0
0
0
0
0
0
0
0
98
3
0
0
0
0
0
0
0
0
0
0
0
0
0
0
0
0
0
0
4
0
0
0
0
0
0
0
0
0
0
0
467
130
267
176
87
467
1611
1536
179
703
557
273
1492
1417
873
0
1554
1479
622
0
1804
1729
38
0
1705
1630
832
0
1784
1709
0
212
1622
1547
211
0
1648
1573
0
0
1595
1520
0
1289
1214
1
673
0
455
10
0
7
0
0
83
0
364
0
139
0
206
0
108
0
150
324
347
369
403
231
37
120
0
0
0
0
47
0
368
396
0
0
0
0
218
309
27
287
200
0
0
0
0
0
0
0
0
0
0
0
0
0
2
167
0
0
0
0
2
0
0
0
0
0
0
0
0
0
0
0
0
4
0
0
0
0
0
0
0
0
0
0
0
0
0
0
0
0
0
0
2
0
0
0
0
0
3
0
0
0
0
0
0
0
0
0
0
0
0
4
0
0
0
0
0
0
0
0
0
0
0
0
0
0
0
0
0
0
4
0
0
0
0
0
0
0
0
0
0
0
0
0
0
0
0
0
0
6
0
0
0
0
0
0
0
0
0
0
0
0
0
0
0
0
0
0
5
0
0
0
0
0
0
0
0
0
0
0
0
0
0
0
0
0
0
4
0
0
0
0
0
0
0
0
0
0
0
0
0
0
0
0
0
0
5
0
0
0
0
0
1
0
0
0
0
0
0
0
0
0
0
0
0
6
0
0
0
0
0
0
0
0
0
0
0
0
0
0
0
0
0
0
2
0
0
0
0
0
0
0
0
0
0
0
0
0
0
0
0
0
0
6
0
0
0
0
0
6
0
0
0
0
0
0
0
0
0
0
0
0
1
0
0
0
0
0
0
0
0
0
0
0
0
0
0
0
0
0
0
4
0
0
0
0
0
0
0
0
0
0
0
0
0
0
0
0
0
0
7
0
0
0
0
0
0
0
0
0
0
0
0
0
0
0
0
0
0
3
0
0
0
0
0
0
0
0
0
0
0
0
0
0
0
0
0
0
8
0
0
0
0
0
1
0
0
0
0
0
0
0
0
0
0
0
0
7
0
0
0
0
0
3
0
0
0
0
0
0
0
0
0
0
0
0
6
0
0
0
0
0
0
0
0
0
0
0
1
0
0
0
0
0
0
5
0
0
0
0
0
6
0
0
0
0
0
0
0
0
0
0
0
0
6
0
0
0
0
0
0
0
0
0
0
0
0
0
0
0
0
0
0
6
0
0
0
0
0
2
0
0
0
0
0
0
0
0
0
0
0
0
6
0
0
0
0
0
1
0
0
0
0
0
0
0
0
0
0
0
0
5
0
0
0
0
0
2
0
0
0
0
0
0
0
0
0
0
0
0
4
0
0
0
0
0
0
0
0
0
0
0
1
0
0
0
0
0
0
3
0
0
0
0
0
3
0
0
0
0
0
0
0
0
0
0
0
0
4
0
0
0
0
0
2
0
0
0
0
0
0
0
0
0
0
0
0
4
0
0
0
0
0
3
0
0
0
0
0
0
0
0
0
0
0
0
4
0
0
0
0
0
2
0
0
0
0
0
0
0
0
0
0
0
0
2
0
0
0
0
0
0
0
0
0
0
0
0
0
0
0
0
0
0
7
0
0
0
0
0
0
0
0
0
0
0
0
0
0
0
0
0
0
3
0
0
0
0
0
0
0
0
0
0
0
0
0
0
0
0
0
0
6
0
0
0
0
0
4
0
0
0
0
0
0
0
0
0
0
0
0
3
0
0
0
0
0
0
0
0
0
0
0
0
0
0
0
0
0
0
7
0
0
0
0
0
0
0
0
0
0
0
0
0
0
0
0
0
0
3
0
0
0
0
0
6
0
0
0
0
0
1
0
0
0
0
0
0
6
0
0
0
0
0
3
0
0
0
0
0
0
0
0
0
0
0
0
5
0
0
0
0
0
0
0
0
0
0
0
0
0
0
0
0
0
0
8
0
0
0
0
0
0
0
0
0
0
0
0
0
0
0
0
0
0
3
0
0
0
0
0
0
0
0
0
0
0
0
0
0
0
0
0
0
5
0
0
0
0
0
4
0
0
0
0
0
0
0
0
0
0
0
0
8
0
0
0
0
0
0
0
0
0
0
0
0
0
0
0
0
0
0
3
0
0
0
0
0
4
0
0
0
0
0
0
0
0
0
0
0
0
2
0
0
0
0
0
0
0
0
0
0
0
3
0
0
0
0
0
0
3
0
0
0
0
0
0
0
0
0
0
0
0
0
0
0
0
0
0
2
0
0
0
0
0
0
0
0
0
0
0
0
0
0
0
0
0
0
7
0
0
0
0
0
3
0
0
0
0
0
0
0
0
0
0
0
0
7
0
0
0
0
0
1
0
0
0
0
0
2
0
0
0
0
0
0
1
0
0
0
0
0
0
0
0
0
0
0
0
0
0
0
0
0
0
7
0
0
0
0
0
5
0
0
0
0
0
0
0
0
0
0
0
0
4
0
0
0
0
0
0
0
0
0
0
0
0
0
0
0
0
0
0
5
0
0
0
0
0
2
0
0
0
0
0
0
0
0
0
0
0
0
5
0
0
0
0
0
3
0
0
0
0
0
0
0
0
0
0
0
0
5
0
0
0
0
0
0
0
0
0
0
0
0
0
0
0
0
0
0
6
0
0
0
0
0
0
0
0
0
0
0
0
0
0
0
0
0
0
5
0
0
0
0
0
2
0
0
0
0
0
0
0
0
0
0
0
0
5
0
0
0
0
0
0
0
0
0
0
0
0
0
0
0
0
0
0
7
0
0
0
0
0
0
0
0
0
0
0
0
0
0
0
0
0
0
3
0
0
0
0
0
3
0
0
0
0
0
0
0
0
0
0
0
0
7
0
0
0
0
0
4
0
0
0
0
0
0
0
0
0
0
0
0
4
0
0
0
0
0
0
0
0
0
0
0
0
0
0
0
0
0
0
4
0
0
0
0
0
1
0
0
0
0
0
0
0
0
0
0
0
0
2
0
0
0
0
0
1
0
0
0
0
0
0
0
0
0
0
0
0
5
0
0
0
0
0
0
0
0
0
0
0
0
0
0
0
0
0
0
9
0
0
0
0
0
0
0
0
0
0
0
0
0
0
0
0
0
0
2
0
0
0
0
0
0
0
0
0
0
0
0
0
0
0
0
0
0
3
0
0
0
0
0
0
0
0
0
0
0
0
0
0
0
0
0
0
5
0
0
0
0
0
0
0
0
0
0
0
0
0
0
0
0
0
0
6
0
0
0
0
0
0
0
0
0
0
0
0
0
0
0
0
0
0
5
0
783
0
0
743
1743
2743
3743
4743
4755
3856
4856
5019
4879
5885
6879
7879
8879
8815
8907
9904
10827
8408
7308
8203
8139
9139
10139
11139
12063
10557
10111
8983
8313
7337
8259
8575
9575
10575
11575
12575
13575
14575
15499
16499
17499
