0
55000
1000
0
0
1621
1
0
948
0
109
0
1
1322
106
1
891
0
1000
0
0
0
302
1
701
0
0
0
0
616
385
0
0
0
0
995
0
0
0
0
0
0
0
1004
0
0
0
0
0
0
0
0
0
166
846
0
0
0
0
0
0
0
0
0
0
984
0
0
1010
0
5990
0
3000
2000
497
423
1080
0
2002
0
0
998
0
1003
999
0
0
0
999
1003
998
1001
999
1001
0
1004
999
1002
996
572
445
124
769
1003
0
999
999
1000
921
83
1792
1204
810
1000
1001
1000
0
1002
998
2000
0
2002
0
0
520
243
498
56
1000
1003
0
998
1000
1001
2365
0
1000
1
38
1003
0
3997
2000
0
4000
1000
851
1049
100
0
2990
10
0
0
1000
0
0
1002
0
1002
730
1003
0
998
1001
1001
405
1362
1000
1819
182
999
1
1003
0
1000
1001
181
125
996
1004
1001
1995
999
4000
1000
1000
1000
1000
0
4000
0
1000
0
354
648
0
999
905
602
492
1000
1002
0
2997
2000
0
0
1000
1004
999
0
2997
0
1000
3700
186
0
1115
0
0
792
335
1003
0
1003
997
1999
0
559
524
804
1002
7590
408
213
265
523
419
581
0
1
998
0
1001
0
1002
999
1001
1000
1984
18
1001
0
1001
999
1000
5000
1000
1000
1000
1
999
2001
0
796
205
0
0
998
1
1001
999
1541
0
411
54
1000
1001
0
1002
998
1001
999
678
670
1006
0
997
1003
995
3999
0
471
530
1000
1999
0
1000
1001
0
690
313
1000
942
61
1000
1004
0
998
1001
781
975
31
1000
2001
0
3999
1000
1000
0
1000
0
0
1001
0
2002
991
7
702
1004
0
1001
1996
5999
765
235
4000
0
1000
0
0
1
165
90
747
0
0
772
1007
0
1001
997
999
997
2665
15
1320
0
1001
1000
999
1001
554
1445
3000
1000
1001
0
999
0
1001
0
1000
813
1995
0
2000
0
187
815
1000
1002
443
1
48
996
1002
1001
1000
1451
1051
1486
10
1002
1
998
1002
999
999
1000
337
409
257
1004
0
1000
998
1000
1000
999
1000
1001
317
1004
0
1007
998
1004
998
1000
998
1002
999
1001
997
1002
1001
999
1000
999
1003
998
1036
996
1033
967
1033
964
1077
1457
947
2277
0
1241
0
962
1042
1089
2165
0
0
875
1003
997
1000
1279
1055
793
1490
0
1250
2212
0
1095
0
962
1009
1034
998
1070
963
1000
926
2324
0
1118
1258
1298
0
2058
0
1017
1041
1217
1326
1286
2042
0
1009
0
1042
995
1036
964
999
1001
1036
1000
1037
1117
645
1527
0
1061
805
1036
1074
982
945
1003
1425
974
435
685
1093
794
1130
1184
1440
1030
1
1591
1207
1238
0
1037
0
1004
1070
1089
918
1030
1386
1396
0
926
1074
1001
1033
1020
87
2569
0
1270
1116
0
959
1038
1036
1000
1037
1001
1000
999
1629
1823
0
1171
1272
0
992
1010
1000
1000
1001
999
999
1002
1001
996
1000
999
1001
997
1001
1000
1000
997
1001
999
1001
1000
1000
1000
1000
999
999
1003
999
998
1000
1002
999
999
1000
1000
1001
1000
1000
999
1001
999
1001
1000
1000
999
1001
1000
1000
1001
999
1000
1000
999
1000
1002
1000
998
1000
1001
1002
999
1000
996
1001
274
1001
999
1002
1000
1000
1001
999
1000
1000
1001
999
1001
1000
1000
99
995
1002
1001
999
1000
1000
1003
997
1000
1000
1001
999
1000
1000
1004
996
1000
1001
1000
999
1000
1001
1002
997
1000
1001
1001
998
1000
1001
1001
998
1000
1001
1000
999
1000
1001
1001
998
1000
1001
1000
999
1001
999
1001
1000
999
1000
1003
997
1000
1002
1000
998
1000
1002
999
999
1000
1000
1002
998
1000
1001
1000
999
1001
1000
1001
998
1001
1000
1001
998
1000
1001
1000
999
1001
999
1002
998
1000
1002
1000
998
1001
1000
1000
999
1001
999
1001
1000
999
1000
1001
999
1000
1001
1000
999
1002
999
1000
999
1001
1000
1000
999
1002
999
1001
998
180
463
997
1002
1001
1001
1000
1001
999
1000
1000
999
1000
1001
1000
999
1000
1001
1000
999
1001
1000
877
993
1004
1002
1000
998
1000
1001
953
993
1010
995
1000
999
1000
1232
798
998
1005
1042
507
783
1082
689
1940
0
1486
0
606
1009
0
999
1031
999
1526
1387
1085
0
963
1038
1004
1032
963
1074
888
1817
1022
0
1008
1278
721
1029
1035
1391
842
1206
1146
0
927
1074
964
1003
1234
942
1353
0
882
1010
1027
971
1033
1108
896
1034
996
1015
933
1055
996
970
993
1004
1038
1743
1185
0
992
1038
1037
935
1032
969
1065
998
964
1003
997
1000
999
1001
974
998
1028
974
1000
998
1000
1002
1000
997
1000
1003
1000
997
14
1003
1000
997
1000
1003
1000
997
1000
1003
1000
997
1000
1003
1000
997
1000
1003
1026
971
1000
1003
1000
1026
1006
998
1019
1018
997
962
1011
1061
964
964
1003
1001
997
1200
1104
1228
1356
0
927
1111
927
1002
1496
1093
1564
0
1498
0
1076
0
962
1023
1374
1010
1318
0
1791
1249
0
1011
0
998
1002
1203
824
970
1067
999
974
960
1029
1294
845
642
1000
1579
1286
1237
0
813
1270
1231
926
1424
0
1556
1996
0
1184
0
963
1038
1000
1037
1000
1111
890
1120
804
1863
1137
0
2445
0
0
1132
1447
0
992
1037
1091
872
2071
0
836
406
731
2932
0
0
1216
0
855
1037
1004
1063
1007
1148
1203
3100
0
0
1218
0
959
1075
1447
1239
1316
0
922
1052
1022
926
1937
1060
417
1356
1786
0
1625
0
223
572
115
2086
0
1144
905
1266
1383
0
1036
1211
1884
0
1514
0
937
1087
1417
2113
0
1161
0
891
1111
1077
957
1162
238
1524
0
1491
1701
0
1863
0
1202
474
397
1586
1198
0
924
1928
937
705
320
1501
1195
1301
0
1859
1183
0
959
1576
1954
0
1823
0
1084
1134
1198
2105
0
1169
0
1132
630
1221
0
862
1073
960
1037
926
2546
0
978
947
1184
1165
0
1669
1169
3303
0
0
0
857
1037
1037
1000
1038
1530
1300
53
3721
0
0
1160
0
1042
0
998
1034
1000
1004
174
2206
0
2179
0
1002
1665
0
1480
0
1925
0
1186
1201
0
963
1038
1113
850
2383
0
992
1066
1084
962
1103
2823
0
0
1530
0
782
1038
1004
1884
1224
0
848
1114
1334
1099
942
1206
742
836
760
728
3589
0
0
0
898
958
1300
2190
0
1071
0
991
1043
1058
1791
1575
0
1840
0
767
1170
1474
1925
0
1354
26
887
2092
0
812
1000
3752
0
0
1255
0
992
700
890
744
878
1000
2112
0
2176
0
1103
925
1532
1385
0
1577
1795
0
1782
0
960
893
608
1285
0
2336
0
1102
1054
1732
0
762
1163
1296
1478
1863
0
1734
0
1063
1711
0
1996
0
1954
0
1185
0
952
1659
1042
2200
0
1286
0
810
1038
962
1749
0
1589
0
1564
2062
0
1323
0
934
1652
1308
2735
0
0
1277
0
990
1012
1008
1629
1350
0
982
1124
1462
1182
0
1000
3616
0
0
1127
266
1312
0
959
1254
747
1972
893
2785
0
0
1550
0
1144
0
1162
1135
808
997
963
2031
0
1344
133
1027
1009
0
1001
454
2452
0
1101
0
1042
0
1171
799
1107
1401
1239
0
993
85
928
2340
0
938
541
1005
2567
0
0
1801
0
1165
539
319
997
1019
822
1688
2202
0
1080
0
1012
0
1393
870
1634
0
1009
0
1033
1747
1674
0
1064
1480
0
1596
0
2425
0
0
820
991
1000
2323
0
1173
1196
998
1072
1241
0
993
1012
998
1551
1624
0
1009
0
1198
801
1937
1915
0
1344
0
798
1174
1471
1315
1040
0
1109
1490
1131
1895
0
998
382
1069
332
1629
475
1966
0
1311
1258
0
992
1013
996
1001
999
1001
999
1001
999
1751
1237
2667
0
0
1386
0
1009
0
1002
1150
849
1152
1444
1151
1224
0
993
1287
878
856
1721
1992
0
1275
0
1008
0
1002
1000
1681
1316
0
1010
0
1000
998
1001
1001
1052
1149
801
1418
1087
714
1402
1714
0
1423
199
990
1008
1002
998
1003
998
999
999
1002
1000
998
995
1000
1000
1000
1000
1000
1000
1001
999
1000
1000
1000
1000
1000
1001
999
1000
1000
1000
1000
1000
1000
1000
1000
1000
1000
1000
1000
1000
1000
1000
1000
35
995
1000
1003
1000
1000
1001
999
1001
1000
998
1000
1001
999
1000
1000
1000
1000
1000
1000
1000
1001
999
1000
1000
1001
999
1000
1000
1001
999
1000
1000
1001
999
1000
1000
1001
999
1000
1000
1001
1001
999
1000
1001
47
993
1002
1003
1000
999
1000
1001
999
1001
1000
999
1000
1001
998
1000
1001
1000
999
1000
1001
1000
999
1000
1001
1000
999
1000
1001
33
993
1003
1001
1000
999
1000
1001
999
1000
1000
1000
1000
1000
1000
1001
999
1000
1000
1001
999
1000
1000
1001
999
1000
1000
1001
999
1000
1000
1001
999
1000
1000
1001
999
1000
1001
1000
999
1000
1000
1001
999
1000
1000
1001
999
1000
1000
1001
999
1000
1000
1001
999
1000
1000
1001
999
1001
999
1001
999
1000
1000
1115
0
999
1003
1002
1000
998
1000
1000
999
1000
1000
1002
998
1000
1000
1001
999
1000
1000
1001
999
999
1001
1000
999
1000
1001
1000
999
1000
999
1001
999
1001
1001
999
999
1001
999
1002
998
1001
999
1003
997
1000
1001
1000
999
1001
999
1001
1000
1001
998
1001
999
1000
1001
1000
999
1001
999
1002
998
1000
1001
1001
998
1000
1000
1000
1000
1002
998
1001
999
1000
1001
1000
999
1000
1001
1000
999
1002
998
1001
999
1001
1000
1000
999
610660
1151
1190
999
889
1111
1000
1001
999
1001
1000
1000
1000
999
1001
1000
848
1151
0
1000
0
1002
0
910
91
997
0
1000
0
685
318
0
944
3
51
926
1
73
1000
0
0
1000
0
0
1002
0
0
999
0
0
1000
0
0
985
18
0
0
0
995
0
0
0
0
1003
0
0
0
0
963
0
0
0
1
595
0
0
180
263
390
1
0
0
605
157
1
0
0
845
0
0
0
0
999
0
0
0
0
1002
0
0
0
0
998
0
0
0
0
1001
0
0
0
0
971
36
0
0
0
989
0
0
0
0
1003
0
0
0
0
278
729
0
0
0
0
0
620
377
0
0
0
0
864
0
0
1
1
1
1128
0
0
0
0
0
998
0
0
0
0
0
1007
0
0
0
0
0
999
0
0
0
0
0
998
0
0
0
0
0
1000
0
0
0
0
0
1002
0
0
0
0
0
999
0
0
0
0
0
999
0
0
0
0
0
1000
0
0
0
0
0
1002
0
0
0
0
0
1001
0
0
0
0
0
997
0
0
0
0
0
1002
0
0
0
0
0
1001
0
0
0
0
0
998
0
0
0
0
0
999
0
0
0
0
0
1000
0
0
0
0
0
1002
0
0
0
0
0
999
0
0
0
0
0
999
0
0
0
0
0
1000
0
0
0
0
0
1002
0
0
0
0
0
999
0
0
0
0
0
871
1
0
0
0
68
1056
0
0
0
0
0
999
0
0
0
0
0
1005
0
0
0
0
0
1000
0
0
0
0
0
784
1
0
0
63
0
1148
0
0
0
0
0
999
0
0
0
0
0
1004
0
0
0
0
0
1001
0
0
0
0
0
1001
0
0
0
0
0
999
0
0
0
0
0
999
0
0
0
0
0
1000
0
0
0
0
0
1002
0
0
0
0
0
999
0
0
0
0
0
999
0
0
0
0
0
1000
0
0
0
0
0
987
1
0
1
0
0
1012
0
0
0
0
0
1000
0
0
0
0
0
999
0
0
0
0
0
1001
0
0
0
0
0
1000
0
0
0
0
0
1000
0
0
0
0
0
999
0
0
0
0
0
1000
0
0
0
0
0
1001
0
0
0
0
0
1000
0
0
0
0
0
999
0
0
0
0
0
1000
0
0
0
0
0
1001
0
0
0
0
0
1000
0
0
0
0
0
1000
0
0
0
0
0
1001
0
0
0
0
0
1000
0
0
0
0
0
998
0
0
0
0
0
1003
0
0
0
0
0
999
0
0
0
0
0
999
0
0
0
0
0
999
0
0
0
0
0
1001
0
0
0
0
0
1001
0
0
0
0
0
999
0
0
0
0
0
999
0
0
0
0
0
1001
0
0
0
0
0
1001
0
0
0
0
0
999
0
0
0
0
0
999
0
0
0
0
0
1002
0
0
0
0
0
1000
0
0
0
0
0
1000
0
0
0
0
0
998
0
0
0
0
0
1002
0
0
0
0
0
1001
0
0
0
0
0
999
0
0
0
0
0
998
0
0
0
0
0
1002
0
0
0
0
0
1000
0
0
0
0
0
1000
0
0
0
0
0
998
0
0
0
0
0
1002
0
0
0
0
0
1000
0
0
0
0
0
1000
0
0
0
0
0
998
0
0
0
0
0
1002
0
0
0
0
0
1000
0
0
0
0
0
1000
0
0
0
0
0
1000
0
0
0
0
0
1000
0
0
0
0
0
1000
0
0
0
0
0
1000
0
0
0
0
0
998
0
0
0
0
0
1002
0
0
0
0
0
1002
0
0
0
0
0
998
0
0
0
0
0
998
0
0
0
0
0
1002
0
0
0
0
0
1000
0
0
1000
998
1002
1000
1000
928
1180
495
697
540
818
999
1011
0
1002
999
1000
999
1003
998
1000
999
1004
997
1000
999
1003
998
1000
999
1002
999
1001
1000
1000
999
1001
1063
0
996
1006
1001
156
989
1005
746
1218
0
1000
1004
1002
1000
1000
1087
939
1192
0
997
1006
67
987
1005
1001
999
1000
999
1001
999
1001
999
1001
1082
0
996
1005
1000
1000
998
1000
1001
998
1000
1000
1000
1001
999
1000
1000
1001
999
1000
1000
1001
999
1000
999
1000
1000
1000
1000
1000
1000
1000
1000
1000
1000
1000
1159
0
1000
1001
1000
1090
0
999
1001
1000
1000
1000
1000
1000
1002
999
1000
1000
999
1002
999
999
1001
999
1000
1000
1000
1000
1000
1000
1000
1000
1000
1000
1000
1000
1000
1000
1000
1000
999
1001
999
1000
1000
1001
999
1000
1000
1001
999
1000
1000
1001
999
1000
1000
1001
999
1000
1000
1001
999
1000
1000
1001
999
1000
1000
1001
999
1000
1000
1001
999
1000
1000
1001
999
1000
1000
1001
999
1000
1000
1001
999
1000
1000
1001
999
1000
1000
1000
1000
1000
1000
1001
999
1000
1000
1001
999
1000
1000
1001
999
1000
1000
1001
999
1000
1000
1001
999
0
0
350
1384
1330
2037
1983
1929
0
6525
6471
6417
6363
6309
6255
6201
0
0
27452
27398
27344
27290
27236
27182
27128
27074
27020
26966
26912
26858
26804
26750
26696
26642
26588
26534
26480
26426
26372
26318
26264
26210
26156
26102
26048
25994
0
7628
7574
7520
7466
7412
7358
7304
7250
1699
1645
13062
13008
12954
12900
12846
12792
12738
12684
12630
12576
12522
12468
12414
12360
18276
18222
18168
18114
18060
18006
17952
17898
17844
17790
17736
17682
17628
17574
17520
17466
17412
17358
17304
3350
3296
3242
3188
6748
6694
6640
6586
6532
6478
6424
4804
4750
4696
4642
4588
13888
13834
13780
13726
13672
13618
13564
13510
13456
13402
13348
13294
13240
13186
10391
2626
2572
2518
9137
9083
9029
8975
8921
8867
8813
8759
8705
8651
1887
1833
0
28743
28689
28635
28581
28527
28473
28419
28365
28311
28257
28203
28149
28095
28041
27987
27933
27879
27825
27771
27717
27663
27609
27555
27501
27447
27393
27339
27285
27231
20713
20659
20605
16987
10876
10822
10768
10714
10660
10606
10552
10498
10444
10390
10336
15936
15882
15828
15774
15720
15666
15612
15558
15504
10212
0
31512
31458
31404
31350
31296
31242
31188
31134
31080
31026
30972
30918
30864
30810
30756
30702
30648
30594
30540
30486
30432
30378
30324
30270
30216
30162
30108
30054
30000
29946
29892
29838
8022
15301
15247
15193
15139
15085
15031
14977
12946
12892
12838
12784
12730
12676
12622
12568
12514
12460
12406
12352
12298
12619
0
24605
24551
24497
24443
24389
24335
24281
24227
24173
24119
24065
24011
23957
23903
23849
23795
23741
23687
23633
23579
23525
23471
23417
23363
23309
9760
9706
9652
9598
10433
10379
10325
10271
10217
10163
10109
10055
10001
9947
9893
20870
20816
20762
20708
20654
20600
20546
20492
20438
20384
20330
20276
20222
20168
20114
20060
20006
19952
19898
19844
19790
15902
0
0
42507
42453
42399
42345
42291
42237
42183
42129
42075
42021
41967
41913
41859
41805
41751
41697
41643
41589
41535
41481
41427
41373
41319
41265
41211
41157
41103
41049
40995
40941
40887
40833
40779
40725
40671
40617
40563
40509
40455
40401
40347
40293
40239
16857
44827
44773
44719
44665
44611
44557
44503
44449
44395
44341
44287
44233
44179
44125
44071
44017
43963
43909
43855
43801
43747
43693
43639
43585
43531
43477
43423
43369
0
0
17161
17107
17053
16999
16945
16891
16837
16783
16729
16675
16621
16567
16513
16459
16405
16351
16297
16243
67986
67932
67878
67824
67770
67716
67662
67608
67554
67500
67446
67392
67338
67284
67230
67176
67122
67068
67014
66960
66906
66852
66798
66744
66690
66636
66582
66528
66474
66420
66366
66312
66258
66204
66150
66096
66042
65988
65934
65880
65826
65772
65718
65664
65610
65556
65502
65448
65394
65340
65286
65232
65178
65124
65070
65016
64962
64908
64854
64800
64746
64692
64638
64584
64530
64476
64422
64368
64314
15012
13787
13733
13679
13625
13571
13517
13463
13409
13355
13301
13247
13193
13139
13085
9916
9862
9808
9754
9700
12058
12004
11950
11693
11639
11585
16875
16821
16767
16713
16659
16605
16551
16497
16443
16389
16335
16281
16227
16173
16119
16065
16011
30909
30855
30801
30747
30693
30639
30585
30531
30477
30423
30369
30315
30261
30207
30153
30099
30045
29991
29937
29883
25286
25232
25178
25124
25070
4612
4558
4504
4450
4396
0
30848
30794
30740
30686
30632
30578
30524
30470
30416
30362
30308
30254
30200
30146
30092
30038
29984
29930
29876
29822
29768
29714
29660
29606
29552
29498
29444
29390
29336
29282
29228
28995
28941
28887
28833
28779
7832
7778
6770
6716
6662
6608
6554
0
2770
2716
2662
0
16392
16338
16284
16230
16176
16122
16068
16014
15960
15906
15852
15798
15744
15690
15636
15582
15528
21129
21075
21021
20967
20913
20859
20805
20751
20697
20643
20589
20535
20481
20427
20373
20319
20265
20211
20157
20103
20049
19995
0
2963
2909
2855
2747
23807
23753
23699
23645
23591
23537
23483
23429
23375
23321
23267
23213
23159
23105
23051
22997
22943
22889
22835
22781
22727
22673
22619
22565
25465
25411
25357
25303
25249
25195
25141
25087
25033
24979
0
2894
2840
2786
0
22915
22861
22807
22753
22699
22645
22591
22537
22483
22429
22375
22321
22267
22213
22159
22105
22051
21997
21943
21889
21835
21781
21727
20647
1808
1754
937
0
1670
1616
10699
10645
10591
10537
10483
10429
10375
10321
10267
10213
10159
4816
4762
4708
4654
4600
465
665
0
8731
8677
8623
8569
8515
8461
8407
8353
8299
2112
2058
2004
2793
2739
2685
2377
2323
2269
1691
1637
985
1712
0
0
2064
2010
1956
2682
2628
2574
0
4801
4747
4693
4639
4585
0
3045
2991
2937
2883
0
9835
9781
9727
9673
9619
9565
9511
9457
9403
9349
1627
0
3972
3918
3864
3810
2622
6247
6193
6139
6085
6031
5977
5923
2499
2445
2391
0
0
4840
4786
4732
4678
4624
2595
2541
2487
233
830
0
0
3412
3358
3304
3250
415
0
0
6964
6910
6856
6802
6748
6694
6640
7223
0
0
3747
3693
3639
3585
0
6909
6855
6801
6747
6693
6639
6585
4317
0
3024
2970
2916
2862
0
5698
5644
5590
5536
5482
5428
1805
1751
0
1864
1810
886
0
431
57
26
0
0
0
0
0
0
0
2
0
0
0
0
0
0
0
0
0
0
4
0
0
0
0
0
0
0
0
0
0
6
0
0
0
0
0
0
0
0
0
0
5
0
0
0
0
1
0
0
0
0
0
1
0
0
0
0
0
0
0
0
0
0
0
0
0
0
0
0
0
0
0
0
0
2
0
0
0
0
0
0
0
0
0
0
4
0
0
0
0
0
0
0
0
0
0
6
0
0
0
642
1642
2642
3642
4642
5642
6642
7642
8642
9642
10642
11642
12642
13642
14642
15642
16642
17642
18642
19642
20642
21642
22642
23642
24642
25642
26642
27642
28642
29642
30642
31642
32642
33642
34642
35642
36642
37642
38642
39642
40642
41642
42642
43642
44642
45642
46642
47642
48642
49642
50642
51642
52642
53642
54642
55642
56642
57642
58642
59587
60587
61587
62587
63587
64587
65587
66587
67587
68587
69587
70587
71587
72587
73587
74587
75587
76587
77587
78587
79587
80587
81587
82587
83587
84587
85587
86587
87587
88587
64672
65672
67133
49455
49401
49402
49403
49404
59121
59122
59123
59124
59125
59126
59127
59128
59129
59130
59627
74553
74554
74555
74556
74557
74558
74559
74560
74561
74562
74563
74564
74565
74566
76188
76189
79736
79737
79738
79739
80627
98097
98043
97989
97935
97881
97827
97773
97719
97665
97611
97557
97503
97449
97395
97341
97287
97233
93952
94402
97318
97264
93161
60452
61452
62452
74073
74074
74075
74076
74077
74078
74079
74080
74081
74082
74083
77069
77070
77071
89101
89102
89103
89104
89105
89106
89107
89108
89109
89110
89111
89112
89452
91139
91452
92452
93452
94452
95452
96452
97452
98452
99452
100452
101452
102452
103452
104452
105452
106452
107452
108452
109452
110452
111452
112452
113452
114452
115452
116452
117452
118452
119452
120452
121452
122452
123452
124452
125452
126452
127452
128452
129452
130452
131452
132452
133452
134452
135452
136452
137452
138452
139452
140452
141452
137062
137952
138897
139842
144646
144592
144538
144484
144512
145512
146512
147512
148512
149512
150512
151512
152457
153457
154457
155457
156457
157457
158457
159457
160457
161457
162457
163457
164457
165457
166457
167457
168457
169457
170457
171457
172457
