5.93329
4.8
4.8
6.56
5.36
6.72
6.16
5.6
2.88
4.96
4.64
4.8
4.48
6.08
4.96
4.96
5.76
4.96
4.64
6
8.48
4.64
6.88
4.96
5.92
7.2
1.44
6.4
6.88
5.6
7.2
7.2
7.04
4.96
5.6
5.6
7.68
4.8
5.92
5.92
4.64
6.24
5.28
4.64
3.2
4.96
3.84
5.6
4.64
4.96
3.84
5.28
5.76
4.96
4.64
4.48
7.36
4.16
5.28
4.48
5.28
7.68
7.84
5.6
5.28
1.76
6.88
5.12
5.92
6.24
5.28
5.76
6.72
6.24
5.28
4.48
7.36
5.6
5.6
4.48
5.92
6.24
7.68
3.52
6.24
4.96
5.12
5.28
5.28
6.72
6.08
7.04
4.96
5.6
7.52
7.2
8.16
4.64
6.72
4.32
8.32
6.4
2.88
8
7.04
7.84
5.76
4.16
6.24
8
7.52
6.08
4.32
4.8
5.44
6.72
5.6
7.52
5.6
7.36
5.28
5.44
4
6.4
8
7.12
6.24
6.72
5.92
7.68
4.48
4.8
6.56
4.48
8.64
5.44
7.04
4.64
4.32
5.44
3.84
6.08
5.12
6.4
5.44
5.6
4.64
7.36
5.44
6.24
5.12
4.48
4.16
4.96
4.8
5.12
4.48
6.08
5.44
4
4.96
5.44
6.4
4.8
5.76
6.72
5.44
5.12
5.44
4.8
5.6
4.64
4.8
7.52
4.64
7.52
4.64
5.6
3.36
5.12
5.12
4.16
5.28
5.12
5.28
4.48
4.96
6.4
4.64
5.76
5.12
4
4.48
4
5.44
5.12
5.12
5.92
1.6
6.08
4.96
4.16
5.6
5.12
5.6
5.92
5.28
8.16
5.6
4.8
8.32
5.92
3.68
6.56
4.8
5.76
4.8
6.08
4.8
5.76
7.04
4.48
5.44
3.36
8.32
4.48
4.32
3.84
3.52
6.56
5.92
5.44
4.8
5.44
5.6
6.24
6.72
6.56
5.49333
4.96
6.08
6.13333
2.56
4.48
5.44
5.28
4.96
4.64
6.88
3.84
5.6
6.72
7.36
4.8
4.72
5.44
5.76
5.12
4.16
5.92
5.44
2.08
4.48
4.8
3.36
4.64
4.64
6.4
5.44
4.8
4
5.12
6.24
5.6
4.32
5.76
4.64
4.8
5.76
5.2
4.16
5.28
6.48
4.64
5.44
4.16
5.92
4.8
5.6
5.28
4.8
5.76
4.16
3.52
5.12
5.28
2.56
3.36
5.12
5.92
4.64
5.44
3.36
4.32
4
4.16
4.8
5.44
4.96
4.64
5.12
6.24
1.92
7.68
5.504
6.56
4.32
4.96
5.28
5.28
4.64
4.16
4.64
4.32
3.68
5.28
6.08
4.48
6.08
4.48
7.04
5.28
5.44
4
4.88
2.72
6.24
4
5.76
4.32
6.4
5.44
2.08
4
5.28
3.84
5.6
4.48
5.12
5.6
3.36
5.12
5.92
4.8
4.58667
6.72
4.64
5.28
5.28
3.36
3.52
4.32
4
4.32
4.32
3.68
5.28
3.84
3.2
4.96
4.32
4
4.32
3.84
3.84
2.88
4.8
4.16
2.4
1.6
4
4.32
4.48
4.16
4.96
3.84
3.36
4.64
4
3.84
3.36
3.84
3.84
3.84
3.52
3.52
2.88
4
4.32
2.08
5.6
3.68
3.84
3.36
3.04
3.52
4
3.84
3.84
2.88
3.52
4.16
3.68
4
3.68
3.84
3.2
3.84
2.4
3.68
3.2
3.2
4
3.04
3.68
4.8
2.88
3.68
4.16
3.2
4.16
3.68
3.68
3.52
4.32
4.16
2.24
3.36
3.52
3.84
4
3.04
3.52
5.44
3.52
3.36
2.4
3.68
3.52
4.8
3.84
3.68
3.36
4.96
1.6
5.6
3.52
5.12
3.68
3.2
4
3.52
3.84
3.36
3.68
3.04
3.52
4.16
3.52
3.52
3.04
3.52
4
2.08
3.52
3.84
4
3.68
3.84
4
3.84
4.16
4.16
4.48
4.08
4.16
3.84
4.64
4
3.68
3.52
3.36
2.88
3.04
4.32
4
3.68
2.88
4.16
4.48
3.2
4.32
3.84
3.84
3.52
3.68
3.68
4
3.84
2.72
4.96
2.24
3.84
3.36
5.28
3.84
3.52
4.48
3.84
2.88
3.2
4.32
3.2
3.36
3.84
4.32
4.64
3.04
3.52
3.84
1.76
3.68
3.84
2.72
3.84
4.32
3.2
4.16
3.2
4.16
3.84
3.84
2.88
4.24
3.2
4.16
4.48
1.76
3.36
3.52
4.16
3.2
3.68
3.52
3.2
2.88
4.32
4.16
3.52
3.04
3.68
3.52
5.12
3.84
3.36
3.52
2.24
3.52
3.52
4.16
4
3.52
3.36
3.68
4
3.68
3.2
2.56
4.64
3.84
4.48
2.88
4.96
4.16
4.48
1.92
4.32
3.52
4.16
3.68
4
3.52
4.16
4
4.32
3.52
4.64
3.2
3.52
3.68
4.8
3.2
3.84
1.92
3.52
4.8
3.57333
4.48
3.84
3.84
4.32
3.52
3.68
3.96
4.32
3.84
3.84
4.64
3.04
2.88
4
3.84
3.52
3.2
4.8
4.32
3.2
3.84
2.88
3.84
4.8
3.68
3.68
3.68
3.52
4.8
3.84
2.08
3.56
3.84
4.48
3.84
4.64
3.36
2.72
4
3.84
4.32
4
3.36
3.52
3.68
3.84
3.36
2.4
3.68
3.92
3.04
4.32
3.36
3.52
4.48
4
4.32
4.8
3.84
4.64
3.68
2.72
3.84
3.04
3.2
3.68
3.2
3.84
4.16
3.84
4.16
2.88
4.64
3.36
3.68
3.36
4.16
3.84
4.16
3.68
3.68
3.04
4.32
2.24
3.68
3.68
3.36
3.52
3.36
4.16
3.36
3.84
2.72
3.68
3.68
3.04
3.84
5.12
4.32
3.52
4.32
4.32
2.08
2.88
4.48
3.2
2.72
3.84
4.16
3.68
4
3.36
4.32
3.68
4.48
4
3.52
3.2
4.48
3.04
2.4
2.56
3.04
4.48
4.96
3.36
3.04
5.6
4
4.48
3.52
2.56
4.64
3.2
2.08
4.16
3.52
4
3.68
4.8
3.2
3.68
4
2.88
3.84
2.96
3.36
4.32
3.52
4
4
3.36
3.52
4.32
3.52
1.92
3.84
3.68
3.2
3.2
2.56
3.52
4.32
3.2
4.48
3.68
4.32
3.68
4
3.68
3.04
4.16
4
3.84
3.84
3.68
3.52
4
4
4.48
4.32
4.16
0.8
4.16
3.52
3.84
4.16
4.16
4.32
3.36
6.4
4.16
3.36
4.32
3.68
4.16
4.16
2.88
4.64
2.24
4.32
4.32
3.84
3.92
3.2
3.36
4.16
3.68
4.32
3.84
5.12
4
4.48
3.84
4
5.28
2.88
2.08
3.68
3.52
4
5.12
5.44
3.52
5.76
3.04
4
3.2
4.8
3.36
4.48
3.68
3.52
4
3.68
5.6
4.32
2.24
3.52
3.36
4.96
4
4.16
4.96
4.16
3.52
4.8
4.8
4.48
3.84
5.76
3.52
4
4.64
4.64
3.84
1.76
3.68
2.88
4.48
4.96
3.52
4.96
3.68
4.8
3.84
4.96
5.92
4.32
4.48
4
2.88
4.64
4
4.16
2.4
4.8
4.32
3.84
4.48
4.48
4.48
4
3.68
3.68
4.8
4.37333
4
0.8
4.48
3.36
4.64
2.88
3.84
4.8
5.12
4.16
2.88
4.8
4
5.44
5.12
4.96
5.76
4.32
2.4
5.12
5.92
2.72
4.96
4.32
4.96
4.96
4.96
4.32
3.2
4.8
4.64
5.12
4.48
5.44
5.6
5.76
4.64
5.92
5.6
2.24
6.56
5.44
4.16
5.76
6.72
5.6
5.76
6.4
6.08
5.28
5.28
3.36
5.28
4.96
5.44
4.32
4.96
4.24
4.32
5.12
5.92
5.28
5.92
5.44
4.64
4.96
5.28
5.76
5.12
6.24
4.96
4.96
6.4
2.72
6.08
4.8
4.64
5.12
4.16
5.28
6.24
5.92
6.4
5.28
6.24
4.96
6.08
5.6
5.6
5.76
6.4
2.4
4.96
4.32
5.28
5.92
5.44
5.76
6.08
6.4
4.8
4.96
5.12
5.92
6.4
4.8
3.36
6.56
5.92
5.44
3.68
6.72
6.24
5.68
5.76
6.08
4.48
4.96
6.08
5.28
5.6
8
6.24
5.44
6.72
5.6
5.6
4.48
7.2
5.44
6.24
6.08
7.04
5.92
6.24
5.76
6.72
5.6
6.72
6.24
5.92
6.08
5.92
5.12
5.6
2.72
6.24
6.4
6.24
6.4
5.44
5.92
5.92
5.44
5.44
4.96
4.64
5.28
6.72
5.76
5.76
5.6
5.92
6.88
3.68
5.6
4.8
6.24
5.92
4.8
6.24
6.72
6.88
5.28
6.72
5.28
5.28
5.76
5.92
5.6
5.92
5.12
6.4
3.68
6.72
5.12
5.44
5.28
5.44
4.32
4.8
4.96
5.28
4.64
5.28
5.28
6.4
4.32
5.6
4.32
4
4.32
5.76
3.36
5.6
4.8
5.6
5.44
5.92
5.12
4.48
4.96
4.8
4.32
5.28
5.76
6.08
5.92
4.16
5.28
4.96
4.96
2.4
5.28
4.48
3.84
4.48
5.12
3.2
4.32
5.76
4
4.16
5.6
4.8
4.32
4.64
4.96
5.28
3.68
5.76
5.44
3.36
5.28
4.48
4
5.28
4.48
4.64
5.92
4.64
4.96
5.28
6.08
4.8
4.48
3.84
4.8
5.28
5.44
3.52
2.56
6.08
5.44
5.44
5.12
4.96
5.12
4
4.8
5.92
5.6
5.6
5.28
5.28
4.32
4.8
4.64
5.12
4.96
6.08
3.2
5.12
4
4.8
4.8
6.24
4.96
5.92
5.44
3.84
6.24
4.96
4.8
5.44
4.16
5.6
6.24
4.64
4.64
2.72
5.44
4.48
4.48
4.96
4.96
5.12
5.44
4.64
4.16
4.48
5.28
4.8
4.96
5.28
4.96
4.56
5.12
4.64
3.2
4.48
4.16
6.56
4.96
4.48
4.32
6.08
4.16
4.48
4.8
5.28
4
4
5.28
4.8
5.12
4.32
4.32
2.24
4
5.28
4
3.84
4.96
4.96
4.96
4.16
4.48
3.84
4.96
5.6
3.68
3.84
3.84
3.2
5.28
5.44
6.4
3.04
4.48
4.96
4
5.12
3.68
5.12
3.68
3.84
4.48
3.52
4
5.44
4.96
4.32
4.48
4
4.8
4.48
2.56
5.76
4.48
3.68
4
4.64
4
4
3.36
4.48
4.16
4.16
3.52
4.48
4.32
4.16
3.68
5.12
4.64
4.64
3.2
4.48
4
3.68
4.64
3.68
4.32
3.2
4.8
4.96
4.64
4.16
3.04
3.52
4.48
4
4.96
3.52
1.76
4.16
4.32
3.84
3.52
4.96
5.28
4.8
4.48
3.84
4.48
4.16
4.48
5.6
4.8
3.84
5.6
4.32
4.48
4.8
2.56
3.84
4.32
4.32
4.8
4.16
3.52
3.36
3.52
4
4.48
2.88
4.16
4.32
3.68
4
4.48
4.32
2.4
4
4.32
4.32
3.52
3.36
3.52
4.96
3.36
3.36
2.88
4
4.8
3.84
4.64
3.2
4.16
3.36
4.16
2.08
3.04
4.48
3.68
3.84
4.16
3.52
4.8
4.32
4.16
3.36
3.84
4.96
4.96
2.72
4.16
3.36
4.96
4.16
2.08
4.16
3.68
3.84
4.64
3.52
4.16
5.44
4.32
3.36
4.96
4.48
3.68
3.36
4.32
3.52
4.16
4.64
4.16
4.64
2.4
4.48
4.16
3.68
4
3.36
2.72
4.8
4.32
3.04
4.96
4.8
3.04
3.68
4
4
3.52
4.64
4.48
1.76
5.28
4.48
4.64
3.84
4
4
4.48
3.68
4.64
3.84
4.16
4.16
4.16
3.84
3.84
3.84
4.16
3.68
3.52
3.04
4.16
2.88
4
4.64
3.2
3.52
3.36
4.64
4.32
4.48
5.12
3.68
4.32
4.32
4
3.36
4.32
4.48
2.72
3.68
2.88
4.8
5.28
4.32
3.36
5.44
3.36
3.52
4
4.32
4.32
4.32
4.96
3.68
4.96
3.52
4.96
4.96
3.84
4
5.28
3.84
4
4.32
4.16
4
4.16
5.12
4.32
4.16
4
3.68
4.8
4.32
4.64
4.64
3.04
1.92
5.28
4.32
4.96
3.84
3.52
3.36
4.16
4.16
4.8
4.64
3.84
4.64
4.64
4.8
3.04
4.48
4.48
3.68
3.68
2.08
4.48
5.44
4.64
4
3.68
3.68
4.16
5.12
4.48
4.96
4.64
3.52
3.68
4.64
4.8
4.64
4.16
4.8
2.56
4.48
4.16
3.52
3.36
4.53333
3.52
3.04
3.04
4.96
4.32
4.96
3.84
4.16
3.84
4.32
4.16
4.32
2.24
4
4.64
3.68
4.96
3.36
3.04
4.16
3.84
5.12
4.8
5.6
4.8
4.8
4.64
3.36
4.32
4.16
2.88
4.48
4.32
3.84
3.68
4
3.84
4.96
3.52
4
5.6
5.76
4.64
4
4.16
3.68
3.2
2.88
4
3.68
4.32
4.32
4.64
4.16
4.8
4.32
5.28
3.52
5.12
5.6
3.36
5.76
4.48
4
5.6
3.84
2.08
4.8
5.44
4.64
5.12
3.52
4.64
4.96
4.6
3.36
5.12
4.8
3.52
3.36
5.28
4.64
5.76
3.04
4.53333
4.96
3.52
4.8
4.8
3.52
4.64
3.52
4.48
5.12
5.76
4
3.44
4.8
5.17333
3.68
3.36
3.04
3.68
4.48
3.68
4.16
5.12
4.64
4.96
3.84
4.8
4
3.68
2.56
3.76
4.32
3.68
3.52
3.52
4.8
4.48
5.6
4
3.84
3.36
4.96
4.16
4.8
4
4.16
2.4
4.64
4
4.32
4.24
3.36
4.64
3.68
5.28
4.16
4.8
4.64
4
4
3.84
4.56
4.16
3.36
4.64
3.68
5.28
3.2
5.44
4.16
4.48
4.16
5.12
3.52
4.24
4.96
5.6
4.16
3.52
4.64
4.16
2.24
4.8
4.32
5.52
4.64
4.64
4.96
4.8
3.84
4.48
4.32
4.8
3.84
4.64
4.32
3.04
3.84
3.36
4
5.44
4.16
5.92
5.76
4.96
5.12
3.84
4.48
4.8
5.28
4.48
3.68
4
5.12
5.76
5.12
2.88
4.32
4
5.44
4.32
5.12
5.92
3.76
4.48
4.32
3.52
3.2
4.16
4.48
5.36
4.16
4.64
2.24
4.8
3.68
5.44
5.28
5.76
4.48
5.6
6.08
5.76
4.8
5.92
5.6
5.12
6.56
5.92
4.64
4.8
6.24
2.4
5.44
4.64
3.04
4.48
4.16
3.84
5.12
5.6
3.2
5.28
4.96
5.12
4
5.76
4.32
4.8
4.96
4.64
3.36
5.6
4
4.32
3.52
5.6
4.56
3.6
4.96
6.72
3.68
5.76
4.53333
5.92
3.2
4.4
4.48
3.68
3.36
4.32
6.08
6.24
5.44
3.78667
4.64
5.28
5.44
6.72
5.44
4.64
4.16
2.4
5.6
4.8
6.24
5.52
2.56
5.12
4.96
4.96
3.68
5.12
6.08
6.56
3.68
5.28
5.28
2.88
4
4.16
5.6
4.96
4.96
6.24
4.32
3.84
5.44
5.12
5.76
6.24
4
4.16
5.92
5.76
5.12
5.76
5.28
3.2
5.12
4.64
5.44
4.8
6.4
3.2
5.28
5.76
5.6
5.76
3.52
4.16
4.64
4.8
4.48
5.6
6.24
3.52
4.64
4.96
3.2
6.08
5.76
5.76
6.56
4.32
5.28
5.28
4.96
5.28
6.08
4.48
5.44
5.44
2.56
5.76
4.48
4.8
5.36
7.84
5.28
6.4
5.92
4.8
6.56
4.48
5.44
5.6
4.8
5.28
3.84
3.84
5.28
4.48
7.2
6.56
5.12
6.08
4.32
5.76
6.08
6.24
4.8
6.24
6.56
6.72
5.76
6.08
6.72
6.88
3.36
7.36
7.36
6.72
7.36
6.72
6.56
8
6.56
5.6
6.4
6.08
7.2
6.72
6.56
5.12
7.52
7.04
6.24
3.36
7.2
7.68
7.84
7.04
7.36
6.4
5.6
6.72
7.2
5.6
6.56
6.56
7.2
5.28
6.56
6.4
6.24
7.36
6.24
4.48
6.24
6.08
5.44
4.8
5.76
5.12
5.6
5.92
6.88
7.68
5.6
6.4
6.72
7.04
6.56
8.16
8
7.68
4.8
8.8
7.52
7.04
8.32
8.96
9.76
10.56
8.96
8
8.32
6.88
9.28
8.8
6.88
8.8
8.8
9.76
8.64
7.04
4.48
7.2
7.52
7.84
8
7.84
8
7.68
6.08
6.72
8.8
7.84
5.92
8.16
7.36
8.64
7.2
8
6.24
4.32
8.32
6.72
9.28
7.52
8.16
7.04
8.16
6.72
6.56
7.2
7.04
7.2
8.96
6.72
8.64
7.04
7.52
6.56
6.56
4.32
6.08
6.4
6.72
6.08
5.12
6.4
5.92
6.4
5.76
6.88
7.2
6.08
6.56
7.36
8
6.56
5.76
7.2
4.96
6.56
7.52
7.68
6.08
6.56
7.04
7.36
5.92
5.92
7.36
6.56
5.6
6.56
4
5.44
5.76
4.64
6.24
4
2.72
6.56
5.76
5.92
6.4
4.96
5.92
6.08
5.12
5.76
4.96
6.24
6.4
5.44
6.4
6.08
6.4
6.24
3.68
5.28
7.52
5.76
4.32
6.24
4.8
5.76
6.4
6.24
6.24
5.12
4.96
6.72
4.8
4.32
5.44
6.08
6.4
6.4
4
5.28
5.44
5.92
4.96
5.12
4.96
4.48
5.76
5.44
5.92
5.12
5.76
4.96
5.44
5.12
5.44
5.76
6.08
3.36
6.24
6.24
4.48
4.64
4.64
5.28
5.6
4.64
6.08
4.96
5.12
5.92
6.08
5.92
6.56
6.08
5.92
5.92
6.08
3.84
5.28
4.48
5.28
5.44
6.24
5.44
6.08
5.28
5.44
5.28
4.48
5.12
5.92
6.08
4.96
5.12
5.12
5.6
3.2
4.8
5.6
5.12
6.72
4.48
5.44
4.48
7.2
5.76
4.48
4.96
5.12
5.92
4.32
4.96
5.6
5.12
5.6
4.32
4.64
4.64
5.92
6.4
6.24
5.44
5.92
4.8
3.84
4.96
4.48
4.96
4.48
5.76
5.92
4.48
5.44
6.24
4.48
2.88
4.64
4.8
4.96
5.28
5.6
4.32
5.44
4.64
5.28
6.24
5.12
5.28
4.96
5.12
5.92
4.32
5.28
4.16
5.28
2.88
6.08
4.8
5.6
4.8
4.16
4.96
3.2
4.16
4.32
3.68
4.48
3.29246
3.2
2.68
4.48
4.48
3.84
4.32
4.48
5.44
5.76
5.12
6.4
4.32
4.96
3.36
4.8
5.6
6.24
4.96
4.16
3.84
4.8
5.92
4.32
4.96
4.32
5.6
6.08
4.96
4.96
5.12
3.36
4.64
4.32
5.76
6.4
5.12
5.28
5.76
4.48
4.96
4.64
4.32
4.16
6.24
4.8
4.96
6.24
5.92
4.48
4.96
4.48
4.32
4.96
4.8
3.36
4.48
5.12
4.16
5.28
4.16
5.28
4.8
5.44
4.32
4.32
4.48
3.52
4.96
4.16
2.88
5.12
4.96
4.8
3.68
2.88
3.52
3.52
3.36
4.64
4.8
3.2
4.8
3.68
4.16
3.36
4
3.84
3.04
4.32
3.2
4.32
4
3.36
3.68
3.84
4.16
2.72
4.32
3.2
3.68
4
3.84
3.2
3.52
3.84
3.68
4.64
2.72
2.24
3.04
4.64
3.52
3.36
3.2
3.84
3.52
4.48
4
4.96
2.72
3.68
2.72
4.48
3.2
4
3.2
2.56
4.48
3.2
3.2
3.52
4.16
4.16
3.2
4.8
2.56
4.48
4
4.48
3.36
4.32
3.84
3.84
4.16
3.68
4.64
3.52
3.04
3.52
3.84
3.84
4.16
1.92
3.84
3.84
2.88
3.84
4.8
4.8
3.84
6.24
4.8
5.44
4.96
6.56
5.28
5.12
3.2
4.96
6.24
5.6
4.8
5.76
4.8
4.48
5.44
5.76
5.12
4.96
4.96
4.32
5.76
4.96
5.12
4.48
5.6
2.24
4.48
4.96
4.48
4.8
4.48
4.64
4.8
4.96
5.12
4.64
5.92
5.12
4.96
5.12
4.8
4.64
4.48
5.28
5.28
3.52
6.4
4.8
4.64
4.96
4.48
5.92
6.08
5.44
5.28
4.48
4.64
4.8
4.48
5.6
6.24
3.68
5.76
3.84
2.08
5.28
3.2
3.52
2.88
3.36
3.84
3.68
4
4.16
4.32
3.68
4.96
4.32
3.2
3.68
3.68
3.84
3.84
3.84
3.52
3.68
4.32
3.84
4
3.52
3.52
3.84
4.32
4.32
4.32
4.32
3.84
4.48
3.2
4.16
3.04
3.52
3.04
2.56
4
3.2
4.48
4.32
3.68
4.16
2.88
3.2
4.16
4.48
3.52
2.88
3.52
3.68
4
2.88
3.84
2.56
3.84
2.56
4.32
2.72
4.48
4.16
3.68
4.16
3.84
4
4.48
3.84
3.52
3.52
4.96
5.6
3.52
3.36
4.16
4.96
1.76
5.6
4
3.36
3.52
3.04
4
4.48
3.68
4.64
3.36
4
4.64
3.2
3.2
4.8
4.16
3.36
3.68
4.8
2.88
3.2
3.84
3.2
3.36
3.84
4.96
3.04
3.84
5.6
4.16
4.64
3.84
3.52
3.84
5.12
3.84
4.16
3.84
2.24
4.32
3.36
4.32
4.16
4.96
4.64
4.16
4.16
4.16
4.48
4.48
4.32
4.16
4.64
3.84
5.28
4.48
4.16
4.8
3.04
4.48
4.48
4.32
3.68
4
4.64
4.64
4.64
4.16
3.52
5.6
4.16
4.16
3.84
5.28
4
4.32
4.48
3.2
4.32
4.96
4.64
4.96
4.64
4.8
5.28
4.64
4.96
3.36
4.96
5.12
6.08
4.8
3.52
6.56
4.48
4.64
4.48
4.16
4.48
5.12
5.44
4.32
4.8
3.36
3.68
4.8
4.48
4.8
4
6.72
3.36
4.32
4
4.64
5.44
3.84
2.56
3.52
4.16
4
5.44
4.32
4
5.76
4
4.16
4.8
4.48
4.16
4.96
4.8
5.28
5.12
4.8
4.32
4.8
2.56
4.64
5.28
4.48
2.88
4
4.16
4
4.16
4.48
4.96
4.16
3.68
5.6
4.96
5.28
4.16
4.48
4.8
1.76
4.96
4.64
4.16
3.84
4.48
3.52
4.8
4.32
4.64
4.96
4.32
3.84
5.28
5.6
4.48
3.52
3.52
4
4.64
2.72
3.84
4.48
3.2
3.52
4
5.76
4
4.96
4.64
3.84
3.84
4.8
4.8
4.96
4.96
3.36
3.68
4.8
3.84
5.44
3.84
4.48
3.84
4.32
4.8
4.64
4.32
4
4
5.44
4.48
4.48
5.76
3.84
4
4
4.64
4.64
3.52
5.92
5.6
4
3.36
5.76
4.16
4.32
4.48
4.8
5.28
4.32
5.28
4.48
5.28
5.44
2.88
6.24
4.32
2.08
4.32
4
3.84
4
4.8
4.8
4.48
3.68
4.96
4
3.68
4.8
4.64
4.64
4.64
4.16
4.16
4.8
3.2
2.56
4.32
4.32
4.32
3.84
3.68
4.8
3.84
6.24
3.84
3.52
4.96
3.2
3.04
3.68
4.64
3.36
3.52
4.8
2.72
5.12
5.76
3.2
4
3.52
4.32
3.2
4.64
3.36
6.08
3.68
4.48
5.76
5.6
3.84
4.48
4.64
4.64
5.12
2.4
4
3.2
4.64
4.48
4.48
4.48
3.2
4.32
3.52
5.44
3.36
4.8
5.76
5.44
3.84
5.44
4.96
4.96
2.24
4.96
7.68
5.44
4.64
3.84
4.64
3.52
3.68
4.48
5.6
5.28
4.8
5.12
5.12
5.44
4.8
3.68
4.8
5.6
3.04
4.48
4.8
4.32
4.48
4.48
4
4.8
4.48
4.96
4.48
5.6
5.12
4.64
6.56
6.56
4.64
6.4
5.6
3.2
5.12
4.8
4.48
4.8
5.6
5.44
4.96
4.32
5.44
4.16
4.32
4.8
4.8
4.8
4.8
4.8
6.24
6.08
4.8
2.4
4.64
4.16
4.64
4.16
4.8
3.2
2.88
4.32
4.64
2.88
3.52
4.64
4.48
3.84
3.84
3.84
2.88
3.68
2.72
4.16
3.68
3.36
2.72
3.36
4.16
4
4.16
4.48
2.88
3.36
4.96
5.12
4.8
4.16
2.88
4.48
3.84
3.84
2.88
3.52
4
2.88
4
4.64
4.16
3.36
3.36
5.12
4.32
3.84
4.32
3.84
3.68
3.84
4.48
3.84
3.84
2.56
3.04
4.48
3.36
4.16
4.32
4.32
3.84
4.8
3.52
3.84
4.16
6.08
3.68
4.96
8.48
4.96
7.52
7.2
7.52
2.72
5.6
5.28
4.16
6.4
5.44
5.28
7.52
5.6
4.64
4.32
8.16
7.36
8
6.56
6.88
10.72
9.44
8
4.32
7.52
11.36
7.04
4.48
6.08
4.8
7.04
5.44
4.16
9.28
5.76
8.64
6.56
5.44
7.2
9.28
6.56
9.28
8.16
2.88
4
4.16
5.44
5.6
5.6
6.72
6.56
7.36
12.32
10.24
8
8.64
8.8
9.92
10.56
11.36
10.72
9.44
4.48
13.44
8.64
10.4
9.28
6.24
10.4
8.8
11.36
10.88
9.12
7.36
6.56
7.2
6.56
4.8
5.12
4.48
5.92
7.68
4.48
4
6.4
3.68
3.52
5.6
8
9.12
4.8
7.52
6.72
5.6
8.8
6.56
6.72
4.64
6.72
4.32
4.32
4.8
6.08
5.92
4.32
6.08
7.04
6.88
8.64
5.92
6.72
7.2
5.92
6.08
8
5.92
7.84
8.96
6.72
7.36
4.16
4.96
3.84
5.12
3.36
3.2
4.48
4.96
3.04
3.68
4.16
5.76
4.48
4.32
4
4.8
4.96
8.16
7.84
4.8
6.88
8.32
8.96
8.32
8.32
9.28
9.6
6.72
5.92
7.52
13.6
9.28
7.2
6.56
9.76
6.88
9.28
7.52
9.12
4.16
9.6
7.04
7.68
6.88
7.84
6.24
5.6
8.32
6.88
8
9.76
7.2
8.64
6.72
10.08
8.48
8.48
8.64
5.28
10.4
5.6
8.16
14.56
10.56
9.28
9.28
8.64
7.36
6.08
6.56
7.36
6.4
5.92
7.04
6.24
5.44
5.28
7.04
3.2
8
6.08
11.68
12.48
10.88
9.44
10.88
13.6
15.84
6.08
10.88
12.96
11.36
15.52
10.24
9.92
13.28
17.44
8.64
10.88
7.68
7.52
9.44
10.88
10.24
13.12
8.8
10.4
11.68
11.84
10.56
11.2
10.72
9.76
8
5.6
3.36
8.32
9.92
5.44
7.52
10.72
13.44
17.28
13.6
12.96
12.64
10.08
7.36
9.76
7.84
10.24
10.08
9.44
8
5.6
6.24
6.4
6.56
5.12
8.96
8.32
10.88
10.4
13.44
7.84
8.16
13.28
16
10.56
12
11.36
11.84
12.48
12.48
7.52
11.52
14.08
12.64
10.56
7.36
5.44
7.68
5.44
10.88
6.56
7.36
9.28
7.52
8.64
8.96
10.88
15.52
13.12
5.6
13.28
13.6
12.48
8.8
10.56
12.8
15.52
15.2
16.96
14.08
6.08
14.56
15.36
12
14.4
13.76
11.52
12.64
10.56
4.64
8.96
11.52
8.96
12.32
10.88
12.96
11.04
8.48
7.52
10.72
14.88
12
8.32
15.2
12.48
8
11.68
4.32
8.96
13.28
12.96
15.2
9.92
8.32
11.2
8.48
10.4
7.04
7.68
6.56
5.92
6.88
5.12
4.8
5.76
3.04
5.76
5.92
7.2
9.6
12.48
11.84
8
11.84
12.48
10.24
8.8
9.92
8.16
6.24
7.04
9.44
9.76
9.28
9.92
7.68
3.84
4.16
6.24
3.04
5.76
5.12
3.2
6.88
10.24
14.72
5.16
6.56
6.88
8.96
6.4
7.04
6.88
3.2
7.04
5.76
6.4
6.08
6.72
6.4
5.28
8.64
5.28
4.56
4.96
5.28
4.48
4.32
4.16
4.32
4.16
4.16
4.16
4.96
5.28
8.64
9.28
9.44
9.76
9.28
9.76
6.72
8.32
7.36
7.68
9.44
6.88
5.92
5.12
3.2
4.68
5.28
2.89333
5.92
4.48
9.92
3.68
3.36
3.2
4.8
2.576
4.96
7.04
9.28
12
7.04
8.8
6.56
4.64
8
6.56
7.04
3.2
4
2.72
4.32
4.32
4.32
2.88
5.44
8.8
9.12
9.12
5.6
3.36
7.04
6.24
6.08
4.16
6.08
5.44
4.8
4
6.4
6.08
7.52
6.88
10.88
10.56
9.6
7.68
3.36
4.8
5.76
2.88
10.24
6.88
8.16
9.12
5.76
8
12.16
10.88
11.36
10.56
12
7.04
7.04
6.72
3.84
4.16
7.84
7.2
3.84
6.56
6.08
4.8
6.24
11.2
11.84
14.56
13.28
11.68
12.96
15.68
14.72
12.48
12.16
11.36
6.08
4.64
2.24
8
4.32
8.48
5.36
4.48
7.52
8.8
8.16
7.04
6.56
9.28
4.96
4
5.76
8.8
4.32
3.04
3.84
2.4
1.92
3.04
3.04
3.52
3.2
2.88
4.8
3.36
2.4
3.84
4.16
3.2
3.68
4.16
2.24
7.68
8.64
10.56
12.32
11.84
11.36
6.4
7.04
6.56
7.68
8.48
8
8
8
7.52
7.2
5.6
8.96
6.88
7.52
7.52
6.88
8
8.32
4.64
4.56
3.2
4.16
4.8
5.44
4.96
4.08
3.52
2.08
3.52
4.96
5.12
3.68
4.8
4
5.76
6.88
5.44
5.28
4.32
3.52
3.52
2.08
2.56
3.36
2.72
4.48
2.24
4.8
5.44
3.68
5.12
6.4
5.44
6.08
4.96
6.08
4.64
3.36
2.88
3.84
3.04
3.52
3.2
3.04
2.56
2.72
5.12
4.16
7.36
8
8.16
8.8
7.36
8
4.8
3.28
3.2
3.36
2.88
3.36
3.2
2.24
3.84
3.36
3.84
4.96
5.76
9.44
9.28
6.56
8.16
7.2
4.64
3.84
2.96
2.56
3.04
3.52
3.36
4.48
5.6
3.68
4.48
4.48
10.4
9.44
12.64
9.92
8.32
8.64
8
3.84
3.2
3.2
2.56
3.2
3.52
4.32
4
2.56
3.2
3.84
3.68
5.28
4.96
5.44
5.28
9.12
7.84
7.04
5.92
3.68
4.64
2.88
3.52
2.4
5.92
7.52
9.6
5.12
8.64
10.56
16
11.52
10.56
11.04
11.36
6.72
8.32
6.72
12
14.4
14.72
13.12
10.08
8.96
8.16
8
5.12
10.08
15.84
15.04
10.56
10.24
7.52
5.22667
7.36
8.96
8
9.12
10.4
9.92
7.6
4.32
4.56
4.48
5.92
7.68
5.76
6.24
4.96
5.44
4.8
4.48
7.2
3.84
6.56
8
7.04
7.68
7.2
6.88
6.56
3.68
4.8
3.04
4.32
6.72
8.96
10.08
5.28
8.64
7.04
4.48
3.68
4.48
6.4
3.52
5.76
4.64
4
5.12
5.12
2.4
4.16
5.44
3.84
4.96
4.96
5.76
13.6
16
8.48
8.96
11.04
11.84
11.52
3.52
2.24
2.24
1.76
4.16
2.56
2.56
2.88
4.48
1.92
3.2
2.72
2.56
2.08
2.08
2.72
2.08
3.36
3.04
2.72
4.16
4.48
2.4
2.24
2.24
1.92
3.04
2.88
3.84
3.84
2.24
3.52
3.36
3.2
3.04
3.04
2.72
3.52
3.84
4
3.2
4.16
2.24
1.92
2.4
3.6
2.56
3.2
3.30667
3.46667
2.56
2.56
1.6
2.48
3.04
2.56
3.36
2.56
3.2
2.4
1.6
3.52
2.72
2.4
2.24
2.72
2.72
2.56
2.24
1.92
2.88
2.56
3.04
1.92
1.76
2.32
2.08
2.88
2.88
3.2
2.24
2.56
2.4
3.04
2.88
3.84
2.88
2.4
2.88
3.2
2.88
2.4
3.68
3.2
4.32
4.48
3.52
3.68
3.36
4.32
3.68
3.68
2.4
3.52
3.2
2.56
3.2
2.08
3.84
1.76
3.36
2.88
2.24
4.16
4.16
2.08
4
3.2
2.72
2.56
2.08
3.2
2.08
2.08
2.88
3.68
2.24
1.92
2.88
2.72
2.56
3.04
1.6
2.88
2.24
3.04
3.2
3.36
2.24
2.56
2.88
1.92
2.88
2.72
2.08
2.88
2.56
3.2
3.36
2.56
2.4
3.52
3.36
2.56
3.84
3.04
2.72
3.68
2.4
2.4
3.2
2.08
3.52
2.72
2.56
3.04
2.88
2.72
3.68
2.88
2.88
3.2
2.56
3.04
2.72
4
2.56
2.4
3.36
1.76
2.4
1.76
2.08
3.36
3.68
3.36
2.72
4.64
2.64
3.68
3.68
3.68
3.2
4.32
4
4
2.56
3.68
1.92
1.28
2.4
2.24
2.56
4
1.6
3.04
2.72
1.76
2.4
2.4
2.08
3.28
3.04
2.56
3.2
1.28
2.72
2.56
2.4
2.72
2.08
3.84
2.4
2.88
2.88
3.36
2.88
2.4
2.72
4.16
4
3.36
3.2
4
3.36
3.04
2.72
1.12
2.72
2.72
3.68
2.08
2.4
3.84
3.52
2.4
3.36
3.2
3.04
2.56
3.52
3.84
1.92
2.08
2.72
3.2
2.4
1.92
2.56
2.56
3.52
3.52
2.88
1.44
3.36
2.88
3.36
3.68
3.68
3.36
3.84
2.56
2.4
4
2.56
2.72
2.24
2.88
2.72
2.4
2.88
3.2
4
1.92
3.52
2.56
2.08
3.36
2.88
3.68
3.04
3.04
3.04
2.88
2.72
2.4
2.72
1.92
2.08
3.04
2.4
2.72
2.56
3.36
2.56
3.68
3.52
3.04
2.56
3.52
3.68
3.68
2.72
2.56
1.76
2.4
1.6
1.44
3.04
3.36
4.16
2.72
2.24
2.72
3.2
4.32
3.04
4.48
3.2
2.88
2.56
2.56
2.88
0.96
2.88
3.04
4.32
3.36
3.04
2.24
3.36
3.12
2.4
3.52
3.68
3.68
2.88
2.88
2.56
2.4
1.92
2.56
1.6
3.04
2.88
2.24
2.88
2.88
1.92
2.72
3.84
2.88
