0
50000
0
0
1000
0
0
0
0
380
625
0
424
574
0
951
323
1
722
454
0
2
1
544
0
0
999
1003
0
1
925
75
0
0
0
0
997
1003
0
997
0
0
1000
0
0
1001
0
0
0
0
1001
0
0
0
1001
0
97
904
0
0
1997
0
1
997
0
0
0
1002
0
0
1001
0
0
999
1003
1002
0
1002
1001
2358
1167
469
2
1000
999
1002
998
674
327
2998
0
318
190
458
1158
569
1431
638
363
1001
438
186
1001
1002
997
3000
1000
0
0
1000
1005
0
996
1000
1002
1000
1000
1000
1003
0
1000
999
2997
0
1000
236
694
3995
354
605
43
1
7
789
998
1005
683
998
2001
998
834
1168
0
1002
0
1001
999
329
1001
0
1000
1001
435
995
1000
1001
999
1001
1999
0
1000
1001
0
1002
998
1001
1001
1008
991
2373
316
1167
1140
0
1909
1092
998
1000
1002
0
1002
548
206
2001
0
1002
0
90
170
999
1001
1001
998
23
1001
0
2001
998
1001
0
886
995
2002
222
196
1003
1997
1000
0
461
541
623
1002
0
999
1001
1001
998
1000
1003
0
75
993
1003
997
2000
1000
0
1001
0
1001
1000
2000
998
1000
1003
0
998
1000
1001
1000
1002
846
998
1003
1001
607
251
1000
1003
0
396
769
997
1003
2996
2001
0
0
999
1003
999
1998
1866
134
0
1000
1002
999
0
310
998
1003
1000
2995
1000
0
190
814
397
1108
1000
1002
485
3021
492
1000
0
1
1004
0
1002
2135
1000
0
1000
1003
0
655
348
235
772
2616
461
539
845
156
1003
0
1002
997
1000
225
1000
1002
1999
1786
1
212
1001
3000
0
836
165
0
1000
1003
1999
997
2000
2802
82
1116
0
0
1000
789
219
484
517
1344
1000
1002
0
1002
1000
1
998
1002
1001
1001
1571
1808
0
1447
117
2285
1715
1
999
0
2002
914
0
85
1001
378
628
778
997
1001
999
1000
1002
998
748
253
563
220
1005
0
1000
1002
330
116
994
1003
999
999
1002
999
1000
1001
998
1000
579
275
996
1002
940
864
996
1005
1001
192
988
998
1007
1028
999
999
1004
1001
1058
1
1148
251
2387
0
1129
1213
0
1
568
724
1949
0
1051
0
1000
2685
0
0
1350
0
1012
0
999
1000
1001
999
1001
1041
993
1175
990
1547
0
1041
0
1004
1030
967
999
1161
1453
2644
0
0
702
1037
1037
967
1070
890
1000
3113
0
0
925
999
1005
1034
1611
1355
0
956
1075
967
1004
1104
850
2688
0
1385
0
1704
1639
0
1257
1136
1269
0
918
1037
1001
1003
1130
903
926
1392
0
1639
847
1378
0
2516
0
1017
0
1009
1000
1000
1028
1000
1002
995
1003
1082
989
1003
960
1045
882
2195
0
2085
0
347
699
991
1010
999
1071
1068
963
928
971
1000
1033
1038
995
924
2282
0
1280
1307
1139
0
991
1011
1000
999
1001
999
999
1000
1029
969
1000
1000
1030
1763
1121
1071
1217
0
858
473
182
605
1678
0
682
698
841
3204
0
0
0
957
1006
1002
1029
1008
1130
658
250
1592
1485
0
272
319
2665
0
1017
0
1037
1037
1124
967
263
474
802
1546
1120
0
1037
0
969
1001
1000
1000
999
1003
998
1000
999
1026
1006
999
1000
1037
1038
926
881
1044
1029
932
1000
1002
999
999
1003
999
999
999
1000
1032
969
999
1000
1002
1001
997
1000
1002
998
1000
1004
997
999
1000
999
1002
999
1003
998
1000
999
1000
1000
1002
998
381
989
1006
997
1002
999
1000
999
1001
1000
1001
1000
999
1000
1000
999
1002
1000
999
999
1002
999
1000
999
1003
999
999
1000
1003
998
1000
999
1000
1000
1000
1001
999
1001
1000
999
1000
1001
998
1001
1000
1001
998
1001
1000
1001
998
1001
1000
1001
999
1002
1000
999
1001
998
1001
1001
998
1000
1003
998
1001
1260
774
966
1044
991
1693
0
1289
1026
0
1036
973
998
1030
1047
1013
944
1125
883
2196
0
0
1007
0
1031
111
1966
0
14
1036
969
1002
1031
984
1052
999
1099
868
1003
997
1003
1030
1394
1298
0
1612
1126
0
1851
0
1185
0
964
1246
1431
746
372
923
1112
0
898
1027
2789
0
0
1220
0
992
1008
1001
1005
995
999
1036
1164
800
767
1463
1781
0
1403
1803
0
1234
0
1111
0
1076
855
1118
1867
0
1078
1561
0
1498
0
1009
0
1066
932
1132
935
965
2894
0
0
1123
0
751
995
1037
1099
1957
0
643
950
692
605
2567
0
1459
0
903
1221
815
1389
0
800
1004
1030
963
795
3694
0
0
1246
1068
0
993
1074
964
1080
542
742
2969
0
0
1016
1206
1184
2348
0
0
854
920
2801
0
0
1372
0
967
2859
0
1368
0
774
94
1611
0
1429
0
1074
0
1382
1042
503
2256
0
0
778
1040
1615
2613
0
0
1766
0
1037
934
1066
1810
1795
0
1320
1818
0
1753
0
1432
0
1647
1252
731
367
1116
1231
1597
0
440
522
849
1581
0
2522
0
1357
1193
0
926
1302
140
1341
2518
0
0
1476
0
1919
1532
0
289
748
1777
1951
0
2954
0
0
1406
0
876
233
1635
0
1500
0
923
1042
959
2163
0
1128
0
1041
0
788
1883
0
1332
0
3934
0
0
1072
0
1010
0
999
1317
1067
1575
0
1270
1357
0
1001
4066
0
0
0
1009
0
1032
1036
926
2678
0
1161
1068
0
162
2604
0
0
2034
0
1093
324
3400
0
0
2020
0
1297
0
479
599
2169
0
1088
829
1345
0
822
1000
5434
0
0
0
0
1649
0
1049
984
1353
759
829
736
1375
1040
293
2414
0
1441
0
1123
2889
0
0
1232
1237
0
1038
0
1449
693
548
1635
0
953
998
966
1000
433
1948
0
3348
0
0
0
942
1038
1073
1130
453
1411
147
1000
2896
0
1110
0
1096
0
215
4732
0
0
0
0
1286
0
991
1037
975
999
1026
963
618
4636
0
0
0
1027
0
1038
1037
1144
856
436
2488
0
2264
0
1247
0
4486
0
0
0
1197
0
1041
0
1070
1287
797
495
4498
0
0
0
1007
0
1011
989
2722
0
2464
0
0
1011
0
1793
1197
0
2705
0
1335
0
962
1011
1131
1189
666
2792
0
0
668
603
1202
1621
0
2392
0
451
1405
1370
0
1645
1247
0
3342
0
0
0
744
1039
1620
2796
0
0
1217
1005
0
1648
352
1466
1022
0
1558
1437
0
1621
0
2103
0
1142
1614
0
592
3518
0
0
1023
0
1032
962
2328
0
1887
0
862
1035
1716
1171
0
2361
0
1133
1038
1000
2265
0
0
2105
0
960
1098
1956
0
1061
0
1011
0
2315
0
0
1668
1018
0
1009
1735
1759
0
1655
0
1087
893
605
1998
0
1442
371
1001
910
852
1566
0
1716
0
1475
1032
1402
1043
3224
0
0
0
1203
1115
1563
0
224
1078
703
1423
2148
0
1011
292
275
3011
0
0
1294
1419
2035
0
0
977
1001
1113
950
926
1009
1033
606
1544
0
702
2761
0
0
1887
0
959
1423
0
1011
0
1037
1031
1690
1826
0
1685
0
1126
1382
103
2819
0
0
1509
0
963
1305
883
855
1529
2189
0
1311
0
926
1279
722
1327
0
2177
0
1197
1865
0
1547
245
707
449
267
1751
0
1366
2488
0
0
997
1523
0
601
86
324
905
67
1101
1931
0
1945
0
1068
0
989
1011
1027
1053
1410
1499
0
2670
0
1337
0
1010
0
1000
1060
1433
1135
988
619
1692
0
1037
0
1041
1112
884
106
2540
0
1131
836
1386
0
1783
1556
0
1480
1192
0
990
1011
999
1002
1012
1163
1324
1235
1042
1219
0
1085
706
1319
937
764
1331
0
1706
1696
0
1606
0
1009
0
1003
1002
994
1030
969
1026
888
1029
1185
1383
0
1009
0
1105
894
999
1001
1142
1013
844
1259
737
1427
0
931
726
1118
0
1029
463
1084
0
987
1418
1439
1148
0
1008
0
999
1000
1138
1387
1581
0
888
1007
1002
999
999
1000
1000
1000
1113
887
1000
993
2413
0
1594
0
993
1010
997
1002
998
1001
999
1000
1001
1000
999
1000
1000
1001
999
1031
1130
952
923
1853
521
580
2288
0
717
1002
999
1002
1001
998
999
1002
1009
864
1218
1001
839
760
1502
1157
0
898
1662
604
784
724
1204
394
766
891
712
755
934
249
28
1006
0
1444
1312
1110
1035
0
998
1073
1760
1168
0
1006
0
1003
998
1084
1373
809
424
1581
0
326
1159
0
1081
1313
1372
1312
0
841
997
1003
1308
907
2024
0
1223
1068
1269
0
995
1007
1001
998
1001
38
986
1004
1001
999
1002
998
1000
1001
1002
997
1000
999
1003
997
1000
1303
0
998
1002
1000
1001
1000
999
1001
999
1001
999
1001
999
1001
999
1001
999
1001
999
1001
999
1001
999
1001
999
1001
999
999
1001
1000
1000
999
8
1000
998
1001
1001
1000
999
1000
1001
999
999
1000
1000
1001
999
1000
1000
1001
999
1000
1000
1001
999
1000
1000
1001
1000
999
1000
1001
999
1000
1000
1001
999
1000
1000
1001
999
1000
1000
1001
999
1000
1000
1000
1000
1000
1039
1000
1000
1000
1001
1000
999
1000
1001
999
1000
1000
1001
999
1000
1000
1001
999
1000
1000
1001
999
1001
999
1001
999
1000
1000
1001
999
1000
1000
1001
999
1000
1000
1001
999
1000
1000
1001
999
1000
1000
1001
999
1000
1000
1001
999
1000
1000
1001
999
1000
1000
1001
999
1000
1000
1001
466246
1078
980
695
1001
999
1000
1000
1001
999
577
423
890
111
999
0
1000
0
1001
0
1001
0
1000
0
999
0
1000
0
1001
0
684
316
0
989
11
0
998
0
0
1002
0
0
1001
0
0
999
0
0
1000
0
0
1001
0
0
993
7
0
738
262
0
832
168
0
632
367
0
672
328
0
998
0
0
1001
0
0
1002
0
0
1000
0
0
1001
0
0
998
0
0
1001
0
0
1000
0
0
999
0
0
1000
0
0
1001
0
0
898
0
104
996
0
0
999
0
0
1003
0
0
1000
0
0
1000
0
0
999
0
0
1001
0
0
853
134
17
826
131
36
874
127
0
1000
0
0
1001
0
0
1000
0
0
1000
0
0
1000
0
0
1001
0
0
999
0
0
1000
0
0
1000
0
0
1001
0
0
1000
0
0
999
0
0
1000
0
0
1001
0
0
1000
0
0
999
0
0
1000
0
0
1001
0
0
999
0
0
1000
0
0
1000
0
0
1001
0
0
999
0
0
1000
0
0
1000
0
0
1001
0
0
999
0
0
1000
0
0
1000
0
0
1001
0
0
999
0
0
1000
0
0
1000
0
0
1001
0
0
999
0
0
1000
0
0
1000
0
0
1002
0
0
998
0
0
1000
0
0
1000
0
0
1001
0
0
999
0
0
1000
0
0
1000
0
0
1001
0
0
999
0
0
1000
0
0
1000
0
0
1001
0
0
999
0
0
988
1
1
1008
0
0
1001
0
0
1001
0
0
1000
0
0
1000
0
0
1001
0
0
1001
0
0
1000
0
0
998
0
0
1002
0
0
999
0
0
999
0
0
835
0
1
1163
0
0
999
0
0
1002
0
0
1001
0
0
999
0
0
1000
0
0
1000
0
0
913
90
0
996
0
0
1000
0
0
1001
0
0
1001
0
0
999
0
0
1000
0
0
1000
0
0
1001
0
0
1001
0
0
998
0
0
1000
0
0
1001
0
0
999
0
0
1000
0
0
1000
0
0
1001
0
0
999
0
0
1000
0
0
1000
0
0
1001
0
0
999
0
0
1000
0
0
1000
0
0
1001
0
0
999
0
0
1000
0
0
1000
0
0
1001
0
0
999
0
0
1000
0
0
1000
0
0
1001
0
0
999
0
0
1000
0
0
1000
0
0
1001
0
0
999
0
0
1000
0
0
1000
0
0
1001
0
0
999
0
0
1000
0
0
1000
0
0
1001
0
0
999
0
0
1000
0
0
1000
0
0
1001
0
0
999
0
0
1000
0
0
1000
0
0
1001
0
0
999
0
0
1000
0
0
1000
0
0
1001
0
0
999
0
0
0
1000
0
0
0
1001
0
0
0
1000
0
0
0
1000
0
0
0
1000
0
0
0
1002
0
0
0
999
0
0
0
1000
0
0
0
1000
0
0
0
999
0
0
0
1001
0
0
0
999
0
0
0
1000
0
0
0
1000
0
0
0
1000
0
0
0
1000
0
0
0
1002
0
0
0
998
0
0
0
1001
0
0
0
1001
0
0
0
998
0
0
0
1003
0
0
0
998
0
0
0
1000
0
0
0
1000
0
0
0
1001
0
0
0
999
0
0
0
1000
0
0
0
1001
0
0
0
998
0
0
0
1000
0
0
0
1000
0
0
0
1000
0
0
0
1000
0
0
0
1000
0
0
0
988
0
0
1
1011
0
0
0
999
0
0
0
1001
0
0
0
905
98
0
0
994
0
0
0
1002
0
0
1002
999
1000
1000
1001
999
1000
1000
1001
999
1000
1000
1001
999
1000
1000
1001
1001
999
999
1001
999
1000
85
993
68
996
1001
1081
0
998
1003
1001
1000
1000
999
1001
1001
998
1000
1002
999
999
1002
999
1000
999
1000
1001
1000
1000
999
1001
1001
998
1000
1001
1003
996
1000
1001
1001
998
1002
1002
998
998
1000
1002
1000
998
1001
1000
999
999
1000
1001
1000
1000
999
1001
1000
999
1000
1001
1001
998
1000
1000
1001
999
1000
1000
1001
999
1000
1000
1001
999
1000
1000
1001
999
1000
1000
1001
999
1000
1000
1001
999
1001
1001
1001
997
1000
1002
999
999
1000
1000
1078
0
998
1002
1001
999
1000
1002
998
1000
999
1001
999
1000
1000
1001
999
1000
1000
1001
999
1000
1000
1001
999
1000
1000
1001
1000
999
1000
1001
999
1000
1001
1000
999
1000
1000
1001
999
1000
1000
1001
999
1000
1000
1001
999
1000
1000
1001
1000
999
1000
1001
1000
999
1000
1001
1000
1000
1000
1001
998
1000
1000
1001
999
1001
13
997
1000
1001
1000
1001
999
1000
1000
1001
999
1001
1000
1000
1000
999
1001
1000
27
998
1000
1002
999
1000
1000
1001
999
1000
1000
1001
999
1000
1000
1086
0
1000
1001
1001
999
1000
1000
1001
999
1000
1123
0
1000
1001
1000
999
1000
1000
1000
1000
1000
1000
1000
1000
1000
1000
1000
1000
1000
1000
1000
1000
1000
1000
1000
1000
1000
1000
1000
1000
1000
1001
999
1000
1000
1000
1000
1000
1000
1000
1000
1000
1000
1000
1000
1000
1000
1000
1000
1000
1000
1000
1000
1000
1000
1000
1000
1000
1000
1000
1000
1000
1000
1000
1000
1000
1000
1000
1000
1000
1000
1000
1000
1000
1000
1000
1000
1000
1000
1000
1000
1000
1000
1000
1000
0
442
690
259
1751
1721
0
0
5012
4982
4952
4922
4892
4862
11978
11948
11918
11888
11858
11828
11798
11768
11738
11708
11678
11648
11498
12242
12212
12182
12152
12122
12092
12062
12032
12002
11972
11942
11912
11882
2612
2582
2552
6121
6091
6061
6031
6001
5971
5941
23953
23923
23893
23863
23833
23803
23773
23743
23713
23683
23653
23623
23593
23563
23533
23503
23473
23443
24066
24036
24006
23976
23946
23916
23886
19404
19374
19344
19314
19284
19254
16456
16426
16396
16366
16336
8700
8670
8640
8610
6867
6837
1423
1393
3931
3901
3871
3841
13229
13199
13169
13139
13109
13079
13049
13019
12989
12959
12929
15745
15715
15685
15655
15625
15595
15565
15535
11404
11374
11344
11314
11284
11254
18979
18949
18919
18889
18859
18829
18799
18769
18739
18709
18679
18649
18619
18589
18559
18529
18499
18469
24401
24371
24341
24311
24281
24251
24221
24884
24854
16787
16757
16727
18535
18505
18475
18445
18415
18385
18355
18325
18295
18265
18235
18205
18175
18145
18115
18085
18055
18025
17995
4885
11171
11141
11111
11081
11051
11021
18839
18809
18779
18749
18719
18689
18659
18629
18599
18569
18539
18509
18479
18449
18419
18389
18359
18329
18299
34051
34021
33991
33961
33931
33901
33871
33841
33811
33781
33751
33721
33691
33661
33631
33601
33571
33541
33511
33481
27072
27042
27012
26982
26952
26922
26892
26862
26832
26802
22556
22526
22496
23019
22989
22959
22929
22899
22869
22839
22809
22779
22749
22719
40226
40196
40166
40136
40106
40076
40046
40016
39986
39956
39926
39896
39866
41833
41803
41773
43035
43005
42975
42945
42915
42885
42855
42825
42795
34680
34650
34620
34590
34560
34530
34500
34470
34440
34410
34380
34350
34320
49346
49316
49286
49256
49226
49196
49166
49136
49106
49076
49046
49016
48986
48956
48926
48896
48866
48836
48806
23726
78958
78928
78898
78868
78838
78808
78778
78748
78718
78688
78658
78628
78598
78568
78538
78508
78478
78448
78418
78388
78358
78328
78298
78268
78238
78208
78178
78148
78118
82719
82689
82659
82629
82599
82569
82539
82509
82479
82449
82419
82389
82359
82329
82299
82269
82239
82209
82179
82149
82119
82089
82059
82029
81999
81969
81939
81909
81879
81849
81819
81789
81759
81729
81699
81669
81639
81609
81579
81549
81519
81489
81459
81429
81399
81369
81339
81309
81279
81249
81219
81189
81159
81129
81099
71619
81273
81243
81213
81183
81153
81123
81093
81063
81033
85267
85237
85207
85177
85147
85117
85087
85057
85027
84997
84967
84937
84907
94699
94669
94639
94609
94579
94549
94519
94489
94459
94429
94399
94369
94339
94309
94279
94249
94219
94189
94159
94129
94099
94069
94039
94009
93979
99970
99940
99910
99880
99850
99820
99790
113118
113088
113058
113028
112998
112968
112938
112908
112878
112848
112818
112788
112758
112728
107539
107509
107479
111605
111575
111545
111515
111485
111455
111425
111395
121090
121060
121030
121000
120970
120940
120910
120880
120850
120820
120790
120760
120730
120700
120670
120640
120610
120580
120550
120520
114096
114066
114036
114006
113976
113946
113916
113886
113856
125712
125682
125652
125622
125592
125562
125532
125502
125472
125442
125412
125382
125352
125322
125292
125262
125232
125202
125172
126538
126508
126478
128438
128408
128378
128348
128318
128288
128258
128228
128198
128168
126894
126864
126834
126804
126774
126744
126714
126684
126654
126624
126594
126564
126534
124510
124480
128224
128194
128164
128134
128104
128074
124026
123996
123966
123936
123906
123876
123846
125191
125161
125131
125101
125071
125041
125011
122658
160561
160562
160563
160564
160565
160566
160567
160568
160569
160570
160571
160572
160573
160574
160575
160576
160577
160578
160579
160580
160581
160582
160583
160584
160585
160586
160587
160588
160589
160590
160591
160592
160593
160594
160595
160596
160597
191427
191397
191367
191337
191307
191277
191247
191217
191187
191157
191127
191097
191067
191037
191007
190977
190947
190917
190887
190857
190827
190797
190767
190737
190707
190677
190647
190617
190587
190557
190527
193139
193140
193141
193142
193143
195160
195161
198267
198268
198269
202178
202148
202118
202088
203409
203410
205029
205030
209088
209089
209090
209091
209628
210628
211628
212628
213628
214628
215628
216628
217628
218628
219628
220628
221628
222628
218114
222240
222241
222242
222243
223110
224110
225110
226110
227110
228110
229110
230110
231110
232110
233110
234110
235110
236110
237110
238110
239110
240110
241110
242110
243110
244110
245110
246110
247110
248110
249110
249893
250707
251304
252211
253211
254211
255211
256180
241401
223088
224088
226653
226654
227088
229909
229910
240284
240285
240286
240287
240288
240289
240290
240291
240292
240293
240294
272640
272641
272642
272643
272644
272645
272646
272647
272648
272649
272650
272651
272652
272653
272654
272655
272656
272657
272658
272659
272660
272661
272662
272663
272664
272665
272666
272667
272668
272669
272670
272671
283468
283469
283470
283471
283472
283473
283474
283475
283476
283477
283478
284088
285088
286088
287088
288088
289088
290088
291088
292088
293088
294088
295088
296088
297088
298088
299088
300088
301088
302088
303088
304088
305088
306088
307088
308088
309088
310088
311088
312088
313088
314088
315088
316088
317088
318088
319088
320088
321088
322088
323088
324088
325088
326088
327088
328088
329088
330088
331088
332088
333057
334057
334964
335933
336933
337933
338902
339902
340902
341902
342902
343902
344902
345902
346902
347902
348902
349902
350902
351902
352902
353902
354902
355902
356902
357902
358902
359840
360809
361778
362747
363747
364747
