3.62666
4.16
3.04
3.04
2.24
3.84
3.36
3.936
4.16
4.48
2.08
3.76
3.52
4
3.2
3.2
2.72
3.04
3.36
2.4
3.52
3.36
2.72
3.52
3.36
3.2
3.04
2.88
3.68
1.76
4.88
4
3.68
3.68
2.72
4.96
3.2
4
4.48
2.88
2.88
5.76
4
3.2
3.84
4.16
1.92
3.36
3.84
5.12
3.52
3.04
5.28
4
4.64
5.44
4
5.12
4.48
6.72
6.08
3.36
4.48
5.44
2.56
5.44
2.24
2.72
5.28
4.32
5.92
5.6
3.84
4.64
6.72
4
3.84
4.32
4.96
7.36
3.04
4.32
4.8
4.16
3.04
4.8
6.08
4.32
4.8
5.12
6.24
4.8
2.88
6.08
3.68
6.4
3.04
5.12
4.48
5.6
5.44
4.32
3.84
5.6
1.92
4.48
4.96
4.32
4.32
4.32
3.04
5.6
4.32
3.68
4.8
4.32
5.44
3.84
5.6
4.8
2.88
5.92
5.12
2.08
5.12
4.64
5.76
4.64
4.32
5.76
5.44
5.12
4.96
4.96
3.52
4.8
5.76
4.8
3.84
4.32
4.48
4.64
4.32
4
4.32
5.28
4.32
5.92
3.04
5.44
3.68
5.6
5.12
4
4.64
5.12
4.48
4.48
5.6
2.88
5.6
4.8
1.76
4.96
4.96
5.12
4.48
4.64
5.6
4.48
5.28
4.64
4.8
5.76
4.8
4.16
5.44
4.64
4.32
6.4
5.92
4
2.24
5.76
5.28
5.76
2.88
3.68
3.68
5.44
5.76
3.36
4.8
5.6
5.76
4.64
4.48
3.84
4.48
4.8
5.12
3.04
4.16
4.64
4.16
3.36
5.28
5.6
4.16
4.32
3.2
5.76
4.8
5.12
4.48
4.32
5.12
4.64
6.56
4.96
1.92
5.6
4
5.28
5.76
6.24
4.48
5.6
5.6
3.52
4.16
4.64
4.16
5.6
4.96
5.6
5.28
4.8
5.12
1.76
6.56
3.04
4.64
3.52
3.84
4.8
5.44
4.48
5.76
6.08
4.96
3.68
4.48
4.88
4.64
4.8
4.96
5.12
3.2
6.4
5.44
3.52
5.44
3.36
5.6
5.28
4
3.04
4.96
4.32
5.12
5.28
3.84
4.96
4.96
4.8
4.64
3.2
4.48
4.32
5.28
3.84
4.72
8.48
3.04
3.68
5.44
3.52
4
4.32
4
4.24
4.64
5.28
3.2
4
4.64
4.64
4.16
6.24
3.36
4.48
4.48
3.04
6.24
4.32
4.96
3.52
4.48
4.8
4
6.88
3.04
4.96
2.24
4.32
6.24
3.04
5.12
4.16
4.16
5.44
5.28
4
5.44
3.36
6.56
4.48
6.08
4.32
4.96
3.36
4.96
2.88
3.36
4.48
4.16
4.32
4.8
4.96
4.96
5.6
3.2
5.28
4.32
4.96
5.76
4.64
4.8
6.08
4.8
4
5.6
3.04
4
6.4
4.48
4.48
6.24
5.76
3.52
4.48
4.32
3.04
5.6
4.48
4.48
5.28
3.2
4.8
4.48
4.96
3.36
2.08
4.64
4
4.8
4.32
3.84
4.8
4
4.32
3.04
4.64
3.2
3.36
3.84
4
4.32
4
3.84
2.88
1.76
3.04
3.36
2.56
3.84
3.68
3.36
4.48
3.68
3.68
3.2
4.32
4
4.32
3.2
3.36
4.16
3.84
3.68
3.36
1.92
3.52
3.52
4
4.16
4.48
3.2
4.16
4.32
4
3.68
3.36
4.64
5.44
4
3.04
4
5.44
5.12
1.76
4.32
4.96
5.44
3.84
4.48
4.32
5.44
5.44
3.84
4
4.16
3.36
4.48
4
4.8
3.84
4.64
3.84
3.36
2.56
3.68
4
4.8
4
3.68
3.36
4.96
3.52
3.68
4.64
3.2
3.84
4.8
3.36
3.2
5.12
4.64
1.76
4.16
4
4.32
4.16
4.8
3.84
4.48
5.28
3.84
5.92
4.64
4.64
3.36
3.04
4.8
4.32
4.8
3.04
4
2.24
4.32
4.64
4.8
4.48
4.64
4.16
5.12
5.76
2.72
5.12
4.48
5.76
4.32
4.48
4.64
3.36
5.28
4.64
2.08
5.44
4.48
4.64
5.6
4.96
5.44
4.8
4.16
4.48
3.84
5.12
5.92
6.4
5.12
4.64
6.4
6.08
4.64
6.24
3.2
5.28
6.08
5.76
7.2
4
5.44
6.4
4.96
5.28
4.96
6.4
5.12
3.2
7.52
4.48
4.32
3.84
4.48
3.04
4.64
5.28
2.56
5.92
4.16
5.28
6.08
4.8
3.36
4.8
4.16
3.2
4.96
5.76
4.96
4.48
4.8
4.48
2.88
6.4
3.84
6.88
5.44
4.96
4.48
5.12
5.12
4.16
7.04
5.12
5.6
4.72
5.6
5.12
5.92
6.24
2.24
5.6
6.24
5.6
5.76
6.08
5.28
4.96
7.52
3.84
4.32
4.48
5.12
5.12
4.8
5.12
4
3.52
5.28
4.8
3.04
5.76
6.4
6.24
5.44
5.6
5.92
3.04
4.32
4.64
5.6
5.76
5.6
3.68
4.32
3.52
4.64
8
5.6
2.88
5.92
4.64
3.84
5.28
5.76
3.84
5.12
5.6
5.12
5.28
5.28
4.96
4
4.16
5.76
5.6
6.88
4.64
5.12
2.88
5.28
4.64
5.12
6.56
5.92
5.44
5.6
5.12
4.96
6.4
5.6
6.4
6.56
5.92
5.92
6.24
6.4
6.24
4.32
5.28
7.2
5.92
5.6
6.08
6.08
6.88
6.24
5.6
5.6
5.92
7.36
5.6
7.84
4.96
7.84
6.72
7.68
5.92
2.56
6.08
5.92
6.4
7.04
7.2
6.72
5.92
7.04
6.08
5.44
7.2
5.92
7.36
7.04
5.44
5.44
6.08
6.88
2.72
5.6
5.6
7.2
6.88
5.12
5.76
7.52
6.08
7.04
6.4
6.24
7.36
6.56
7.04
3.68
7.04
6.4
8.16
7.04
3.68
5.44
4.64
6.88
6.72
5.12
8.48
8.32
5.92
6.4
7.84
6.72
6.24
6.88
6.4
5.6
6.08
7.2
4.16
6.56
5.44
5.92
6.56
5.92
6.88
7.84
7.2
7.68
6.56
7.84
7.68
8
7.2
5.28
6.4
6.24
4.32
5.28
4.32
6.4
6.4
6.08
5.6
6.88
6.88
7.04
8.48
5.76
4.96
7.36
7.2
7.36
4.64
6.88
6.56
5.92
6.88
3.04
4.64
3.52
8
8
7.2
7.2
6.56
6.88
6.08
6.08
7.04
5.92
8.48
6.24
6.24
6.88
5.76
6.72
4.16
6.72
7.04
6.24
6.88
5.92
6.88
4.96
8.96
5.76
6.72
5.28
7.68
5.28
6.56
7.04
6.24
5.6
5.92
3.84
7.52
4.96
5.92
6.24
6.56
6.56
7.68
6.24
5.12
6.24
6.56
3.52
7.04
8.32
5.76
6.4
3.84
6.72
8.96
3.68
7.2
6.08
4.16
5.44
4.16
6.4
6.56
4.32
6.24
4.64
5.44
3.52
4.64
6.72
6.08
5.92
6.08
3.84
4.16
4.48
6.4
4.8
4.64
4.96
5.6
4.16
7.68
6.4
6.08
4.8
4.8
8.32
4.16
5.6
4.48
5.92
5.28
2.4
3.68
5.92
5.6
5.12
7.68
4.16
5.76
4
5.92
5.44
5.44
7.04
5.12
4.8
5.76
3.84
5.28
2.08
6.24
5.12
5.6
4.32
4.8
4.16
4.16
5.44
5.76
7.36
7.36
5.12
3.84
6.08
3.36
6.56
4
5.28
3.68
3.84
3.2
5.12
3.68
8.16
4
4.96
2.88
5.76
5.92
4.64
6.56
4
4.64
5.28
4.8
6.72
2.72
4
1.92
7.84
5.28
3.84
5.92
4.64
4.64
5.76
4.16
5.28
6.08
5.76
3.36
5.92
4.8
6.08
6.08
4.32
5.12
2.88
2.4
5.44
4.32
8.32
6.24
3.84
3.52
4.16
4
5.28
5.6
6.56
6.08
4.64
6.88
6.08
4.32
5.28
4.8
2.56
4
4.96
6.4
4.32
5.28
5.6
8.16
6.56
4.32
5.76
4.16
4.64
3.68
5.44
3.36
4
5.44
4.8
4.64
4.64
2.88
4.16
6.4
3.04
6.24
4.96
8.8
5.76
3.68
3.84
4.8
4.32
4.96
3.68
4.96
4.64
3.2
6.08
1.6
4.64
6.24
4.64
3.84
5.44
6.72
2.4
6.24
8
3.68
5.28
5.92
3.68
4.96
3.84
5.12
4.64
5.92
4.32
2.4
3.68
6.72
8.32
6.4
3.36
7.84
3.36
5.76
4.8
4.96
5.44
5.28
4.8
5.12
5.12
5.12
5.76
3.84
4.32
4
5.6
7.2
6.24
4.32
6.24
5.28
5.76
4.96
5.44
6.08
5.28
5.76
6.24
4.48
3.52
6.56
3.84
5.12
3.04
5.44
4.16
5.12
6.56
5.92
6.72
3.84
6.08
5.28
4.96
7.04
3.04
6.08
2.56
4.64
5.76
5.92
5.44
2.88
4.96
4.96
4.48
5.76
7.2
3.84
5.76
4.48
5.92
6.24
4.16
5.76
3.2
5.44
3.84
3.84
3.04
5.44
4
6.88
4
6.24
5.28
3.2
5.6
5.6
4.96
3.36
6.08
4.16
3.36
5.76
3.36
6.4
5.28
9.92
6.56
3.2
5.44
6.88
7.04
4.32
5.76
4
4.8
6.56
6.24
5.76
5.44
3.68
3.68
5.76
4.16
5.6
5.28
6.24
4.32
4
5.28
5.44
3.2
4.8
4.96
5.76
4.32
4.96
4.64
5.92
7.04
5.92
4
6.24
3.52
6.08
7.2
4.32
3.2
3.68
4
5.76
6.08
5.28
4.96
6.88
3.84
6.72
6.24
4.64
6.88
4.48
10.72
4
6.4
4.16
4.96
4.32
3.52
4.8
5.6
6.08
7.36
5.76
3.52
6.08
5.92
6.56
5.44
4.16
4.32
6.4
4.16
3.36
4.64
4.8
8.32
6.56
4
4.32
6.56
12.8
4
5.76
5.12
5.44
4.8
6.24
7.68
7.2
5.44
4.64
7.04
6.56
4.64
6.72
4
3.04
7.2
4.96
4.96
7.68
6.4
5.76
9.92
6.88
5.28
4.64
9.92
8.16
6.56
6.56
5.36
7.04
5.92
5.76
6.24
8.32
4.8
7.84
4.8
5.6
3.68
11.68
7.84
6.24
4.96
6.56
7.2
7.36
5.12
3.36
8.32
8
5.44
4.32
4.64
7.2
6.72
6.24
8.32
6.08
6.88
3.52
10.24
6.88
9.76
6.24
8.32
6.56
6.08
8.8
8.96
3.04
4.64
4.96
8.8
5.92
5.6
7.84
4.96
8.96
9.44
6.56
4
10.4
8.32
8.96
6.08
6.08
8.32
3.52
9.6
5.6
5.92
5.12
8.64
6.88
6.24
9.92
8.16
12.48
9.76
5.76
8.8
6.56
4.8
6.72
5.28
7.68
6.08
9.44
6.4
4.64
9.44
9.28
4
6.72
5.6
14.24
8.8
9.76
10.08
6.4
6.72
10.08
4.32
8.8
5.92
8.32
12.32
8
10.24
2.24
10.72
5.44
7.2
11.36
5.28
10.08
9.76
10.08
6.4
6.4
10.56
8.16
5.28
7.36
9.76
8.64
6.4
11.04
4.32
10.4
5.28
8
6.88
6.88
10.72
6.72
11.36
5.92
5.92
12.8
10.08
9.76
7.84
7.36
8.8
8.8
5.28
10.4
2.4
10.24
11.36
3.84
13.92
7.68
9.12
9.12
5.92
8.32
10.72
6.88
8.8
10.88
10.08
11.84
9.12
7.84
7.68
5.92
10.88
7.68
9.12
10.24
6.72
9.6
10.4
8.48
9.44
10.88
15.36
10.56
10.24
8
8.96
10.56
8.48
10.24
10.88
7.36
9.44
6.08
11.52
11.52
9.92
10.72
9.92
11.2
10.4
6.88
11.52
10.24
12.64
10.88
9.92
12.48
11.84
8.96
7.04
9.44
10.08
10.08
7.36
10.4
11.04
10.4
9.76
12.64
11.04
10.4
9.92
10.24
7.68
10.24
10.88
10.4
10.24
10.56
3.04
10.08
10.56
10.56
8.32
8.32
12.8
11.68
10.72
11.68
10.88
11.2
5.44
10.88
13.6
11.2
9.92
11.68
9.28
4.48
10.24
9.76
9.44
10.8
9.44
13.76
9.92
13.28
9.44
8.48
10.56
11.68
10.24
10.56
10.08
9.6
9.28
8.64
12.96
12
11.84
11.52
9.28
9.44
10.4
10.72
11.68
10.56
11.2
9.44
8
10.08
9.6
9.12
10.08
5.28
8.16
9.76
10.4
11.2
10.56
6.88
13.6
13.12
10.72
8.8
8.96
8.96
7.68
10.08
10.56
9.92
9.44
10.08
9.12
4.32
9.92
10.72
6.24
9.76
10.24
12.16
6.72
9.6
8.32
10.4
10.72
8.32
12.96
11.52
12
8
11.68
5.28
6.4
9.12
11.04
8.96
8.48
8.32
7.68
11.36
10.72
11.04
7.36
13.76
8.16
8.32
8.96
10.4
10.08
9.44
7.04
12.32
5.92
7.68
12
13.12
9.92
8.96
12.48
6.72
9.12
11.04
4.8
13.6
11.04
10.88
7.6
6.4
9.92
14.08
6.56
10.24
10.88
9.44
11.52
9.6
9.28
9.6
8.96
8.8
11.68
6.4
9.92
9.6
9.76
8.96
9.28
9.44
8.16
7.2
6.24
8.8
8.8
5.6
7.68
6.24
7.2
7.2
7.2
6.4
6.88
6.56
5.92
7.36
6.4
6.4
5.76
6.24
6.08
4
8.64
7.2
6.4
6.56
5.92
6.72
5.44
7.36
5.12
4.16
5.6
5.6
5.12
3.68
5.12
4.8
5.44
3.04
4.32
4.64
6.08
4.64
4.96
2.88
3.52
4
4.32
4
4.32
3.84
4.32
2.88
4.96
4
3.52
4
3.84
3.68
1.76
5.44
3.84
3.36
3.52
3.36
3.52
3.84
4.16
4.32
3.68
3.68
4.32
4
3.68
3.52
3.04
4.32
3.84
3.68
2.72
3.36
2.72
4.32
4.32
3.84
3.84
4.16
3.2
3.52
4.32
3.84
3.52
4
4.32
2.72
2.88
3.68
3.2
2.72
5.76
3.04
3.52
3.68
4.16
3.04
4
4
3.84
3.04
2.88
4
3.84
3.68
3.2
3.52
3.52
4
2.88
3.36
2.4
3.68
3.84
3.52
4.48
4.48
4.16
3.84
4.64
3.52
3.2
4.32
3.52
3.52
2.72
2.88
3.84
3.52
2.4
4.16
3.04
4
3.2
3.2
3.84
4
4.8
2.59034
2.64727
2.29333
2.86545
2.24
2.77333
2.74783
2.7
2.208
2.88
2.6
2.61333
2.61333
2.68
3.14667
2.4
2.64
2.92
2.76114
2.86933
2.83429
2.96
2.90667
3.2
3.52
3.28
2.91429
3.68
3.36
3.04
3.68
3.2
4.32
2.88
4
4.64
4.16
3.68
3.68
4.8
3.36
3.84
4.16
4.48
4
4.48
5.44
4.16
4.48
4.96
4.8
5.12
5.12
5.12
5.44
4.32
5.44
5.12
5.6
2.72
4.32
5.12
4.96
4.64
5.44
4.64
4.48
5.6
5.28
5.12
5.44
4.96
4.48
4.96
5.28
4.64
5.12
5.12
5.44
3.2
6.24
4.32
5.6
4.96
4.48
5.12
4.64
6.08
5.12
4.64
5.12
5.12
4.96
4.96
5.44
5.12
4.96
4.96
3.36
4.64
5.44
4.48
5.92
5.12
4.48
4.96
4.8
5.12
5.28
4.8
5.28
5.12
5.28
5.28
4.8
5.28
5.44
4.64
3.68
4
5.92
5.44
4.16
4.64
4.8
4.8
5.6
4.8
5.6
4.48
4.8
4.64
4.96
4.32
4.64
4.96
5.44
3.68
6.08
5.44
6.24
5.28
5.44
5.44
5.12
6.24
3.2
5.44
4.96
4.16
5.28
4.64
4
4.64
6.24
4.96
4.32
4.16
5.44
4.96
5.12
6.08
5.44
4.8
4.96
5.28
5.44
4.8
4.96
5.28
5.28
5.76
5.12
4.48
5.76
4.48
3.36
5.76
5.44
5.44
5.6
4.64
6.08
4.96
4.96
5.28
4.48
5.44
5.6
4.96
5.76
5.92
5.28
4.48
5.28
6.4
3.84
5.92
5.6
6.24
5.44
4.96
5.28
6.08
5.6
4.8
5.12
4.96
4.96
5.44
4.48
6.88
4.96
5.28
6.72
3.68
6.24
5.6
5.6
5.44
7.36
5.76
5.28
5.76
5.76
4.64
6.72
5.44
5.28
5.44
5.92
5.92
5.92
4.96
5.28
5.12
7.36
6.56
6.08
6.24
4.96
5.28
7.04
5.76
5.12
6.88
6.24
5.76
6.24
6.4
6.56
6.08
6.88
5.44
4.16
6.24
7.2
5.44
6.24
6.08
6.88
7.2
4.8
6.56
6.4
6.4
5.92
6.08
5.76
6.08
5.6
6.08
5.92
6.08
4.8
6.72
6.4
5.76
6.72
4.96
6.24
5.92
5.6
6.88
5.92
6.4
6.08
5.92
5.76
6.08
6.56
5.76
5.76
3.68
5.92
5.76
5.6
6.56
6.08
6.4
5.76
6.08
6.08
5.12
5.6
5.28
5.44
6.4
6.24
6.4
5.6
5.76
5.76
4.64
6.08
5.28
5.76
5.12
4.8
5.12
6.08
6.08
6.4
5.12
6.24
5.12
4.96
5.6
4.8
4.96
4.96
6.08
3.2
4.48
5.76
5.12
5.44
5.44
5.12
5.6
5.92
5.28
5.12
5.28
4.8
4.64
5.12
4.64
5.12
4.96
4.96
4.96
3.68
5.6
5.28
4.8
4.32
4.64
4.32
4.64
5.6
4.96
4.48
4.32
4.96
5.12
5.44
5.28
4.96
4.96
4.48
3.68
5.6
4.48
4.48
4.32
4.32
4.8
4.96
4.64
4.32
4.8
4.8
3.52
3.52
4.48
3.2
3.52
3.2
3.2
4
3.04
3.04
2.88
3.84
3.84
3.52
3.84
3.2
3.52
3.04
5.12
3.2
3.52
3.04
3.68
3.36
4.32
4.16
2.88
3.04
4.32
4.16
3.36
4
3.52
3.84
3.52
3.2
3.52
3.68
3.2
3.2
3.52
4.48
3.68
3.36
3.2
4.16
3.68
3.36
3.84
3.52
3.68
4
2.88
4.32
3.84
3.84
3.36
3.2
4
3.2
3.84
3.68
3.84
3.84
3.52
4.16
1.92
5.12
3.68
3.36
3.68
4
3.2
4.32
3.52
3.68
3.84
3.68
3.84
3.36
3.36
3.36
3.68
4
3.52
3.36
3.2
3.68
3.68
3.04
2.88
3.68
3.36
4.8
4
2.4
4
4.96
3.68
4.32
4.48
3.68
3.36
3.36
3.52
2.24
4.96
3.04
4
2.72
2.88
2.08
2.4
2.88
3.04
2.56
2.72
2.88
2.08
2.56
2.72
2.24
2.56
1.76
2.56
2.08
1.76
1.92
2.4
2.4
2.88
2.4
2.56
2.56
2.56
1.76
2.72
2.4
2.08
2.56
2.24
2.88
2.08
3.36
1.76
2.08
1.76
2.72
1.6
2.08
2.88
2.24
2.08
2.24
2.72
3.36
2.56
2.08
2.88
2.4
1.76
1.76
2.24
1.92
2.4
2.72
2.08
1.92
2.4
1.92
2.4
2.72
2.56
3.04
2.56
2.08
2.4
2.08
2.56
2.56
2.24
2.56
3.2
3.04
1.92
2.56
2.56
2.08
2.24
2.24
12.64
7.52
12
7.04
8.16
6.88
7.36
6.24
9.28
9.44
4.96
6.72
6.88
4.16
7.36
14.88
8.64
7.84
11.84
14.08
16
16.8
12.96
13.44
11.84
9.76
5.92
8.64
4.64
5.92
5.76
7.36
4.32
5.6
6.24
6.08
8.96
13.6
18.24
11.36
15.04
16.48
15.04
14.56
13.28
8.48
5.92
7.84
8.16
17.44
15.52
16
8.64
16.96
15.68
17.6
17.12
17.28
17.6
18.88
19.04
19.2
19.2
10.88
11.36
12.16
18.4
18.56
19.2
18.56
17.6
7.84
16
12.8
15.52
14.56
16
15.36
13.44
12.16
14.72
15.84
18.08
18.56
17.12
17.92
16.8
18.08
16.16
17.28
12.48
6.56
14.24
17.12
14.56
16.16
17.44
18.4
19.04
18.16
18.4
17.92
14.24
12.96
12.8
13.6
12.48
10.56
16.48
8
14.08
11.52
13.76
9.6
10.08
7.52
10.08
11.04
10.24
12.48
11.68
12.48
11.84
9.92
14.88
15.04
14.08
17.28
13.12
7.36
12.32
13.92
14.48
16.48
12.48
14.72
16.48
15.04
14.4
15.68
11.52
14.24
14.24
15.52
15.04
15.36
16.8
9.28
14.08
14.24
17.44
15.04
12.96
12.48
12.64
11.84
13.12
11.2
16.32
19.04
15.04
16.16
14.08
14.56
13.92
15.2
13.28
7.2
9.28
10.4
12.32
15.04
10.72
14.4
15.04
10.88
10.56
14.08
12.48
11.68
13.6
13.92
13.92
14.08
16
13.6
5.28
16.16
15.04
13.44
14.72
15.2
14.08
15.84
8
8.48
9.6
10.56
12.32
7.84
13.12
12.8
13.28
9.28
7.84
13.12
8.4
13.12
10.88
13.92
12
10.4
14
11.52
12
16.32
14.56
15.36
15.04
13.28
7.52
13.6
7.2
9.6
13.28
11.84
11.04
13.44
12.16
10.24
11.52
10.56
13.28
12.48
11.36
13.76
14.4
16.32
16.8
16.8
16.96
16.64
7.04
15.2
10.88
13.6
10.08
12.64
10.72
13.28
9.44
12.64
8.8
12.16
14.24
11.84
13.28
14.72
11.04
11.36
10.4
6.24
11.68
14.4
12
12
12.8
9.44
11.2
12.96
10.88
10.56
12.8
12
12.32
10.08
7.68
14.08
9.12
14.24
15.04
7.52
15.36
13.76
9.12
8.64
8
12.48
10.16
9.6
10.24
11.36
8.32
6.88
11.2
8.96
9.44
8.64
10.24
3.84
12.64
8.48
8.96
8.64
11.04
11.36
11.04
11.52
8.96
11.36
9.44
14.88
13.28
7.04
10.4
12
10.72
9.28
14.4
7.52
16.96
16.48
10.88
12.8188
10.4
11.68
7.2
9.76
10.24
9.52889
11.28
9.44
9.6
14.4533
14.5371
14.1333
8.48
10.24
14.12
17.6
14.56
19.2
16.8
18.24
8.8
18.72
18.4
17.6533
16.48
18.72
19.2
17.28
17.28
18.08
18.24
17.92
17.28
18.56
17.44
19.04
16.32
18.24
8.48
15.2
16.32
16.32
16.32
16.64
17.536
18.2933
17.28
17.12
17.92
17.76
13.68
15.616
16.2133
19.2
17.28
16.9164
15.2
16.6857
15.04
17.76
13.44
15.2
17.76
12.32
16.7733
16.1829
13.44
16.8
14.16
10.76
11.04
11.84
9.12
12.64
9.28
10.72
10.72
9.92
8.24
8.16
10.56
8.16
7.84
11.2
10.56
11.44
13.2884
15.2
14.2489
19.04
17.3067
15.52
16.672
18.08
16.2133
15.2
16.96
17.92
17.68
16.8
13.6
6.88
6.45333
6.12
5.28
6.24
4.32
5.44
4.16
14.24
19.1467
18.24
2.88
2
1.44
1.408
6.08
6.24
11.52
3.68
1.28
1.44
6.56
14.88
6.48367
3.2
2.56
5.44
1.68
0.8
0.8
0.88
0.8
4.16
5.6
4
1.22667
1.12
3.04
1.44
2.72
2.32
1.92
1.2
0.64
1.92
2.72
1.6
2.4
1.6
2.08
2.56
1.6
1.44
1.12
2.4
2.72
1.92
2.88
2.08
1.92
1.44
1.28
2.88
1.6
1.44
1.6
1.6
1.28
1.28
1.92
1.44
2.24
1.6
1.6
1.6
1.12
1.76
2.72
1.28
1.12
1.44
1.12
1.28
0.96
0.8
1.44
0.8
1.28
1.12
1.28
1.92
0.8
1.76
0.8
0.96
2.08
1.28
1.12
1.12
1.12
1.12
1.6
1.28
0.64
1.76
1.6
0.72
0.693333
0.48
0.704
0.672
0.64
0.88
1.12
0.64
1.12
0.64
0.96
0.96
1.2
1.14286
1.28
1.04
0.4
0.8
1.28
1.6
0.88
1.12
0.8
1.12
0.88
0.8
0.72
1.28
0.96
1.28
0.8
1.12
1.28
0.853333
0.64
0.96
1.12
0.64
0.88
1.44
0.48
0.64
1.36
1.12
0.72
1.28
0.64
0.96
1.12
0.96
1.12
0.746667
0.8
1.44
0.96
0.96
0.64
1.44
1.12
1.28
1.28
1.12
0.48
1.76
1.2
0.64
0.96
0.8
1.28
0.96
0.64
1.44
1.12
0.88
0.64
2.08
0.64
1.92
1.28
1.12
2.56
1.92
1.6
0.32
1.76
0.8
0.48
1.28
0.64
1.28
1.12
1.44
2.08
1.44
1.76
1.12
1.6
1.76
0.96
1.28
0.96
1.12
0.88
0.64
0.64
1.28
1.44
1.44
0.8
1.76
0.32
0.96
0.8
0.96
1.76
1.28
0.8
1.12
0.96
1.28
0.8
1.28
1.12
1.12
0.8
0.8
1.44
0.96
1.12
1.44
1.44
0.96
0.8
1.6
0.96
0.8
1.44
0.32
0.96
1.44
0.88
0.96
0.8
0.32
0.96
1.28
0.8
0.96
1.12
0.48
1.44
1.6
0.48
1.44
1.6
1.28
0.8
1.52
0.8
0.64
1.44
0.48
0.48
0.8
0.8
0.96
1.44
1.28
0.96
0.96
0.96
0.96
1.12
1.44
1.44
1.44
1.12
1.28
0.96
0.96
0.96
0.64
