0
48000
0
1000
0
0
0
0
0
1001
0
0
0
2003
93
348
0
0
312
247
437
0
0
1
0
558
1004
0
0
0
0
996
1005
0
138
259
519
81
0
0
0
0
0
998
0
0
0
0
0
0
0
1006
0
0
0
1001
0
996
118
881
0
0
1
626
375
997
1999
1000
1002
0
1002
757
758
998
1000
1001
999
2999
439
0
1239
0
1003
0
999
516
1002
0
1002
999
1005
1994
0
1001
0
1003
4245
0
1
999
1003
998
0
0
1004
0
1001
1005
996
996
1999
0
553
1000
1002
1997
1000
1002
5998
0
0
1000
1
1004
0
996
0
2000
999
0
1001
1001
0
436
2140
1976
24
0
1
1002
0
1002
1000
999
331
996
1001
999
2000
1999
0
1000
584
20
1
1003
998
999
1000
753
1005
0
1997
998
1000
1003
0
1002
1000
1001
2994
3000
1000
0
0
1000
0
224
784
993
2000
245
1000
319
690
1005
1001
108
833
997
256
785
1001
913
1086
2005
995
602
580
0
286
71
1003
1003
0
491
4000
1000
979
22
0
0
999
647
362
1000
1001
0
1001
1000
265
743
993
1003
985
2000
0
1003
1998
999
0
1000
1003
0
999
999
1001
275
626
1253
1000
1007
379
261
741
1000
1003
0
1003
998
1475
523
2000
1000
1002
923
0
831
73
998
1001
2001
0
999
1001
836
1001
0
610
998
2998
0
1000
1004
0
1002
48
157
2000
740
259
1000
1003
2996
1000
0
1001
0
1005
1998
0
1001
493
509
999
1001
998
1000
345
24
1000
1000
1003
0
999
1002
635
1001
0
1000
761
1002
999
0
356
132
726
276
159
846
997
999
1999
1000
1001
0
1004
998
1000
961
1478
522
1001
1002
1270
727
1001
999
1000
904
103
756
248
997
1000
1002
1002
995
1002
1000
2000
1000
829
172
0
844
2198
799
1000
790
213
1001
23
119
755
480
1001
0
1002
521
248
810
1005
0
999
998
999
1002
1003
1000
998
998
999
1002
997
1001
1003
997
999
1000
1001
0
639
997
1001
999
1001
0
544
282
1089
21
1002
0
1007
998
999
998
1001
1000
1006
994
1002
999
1001
141
1004
0
1003
1001
1001
1000
137
1004
0
1003
1000
999
2161
0
0
728
1014
0
993
1000
999
1001
998
1001
1000
1000
999
1001
999
1069
1134
1033
620
996
1004
1003
1000
999
1000
1030
1000
1041
755
1986
0
1239
0
1737
1848
0
1467
0
1000
2224
0
0
3227
0
0
0
495
189
1037
0
1001
607
745
1005
0
1033
986
1012
1236
671
452
1155
3852
0
0
0
1152
0
1004
0
1002
998
1001
998
1003
998
1110
1604
1603
0
1723
0
913
1020
1000
2336
0
0
3754
0
0
0
2557
0
390
967
554
780
1042
0
1007
674
1753
0
1198
2083
0
1333
0
430
907
3357
0
0
0
575
2605
0
0
2601
0
0
1984
0
850
1033
1558
2998
0
0
1243
1185
0
1078
0
770
1000
5469
0
0
0
0
0
1457
1107
0
1041
0
1000
4522
0
0
0
0
1412
1111
0
1042
0
1095
1000
774
3989
0
0
0
1247
0
1041
0
1033
1165
1000
249
3667
0
0
1062
32
1056
0
1130
381
1472
1146
1000
5418
0
0
0
0
0
997
1853
0
2059
0
176
866
1865
1201
0
1486
0
650
3701
0
0
0
2542
0
1147
0
1041
0
996
1182
1552
999
3595
0
0
0
1108
2787
0
0
1789
0
814
297
1974
0
921
1033
2531
0
0
1507
0
1003
1064
0
1046
1529
334
774
750
2044
0
1100
355
4807
0
0
0
0
992
1384
100
1018
0
1158
2251
0
0
573
3035
0
0
1523
0
1381
0
886
1798
0
599
2318
0
0
3986
0
0
0
1013
1005
0
1004
1108
1125
2249
0
0
2577
0
286
1017
885
1061
1037
929
1344
797
741
1439
984
619
1227
1000
1327
0
968
925
966
418
897
6127
0
0
0
0
0
0
875
1003
1000
1069
1070
931
1335
598
670
2184
0
2378
0
0
703
985
1000
4856
0
0
0
0
1184
0
1037
0
1389
1438
604
3432
0
0
0
890
676
812
1701
0
410
491
2373
0
2661
0
0
1177
301
815
1063
593
1750
0
331
1000
8553
0
0
0
0
0
0
0
1453
0
0
1006
0
1111
959
2134
0
0
230
3171
0
0
2332
0
158
965
999
1000
5349
0
0
0
0
0
821
698
1074
0
1078
999
447
303
559
8209
0
0
0
0
0
0
0
793
0
1001
999
1002
1067
1121
1058
519
4692
0
0
0
0
1148
200
1829
0
2960
0
1011
362
1259
0
2672
0
1140
0
1868
1067
3371
0
0
0
1070
567
894
1031
122
1865
0
1967
0
1484
1157
0
1039
0
1000
864
3501
0
0
0
909
764
1004
1071
970
1033
1137
1444
4656
0
0
0
0
1241
1000
1007
0
1031
1003
1034
2190
0
0
2589
0
1244
0
1503
1213
528
1038
1231
2125
0
0
1432
805
888
344
244
2543
0
0
832
749
1068
190
2230
0
926
2793
0
0
981
1127
987
1089
2077
0
1241
0
152
1628
404
856
1576
2379
0
1005
763
281
958
1281
1093
720
754
338
288
1422
0
1025
1055
1281
1585
0
1243
1312
1045
883
572
3474
0
0
0
944
882
944
1461
811
1020
1425
864
1238
166
958
1262
0
850
132
344
1293
712
913
1034
212
963
1044
992
284
2126
0
1267
1252
0
1009
0
998
1868
1403
0
1000
102
2070
0
1156
0
1038
0
1075
814
1241
0
2722
0
1223
2414
0
0
590
911
996
1230
612
1
2739
0
0
1324
1372
0
754
1001
1075
1358
649
313
2609
0
1020
1113
0
1027
610
1375
0
2956
0
0
66
983
1007
0
998
1003
1127
939
1534
2069
0
659
355
1
887
964
1006
1102
926
1077
329
1284
0
806
1003
1035
1000
1000
4429
0
0
0
0
1013
1559
0
1006
0
1001
1003
995
1000
1036
701
967
1272
735
1052
761
2912
0
0
1267
0
1008
0
1039
1073
913
840
434
410
1000
3942
0
0
0
1095
0
1041
0
1141
1
2492
0
0
1007
0
1030
1003
1120
2217
0
0
1851
0
1371
1211
650
444
1283
1356
0
1008
0
1030
1003
1132
800
1365
2569
0
0
1423
0
637
432
1606
0
1525
921
2616
0
0
1307
88
1008
0
1001
1065
1004
1144
815
1941
0
845
929
1252
0
857
970
1066
966
1138
567
1327
0
2601
0
650
513
768
578
1197
1112
947
1918
0
1150
0
1072
930
273
1533
0
1578
1218
0
903
939
419
5729
0
0
0
0
0
1281
0
1009
0
1003
997
1000
1034
1153
419
1772
0
1009
1885
0
1228
1857
0
876
2010
0
901
395
1428
464
3610
0
0
0
1173
1220
0
1042
0
194
1769
0
1039
1857
0
1190
1052
0
1081
0
874
1662
0
1325
1769
0
1705
0
1968
0
872
375
2736
0
0
1572
0
1075
0
716
1627
0
1216
986
3619
0
0
0
1016
1020
1111
1297
2064
0
0
1735
268
916
1389
0
742
1975
0
564
1403
1664
0
1119
150
1853
0
2090
0
1919
0
1519
2158
0
0
1445
2239
0
1607
0
1072
804
871
2608
0
0
1501
2692
0
0
1419
0
1012
0
1600
1337
449
2721
0
0
353
5548
0
0
0
0
0
892
1006
1719
0
1237
0
999
730
2339
0
0
5024
0
0
0
0
946
969
1029
1000
245
2814
0
0
3662
0
0
0
1364
1000
1010
0
1038
1063
1754
0
3009
0
0
3227
0
0
325
734
1148
1000
4816
0
0
0
0
1191
0
1012
0
1148
1000
240
3338
0
0
909
185
1727
1727
0
399
1210
479
2978
0
0
1618
0
294
999
606
759
5438
0
0
0
0
0
738
1005
1065
1038
975
1492
0
3454
0
0
0
3007
0
0
1355
258
1006
720
1656
0
1242
1151
5720
0
0
0
0
0
1032
972
1502
389
816
2337
0
0
2422
0
993
119
2031
0
155
2883
0
0
3530
0
0
1435
0
1000
196
1582
0
2740
0
0
1941
0
737
2379
0
0
1
6737
0
0
0
0
0
0
1295
1169
0
1041
0
1530
1039
375
775
4866
0
0
0
0
1350
0
1074
0
1627
545
1752
0
509
4146
0
0
0
0
931
747
1626
0
410
1801
0
1291
2963
0
0
1089
0
211
1065
330
2233
0
0
417
444
185
8319
0
0
0
0
0
0
0
0
794
1002
1001
1000
1163
1000
577
1000
305
5383
0
0
0
0
1104
1247
0
1074
0
1
1051
0
4994
0
0
0
0
1048
0
967
1034
1025
1000
3592
0
0
0
3189
0
0
1259
0
1041
0
2702
0
0
1297
293
1206
3942
0
0
0
2408
0
1056
1000
1052
0
1000
656
641
732
5958
0
0
0
0
0
1132
0
1038
0
1004
1037
739
3810
0
0
0
2512
0
0
1010
0
1235
230
224
2640
0
4585
0
0
0
0
827
883
877
1040
744
1430
0
4351
0
0
0
1243
0
1076
0
703
1828
0
2468
0
0
1045
0
284
2106
0
958
1034
1224
1170
1367
0
2007
0
99
3644
0
0
0
1845
0
1188
1451
0
245
1121
1051
1928
0
1574
0
74
306
1146
0
749
1365
0
2318
0
872
1588
1000
1042
0
1004
162
1630
0
2128
0
1060
823
1015
4114
0
0
0
971
1091
0
1038
0
1036
588
1342
2328
0
0
65
628
1074
0
2649
0
0
1072
2615
0
0
877
797
997
1184
1040
846
206
705
2090
0
1163
1064
184
746
609
394
978
1112
984
1094
0
960
1083
914
220
2279
0
1007
0
1013
0
995
1002
1033
966
998
1002
999
1001
998
1037
993
688
1116
0
911
1009
1023
1550
1357
1030
1037
0
1207
1496
0
1007
0
1003
1000
1002
996
1001
1000
1002
996
1001
1000
1000
998
1001
1001
1003
997
1000
999
1001
999
1002
998
1001
998
1000
1001
1000
1001
997
1001
1001
999
999
1002
1000
999
1001
999
1001
1000
998
1000
1001
1000
999
1001
1000
999
1000
1001
1000
999
999
1002
1002
997
1000
1001
1002
1000
999
999
1001
1002
998
998
1002
1001
999
998
1003
999
998
1000
1002
1000
998
1000
1004
998
997
1000
1002
999
998
1000
1003
999
998
1000
1002
1002
996
1001
1001
999
999
1001
1001
1000
998
1001
1001
1000
1179
998
1004
0
1001
1000
1000
999
1001
999
1001
999
999
1271
0
1003
0
1001
1003
997
1001
841
1078
999
1004
0
1001
999
999
1001
1001
999
1001
999
1001
1000
1001
998
1000
999
1001
1000
1000
1000
1000
1000
1000
1002
999
999
1000
999
1003
999
999
1000
1000
1000
1001
999
1019
1003
0
1000
1000
1000
1015
1056
998
1004
0
999
1003
999
999
999
1000
1000
1001
1000
1001
999
1001
998
1001
999
1001
999
1000
1000
1003
998
999
1000
1001
999
1000
1000
1001
999
1000
1000
1001
999
1000
1000
1001
999
1000
1000
1001
999
1000
1000
1002
998
1001
999
1003
998
999
1000
1002
1001
997
1001
1002
1000
999
998
1002
998
1002
998
1001
1000
1001
998
1003
997
1002
998
1002
998
1002
998
1000
1000
1002
998
1000
1002
1000
998
69
1001
1001
0
1002
998
1002
998
1002
998
1002
998
1001
999
1002
998
1000
1001
1001
998
1001
999
1001
999
1000
1000
1002
998
1000
1000
1001
999
1000
1000
1001
999
1000
1000
1001
999
1000
1000
1001
1000
1002
997
1001
999
1002
35
1002
1001
0
1000
1001
999
1000
1000
1001
1000
1000
999
1001
999
1001
999
1001
999
35
1270
998
954
52
1004
0
998
1002
999
1001
998
1001
999
1002
998
1001
999
1001
999
1001
999
1001
1000
1001
998
1012
250
542
780
124
1001
1001
0
1005
995
1000
1002
998
1000
1000
1002
998
1000
1002
998
1000
1000
1000
918
888
998
1001
755
247
697
1031
1000
1001
1001
999
729
1219
999
1001
1001
999
1001
999
1001
999
1001
1000
984
18
998
1000
1002
999
1001
999
1001
999
1001
999
1001
999
1001
879
1115
1000
920
83
759
1001
999
1001
1001
999
1001
999
1001
999
1001
999
1001
999
1001
999
1001
999
1002
0
1001
1000
975
27
1002
999
1001
999
1001
1000
1000
999
1002
0
1001
1000
1000
999
1002
0
1000
999
1001
999
1001
999
1001
1000
1000
999
1001
1000
1000
999
1002
0
1001
1000
1000
1000
1000
999
1001
999
1001
999
1001
999
1001
999
1001
999
975
27
1002
999
1002
0
1001
840
161
905
98
892
1013
1000
759
1243
998
1001
1001
999
1001
999
1002
0
1000
999
1001
1000
1000
999
1001
865
138
1000
1002
999
1001
999
1001
1000
1000
999
1002
0
1001
1000
999
1001
999
999
1000
1000
1001
999
1000
1000
1001
999
1000
1000
1001
999
1000
1000
1001
801
1198
1000
1001
999
1000
1000
1001
999
1000
1000
1001
999
1000
1000
1001
999
1000
1000
1001
999
1000
1000
1001
999
1000
1000
1001
999
1000
1000
1001
999
1000
1000
1001
999
1000
1000
1001
999
1000
1000
1001
0
0
0
0
0
0
140
2302
2241
2180
208
1363
1302
31
0
0
0
0
0
0
0
0
0
1
0
0
0
0
0
0
0
4
0
0
0
1583
1522
0
4976
4915
4854
4793
4732
4862
892
1166
1105
5603
5542
5481
5420
5359
5298
2374
2313
2252
0
12239
12178
12117
12056
11995
11934
11873
11812
11751
11690
11629
11568
11507
575
1658
1597
560
1402
1341
6532
6471
6410
6349
6288
6227
6166
0
0
20419
20358
20297
20236
20175
20114
20053
19992
19931
19870
19809
19748
19687
19626
19565
19504
19443
19382
19321
19260
19199
466
880
0
1303
1242
17792
17731
17670
17609
17548
17487
17426
17365
17304
17243
17182
17121
17060
16999
16938
16877
16816
16755
15343
15282
15221
15160
15099
15038
14977
14916
2688
2627
2566
0
7875
7814
7753
7692
7631
7570
7509
7448
8362
8301
8240
8179
8118
1448
1387
0
2919
2858
2797
784
27849
27788
27727
27666
27605
27544
27483
27422
27361
27300
27239
27178
27117
27056
26995
26934
26873
26812
26751
26690
26629
26568
26507
26446
26385
26324
26263
26202
19917
0
10711
10650
10589
10528
10467
10406
10345
10284
10223
10162
10101
5897
5836
5775
5714
5653
5592
8550
8489
8428
8367
8306
8245
8184
8123
8062
527
922
898
894
2932
2871
2810
1742
994
1734
782
867
379
2089
2028
1967
5630
5569
5508
5447
5386
5325
0
1743
1682
2645
2584
2523
197
0
5939
5878
5817
5756
5695
5634
3909
1164
1678
1617
4554
4493
4432
4371
4310
0
3055
2994
2933
2872
8850
8789
8728
8667
8606
8545
8484
8423
8362
2632
719
294
2662
2601
2540
2177
2116
2055
233
1492
1431
1825
1764
654
194
0
3784
3723
3662
3601
4756
4695
4634
4573
4512
304
894
104
962
901
3940
3879
3818
3757
2299
570
882
790
472
62
1893
1832
332
324
828
954
270
1664
1603
1379
1318
564
1615
1554
194
344
329
328
360
344
0
0
0
31
550
223
8
0
0
0
0
1
14
0
0
0
0
0
0
6
10
0
0
0
0
0
0
4
0
0
0
0
0
0
3
8
0
0
0
0
0
0
0
13
0
0
0
0
0
0
7
17
0
0
0
0
0
1
6
0
0
0
0
0
0
0
9
0
0
0
0
0
0
3
8
0
0
0
0
0
0
3
10
0
0
0
0
0
0
7
0
0
0
0
0
0
5
7
0
0
0
0
0
0
0
8
0
0
0
0
0
0
5
11
0
0
0
0
0
8
5
0
0
0
0
0
0
0
7
0
0
0
0
0
0
6
8
0
0
0
0
0
0
4
13
0
0
0
0
0
0
2
0
0
0
0
0
0
6
11
0
0
0
0
0
508
249
560
453
0
0
150
576
420
0
917
0
0
0
0
0
0
8
0
0
0
0
0
0
96
414
312
397
0
612
1535
1474
549
154
0
0
0
0
0
0
4
0
1191
1130
308
0
0
0
8095
8034
7973
7912
7851
7790
7729
7668
7607
358
410
1231
1170
0
9857
9796
9735
9674
9613
9552
9491
9430
9369
9308
4392
4331
4270
643
0
3792
3731
3670
3609
1522
1461
5760
5699
5638
5577
5516
5455
8827
8766
8705
8644
8583
8522
8461
8400
8339
1990
285
4091
4030
3969
3908
3847
6862
6801
6740
6679
6618
6557
6496
5087
5026
4965
4904
141
831
593
3279
3218
3157
3096
4248
4187
4126
4065
4004
0
0
0
17586
17525
17464
17403
17342
17281
17220
17159
17098
17037
16976
16915
16854
16793
16732
16671
16610
16549
228
696
435
3896
3835
3774
3713
0
4778
4717
4656
4595
4534
9254
9193
9132
9071
9010
8949
8888
8827
8766
8705
4965
4904
4843
4782
4721
5017
4956
0
5113
5052
4991
4930
4869
4808
0
0
0
25585
25524
25463
25402
25341
25280
25219
25158
25097
25036
24975
24914
24853
24792
24731
24670
24609
24548
24487
24426
24365
24304
24243
24182
24121
24060
4036
278
2660
2599
2538
6336
6275
6214
6153
6092
6031
5970
5964
5903
5842
5781
5720
5659
5548
5487
2743
2682
2621
0
5504
5443
5382
5321
5260
5199
11939
11878
11817
11756
11695
11634
11573
11512
11451
11390
11329
11268
17234
17173
17112
17051
16990
16929
16868
10789
10728
10667
10606
10545
10484
10423
10362
10301
10240
10179
0
0
17984
17923
17862
17801
17740
17679
17618
17557
17496
17435
17374
17313
17252
17191
17130
17069
17008
16947
16886
0
40826
40765
40704
40643
40582
40521
40460
40399
40338
40277
40216
40155
40094
40033
39972
39911
39850
39789
39728
39667
39606
39545
39484
39423
39362
39301
39240
39179
39118
39057
38996
38935
38874
38813
38752
38691
38630
38569
38508
38447
38386
37040
36979
36918
36857
0
6191
6130
6069
6008
5947
5886
5825
16736
16675
16614
16553
16492
16431
16370
16309
16248
16187
16126
16065
16004
15943
15882
15821
15760
15009
14948
14887
14826
14765
14704
14643
14582
14521
14460
14399
14338
14277
14216
12490
562
898
1905
1844
643
2564
2503
2442
2853
2792
2731
926
21
3448
3387
3326
3265
3667
3606
3545
3484
621
32
903
0
2303
2242
2181
415
124
3
0
0
11
960
894
57
0
15
0
0
0
0
173
623
597
328
866
316
0
0
0
0
5
0
0
0
0
0
0
0
5
0
0
0
0
0
0
6
6
0
0
0
0
0
0
3
12
0
0
0
0
0
0
6
0
0
0
0
0
0
0
4
0
0
0
0
0
0
0
9
0
0
0
0
0
0
6
12
0
0
0
0
0
0
5
0
0
0
0
0
0
0
12
0
0
0
0
0
0
2
6
0
0
0
0
0
0
0
17
0
0
0
0
0
0
12
0
0
0
0
0
0
1
8
0
0
0
0
0
0
8
14
0
0
0
0
0
3
1
11
0
0
0
0
0
0
6
0
0
0
0
0
0
3
7
0
0
0
0
0
0
1
7
0
0
0
0
0
0
10
11
0
0
0
0
0
5
4
0
0
0
0
0
0
0
7
0
0
0
0
0
0
0
13
0
0
0
0
0
0
4
10
0
0
0
0
0
0
6
0
0
0
0
0
0
1
4
0
0
0
0
0
1
1
15
0
0
0
0
0
0
6
9
0
0
0
0
0
0
2
0
0
0
0
0
0
0
15
0
0
0
0
0
0
4
6
0
0
0
0
0
0
0
14
0
0
0
0
0
0
5
0
0
0
0
0
0
0
4
0
0
0
0
0
0
3
12
0
363
541
0
1900
1839
68
775
20
93
0
0
0
0
13
8
0
0
0
0
0
0
0
0
0
0
0
0
0
0
2
0
0
0
0
0
0
1
8
0
0
0
0
0
0
8
23
0
0
0
0
0
0
4
0
0
0
0
0
0
0
3
0
0
0
0
0
0
4
9
0
0
0
0
0
0
6
16
0
0
0
0
0
0
1
0
0
0
0
0
2
2
2
0
0
0
0
0
0
0
9
0
0
0
0
0
0
4
13
0
0
0
0
0
0
9
0
0
0
0
0
0
0
8
0
0
0
0
0
0
1
11
0
0
0
0
0
0
2
15
0
0
0
0
0
0
5
0
0
0
0
0
0
1
7
0
0
0
0
0
0
0
9
0
0
0
0
0
0
5
11
0
0
0
0
0
0
6
0
0
0
0
0
0
0
3
0
0
0
0
0
0
0
15
0
0
0
0
0
0
8
16
0
0
0
0
0
0
5
0
0
0
0
0
0
0
1
0
0
0
0
0
0
3
11
0
0
0
0
0
0
3
8
0
0
0
0
0
0
8
0
0
0
0
0
0
0
10
0
0
0
0
0
0
3
9
0
0
0
0
0
0
9
15
0
0
0
0
0
0
9
0
0
0
0
0
0
12
2
0
0
0
0
0
0
0
8
0
0
0
0
0
0
0
9
0
0
0
0
0
0
5
0
0
0
0
0
0
3
8
0
0
0
0
0
0
0
9
0
0
0
0
0
0
2
14
0
0
0
0
0
0
5
0
0
0
0
0
0
3
14
0
0
0
0
0
0
9
16
0
0
0
0
0
0
2
14
0
0
0
0
0
0
4
0
0
0
0
0
0
0
12
0
0
0
0
0
0
2
14
0
0
0
0
0
0
4
11
0
0
0
0
0
0
1
0
0
0
0
0
0
0
4
0
0
0
0
0
0
5
7
0
0
0
0
0
0
9
8
0
0
0
0
0
0
5
0
0
0
0
0
0
2
6
0
0
0
0
0
0
1
6
0
0
0
0
0
0
2
11
0
0
0
0
0
0
7
0
0
0
0
0
0
0
4
0
0
0
0
0
0
2
13
0
0
0
0
0
0
2
8
0
0
0
0
0
4
9
0
0
0
0
0
0
0
7
0
0
0
0
0
0
0
3
0
0
0
0
0
0
6
14
0
0
0
0
0
0
13
0
0
0
0
0
0
0
5
0
0
0
0
0
0
2
12
0
0
0
0
0
0
3
11
0
0
0
0
0
0
8
0
0
0
0
0
0
3
6
0
0
0
0
0
0
0
9
0
0
0
0
0
0
1
11
0
0
0
0
0
0
0
0
0
0
0
0
0
1
6
0
0
0
0
0
0
4
13
0
0
0
0
0
0
3
6
0
0
0
0
0
0
2
0
0
0
0
0
0
6
4
0
0
0
0
0
0
0
6
0
0
0
0
0
0
11
13
0
0
0
0
0
1
7
0
0
0
0
0
0
0
5
0
0
0
0
0
0
0
10
0
0
0
0
0
0
0
10
0
0
0
0
0
0
8
0
0
0
0
0
0
0
6
0
0
0
0
0
0
0
8
0
0
0
0
0
0
5
8
0
0
0
0
0
0
6
0
0
0
0
0
0
2
11
0
0
0
0
0
0
2
12
0
0
0
0
0
0
2
9
0
0
0
0
0
0
3
0
0
0
0
0
0
1
7
0
0
0
0
0
0
8
9
0
0
0
0
0
0
3
14
0
0
0
0
0
0
6
0
0
0
0
0
0
1
4
0
0
0
0
0
0
3
11
0
0
0
0
0
0
1
9
0
0
0
0
0
0
4
0
0
0
0
0
0
4
3
0
0
0
0
0
0
2
8
0
0
0
0
0
0
3
14
0
0
0
0
0
0
2
0
0
0
0
0
0
0
6
0
0
0
0
0
0
3
7
0
0
0
0
0
0
8
7
0
0
0
0
0
0
5
0
0
0
0
0
0
1
10
0
0
0
0
0
0
0
9
0
0
0
0
0
0
3
15
0
0
0
0
0
0
7
0
0
0
0
0
0
3
10
0
0
0
0
0
0
10
13
0
0
0
0
0
0
3
14
0
0
0
0
0
0
2
0
0
0
0
0
0
6
10
0
0
0
0
0
0
2
9
0
0
0
0
0
0
3
11
0
0
0
0
0
0
7
0
0
0
0
0
0
6
5
0
0
0
0
0
0
1
10
0
0
0
0
0
0
4
11
0
0
0
0
0
0
10
0
0
0
0
0
0
0
6
0
0
0
0
0
0
6
6
0
0
0
0
0
0
3
11
0
0
0
0
0
0
2
0
0
0
0
0
0
0
8
0
0
0
0
0
0
2
9
0
0
0
0
0
0
7
10
0
0
0
0
0
0
6
0
0
0
0
0
0
0
3
0
0
0
0
0
0
2
8
0
0
0
0
0
0
4
15
0
0
0
0
0
0
3
0
0
0
0
0
0
0
6
0
0
0
0
0
0
6
7
0
0
0
0
0
0
0
13
0
0
0
0
0
0
10
0
0
0
0
0
0
2
7
0
0
0
0
0
0
6
10
0
0
0
0
0
0
5
11
0
0
0
0
0
0
3
0
0
0
0
0
0
1
11
0
0
0
0
0
0
5
11
0
0
0
0
0
0
0
12
0
0
0
0
0
0
5
0
0
0
0
0
0
0
11
0
0
0
0
0
0
0
11
0
0
0
0
0
0
8
12
0
0
0
0
0
0
8
0
0
0
0
0
0
0
8
0
0
0
0
0
0
5
12
0
0
0
0
0
0
3
9
0
0
0
0
0
0
0
0
0
0
0
0
0
1
11
0
0
0
0
0
0
2
11
0
0
0
0
0
0
1
15
0
0
0
0
0
0
8
0
0
0
0
0
0
0
8
0
0
0
0
0
0
0
17
0
0
0
0
0
0
3
8
0
0
0
0
0
0
6
0
0
0
0
0
0
1
9
0
0
0
0
0
0
0
10
0
0
0
0
0
0
1
15
0
0
0
0
0
0
5
0
0
0
0
0
0
0
8
0
0
0
0
0
0
0
9
0
0
0
0
0
0
5
12
0
0
0
0
0
0
10
0
0
0
0
0
0
1
10
0
0
0
0
0
1
1
11
0
0
0
0
0
0
5
16
0
0
0
0
0
0
7
0
0
0
0
0
0
1
9
0
0
0
0
0
0
3
10
0
0
0
0
0
0
0
11
0
0
0
0
0
0
4
0
0
0
0
0
0
0
5
0
0
0
0
0
0
1
10
0
0
0
0
0
0
5
5
0
0
0
0
0
0
3
0
0
0
0
0
0
0
12
0
0
0
0
0
2
6
12
0
0
0
0
0
0
4
8
0
0
0
0
0
0
3
0
0
0
0
0
0
7
10
0
0
0
0
0
0
5
9
0
0
0
0
0
0
3
9
0
0
0
0
0
0
10
0
0
0
0
0
0
0
14
0
0
0
0
0
0
8
5
0
0
0
0
0
0
0
7
0
0
0
0
0
0
3
0
0
0
0
0
0
2
15
0
0
0
0
0
0
0
12
0
0
0
0
0
0
0
9
0
0
0
0
0
0
8
0
0
0
0
0
0
0
7
0
0
0
0
0
0
0
8
0
0
0
0
0
0
4
9
0
0
0
0
0
0
4
0
0
0
0
0
0
0
8
0
0
0
0
0
0
1
7
0
0
0
0
0
0
5
13
0
0
0
0
0
3
2
0
0
0
0
0
0
0
6
0
0
0
0
0
0
1
7
0
0
0
0
0
0
11
16
0
0
0
0
0
0
6
0
0
0
0
0
0
0
3
0
0
0
0
0
0
2
6
0
0
0
0
0
0
4
10
0
0
0
0
0
0
7
0
0
0
0
0
0
0
9
0
0
0
0
0
0
0
11
0
0
0
0
0
0
6
20
0
0
0
0
0
0
7
0
0
0
0
0
0
0
2
0
0
0
0
0
0
3
13
0
0
0
0
0
0
0
14
0
0
0
0
0
0
5
0
0
0
0
0
0
4
8
0
0
0
0
0
0
7
9
0
0
0
0
0
0
6
9
0
0
0
0
0
0
2
0
0
0
0
0
0
6
4
0
0
0
0
0
0
0
9
0
0
0
0
0
0
1
7
0
0
0
0
0
0
0
0
0
0
0
0
0
1
9
0
0
0
0
0
0
0
8
0
0
0
0
0
0
2
10
0
0
0
0
0
0
4
0
0
0
0
0
0
0
6
0
0
0
0
0
0
3
8
0
0
0
0
0
0
3
12
0
0
0
0
0
0
2
0
0
0
0
0
0
2
7
0
0
0
0
0
0
0
10
0
0
0
0
0
0
0
11
0
0
0
0
0
1
6
0
0
0
0
0
0
0
8
0
0
0
0
0
0
0
9
0
0
0
0
0
0
1
18
0
0
0
0
0
0
8
0
0
0
0
0
0
5
9
0
0
0
0
0
0
0
9
0
0
0
0
0
0
4
10
0
0
0
0
0
0
3
0
0
0
0
0
0
0
6
0
0
0
0
0
0
0
8
0
0
0
0
0
0
2
12
0
0
0
0
0
0
1
0
0
0
0
0
0
0
9
0
0
0
0
0
0
0
8
0
0
0
0
0
0
4
9
0
0
0
0
0
0
6
0
0
0
0
0
0
0
8
0
0
0
0
0
0
0
9
0
0
0
0
0
0
12
10
0
0
0
0
0
0
7
0
0
0
0
0
0
1
7
0
0
0
0
0
0
6
10
0
0
0
0
0
0
3
14
0
0
0
0
0
0
5
0
0
0
0
0
0
0
9
0
0
0
0
0
0
5
11
0
0
0
0
0
0
0
8
0
0
0
0
0
0
4
0
0
0
0
0
0
0
8
0
0
0
0
0
0
1
6
0
0
0
0
0
0
1
9
0
0
0
0
0
0
5
0
0
0
0
0
0
5
7
0
0
0
0
0
0
4
5
0
0
0
0
0
0
0
13
0
0
0
0
0
0
1
0
0
0
0
0
0
0
14
0
0
0
0
0
0
3
9
0
0
0
0
0
0
1
9
0
0
0
0
0
0
5
0
0
0
0
0
0
3
5
0
0
0
0
0
0
3
1
0
0
0
0
0
0
3
12
0
0
0
0
0
1
7
0
0
0
0
0
0
0
5
0
0
0
0
0
0
0
7
0
0
0
0
0
0
2
10
0
0
0
0
0
0
11
0
0
0
0
0
0
0
4
0
0
0
0
0
0
1
12
0
0
0
0
0
0
7
12
0
0
0
0
0
1
4
0
0
0
0
0
0
0
8
0
0
0
0
0
0
0
7
0
0
0
0
0
0
2
10
0
0
0
0
0
3
9
0
0
0
0
0
0
0
8
0
0
0
0
0
0
0
9
0
0
0
0
0
0
7
16
0
0
0
0
0
0
6
0
0
0
0
0
0
0
1
0
0
0
0
0
0
9
7
0
0
0
0
0
0
0
4
0
0
0
0
0
0
0
0
0
0
0
0
0
0
7
0
0
0
0
0
0
0
10
0
0
0
0
0
0
10
9
0
0
0
0
0
0
0
0
0
0
0
0
0
0
7
0
0
0
0
0
0
0
12
0
0
0
0
0
0
5
8
0
0
0
0
0
0
5
0
0
0
0
0
0
0
8
0
0
0
0
0
0
0
13
0
0
0
0
0
0
0
7
0
0
0
0
0
0
3
0
0
0
0
0
0
6
13
0
0
0
0
0
0
0
9
0
0
0
0
0
0
0
9
0
0
0
0
0
0
7
0
0
0
0
0
0
1
7
0
0
0
0
0
0
4
7
0
0
0
0
0
0
2
9
0
0
0
0
0
0
6
0
0
0
0
0
0
2
10
0
0
0
0
0
2
2
10
0
0
0
0
0
0
0
10
0
0
0
0
0
0
10
0
0
0
0
0
0
0
6
0
0
0
0
0
0
2
9
0
0
0
0
0
0
0
11
0
0
0
0
0
0
9
0
0
0
0
0
0
2
8
0
0
0
0
0
0
0
5
0
0
0
0
0
5
7
12
0
0
0
0
0
0
13
0
0
0
0
0
0
0
6
0
0
0
0
0
0
0
8
0
0
0
0
0
0
5
15
0
0
0
0
0
0
11
0
0
0
0
0
0
0
6
0
0
0
0
0
0
6
11
0
0
0
0
0
1
3
16
0
0
0
0
0
0
0
0
0
0
0
0
0
2
7
0
0
0
0
0
0
0
8
0
0
0
0
0
0
11
12
0
0
0
0
0
1
3
0
0
0
0
0
0
0
5
0
0
0
0
0
0
6
13
0
0
0
0
0
0
7
9
0
0
0
0
0
0
6
0
0
0
0
0
0
2
8
0
0
0
0
0
0
7
12
0
0
0
0
0
0
3
10
0
0
0
0
0
0
0
0
0
0
0
0
0
1
13
0
0
0
0
0
0
6
11
0
0
0
0
0
0
0
13
0
0
0
0
0
0
6
0
0
0
0
0
0
0
7
0
0
0
0
0
0
3
5
0
0
0
0
0
0
2
15
0
0
0
0
0
0
6
0
0
0
0
0
0
5
9
0
0
0
0
0
0
0
10
0
0
0
0
0
0
4
9
0
0
0
0
0
0
8
0
0
0
0
0
0
4
9
0
0
0
0
0
0
0
12
0
0
0
0
0
0
3
10
0
0
0
0
0
5
10
0
0
0
0
0
0
2
8
0
0
0
0
0
0
2
4
0
0
0
0
0
0
4
12
0
0
0
0
0
0
8
0
0
0
0
0
0
0
3
0
0
0
0
0
0
0
3
0
0
0
0
0
3
6
20
0
0
0
0
0
0
3
0
0
0
0
0
0
0
5
0
0
0
0
0
0
2
14
0
0
0
0
0
0
4
16
0
0
0
0
0
0
7
0
0
0
0
0
0
0
2
0
0
0
0
0
0
2
8
0
0
0
0
0
0
6
13
0
0
0
0
0
0
2
0
0
0
0
0
0
0
4
0
0
0
0
0
0
8
11
0
0
0
0
0
1
10
14
0
0
0
0
0
0
1
0
0
0
0
0
0
1
7
0
0
0
0
0
0
5
12
0
0
0
0
0
0
4
12
0
0
0
0
0
0
3
0
0
0
0
0
0
1
6
0
0
0
0
0
0
7
8
0
0
0
0
0
0
0
9
0
0
0
0
0
0
2
0
0
0
0
0
0
2
15
0
0
0
0
0
0
4
13
0
0
0
0
0
0
1
16
0
0
0
0
0
0
6
0
0
0
0
0
0
0
8
0
0
0
0
0
0
0
7
0
0
0
0
0
2
1
12
0
0
0
0
0
0
3
0
0
0
0
0
0
0
6
0
0
0
0
0
0
4
6
0
0
0
0
0
0
2
13
0
0
0
0
0
1
8
0
0
0
0
0
0
0
5
0
0
0
0
0
0
0
8
0
0
0
0
0
0
4
17
0
0
0
0
0
0
9
0
0
0
0
0
0
0
5
0
0
0
0
0
0
8
11
0
0
0
0
0
0
7
13
0
0
0
0
0
0
1
0
0
0
0
0
0
0
6
0
0
0
0
0
0
7
5
0
0
0
0
0
1
5
9
0
0
0
0
0
0
2
0
0
0
0
0
0
0
7
0
0
0
0
0
0
1
9
0
0
0
0
0
0
5
15
0
0
0
0
0
0
2
0
0
0
0
0
0
0
2
0
0
0
0
0
0
0
11
0
0
0
0
0
5
6
12
0
0
0
0
0
0
2
0
0
0
0
0
0
0
4
0
0
0
0
0
0
2
6
0
0
0
0
0
0
2
15
0
0
0
0
0
0
4
0
0
0
0
0
0
1
9
0
0
0
0
0
0
8
15
0
0
0
0
0
0
6
4
0
0
0
0
0
0
2
0
0
0
0
0
0
1
7
0
0
0
0
0
0
0
14
0
0
0
0
0
0
2
9
0
0
0
0
0
0
2
0
0
0
0
0
0
2
6
0
0
0
0
0
0
6
10
0
0
0
0
0
0
0
12
0
0
0
0
0
0
9
0
0
0
0
0
0
0
10
0
0
0
0
0
0
0
10
0
0
0
0
0
0
3
15
0
0
0
0
0
0
5
0
0
0
0
0
0
0
5
0
0
0
0
0
0
1
9
0
0
0
0
0
0
3
12
0
0
0
0
0
3
5
0
0
0
0
0
0
0
10
0
0
0
0
0
0
3
5
0
0
0
0
0
0
7
10
0
0
0
0
0
0
5
0
0
0
0
0
0
0
7
0
0
0
0
0
0
2
7
0
0
0
0
0
0
6
14
0
0
0
0
0
0
1
0
0
0
0
0
0
0
5
0
0
0
0
0
0
0
9
0
0
0
0
0
0
8
14
0
0
0
0
0
0
7
0
0
0
0
0
0
0
7
0
0
0
0
0
0
6
8
0
0
0
0
0
0
9
17
0
0
0
0
0
0
4
0
0
0
0
0
0
0
5
0
0
0
0
0
0
4
8
0
0
0
0
0
0
0
12
0
0
0
0
0
0
2
0
0
0
0
0
0
0
6
0
0
0
0
0
0
6
13
0
0
0
0
0
0
0
12
0
0
0
0
0
0
0
0
0
0
0
0
0
0
4
0
0
0
0
0
0
4
7
0
0
0
0
0
0
3
9
0
0
0
0
0
0
7
0
0
0
0
0
0
0
12
0
0
0
0
0
0
4
12
0
0
0
0
0
0
1
8
0
0
0
0
0
0
3
0
0
0
0
0
0
2
6
0
0
0
0
0
0
0
6
0
0
0
0
0
0
0
10
0
0
0
0
0
0
5
0
0
0
0
0
0
0
8
0
0
0
0
0
0
0
7
0
0
0
0
0
0
3
13
0
0
0
0
0
7
3
0
0
0
0
0
0
1
3
0
0
0
0
0
0
1
11
0
0
0
0
0
0
4
7
0
0
0
0
0
1
4
0
0
0
0
0
0
0
3
0
0
0
0
0
0
0
6
0
0
0
0
0
0
1
14
0
0
0
0
0
2
7
0
0
0
0
0
0
0
11
0
0
0
0
0
0
0
3
0
0
0
0
0
0
5
10
0
0
0
0
0
1
6
0
0
0
0
0
0
0
6
0
0
0
0
0
0
0
9
0
0
0
0
0
0
7
15
0
0
0
0
0
0
0
0
0
0
0
0
0
0
5
0
0
0
0
0
0
4
13
0
0
0
0
0
0
8
12
0
0
0
0
0
0
3
0
0
0
0
0
0
0
2
0
0
0
0
0
0
0
8
0
0
0
0
0
0
6
11
0
0
0
0
0
0
0
0
0
0
0
0
0
0
7
0
0
0
0
0
0
1
7
0
0
0
0
0
0
2
15
0
0
0
0
0
0
0
0
0
0
0
0
0
0
9
0
0
0
0
0
0
0
5
0
0
0
0
0
0
1
9
0
0
0
0
0
0
4
0
0
0
0
0
0
0
12
0
0
0
0
0
0
3
7
0
0
0
0
0
0
2
9
0
0
0
0
0
5
5
0
0
0
0
0
0
1
17
0
0
0
0
0
0
5
5
0
0
0
0
0
0
0
10
0
0
0
0
0
0
5
0
0
0
0
0
0
5
11
0
0
0
0
0
0
0
4
0
0
0
0
0
0
0
15
0
0
0
0
0
3
8
0
0
0
0
0
0
0
7
0
0
0
0
0
0
3
7
0
0
0
0
0
0
11
14
0
0
0
0
0
0
6
0
0
0
0
0
0
0
2
0
0
0
0
0
0
6
12
0
0
0
0
0
0
3
15
0
0
0
0
0
0
5
0
0
0
0
0
0
0
5
0
0
0
0
0
0
1
13
0
0
0
0
0
0
3
12
0
0
0
0
0
0
7
0
0
0
0
0
0
0
7
0
0
0
0
0
0
0
10
0
0
0
0
0
0
4
14
0
0
0
0
0
0
3
0
0
0
0
0
0
0
10
0
0
0
0
0
0
9
13
0
0
0
0
0
2
4
15
0
0
0
0
0
0
6
0
0
0
0
0
0
0
10
0
0
0
0
0
0
6
18
0
0
0
0
0
0
0
6
0
0
0
0
0
0
6
0
0
0
0
0
0
0
9
0
0
0
0
0
0
2
9
0
0
0
0
0
0
2
11
0
0
0
0
0
0
7
0
0
0
0
0
0
0
5
0
0
0
0
0
0
1
15
0
0
0
0
0
0
5
11
0
0
0
0
0
0
4
0
0
0
0
0
0
0
6
0
0
0
0
0
0
3
7
0
0
0
0
0
0
5
10
0
0
0
0
0
0
7
0
0
0
0
0
0
5
7
0
0
0
0
0
0
2
10
0
0
0
0
0
0
2
13
0
0
0
0
0
0
8
0
0
0
0
0
0
0
8
0
0
0
0
0
0
0
12
0
0
0
0
0
0
9
18
0
0
0
0
0
0
11
0
0
0
0
0
0
0
2
0
0
0
0
0
0
0
7
0
0
0
0
0
0
10
12
0
0
0
0
0
3
6
0
0
0
0
0
0
0
4
0
0
0
0
0
0
0
7
0
0
0
0
0
0
2
7
0
0
0
0
0
0
5
0
0
0
0
0
0
0
3
0
0
0
0
0
0
4
6
0
0
0
0
0
0
10
13
0
0
0
0
0
0
1
0
0
0
0
0
0
0
3
0
0
0
0
0
0
3
11
0
0
0
0
0
0
5
6
0
0
0
0
0
0
3
0
0
0
0
0
0
0
11
0
0
0
0
0
0
3
6
0
0
0
0
0
0
6
13
0
0
0
0
0
0
9
0
0
0
0
0
0
0
4
0
0
0
0
0
0
2
12
0
0
0
0
0
0
3
11
0
0
0
0
0
0
2
0
0
0
0
0
0
0
9
0
0
0
0
0
0
4
11
0
0
0
0
0
0
0
10
0
0
0
0
0
0
5
0
0
0
0
0
0
0
5
0
0
0
0
0
0
1
7
0
0
0
0
0
0
6
10
0
0
0
0
0
0
6
0
0
0
0
0
0
0
8
0
0
0
0
0
0
0
14
0
0
0
0
0
0
4
15
0
0
0
0
0
0
8
0
0
0
0
0
0
0
8
0
0
0
0
0
0
0
9
0
0
0
0
0
0
1
11
0
0
0
0
0
0
11
0
0
0
0
0
0
0
5
0
0
0
0
0
0
0
11
0
0
0
0
0
0
3
11
0
0
0
0
0
3
8
0
0
0
0
0
0
0
10
0
0
0
0
0
0
0
8
0
0
0
0
0
0
2
10
0
0
0
0
0
0
9
0
0
0
0
0
0
0
7
0
0
0
0
0
0
1
4
0
0
0
0
0
0
6
13
0
0
0
0
0
0
8
0
0
0
0
0
0
0
6
0
0
0
0
0
0
3
14
0
0
0
0
0
0
1
13
0
0
0
0
0
0
7
0
0
0
0
0
0
1
4
0
0
0
0
0
0
3
12
0
0
0
0
0
0
6
9
0
0
0
0
0
0
2
0
0
0
0
0
0
0
2
0
0
0
0
0
0
3
10
0
0
0
0
0
1
8
13
0
0
0
0
0
0
6
0
0
0
0
0
0
0
9
0
0
0
0
0
0
0
11
0
0
0
0
0
0
1
12
0
0
0
0
0
0
1
0
0
0
0
0
0
0
9
0
0
0
0
0
0
2
8
0
0
0
0
0
0
0
5
0
0
0
0
0
0
4
0
0
0
0
0
0
0
9
0
0
0
0
0
0
2
9
0
0
0
0
0
0
6
9
0
0
0
0
0
0
9
0
0
0
0
0
0
4
8
0
0
0
0
0
0
0
6
0
0
0
0
0
0
5
7
0
0
0
0
0
0
7
0
0
0
0
0
0
3
13
0
0
0
0
0
0
8
11
0
0
0
0
0
0
4
12
0
0
0
0
0
2
7
0
0
0
0
0
0
0
4
0
0
0
0
0
0
0
2
0
0
0
0
0
0
0
11
0
0
0
0
0
0
11
0
0
0
0
0
0
2
7
0
0
0
0
0
0
5
7
0
0
0
0
0
0
2
13
0
0
0
0
0
3
5
0
0
0
0
0
0
0
4
0
0
0
0
0
0
0
7
0
0
0
0
0
0
5
13
0
0
0
0
0
0
8
0
0
0
0
0
0
0
6
0
0
0
0
0
0
5
10
0
0
0
0
0
0
5
10
0
0
0
0
0
0
1
0
0
0
0
0
0
4
5
0
0
0
0
0
0
3
11
0
0
0
0
0
1
5
14
0
0
0
0
0
0
2
0
0
0
0
0
0
0
4
0
0
0
0
0
0
0
12
0
0
0
0
0
0
7
6
0
0
0
0
0
0
3
0
0
0
0
0
0
0
5
0
0
0
0
0
0
2
8
0
0
0
0
0
0
5
9
0
0
0
0
0
0
11
0
0
0
0
0
0
2
11
0
0
0
0
0
0
0
7
0
0
0
0
0
0
0
11
0
0
0
0
0
1
2
0
0
0
0
0
0
0
4
0
0
0
0
0
0
0
8
0
0
0
0
0
0
2
14
0
0
0
0
0
0
6
0
0
0
0
0
0
0
4
0
0
0
0
0
0
0
8
0
0
0
0
0
0
0
16
0
0
0
0
0
0
4
0
0
0
0
0
0
0
10
0
0
0
0
0
0
0
12
0
0
0
0
0
0
1
10
0
0
0
0
0
10
11
0
0
0
0
0
0
0
14
0
0
0
0
0
0
0
7
0
0
0
0
0
0
1
12
0
0
0
0
0
0
9
0
0
0
0
0
0
0
4
0
0
0
0
0
0
0
11
0
0
0
0
0
0
10
9
0
0
0
0
0
0
5
0
0
0
0
0
0
0
9
0
0
0
0
0
0
0
12
0
0
0
0
0
0
3
15
0
0
0
0
0
0
3
0
0
0
0
0
0
0
6
0
0
0
0
0
0
0
14
0
0
0
0
0
0
8
16
0
0
0
0
0
0
5
0
0
0
0
0
0
0
1
0
0
0
0
0
0
9
9
0
0
0
0
0
0
8
18
0
0
0
0
0
0
2
0
0
0
0
0
0
2
7
0
0
0
0
0
0
4
12
0
0
0
0
0
0
7
7
0
0
0
0
0
0
1
0
0
0
0
0
0
1
8
0
0
0
0
0
0
9
10
0
0
0
0
0
0
5
9
0
0
0
0
0
0
5
0
0
0
0
0
0
2
6
0
0
0
0
0
0
1
9
0
0
0
0
0
0
0
12
0
0
0
0
0
0
5
0
0
0
0
0
0
0
8
0
0
0
0
0
0
0
10
0
0
0
0
0
0
0
16
0
0
0
0
0
0
1
0
0
0
0
0
0
0
11
0
0
0
0
0
0
4
9
0
0
0
0
0
0
0
7
0
0
0
0
0
0
4
0
0
0
0
0
0
3
15
0
0
0
0
0
0
0
6
0
0
0
0
0
0
4
9
0
0
0
0
0
0
4
0
0
0
0
0
0
0
7
0
0
0
0
0
0
0
5
0
0
0
0
0
0
6
16
0
0
0
0
0
0
3
0
0
0
0
0
0
3
7
0
0
0
0
0
0
0
5
0
0
0
0
0
0
10
17
0
0
0
0
0
0
7
0
0
0
0
0
0
1
3
0
0
0
0
0
0
0
11
0
0
0
0
0
0
3
10
0
0
0
0
0
0
9
0
0
0
0
0
0
0
7
0
0
0
0
0
0
0
9
0
0
0
0
0
0
1
14
0
0
0
0
0
0
6
0
0
0
0
0
0
1
2
0
0
0
0
0
0
0
10
0
0
0
0
0
0
9
15
0
0
0
0
0
0
2
0
0
0
0
0
0
3
5
0
0
0
0
0
0
0
12
0
0
0
0
0
1
0
10
0
0
0
0
0
0
3
0
0
0
0
0
0
0
12
0
0
0
0
0
0
4
10
0
0
0
0
0
1
0
11
0
0
0
0
0
0
4
0
0
0
0
0
0
1
11
0
0
0
0
0
0
2
8
0
0
0
0
0
0
6
10
0
0
0
0
0
1
4
0
0
0
0
0
0
1
8
0
0
0
0
0
0
4
13
0
0
0
0
0
0
0
12
0
0
0
0
0
0
6
0
0
0
0
0
0
4
8
0
0
0
0
0
0
0
7
0
0
0
0
0
0
2
10
0
0
0
0
0
0
5
0
0
0
0
0
0
0
4
0
0
0
0
0
0
2
6
0
0
0
0
0
0
0
10
0
0
0
0
0
0
5
0
0
0
0
0
0
0
8
0
0
0
0
0
0
0
8
0
0
0
0
0
0
7
11
0
0
0
0
0
1
5
0
0
0
0
0
0
0
6
0
0
0
0
0
0
0
4
0
0
0
0
0
0
0
10
0
0
0
0
0
2
3
0
0
0
0
0
0
0
5
0
0
0
0
0
0
0
4
0
0
0
0
0
0
6
9
0
0
0
0
0
0
1
0
0
0
0
0
0
1
4
0
0
0
0
0
0
0
5
0
0
0
0
0
0
11
10
0
0
0
0
0
0
10
0
0
0
0
0
0
0
6
0
0
0
0
0
0
0
5
0
0
0
0
0
0
5
12
0
0
0
0
0
1
8
0
0
0
0
0
0
0
5
0
0
0
0
0
0
4
10
0
0
0
0
0
0
3
16
0
0
0
0
0
0
0
0
0
0
0
0
0
0
5
0
0
0
0
0
0
2
12
0
0
0
0
0
0
7
11
0
0
0
0
0
0
1
0
0
0
0
0
0
0
6
0
0
0
0
0
0
0
10
0
0
0
0
0
0
5
10
0
0
0
0
0
0
2
0
0
0
0
0
0
0
8
0
0
0
0
0
0
7
16
0
0
0
0
0
0
0
13
0
0
0
0
0
0
7
0
0
0
0
0
0
4
11
0
0
0
0
0
0
1
5
0
0
0
0
0
0
4
6
0
0
0
0
0
0
9
0
0
0
0
0
0
0
1
0
0
0
0
0
0
2
9
0
0
0
0
0
0
6
17
0
0
0
0
0
0
5
0
0
0
0
0
0
0
9
0
0
0
0
0
0
0
11
0
0
0
0
0
0
8
8
0
0
0
0
0
0
1
0
0
0
0
0
0
0
10
0
0
0
0
0
0
1
10
0
0
0
0
0
0
2
14
0
0
0
0
0
2
3
0
0
0
0
0
0
0
7
0
0
0
0
0
0
0
8
0
0
0
0
0
0
8
11
0
0
0
0
0
0
5
0
0
0
0
0
0
4
2
0
0
0
0
0
0
1
12
0
0
0
0
0
0
7
11
0
0
0
0
0
1
3
0
0
0
0
0
0
2
11
0
0
0
0
0
0
0
11
0
0
0
0
0
0
5
11
0
0
0
0
0
2
14
0
0
0
0
0
0
1
14
0
0
0
0
0
0
8
7
0
0
0
0
0
0
4
13
0
0
0
0
0
0
4
0
0
0
0
0
0
0
2
0
0
0
0
0
0
0
17
0
0
0
0
0
0
0
12
0
0
0
0
0
0
5
0
0
0
0
0
0
0
11
0
0
0
0
0
0
0
4
0
0
0
0
0
0
0
9
0
0
0
0
0
0
4
0
0
0
0
0
0
2
8
0
0
0
0
0
0
3
3
0
0
0
0
0
0
1
14
0
0
0
0
0
0
9
0
0
0
0
0
0
0
12
0
0
0
0
0
0
0
6
0
0
0
0
0
0
2
11
0
0
0
0
0
0
4
0
0
0
0
0
0
3
12
0
0
0
0
0
0
0
4
0
0
0
0
0
0
0
6
0
0
0
0
0
0
6
0
0
0
0
0
0
3
6
0
0
0
0
0
0
0
9
0
0
0
0
0
0
0
12
0
0
0
0
0
2
6
0
0
0
408
201
524
221
343
0
128
0
0
0
0
0
7
0
0
0
0
0
0
0
17
0
0
0
0
0
0
7
0
0
0
0
0
0
0
8
0
0
0
0
0
0
0
6
0
0
0
0
0
0
5
12
0
0
0
0
0
0
7
0
0
0
0
0
0
2
10
0
0
0
0
0
0
0
10
0
0
0
0
0
1
3
10
0
0
0
0
0
1
8
0
0
0
0
0
0
0
13
0
0
0
0
0
0
0
6
0
0
0
0
0
0
10
10
0
0
0
0
0
6
7
0
0
0
0
0
0
2
9
0
0
0
0
0
0
4
14
0
0
0
0
0
0
5
12
0
0
0
0
0
0
7
0
0
0
0
0
0
0
10
0
0
0
0
0
0
1
13
0
0
0
0
0
0
8
12
0
0
0
0
0
0
6
0
0
0
0
0
0
0
7
0
0
0
0
0
0
4
13
0
0
0
0
0
0
7
14
0
0
0
0
0
1
5
0
0
0
0
0
0
8
11
0
0
0
0
0
0
0
11
0
0
0
0
0
0
0
6
0
0
0
0
0
0
2
0
0
0
0
0
0
0
9
0
0
0
0
0
0
0
9
0
0
0
0
0
0
0
13
0
0
0
0
0
0
7
0
0
0
0
0
0
9
12
0
0
0
0
0
0
2
7
0
0
0
0
0
0
4
15
0
0
0
0
0
6
9
0
0
0
0
0
0
0
9
0
0
0
0
0
0
3
9
0
0
0
0
0
0
2
12
0
0
0
0
0
0
5
0
0
0
0
0
0
4
11
0
0
0
0
0
0
1
8
0
0
0
0
0
0
3
14
0
0
0
0
0
0
10
0
0
0
0
0
0
2
7
0
0
0
0
0
0
1
5
0
0
0
0
0
0
12
13
0
0
0
0
0
0
11
0
0
0
0
0
0
0
5
0
0
0
0
0
0
0
9
0
0
0
0
0
0
6
12
0
0
0
0
0
0
2
0
0
0
0
0
0
0
7
0
0
0
0
0
0
5
13
0
0
0
0
0
0
3
13
0
0
0
0
0
0
4
0
0
0
0
0
0
0
8
0
0
0
0
0
0
8
16
0
0
0
0
0
0
6
10
0
0
0
0
0
0
4
0
0
0
0
0
0
0
12
0
0
0
0
0
0
6
10
0
0
0
0
0
0
3
9
0
0
0
0
0
0
6
0
0
0
0
0
0
3
13
0
0
0
0
0
0
6
11
0
0
0
0
0
0
9
10
0
0
0
0
0
1
0
0
0
0
0
0
2
1
5
0
0
0
0
0
0
5
11
0
0
0
0
0
0
2
12
0
0
0
0
0
0
7
0
0
0
0
0
5
2
7
0
0
0
0
0
0
0
7
0
0
0
0
0
0
1
13
0
0
0
0
0
2
4
0
0
0
0
0
0
3
9
0
0
0
0
0
0
2
8
0
0
0
0
0
0
7
10
0
0
0
0
0
0
7
0
0
0
0
0
0
0
9
0
0
0
0
0
0
0
13
0
0
0
0
0
0
2
16
0
0
0
0
0
0
13
0
0
0
0
0
0
0
14
0
0
0
0
0
0
0
6
0
0
0
0
0
0
6
20
0
0
0
0
0
6
11
0
0
0
0
0
0
2
7
0
0
0
0
0
0
0
7
0
0
0
0
0
0
8
14
0
0
0
0
0
0
5
0
0
0
0
0
0
0
6
0
0
0
0
0
0
3
18
0
0
0
0
0
0
4
13
0
0
0
0
0
0
5
0
0
0
0
0
0
0
8
0
0
0
0
0
0
0
13
0
0
0
0
0
0
7
15
0
0
0
0
0
0
5
0
0
0
0
0
0
2
10
0
0
0
0
0
0
7
11
0
0
0
0
0
1
4
15
0
0
0
0
0
0
4
0
0
0
0
0
0
0
11
0
0
0
0
0
0
6
11
0
0
0
0
0
0
1
13
0
0
0
0
0
0
3
0
0
0
0
0
0
1
8
0
0
0
0
0
0
0
11
0
0
0
0
0
0
6
11
0
0
0
0
0
0
7
0
0
0
0
0
0
0
10
0
0
0
0
0
0
5
8
0
0
0
0
0
0
6
15
0
0
0
0
0
7
0
0
0
0
0
0
0
0
10
0
0
0
0
0
0
2
8
0
0
0
0
0
0
0
11
0
0
0
0
0
4
7
0
0
0
0
0
0
4
14
0
0
0
0
0
0
0
9
0
0
0
0
0
0
3
11
0
0
0
0
0
0
11
0
0
0
0
0
0
2
10
0
0
0
0
0
0
0
6
0
0
0
0
0
0
3
15
0
0
0
0
0
5
9
0
0
0
0
0
0
0
5
0
0
0
0
0
0
2
10
0
0
0
0
0
0
3
17
0
0
0
0
0
0
4
0
0
0
0
0
0
0
7
0
0
0
0
0
0
2
15
0
0
0
0
0
0
2
17
0
0
0
0
0
0
6
0
0
0
0
0
0
0
5
0
0
0
0
0
0
3
12
0
0
0
0
0
0
6
13
0
0
0
0
0
0
6
0
0
0
0
0
0
0
1
0
0
0
0
0
0
7
14
0
0
0
0
0
0
8
14
0
0
0
0
0
0
0
0
0
0
0
0
0
0
7
0
0
0
0
0
0
1
11
0
0
0
0
0
0
9
16
0
0
0
0
0
0
7
0
0
0
0
0
0
2
10
0
0
0
0
0
0
6
8
0
0
0
0
0
0
0
13
0
0
0
0
0
0
1
0
0
0
0
0
0
2
10
0
0
0
0
0
0
3
15
0
0
0
0
0
1
3
10
0
0
0
0
0
0
11
0
0
0
0
0
0
0
13
0
0
0
0
0
0
4
14
0
0
0
0
0
0
0
12
0
0
0
0
0
6
9
0
0
0
0
0
0
7
11
0
0
0
0
0
0
2
9
0
0
0
0
0
0
2
14
0
0
0
0
0
3
8
0
0
0
0
0
0
1
10
0
0
0
0
0
0
0
7
0
0
0
0
0
0
2
10
0
0
0
0
0
1
10
0
0
0
0
0
0
10
7
0
0
0
0
0
0
0
10
0
0
0
0
0
0
7
11
0
0
0
0
0
0
6
0
0
0
0
0
0
0
7
0
0
0
0
0
0
1
10
0
0
0
0
0
0
4
14
0
0
0
0
0
0
2
0
0
0
0
0
0
1
5
0
0
0
0
0
0
4
14
0
0
0
0
0
0
3
14
0
0
0
0
0
0
9
0
0
0
0
0
0
0
12
0
0
0
0
0
0
0
10
0
0
0
0
0
0
3
14
0
0
0
0
0
0
3
0
0
0
0
0
0
0
4
0
0
0
0
0
0
6
11
0
0
0
0
0
0
5
13
0
0
0
0
0
0
3
0
0
0
0
0
0
0
5
0
0
0
0
0
0
1
8
0
0
0
0
0
5
7
10
0
0
0
0
0
0
6
0
0
0
0
0
0
0
13
0
0
0
0
0
0
3
10
0
0
0
0
0
0
7
13
0
0
0
0
0
0
2
0
0
0
0
0
0
1
11
0
0
0
0
0
0
4
14
0
0
0
0
0
0
0
12
0
0
0
0
0
0
8
0
0
0
0
0
0
2
12
0
0
0
0
0
0
0
6
0
0
0
0
0
0
4
11
0
0
0
0
0
1
9
0
0
0
0
0
0
0
12
0
0
0
0
0
0
1
5
0
0
0
0
0
0
1
12
0
0
0
0
0
0
8
0
0
0
0
0
0
0
10
0
0
0
0
0
0
0
9
0
0
0
0
0
0
3
16
0
0
0
0
0
0
3
0
0
0
0
0
0
1
10
0
0
0
0
0
0
3
7
0
0
0
0
0
0
1
9
0
0
0
0
0
6
15
0
0
0
0
0
0
2
9
0
0
0
0
0
0
1
6
0
0
0
0
0
0
9
13
0
0
0
0
0
1
9
0
0
0
0
0
0
0
1
0
0
0
0
0
0
6
14
0
0
0
0
0
0
6
15
0
0
0
0
0
0
2
0
0
0
0
0
0
0
6
0
0
0
0
0
0
5
16
0
0
0
0
0
0
0
9
0
0
0
0
0
0
3
0
0
0
0
0
0
0
10
0
0
0
0
0
0
1
9
0
0
0
0
0
0
1
11
0
0
0
0
0
0
9
0
0
0
0
0
0
5
12
0
0
0
0
0
0
1
14
0
0
0
0
0
0
2
14
0
0
0
0
0
0
3
0
0
0
0
0
0
2
10
0
0
0
0
0
1
3
15
0
0
0
0
0
0
2
13
0
0
0
0
0
0
3
0
0
0
0
0
0
4
9
0
0
0
0
0
0
3
12
0
0
0
0
0
0
6
10
0
0
0
0
0
1
7
0
0
0
0
0
0
0
7
0
0
0
0
0
0
2
7
0
0
0
0
0
0
3
8
0
0
0
0
0
0
7
0
0
0
0
0
0
6
12
0
0
0
0
0
0
0
6
0
0
0
0
0
0
0
11
0
0
0
0
0
0
4
0
0
0
0
0
0
2
9
0
0
0
0
0
0
0
8
0
0
0
0
0
0
7
12
0
0
0
0
0
0
6
0
0
0
0
0
0
0
5
0
0
0
0
0
0
0
9
0
0
0
0
0
0
7
18
0
0
0
0
0
0
7
0
0
0
0
0
0
0
6
0
0
0
0
0
0
4
13
0
0
0
0
0
0
5
14
0
0
0
0
0
0
7
0
0
0
0
0
0
0
10
0
0
0
0
0
0
3
6
0
0
0
0
0
0
9
18
0
0
0
0
0
0
3
0
0
0
0
0
0
0
10
0
0
0
0
0
0
11
15
0
0
0
0
0
0
8
15
0
0
0
0
0
0
4
0
0
0
0
0
0
0
7
0
0
0
0
0
0
4
9
0
0
0
0
0
1
3
12
0
0
0
0
0
0
3
0
0
0
0
0
0
3
14
0
0
0
0
0
0
2
12
0
0
0
0
0
0
5
10
0
0
0
0
0
0
5
0
0
0
0
0
0
1
12
0
0
0
0
0
1
3
7
0
0
0
0
0
0
1
18
0
0
0
0
0
0
6
0
0
0
0
0
0
6
4
0
0
0
0
0
0
6
10
0
0
0
0
0
0
7
8
0
0
0
0
0
0
4
0
0
0
0
0
0
3
15
0
0
0
0
0
0
5
11
0
0
0
0
0
0
4
11
0
0
0
0
0
0
4
0
0
0
0
0
0
1
12
0
0
0
0
0
1
2
17
0
0
0
0
0
0
0
11
0
0
0
0
0
0
9
0
0
0
0
0
0
4
7
0
0
0
0
0
0
0
13
0
0
0
0
0
0
3
12
0
0
0
0
0
0
4
0
0
0
0
0
0
2
10
0
0
0
0
0
0
5
10
0
0
0
0
0
0
0
12
0
0
0
0
0
0
3
0
0
0
0
0
0
0
11
0
0
0
0
0
0
2
4
0
0
0
0
0
0
0
8
0
0
0
0
0
0
9
0
0
0
0
0
0
6
9
0
0
0
0
0
0
0
9
0
0
0
0
0
0
2
10
0
0
0
0
0
1
6
0
0
0
0
0
0
4
5
0
0
0
0
0
0
0
10
0
0
0
0
0
0
1
15
0
0
0
0
0
0
10
0
0
0
0
0
0
0
9
0
0
0
0
0
0
0
8
0
0
0
0
0
0
7
9
0
0
0
0
0
0
3
0
0
0
0
0
0
0
6
0
0
0
0
0
0
3
17
0
0
0
0
0
0
0
10
0
0
0
0
0
3
14
0
0
0
0
0
0
0
9
0
0
0
0
0
0
4
11
0
0
0
0
0
0
7
14
0
0
0
0
0
0
8
0
0
0
0
0
0
0
8
0
0
0
0
0
0
4
14
0
0
0
0
0
0
0
11
0
0
0
0
0
0
3
0
0
0
0
0
0
0
7
0
0
0
0
0
0
1
9
0
0
0
0
0
0
0
14
0
0
0
0
0
0
7
0
0
0
0
0
0
0
9
0
0
0
0
0
0
0
11
0
0
0
0
0
0
2
10
0
0
0
0
0
0
9
0
0
0
0
0
0
0
7
0
0
0
0
0
1
3
9
0
0
0
0
0
0
5
10
0
0
0
0
0
0
2
0
0
0
0
0
0
8
9
0
0
0
0
0
0
0
16
0
0
0
0
0
0
0
14
0
0
0
0
0
0
5
0
0
0
0
0
0
3
12
0
0
0
0
0
0
2
9
0
0
0
0
0
0
2
13
0
0
0
0
0
0
10
0
0
0
0
0
0
4
13
0
0
0
0
0
0
1
5
0
0
0
0
0
0
8
15
0
0
0
0
0
0
10
0
0
0
0
0
0
4
8
0
0
0
0
0
0
0
9
0
0
0
0
0
0
5
12
0
0
0
0
0
7
4
0
0
0
0
0
0
0
6
0
0
0
0
0
0
2
9
0
0
0
0
0
1
5
14
0
0
0
0
0
0
7
0
0
0
0
0
0
0
8
0
0
0
0
0
0
3
15
0
0
0
0
0
0
5
12
0
0
0
0
0
0
1
0
0
0
0
0
0
2
6
0
0
0
0
0
0
4
10
0
0
0
0
0
0
3
15
0
0
0
0
0
0
1
0
0
0
0
0
0
0
9
0
0
0
0
0
0
8
10
0
0
0
0
0
0
0
7
0
0
0
0
0
0
11
0
0
0
0
0
0
0
12
0
0
0
0
0
0
6
12
0
0
0
0
0
3
3
10
0
0
0
0
0
0
6
0
0
0
0
0
0
1
9
0
0
0
0
0
4
7
9
0
0
0
0
0
0
9
11
0
0
0
0
0
0
3
0
0
0
0
0
0
4
5
0
0
0
0
0
0
5
18
0
0
0
0
0
0
2
11
0
0
0
0
0
0
6
0
0
0
0
0
0
0
11
0
0
0
0
0
0
1
11
0
0
0
0
0
0
5
10
0
0
0
0
0
0
8
0
0
0
0
0
0
6
11
0
0
0
0
0
0
0
7
0
0
0
0
0
0
6
11
0
0
0
0
0
2
7
0
0
0
0
0
0
1
4
0
0
0
0
0
0
2
7
0
0
0
0
0
0
4
11
0
0
0
0
0
0
3
0
0
0
0
0
0
0
7
0
0
0
0
0
0
0
11
0
0
0
0
0
0
4
11
0
0
0
0
0
0
12
0
0
0
0
0
0
0
6
0
0
0
0
0
0
1
8
0
0
0
0
0
1
7
18
0
0
0
0
0
0
8
0
0
0
0
0
0
0
11
0
0
0
0
0
0
5
12
0
0
0
0
0
0
4
11
0
0
0
0
0
0
8
0
0
0
0
0
0
0
10
0
0
0
0
0
0
2
9
0
0
0
0
0
0
12
13
0
0
0
0
0
0
6
0
0
0
0
0
0
1
5
0
0
0
0
0
0
0
4
0
0
0
0
0
0
13
12
0
0
0
0
0
0
6
0
0
0
0
0
0
3
4
0
0
0
0
0
0
8
12
0
0
0
0
0
0
6
14
0
0
0
0
0
0
2
0
0
0
0
0
0
0
9
0
0
0
0
0
0
10
12
0
0
0
0
0
0
3
9
0
0
0
0
0
0
3
0
0
0
0
0
0
2
9
0
0
0
0
0
0
12
11
0
0
0
0
0
0
5
11
0
0
0
0
0
0
11
0
0
0
0
0
0
1
5
0
0
0
0
0
0
0
9
0
0
0
0
0
0
4
13
0
0
0
0
0
2
5
0
0
0
0
0
0
6
10
0
0
0
0
0
0
0
11
0
0
0
0
0
0
5
9
0
0
0
0
0
3
9
0
0
0
0
0
0
6
11
0
0
0
0
0
0
0
6
0
0
0
0
0
0
0
10
0
0
0
0
0
6
7
0
0
0
0
0
0
3
10
0
0
0
0
0
0
1
4
0
0
0
0
0
0
5
18
0
0
0
0
0
2
7
0
0
0
0
0
0
0
202
264
80
0
0
0
0
0
9
0
0
0
0
0
0
7
17
0
0
0
0
0
1
7
0
0
0
0
0
0
0
3
0
0
0
0
0
0
0
11
0
0
0
0
0
0
10
17
0
0
0
0
0
0
3
0
0
0
0
0
0
0
9
0
0
0
0
0
0
7
12
0
0
0
0
0
0
3
7
0
0
0
0
0
0
10
0
0
0
0
0
0
0
7
0
0
0
0
0
0
5
13
0
0
0
0
0
1
11
12
0
0
0
0
0
0
4
0
0
0
0
0
0
4
10
0
0
0
0
0
0
4
12
0
0
0
0
0
0
5
6
0
0
0
0
0
0
2
0
0
0
0
0
2
4
11
0
0
0
0
0
0
4
10
0
0
0
0
0
0
4
11
0
0
0
0
0
0
15
0
0
0
0
0
0
3
12
0
0
0
0
0
0
0
9
0
0
0
0
0
0
6
12
0
0
0
0
0
0
6
0
0
0
0
0
0
1
12
0
0
0
0
0
0
9
12
0
0
0
0
0
0
0
12
0
0
0
0
0
0
4
0
0
0
0
0
0
2
12
0
0
0
0
0
0
2
12
0
0
0
0
0
0
3
10
0
0
0
0
0
0
7
0
0
0
0
0
0
5
9
0
0
0
0
0
0
0
9
0
0
0
0
0
0
5
10
0
0
0
0
0
3
8
0
0
0
0
0
0
2
6
0
0
0
0
0
0
2
11
0
0
0
0
0
0
5
10
0
0
0
0
0
0
1
0
0
0
0
0
0
2
5
0
0
0
0
0
0
4
13
0
0
0
0
0
0
5
9
0
0
0
0
0
0
1
0
0
0
0
0
0
0
12
0
0
0
0
0
0
1
6
0
0
0
0
0
0
0
14
0
0
0
0
0
0
12
0
0
0
0
0
0
0
4
0
0
0
0
0
0
0
8
0
0
0
0
0
0
2
12
0
0
0
0
0
0
7
0
0
0
0
0
0
0
9
0
0
0
0
0
0
0
10
0
0
0
0
0
0
2
18
0
0
0
0
0
2
6
0
0
0
0
0
0
0
6
0
0
0
0
0
0
0
9
0
0
0
0
0
0
8
14
0
0
0
0
0
3
6
0
0
0
0
0
0
0
7
0
0
0
0
0
0
1
9
0
0
0
0
0
0
5
15
0
0
0
0
0
3
6
0
0
0
0
0
0
0
0
0
0
0
0
0
0
1
15
0
0
0
0
0
5
9
9
0
0
0
0
0
0
2
0
0
0
0
0
0
0
12
0
0
0
0
0
0
0
10
0
0
0
0
0
0
9
11
0
0
0
0
0
0
6
0
0
0
0
0
0
4
5
0
0
0
0
0
0
5
10
0
0
0
0
0
0
8
16
0
0
0
0
0
0
6
0
0
0
0
0
0
2
12
0
0
0
0
0
0
5
10
0
0
0
0
0
0
5
10
0
0
0
0
0
1
0
0
0
0
0
0
0
0
6
0
0
0
0
0
0
2
8
0
0
0
0
0
1
2
14
0
0
0
0
0
0
6
0
0
0
0
0
0
3
14
0
0
0
0
0
0
0
9
0
0
0
0
0
0
4
14
0
0
0
0
0
0
13
0
0
0
0
0
0
0
7
0
0
0
0
0
0
5
8
0
0
0
0
0
1
0
13
0
0
0
0
0
0
9
0
0
0
0
0
0
5
10
0
0
0
0
0
0
6
13
0
0
0
0
0
0
2
11
0
0
0
0
0
0
4
0
0
0
0
0
0
7
6
0
0
0
0
0
0
6
12
0
0
0
0
0
0
0
13
0
0
0
0
0
0
5
0
0
0
0
0
0
2
9
0
0
0
0
0
0
4
7
0
0
0
0
0
0
2
11
0
0
0
0
0
0
3
0
0
0
0
0
0
2
6
0
0
0
0
0
0
1
9
0
0
0
0
0
0
2
12
0
0
0
0
0
0
10
0
0
0
0
0
0
1
13
0
0
0
0
0
0
0
8
0
0
0
0
0
0
1
11
0
0
0
0
0
3
6
0
0
0
0
0
0
0
5
0
0
0
0
0
0
8
14
0
0
0
0
0
0
3
8
0
0
0
0
0
1
6
0
0
0
0
0
0
1
9
0
0
0
0
0
0
0
6
0
0
0
0
0
0
4
14
0
0
0
0
0
0
7
0
0
0
0
0
0
0
7
0
0
0
0
0
0
0
7
0
0
0
0
0
0
9
14
0
0
0
0
0
0
7
0
0
0
0
0
0
0
7
0
0
0
0
0
0
7
12
0
0
0
0
0
0
6
9
0
0
0
0
0
0
3
0
0
0
0
0
0
2
5
0
0
0
0
0
0
6
15
0
0
0
0
0
0
4
11
0
0
0
0
0
0
7
0
0
0
0
0
0
0
4
0
0
0
0
0
0
5
7
0
0
0
0
0
0
12
14
0
0
0
0
0
0
0
0
0
0
0
0
0
0
6
0
0
0
0
0
0
1
11
0
0
0
0
0
0
6
12
0
0
0
0
0
0
11
0
0
0
0
0
0
2
8
0
0
0
0
0
0
8
16
0
0
0
0
0
0
0
12
0
0
0
0
0
0
5
0
0
0
0
0
0
0
2
0
0
0
0
0
0
10
11
0
0
0
0
0
0
0
9
0
0
0
0
0
0
5
0
0
0
0
0
0
0
10
0
0
0
0
0
0
8
7
0
0
0
0
0
0
0
14
0
0
0
0
0
0
8
0
0
0
0
0
0
0
7
0
0
0
0
0
0
0
6
0
0
0
0
0
0
0
15
0
0
0
0
0
3
4
0
0
0
0
0
0
4
7
0
0
0
0
0
0
0
13
0
0
0
0
0
0
8
17
0
0
0
0
0
0
10
0
0
0
0
0
0
4
9
0
0
0
0
0
0
2
14
0
0
0
0
0
0
2
10
0
0
0
0
0
3
5
0
0
0
0
0
0
0
7
0
0
0
0
0
0
0
10
0
0
0
0
0
0
4
11
0
0
0
0
0
0
3
0
0
0
0
0
0
3
2
0
0
0
0
0
0
9
11
0
0
0
0
0
0
5
15
0
0
0
0
0
2
2
0
0
0
0
0
0
6
0
0
0
0
0
0
0
3
13
0
0
0
0
0
0
5
15
0
0
0
0
0
0
1
0
0
0
0
0
0
5
12
0
0
0
0
0
0
2
10
0
0
0
0
0
0
1
11
0
0
0
0
0
0
4
0
0
0
0
0
0
3
10
0
0
0
0
0
0
0
4
0
0
0
0
0
0
1
13
0
0
0
0
0
0
4
0
0
0
0
0
0
0
8
0
0
0
0
0
4
2
12
0
0
0
0
0
0
0
11
0
0
0
0
0
0
4
0
0
0
0
0
0
10
9
0
0
0
0
0
0
0
11
0
0
0
0
0
0
0
12
0
0
0
0
0
0
7
0
0
0
0
0
0
4
31
719
665
196
614
398
422
0
2
0
0
0
0
0
0
0
10
0
0
0
0
0
0
6
14
0
0
0
0
0
0
4
0
0
0
0
0
0
0
14
0
0
0
0
0
0
1
11
0
0
0
0
0
1
6
12
0
0
0
0
0
0
8
0
0
0
0
0
0
1
7
0
0
0
0
0
0
4
16
0
0
0
0
0
0
7
11
0
0
0
0
0
0
1
0
0
0
0
0
0
0
4
0
0
0
0
0
0
2
11
0
0
0
0
0
0
9
12
0
0
0
0
0
0
9
0
0
0
0
0
0
2
10
0
0
0
0
0
0
2
13
0
0
0
0
0
0
7
10
0
0
0
0
0
2
5
0
0
0
0
0
0
5
12
0
0
0
0
0
0
0
15
0
0
0
0
0
0
8
17
0
0
0
0
0
3
3
0
0
0
0
0
0
5
8
0
0
0
0
0
0
0
15
0
0
0
0
0
0
7
8
0
0
0
0
0
0
0
0
0
0
0
0
0
5
12
0
0
0
0
0
0
3
13
0
0
0
0
0
0
4
9
0
0
0
0
0
0
9
0
0
0
0
0
0
0
14
0
0
0
0
0
0
0
16
0
0
0
0
0
0
1
9
0
0
0
0
0
0
3
0
0
0
0
0
0
3
8
0
0
0
0
0
0
0
9
0
0
0
0
0
0
2
10
0
0
0
0
0
0
9
0
0
0
0
0
0
2
5
0
0
0
0
0
0
3
8
0
0
0
0
0
0
0
11
0
0
0
0
0
0
8
0
0
0
0
0
0
0
10
0
0
0
0
0
0
0
8
0
0
0
0
0
0
0
10
0
0
0
0
0
0
12
0
0
0
0
0
0
0
6
0
0
0
0
0
0
1
8
0
0
0
0
0
0
4
13
0
0
0
0
0
0
4
0
0
0
0
0
0
0
6
0
0
0
0
0
0
0
11
0
0
0
0
0
1
6
19
0
0
0
0
0
1
8
0
0
0
0
0
0
7
11
0
0
0
0
0
0
3
11
0
0
0
0
0
0
2
9
0
0
0
0
0
0
1
0
0
0
0
0
0
1
7
0
0
0
0
0
0
0
8
0
0
0
0
0
0
7
13
0
0
0
0
0
0
5
0
0
0
0
0
0
0
7
0
0
0
0
0
0
4
16
0
0
0
0
0
0
6
9
0
0
0
0
0
0
3
0
0
0
0
0
0
6
10
0
0
0
0
0
0
0
11
0
0
0
0
0
0
9
9
0
0
0
0
0
0
5
0
0
0
0
0
0
0
8
0
0
0
0
0
0
7
11
0
0
0
0
0
0
4
20
0
0
0
0
0
0
4
0
0
0
0
0
0
5
4
0
0
0
0
0
0
7
5
0
0
0
0
0
0
4
11
0
0
0
0
0
0
7
0
0
0
0
0
0
1
14
0
0
0
0
0
0
2
16
0
0
0
0
0
0
4
8
0
0
0
0
0
3
3
0
0
0
0
0
0
4
14
0
0
0
0
0
0
4
7
0
0
0
0
0
0
2
10
0
0
0
0
0
1
6
0
0
0
0
0
0
2
9
0
0
0
0
0
0
0
7
0
0
0
0
0
0
0
11
0
0
0
0
0
0
11
0
0
0
0
0
0
0
7
0
0
0
0
0
0
0
11
0
0
0
0
0
0
5
10
0
0
0
0
0
2
7
0
0
0
0
0
0
0
7
0
0
0
0
0
0
1
7
0
0
0
0
0
0
4
13
0
0
0
0
0
0
10
0
0
0
0
0
0
0
11
0
0
0
0
0
0
0
6
0
0
0
0
0
0
11
19
0
0
0
0
0
1
11
0
0
0
0
0
0
0
5
0
0
0
0
0
0
4
11
0
0
0
0
0
0
5
17
0
0
0
0
0
1
11
0
0
0
0
0
0
0
13
0
0
0
0
0
0
6
7
0
0
0
0
0
0
8
12
0
0
0
0
0
0
3
0
0
0
0
0
0
2
3
0
0
0
0
0
0
5
5
0
0
0
0
0
0
6
13
0
0
0
0
0
0
7
0
0
0
0
0
0
0
8
0
0
0
0
0
0
2
14
0
0
0
0
0
0
4
11
0
0
0
0
0
0
1
0
0
0
0
0
0
1
4
0
0
0
0
0
0
10
9
0
0
0
0
0
0
3
8
0
0
0
0
0
0
6
0
0
0
0
0
0
7
9
0
0
0
0
0
0
8
0
0
0
0
0
0
0
6
13
0
0
0
0
0
0
6
0
0
0
0
0
0
0
7
0
0
0
0
0
0
0
10
0
0
0
0
0
0
0
16
0
0
0
0
0
0
7
0
0
0
0
0
0
0
8
0
0
0
0
0
0
4
8
0
0
0
0
0
0
0
11
0
0
0
0
0
1
9
0
0
0
0
0
0
2
11
0
0
0
0
0
0
0
6
0
0
0
0
0
0
7
17
0
0
0
0
0
2
15
0
0
0
0
0
0
3
7
0
0
0
0
0
0
2
6
0
0
0
0
0
0
7
10
0
0
0
0
0
1
7
0
0
0
0
0
0
0
10
0
0
0
0
0
0
0
11
0
0
0
0
0
0
5
14
0
0
0
0
0
0
9
0
0
0
0
0
0
3
3
0
0
0
0
0
0
6
7
0
0
0
0
0
0
4
7
0
0
0
0
0
1
5
0
0
0
0
0
0
0
4
0
0
0
0
0
0
0
11
0
0
0
0
0
0
7
13
0
0
0
0
0
0
9
0
0
0
0
0
0
0
8
0
0
0
0
0
0
0
16
0
0
0
0
0
1
5
15
0
0
0
0
0
0
3
0
0
0
0
0
0
0
7
0
0
0
0
0
0
2
11
0
0
0
0
0
0
7
14
0
0
0
0
0
1
10
0
0
0
0
0
0
1
5
0
0
0
0
0
0
3
10
0
0
0
0
0
0
8
10
0
0
0
0
0
0
4
0
0
0
0
0
0
0
10
0
0
0
0
0
0
3
8
0
0
0
0
0
0
6
12
0
0
0
0
0
0
8
0
0
0
0
0
0
0
4
0
0
0
0
0
0
1
15
0
0
0
0
0
0
0
9
0
0
0
0
0
0
6
0
0
0
0
0
0
3
15
0
0
0
0
0
0
2
8
0
0
0
0
0
0
5
10
0
0
0
0
0
2
11
0
0
0
0
0
0
0
6
0
0
0
0
0
0
1
8
0
0
0
0
0
0
5
14
0
0
0
0
0
0
7
0
0
0
0
0
0
0
13
0
0
0
0
0
0
0
7
0
0
0
0
0
0
4
9
0
0
0
0
0
0
2
0
0
0
0
0
0
1
9
0
0
0
0
0
0
0
8
0
0
0
0
0
0
2
16
0
0
0
0
0
1
13
0
0
0
0
0
0
0
8
0
0
0
0
0
0
0
8
0
0
0
0
0
0
8
11
0
0
0
0
0
3
10
0
0
0
0
0
0
0
1
0
0
0
0
0
0
0
7
0
0
0
0
0
4
4
15
0
0
0
0
0
2
6
0
0
0
0
0
0
2
9
0
0
0
0
0
0
1
8
0
0
0
0
0
0
3
16
0
0
0
0
0
0
8
0
0
0
0
0
0
0
4
0
0
0
0
0
0
9
4
0
0
0
0
0
4
7
17
0
0
0
0
0
0
7
0
0
0
0
0
0
0
11
0
0
0
0
0
0
6
12
0
0
0
0
0
2
11
16
0
0
0
0
0
0
3
0
0
0
0
0
0
7
10
0
0
0
0
0
0
2
13
0
0
0
0
0
0
5
8
0
0
0
0
0
0
15
0
0
0
0
0
0
3
6
0
0
0
0
0
0
2
7
0
0
0
0
0
0
9
6
0
0
0
0
0
0
9
0
0
0
0
0
0
5
12
0
0
0
0
0
0
3
7
0
0
0
0
0
0
1
14
0
0
0
0
0
0
4
0
0
0
0
0
0
1
8
0
0
0
0
0
0
2
10
0
0
0
0
0
0
3
13
0
0
0
0
0
4
10
0
0
0
0
0
0
6
9
0
0
0
0
0
0
0
7
0
0
0
0
0
0
1
15
0
0
0
0
0
3
13
0
0
0
0
0
0
4
5
0
0
0
0
0
0
2
5
0
0
0
0
0
0
1
13
0
0
0
0
0
0
10
0
0
0
0
0
0
0
6
0
0
0
0
0
0
0
7
0
0
0
0
0
0
4
9
0
0
0
0
0
0
2
0
0
0
0
0
0
0
5
0
0
0
0
0
0
3
17
0
0
0
0
0
0
1
16
0
296
260
1265
1204
462
640
93
214
0
0
0
0
2
5
0
0
0
0
0
0
5
0
0
0
0
0
0
1
11
0
0
0
0
0
0
0
10
0
0
0
0
0
0
0
8
0
0
0
0
0
0
4
0
0
0
0
0
0
2
11
0
0
0
0
0
0
1
6
0
0
0
0
0
0
3
17
0
0
0
0
0
0
7
0
0
0
0
0
0
1
5
0
0
0
0
0
0
0
11
0
0
0
0
0
0
4
12
0
0
0
0
0
0
2
0
0
0
0
0
0
0
5
0
0
0
0
0
0
0
12
0
0
0
0
0
0
7
13
0
0
0
0
0
0
8
0
0
0
0
0
0
0
6
0
0
0
0
0
0
4
12
0
0
0
0
0
0
6
13
0
0
0
0
0
0
4
0
0
0
0
0
0
0
0
0
0
0
0
0
0
0
11
0
0
0
0
0
2
5
12
0
0
0
0
0
0
1
0
0
0
0
0
0
0
4
0
0
0
0
0
0
0
8
0
0
0
0
0
1
3
13
0
0
0
0
0
0
11
0
0
0
0
0
0
0
12
0
0
0
0
0
0
7
8
0
0
0
0
0
0
4
12
0
0
0
0
0
0
7
0
0
0
0
0
0
1
10
0
0
0
0
0
0
1
11
0
0
0
0
0
0
1
7
0
0
0
0
0
0
3
0
0
0
0
0
0
2
9
0
0
0
0
0
0
1
8
0
0
0
0
0
0
1
9
0
0
0
0
0
0
6
0
0
0
0
0
0
0
7
0
0
0
0
0
0
0
5
0
0
0
0
0
0
1
6
0
0
0
0
0
0
6
0
0
0
0
0
0
0
7
0
0
0
0
0
0
0
7
0
0
0
0
0
0
0
16
0
0
0
0
0
2
4
0
0
0
0
0
0
2
9
0
0
0
0
0
0
0
8
0
0
0
0
0
0
0
7
0
0
0
0
0
0
4
0
0
0
0
0
0
1
9
0
0
0
0
0
0
2
10
0
0
0
0
0
0
3
16
0
0
0
0
0
0
3
0
0
0
0
0
0
0
8
0
0
0
0
0
0
1
7
0
0
0
0
0
0
3
13
0
0
0
0
0
2
7
0
0
0
0
0
0
0
6
0
0
0
0
0
0
0
8
0
0
0
0
0
0
11
15
0
0
0
0
0
1
8
0
0
0
0
0
0
0
4
0
0
0
0
0
0
3
9
0
0
0
0
0
0
1
9
0
0
0
0
0
0
0
0
0
0
0
0
0
0
3
0
0
0
0
0
0
5
8
0
0
0
0
0
0
0
5
0
0
0
0
0
0
4
0
0
0
0
0
0
1
10
0
0
0
0
0
0
0
4
0
0
0
0
0
0
1
5
0
0
0
0
0
0
12
0
0
0
0
0
0
3
4
0
0
0
0
0
0
5
16
0
0
0
0
0
0
1
10
0
0
0
0
0
0
2
0
0
0
0
0
0
1
10
0
0
0
0
0
0
6
11
0
0
0
0
0
0
1
9
0
0
0
0
0
0
7
0
0
0
0
0
0
5
8
0
0
0
0
0
0
7
9
0
0
0
0
0
0
0
10
0
0
0
0
0
3
7
0
0
0
0
0
0
0
6
0
0
0
0
0
0
0
4
0
0
0
0
0
0
7
13
0
0
0
0
0
0
8
0
0
0
0
0
0
0
6
0
0
0
0
0
0
0
13
0
0
0
0
0
0
2
9
0
0
0
0
0
0
9
0
0
0
0
0
0
0
11
0
0
0
0
0
0
0
6
0
0
0
0
0
0
2
11
0
0
0
0
0
0
8
0
0
0
0
0
0
0
5
0
0
0
0
0
0
0
8
0
0
0
0
0
0
1
10
0
0
0
0
0
6
7
0
0
0
0
0
0
0
1
0
0
0
0
0
0
0
10
0
0
0
0
0
0
3
14
0
0
0
0
0
0
5
0
0
0
0
0
0
0
6
0
0
0
0
0
0
0
14
0
0
0
0
0
0
5
15
0
0
0
0
0
0
4
0
0
0
0
0
0
1
4
0
0
0
0
0
0
2
8
0
0
0
0
0
0
6
11
0
0
0
0
0
0
6
0
0
0
0
0
0
0
3
0
0
0
0
0
0
7
15
0
0
0
0
0
0
7
15
0
0
0
0
0
0
1
0
0
0
0
0
0
0
5
0
0
0
0
0
0
7
11
0
0
0
0
0
0
5
14
0
0
0
0
0
0
0
0
0
0
0
0
0
5
9
0
0
0
0
0
0
1
8
0
0
0
0
0
0
4
10
0
0
0
0
0
0
3
0
0
0
0
0
0
0
12
0
0
0
0
0
0
0
7
0
0
0
0
0
0
1
7
0
0
0
0
0
2
4
0
0
0
0
0
0
0
12
0
0
0
0
0
0
0
9
0
0
0
0
0
0
8
9
0
0
0
0
0
3
8
0
0
0
0
0
0
4
7
0
0
0
0
0
0
0
8
0
0
0
0
0
0
4
15
0
0
0
0
0
2
10
0
0
0
0
0
0
0
5
0
0
0
0
0
0
0
8
0
0
0
0
0
0
3
13
0
0
0
0
0
0
5
0
0
0
0
0
0
0
4
0
0
0
0
0
0
3
13
0
0
0
0
0
0
6
15
0
0
0
0
0
0
0
0
0
0
0
0
0
0
7
0
0
0
0
0
0
4
10
0
0
0
0
0
1
5
15
0
0
0
0
0
0
10
0
0
0
0
0
0
0
8
0
0
0
0
0
0
6
13
0
0
0
0
0
4
3
12
0
0
0
0
0
2
7
0
0
0
0
0
0
0
7
0
0
0
0
0
0
0
10
0
0
0
0
0
0
4
14
0
0
0
0
0
0
4
0
0
0
0
0
0
6
13
0
0
0
0
0
0
0
20
0
0
0
0
0
0
2
17
0
0
0
0
0
0
5
0
0
0
0
0
0
9
9
0
0
0
0
0
0
3
10
0
0
0
0
0
0
0
6
0
0
0
0
0
0
2
0
0
0
0
0
0
6
8
0
0
0
0
0
0
3
8
0
0
0
0
0
0
5
9
0
0
0
0
0
0
2
0
0
0
0
0
0
0
5
0
0
0
0
0
0
0
12
0
0
0
0
0
0
2
13
0
0
0
0
0
0
10
0
0
0
0
0
0
7
6
0
0
0
0
0
0
3
7
0
0
0
0
0
0
3
15
0
0
0
0
0
0
4
0
0
0
0
0
0
0
5
0
0
0
0
0
0
0
5
0
0
0
0
0
0
0
15
0
0
0
0
0
0
8
0
0
0
0
0
0
0
7
0
0
0
0
0
0
0
7
0
0
0
0
0
0
0
9
0
0
0
0
0
0
10
0
0
0
0
0
0
0
5
0
0
0
0
0
0
0
9
0
0
0
0
0
0
4
14
0
0
0
0
0
3
2
0
0
0
0
0
0
0
1
0
0
0
0
0
0
1
10
0
0
0
0
0
0
1
13
0
0
0
0
0
0
2
0
0
0
0
0
0
0
5
0
0
0
0
0
0
4
11
0
0
0
0
0
0
0
7
0
0
0
0
0
0
1
0
0
0
0
0
0
0
3
0
0
0
0
0
0
2
9
0
0
0
0
0
0
3
11
0
0
0
0
0
0
10
0
0
0
0
0
0
0
17
0
0
0
0
0
0
2
12
0
0
0
0
0
0
0
8
0
0
0
0
0
0
3
0
0
0
0
0
0
3
10
0
0
0
0
0
0
1
6
0
0
0
0
0
0
1
9
0
0
0
0
0
5
5
0
0
0
0
0
0
0
8
0
0
0
0
0
0
0
8
0
0
0
0
0
0
0
12
0
0
0
0
0
0
5
0
0
0
0
0
0
0
9
0
0
0
0
0
0
0
8
0
0
0
0
0
0
4
11
0
0
0
0
0
0
4
0
0
0
0
0
0
4
10
0
0
0
0
0
0
0
11
0
0
0
0
0
2
6
13
0
0
0
0
0
0
10
0
0
0
0
0
0
0
6
0
0
0
0
0
0
0
11
0
0
0
0
0
0
2
16
0
0
0
0
0
0
9
0
0
0
0
0
0
0
4
0
0
0
0
0
0
0
12
0
0
0
0
0
0
5
13
0
0
0
0
0
0
1
0
0
0
0
0
0
0
3
0
0
0
0
0
0
0
4
0
0
0
0
0
0
5
12
0
0
0
0
0
0
7
0
0
0
0
0
0
0
11
0
0
0
0
0
0
0
8
0
0
0
0
0
0
5
9
0
0
0
0
0
0
2
0
0
0
0
0
0
0
5
0
0
0
0
0
0
3
10
0
0
0
0
0
0
5
9
0
0
0
0
0
0
2
0
0
0
0
0
0
2
12
0
0
0
0
0
0
8
14
0
0
0
0
0
0
0
10
0
0
0
0
0
0
0
0
0
0
0
0
0
6
9
0
0
0
0
0
0
7
8
0
0
0
0
0
0
0
12
0
0
0
0
0
0
6
0
0
0
0
0
0
1
9
0
0
0
0
0
0
0
8
0
0
0
0
0
0
0
8
0
0
0
0
0
0
12
0
0
0
0
0
0
3
11
0
0
0
0
0
0
4
8
0
0
0
0
0
0
4
13
0
0
0
0
0
0
8
0
0
0
0
0
0
1
15
0
0
0
0
0
0
0
10
0
0
0
0
0
0
3
9
0
0
0
0
0
0
3
0
0
0
0
0
0
4
7
0
0
0
0
0
0
0
7
0
0
0
0
0
0
3
15
0
0
0
0
0
0
5
0
0
0
0
0
0
3
3
0
0
0
0
0
0
1
8
0
0
0
0
0
0
6
13
0
0
0
0
0
0
2
0
0
0
0
0
0
0
8
0
0
0
0
0
0
0
10
0
0
0
0
0
0
0
13
0
0
0
0
0
0
10
0
0
0
0
0
0
2
6
0
0
0
0
0
0
0
13
0
0
0
0
0
0
6
15
0
0
0
0
0
1
5
0
0
0
0
0
0
0
4
0
0
0
0
0
0
4
11
0
0
0
0
0
0
0
14
0
0
0
0
0
0
5
0
0
0
0
0
0
0
6
0
0
0
0
0
0
1
5
0
0
0
0
0
0
4
14
0
0
0
0
0
0
6
0
0
0
0
0
0
0
4
0
0
0
0
0
0
6
14
0
0
0
0
0
0
5
15
0
0
0
0
0
0
3
0
0
0
0
0
0
0
2
0
0
0
0
0
0
1
14
0
0
0
0
0
0
12
10
0
0
0
0
0
3
4
0
0
0
0
0
0
0
9
0
0
0
0
0
0
2
5
0
0
0
0
0
0
0
12
0
0
0
0
0
0
5
0
0
0
0
0
0
0
11
0
0
0
0
0
0
0
8
0
0
0
0
0
0
0
13
0
0
0
0
0
0
3
0
0
0
0
0
0
0
7
0
0
0
0
0
0
4
9
0
0
0
0
0
0
4
11
0
0
0
0
0
0
4
0
0
0
0
0
0
5
4
0
0
0
0
0
0
3
12
0
0
0
0
0
0
0
10
0
0
0
0
0
0
7
0
0
0
0
0
0
1
9
0
0
0
0
0
0
0
9
0
0
0
0
0
0
2
8
0
0
0
0
0
2
6
0
0
0
0
0
0
0
6
0
0
0
0
0
0
0
8
0
0
0
0
0
0
10
9
0
0
0
0
0
0
7
0
0
0
0
0
0
8
10
0
0
0
0
0
0
3
8
0
0
0
0
0
0
1
15
0
0
0
0
0
0
1
0
0
0
0
0
0
0
5
0
0
0
0
0
0
1
8
0
0
0
0
0
0
5
14
0
0
0
0
0
0
6
0
0
0
0
0
0
0
9
0
0
0
0
0
0
1
5
0
0
0
0
0
0
2
18
0
0
0
0
0
0
7
0
0
0
0
0
0
0
2
0
0
0
0
0
0
1
8
0
0
0
0
0
0
12
13
0
0
0
0
0
0
2
0
0
0
0
0
0
0
3
0
0
0
0
0
0
5
9
0
0
0
0
0
0
6
7
0
0
0
0
0
0
0
0
0
0
0
0
0
0
5
0
0
0
0
0
0
1
8
0
0
0
0
0
0
8
7
0
0
0
0
0
0
7
0
0
0
0
0
0
0
5
0
0
0
0
0
0
3
9
0
0
0
0
0
0
4
9
0
0
0
0
0
0
0
0
0
0
0
0
0
0
11
0
0
0
0
0
0
2
13
0
0
0
0
0
0
2
6
0
0
0
0
0
0
4
0
0
0
0
0
0
10
6
0
0
0
0
0
0
6
12
0
0
0
0
0
0
2
10
0
0
0
0
0
2
9
0
0
0
0
0
0
3
8
0
0
0
0
0
0
0
7
0
0
0
0
0
0
0
17
0
0
0
0
0
5
10
0
0
0
0
0
0
0
6
0
0
0
0
0
0
0
6
0
0
0
0
0
0
9
13
0
0
0
0
0
0
0
0
0
0
0
0
0
2
7
0
0
0
0
0
0
1
11
0
0
0
0
0
0
11
8
0
0
0
0
0
0
10
0
0
0
0
0
0
0
7
0
0
0
0
0
0
1
6
0
0
0
0
0
0
2
9
0
0
0
0
0
0
5
0
0
0
0
0
0
0
7
0
0
0
0
0
0
5
12
0
0
0
0
0
0
9
12
0
0
0
0
0
0
6
0
0
0
0
0
0
0
7
0
0
0
0
0
0
0
12
0
0
0
0
0
0
6
11
0
0
0
0
0
0
3
0
0
0
0
0
0
0
2
0
0
0
0
0
0
0
8
0
0
0
0
0
0
0
12
0
0
0
0
0
0
3
0
0
0
0
0
0
0
9
0
0
0
0
0
0
0
15
0
0
0
0
0
0
3
11
0
0
0
0
0
0
3
0
0
0
0
0
0
0
7
0
0
0
0
0
0
5
7
0
0
0
0
0
0
6
9
0
0
0
0
0
0
3
0
0
0
0
0
0
0
4
0
0
0
0
0
0
0
13
0
0
0
0
0
1
0
11
0
0
0
0
0
0
11
0
0
0
0
0
0
0
10
0
0
0
0
0
0
5
9
0
0
0
0
0
0
0
7
0
0
0
0
0
0
5
0
0
0
0
0
0
0
7
0
0
0
0
0
0
0
8
0
0
0
0
0
0
0
6
0
0
0
0
0
0
1
0
0
0
0
0
0
4
6
0
0
0
0
0
0
0
8
0
0
0
0
0
0
2
12
0
0
0
0
0
4
9
0
0
0
0
0
0
0
9
0
0
0
0
0
0
0
10
0
0
0
0
0
0
4
9
0
0
0
0
0
2
4
0
0
0
0
0
0
0
5
0
0
0
0
0
0
0
4
0
0
0
0
0
0
4
13
0
0
0
0
0
0
15
0
0
0
0
0
0
0
11
0
0
0
0
0
0
0
7
0
0
0
0
0
0
5
12
0
0
0
0
0
0
9
0
0
0
0
0
0
0
3
0
0
0
0
0
0
0
10
0
0
0
0
0
0
4
11
0
0
0
0
0
0
5
0
0
0
0
0
0
0
9
0
0
0
0
0
0
0
9
0
0
0
0
0
0
0
14
0
0
0
0
0
0
6
0
0
0
0
0
0
2
8
0
0
0
0
0
0
6
11
0
0
0
0
0
0
0
13
0
0
0
0
0
0
4
0
0
0
0
0
0
0
13
0
0
0
0
0
3
3
10
0
0
0
0
0
0
5
8
0
0
0
0
0
0
3
0
0
0
0
0
0
0
12
0
0
0
0
0
0
2
22
0
0
0
0
0
0
0
11
0
0
0
0
0
0
5
0
0
0
0
0
0
2
12
0
0
0
0
0
0
0
6
0
0
0
0
0
0
2
6
0
0
0
0
0
0
6
0
0
0
0
0
0
3
6
0
0
0
0
0
0
1
10
0
0
0
0
0
0
3
7
0
0
0
0
0
1
5
0
0
0
0
0
0
0
10
0
0
0
0
0
0
0
10
0
0
0
0
0
0
0
10
0
0
0
0
0
0
7
0
0
0
0
0
0
0
11
0
0
0
0
0
0
0
5
0
0
0
0
0
0
8
17
0
0
0
0
0
0
7
0
0
0
0
0
0
0
1
0
0
0
0
0
0
0
5
0
0
0
0
0
0
2
18
0
0
0
0
0
2
5
0
0
0
0
0
0
0
5
0
0
0
0
0
0
2
12
0
0
0
0
0
0
8
10
0
0
0
0
0
0
4
0
0
0
0
0
0
0
2
0
0
0
0
0
0
1
11
0
0
0
0
0
0
0
8
0
0
0
0
0
0
1
0
0
0
0
0
0
3
2
0
0
0
0
0
0
0
10
0
0
0
0
0
0
3
11
0
0
0
0
0
0
1
0
0
0
0
0
0
0
8
0
0
0
0
0
1
3
12
0
0
0
0
0
0
4
10
0
0
0
0
0
0
3
0
0
0
0
0
0
0
12
0
0
0
0
0
0
0
14
0
0
0
0
0
0
0
7
0
0
0
0
0
0
6
0
0
0
0
0
0
2
12
0
0
0
0
0
0
2
13
0
0
0
0
0
0
6
7
0
0
0
0
0
0
2
0
0
0
0
0
0
2
10
0
0
0
0
0
0
3
8
0
0
0
0
0
0
0
8
0
0
0
0
0
0
9
0
0
0
0
0
0
2
5
0
0
0
0
0
0
0
7
0
0
0
0
0
0
0
10
0
0
0
0
0
9
6
0
0
0
0
0
0
0
14
0
0
0
0
0
0
0
5
0
0
0
0
0
0
6
11
0
0
0
0
0
4
8
0
0
0
0
0
0
0
9
0
0
0
0
0
0
0
5
0
0
0
0
0
0
5
9
0
0
0
0
0
7
5
0
0
0
0
0
0
0
8
0
0
0
0
0
0
0
10
0
0
0
0
0
0
3
10
0
0
0
0
0
0
4
0
0
0
0
0
0
4
10
0
0
0
0
0
0
0
9
0
0
0
0
0
0
2
12
0
0
0
0
0
0
7
0
0
0
0
0
0
0
4
0
0
0
0
0
0
3
13
0
0
0
0
0
2
2
12
0
0
0
0
0
0
6
0
0
0
0
0
0
0
7
0
0
0
0
0
0
5
10
0
0
0
0
0
0
7
7
0
0
0
0
0
0
5
0
0
0
0
0
0
2
14
0
0
0
0
0
0
11
15
0
0
0
0
0
0
1
4
0
0
0
0
0
0
7
0
0
0
0
0
0
6
9
0
0
0
0
0
0
0
7
0
0
0
0
0
0
0
10
0
0
0
0
0
0
2
0
0
0
0
0
0
3
10
0
0
0
0
0
0
1
6
0
0
0
0
0
0
6
12
0
0
0
0
0
0
8
0
0
0
0
0
0
0
5
0
0
0
0
0
0
0
10
0
0
0
0
0
0
3
10
0
0
0
0
0
0
6
0
0
0
0
0
0
0
8
0
0
0
0
0
0
1
4
0
0
0
0
0
0
4
13
0
0
0
0
0
0
5
0
0
0
0
0
0
0
1
0
0
0
0
0
0
1
12
0
0
0
0
0
0
3
7
0
0
0
0
0
0
6
0
0
0
0
0
0
0
11
0
0
0
0
0
0
0
7
0
0
0
0
0
0
8
16
0
0
0
0
0
0
1
0
0
0
0
0
0
0
12
0
0
0
0
0
0
7
14
0
0
0
0
0
0
2
13
0
0
0
0
0
0
2
0
0
0
0
0
0
0
8
0
0
0
0
0
0
7
13
0
0
0
0
0
0
6
12
0
0
0
0
0
0
5
0
0
0
0
0
0
2
10
0
0
0
0
0
0
3
15
0
0
0
0
0
0
1
9
0
0
0
0
0
0
12
0
0
0
0
0
0
4
12
0
0
0
0
0
0
0
13
0
0
0
0
0
0
6
9
0
0
0
0
0
0
6
0
0
0
0
0
0
5
14
0
0
0
0
0
0
2
8
0
0
0
0
0
0
6
7
0
0
0
0
0
0
7
0
0
0
0
0
0
3
9
0
0
0
0
0
0
0
11
0
0
0
0
0
0
12
8
0
0
0
0
0
0
5
0
0
0
0
0
0
0
8
0
0
0
0
0
0
7
10
0
0
0
0
0
0
4
14
0
0
0
0
0
0
12
0
0
0
0
0
0
0
10
0
0
0
0
0
0
0
11
0
0
0
0
0
0
5
12
0
0
0
0
0
0
5
0
0
0
0
0
0
0
3
0
0
0
0
0
0
0
10
0
0
0
0
0
0
3
12
0
0
0
0
0
0
7
0
0
0
0
0
0
0
8
0
0
0
0
0
0
0
5
0
0
0
0
0
0
6
14
0
0
0
0
0
3
7
0
0
0
0
0
0
0
5
0
0
0
0
0
0
0
12
0
0
0
0
0
0
3
12
0
0
0
0
0
0
3
0
0
0
0
0
0
0
7
0
0
0
0
0
0
0
9
0
0
0
0
0
0
1
8
0
0
0
0
0
0
7
0
0
0
0
0
0
0
12
0
0
0
0
0
0
3
7
0
0
0
0
0
0
3
14
0
0
0
0
0
0
1
0
0
0
0
0
0
1
9
0
0
0
0
0
0
0
12
0
0
0
0
0
0
1
7
0
0
0
0
0
0
0
0
0
0
0
0
0
4
6
0
0
0
0
0
0
0
9
0
0
0
0
0
0
0
9
0
0
0
0
0
1
8
0
0
0
0
0
0
0
9
0
0
0
0
0
0
2
7
0
0
0
0
0
0
5
11
0
0
0
0
0
0
2
0
0
0
0
0
0
1
11
0
0
0
0
0
0
0
11
0
0
0
0
0
0
5
6
0
0
0
0
0
0
3
0
0
0
0
0
0
9
17
0
0
0
0
0
0
0
10
0
0
0
0
0
0
0
13
0
0
0
0
0
0
12
0
0
0
0
0
0
0
9
0
0
0
0
0
0
0
5
0
0
0
0
0
0
0
12
0
0
0
0
0
0
5
0
0
0
0
0
0
0
9
0
0
0
0
0
0
0
13
0
0
0
0
0
0
2
17
0
0
0
0
0
0
9
0
0
0
0
0
0
0
4
0
0
0
0
0
0
0
7
0
0
0
0
0
0
4
16
0
0
0
0
0
0
8
0
0
0
0
0
0
0
4
0
0
0
0
0
0
0
11
0
0
0
0
0
0
4
9
0
0
0
0
0
0
5
0
0
0
0
0
0
0
6
0
0
0
0
0
0
2
11
0
0
0
0
0
0
5
13
0
0
0
0
0
0
6
0
0
0
0
0
0
0
4
0
0
0
0
0
0
3
8
0
0
0
0
0
0
3
9
0
0
0
0
0
0
5
0
0
0
0
0
0
0
6
0
0
0
0
0
0
0
11
0
0
0
0
0
0
9
13
0
0
0
0
0
0
1
0
0
0
0
0
0
1
9
0
0
0
0
0
1
3
11
0
0
0
0
0
0
0
12
0
0
0
0
0
0
7
0
0
0
0
0
0
2
7
0
0
0
0
0
0
0
14
0
0
0
0
0
0
2
14
0
0
0
0
0
0
4
0
0
0
0
0
0
0
6
0
0
0
0
0
0
0
8
0
0
0
0
0
0
0
11
0
0
0
0
0
0
3
0
0
0
0
0
0
2
9
0
0
0
0
0
0
0
12
0
0
0
0
0
0
1
11
0
0
0
0
0
0
3
0
0
0
0
0
0
2
7
0
0
0
0
0
0
0
9
0
0
0
0
0
0
0
12
0
0
0
0
0
0
6
0
0
0
0
0
0
0
7
0
0
0
0
0
0
0
11
0
0
0
0
0
0
8
21
0
0
0
0
0
1
6
0
0
0
0
0
0
0
6
0
0
0
0
0
0
0
8
0
0
0
0
0
0
7
12
0
0
0
0
0
0
8
0
0
0
0
0
0
0
8
0
0
0
0
0
0
0
7
0
0
0
0
0
0
6
10
0
0
0
0
0
0
7
0
0
0
0
0
0
0
5
0
0
0
0
0
0
5
7
0
0
0
0
0
0
6
11
0
0
0
0
0
0
2
0
0
0
0
0
0
0
5
0
0
0
0
0
0
10
18
0
0
0
0
0
0
13
9
0
0
0
0
0
0
8
0
0
0
0
0
0
0
12
0
0
0
0
0
0
3
6
0
0
0
0
0
0
1
9
0
0
0
0
0
0
0
0
0
0
0
0
0
0
15
0
0
0
0
0
0
0
11
0
0
0
0
0
0
1
4
0
0
0
0
0
0
1
0
0
0
0
0
0
3
8
0
0
0
0
0
0
10
9
0
0
0
0
0
0
2
16
0
0
0
0
0
1
5
0
0
0
0
0
0
0
0
0
0
0
0
0
0
1
7
0
0
0
0
0
0
2
12
0
0
0
0
0
0
2
0
0
0
0
0
0
3
10
0
0
0
0
0
0
1
8
0
0
0
0
0
0
4
11
0
0
0
0
0
1
9
0
0
0
0
0
0
0
11
0
0
0
0
0
0
0
6
0
0
0
0
0
0
7
15
0
0
0
0
0
4
7
0
0
0
0
0
0
0
7
0
0
0
0
0
0
0
12
0
0
0
0
0
0
4
13
0
0
0
0
0
3
9
0
0
0
0
0
0
0
2
0
0
0
0
0
0
1
10
0
0
0
0
0
2
4
11
0
0
0
0
0
0
6
0
0
0
0
0
0
1
6
0
0
0
0
0
0
3
9
0
0
0
0
0
0
4
9
0
0
0
0
0
0
4
0
0
0
0
0
0
0
8
0
0
0
0
0
0
3
14
0
0
0
0
0
1
0
9
0
0
0
0
0
0
6
0
0
0
0
0
0
0
6
0
0
0
0
0
0
1
10
0
0
0
0
0
0
5
18
0
0
0
0
0
0
1
0
0
0
0
0
0
0
11
0
0
0
0
0
0
7
10
0
0
0
0
0
0
0
8
0
0
0
0
0
0
4
0
0
0
0
0
0
0
8
0
0
0
0
0
0
1
11
0
0
0
0
0
0
0
8
0
0
0
0
0
0
10
0
0
0
0
0
0
0
5
0
0
0
0
0
0
0
7
0
0
0
0
0
0
3
7
0
0
0
0
0
0
13
0
0
0
0
0
0
0
5
0
0
0
0
0
0
0
9
0
0
0
0
0
0
0
10
0
0
0
0
0
0
7
0
0
0
0
0
0
3
10
0
0
0
0
0
0
0
13
0
0
0
0
0
0
10
9
0
0
0
0
0
0
9
0
0
0
0
0
0
0
7
0
0
0
0
0
0
4
14
0
0
0
0
0
0
5
19
0
0
0
0
0
0
3
0
0
0
0
0
0
0
8
0
0
0
0
0
0
8
11
0
0
0
0
0
0
3
11
0
0
0
0
0
0
2
0
0
0
0
0
0
0
6
0
0
0
0
0
0
4
11
0
0
0
0
0
0
4
11
0
0
0
0
0
0
1
0
0
0
0
0
0
0
9
0
0
0
0
0
0
1
13
0
0
0
0
0
0
5
10
0
0
0
0
0
0
1
0
0
0
0
0
0
0
8
0
0
0
0
0
0
8
14
0
0
0
0
0
0
3
9
0
0
0
0
0
0
3
0
0
0
0
0
0
0
8
0
0
0
0
0
0
1
7
0
0
0
0
0
0
0
12
0
0
0
0
0
0
3
0
0
0
0
0
0
0
12
0
0
0
0
0
0
3
14
0
0
0
0
0
0
3
11
0
0
0
0
0
0
0
0
0
0
0
0
0
1
13
0
0
0
0
0
0
3
15
0
0
0
0
0
0
3
10
0
0
0
0
0
0
4
0
0
0
0
0
0
0
13
0
0
0
0
0
0
4
11
0
0
0
0
0
0
0
8
0
0
0
0
0
0
4
0
0
0
0
0
0
6
12
0
0
0
0
0
0
0
8
0
0
0
0
0
0
0
9
0
0
0
0
0
2
6
0
0
0
0
0
0
2
6
0
0
0
0
0
0
0
7
0
0
0
0
0
0
6
9
0
0
0
0
0
1
12
0
0
0
0
0
0
1
9
0
0
0
0
0
0
3
5
0
0
0
0
0
3
5
14
0
0
0
0
0
0
2
0
0
0
0
0
0
0
2
0
0
0
0
0
0
0
10
0
0
0
0
0
0
5
9
0
0
0
0
0
0
13
0
0
0
0
0
0
0
3
0
0
0
0
0
0
3
10
0
0
0
0
0
0
4
14
0
0
0
0
0
0
3
0
0
0
0
0
0
0
10
0
0
0
0
0
0
0
8
0
0
0
0
0
0
3
12
0
0
0
0
0
0
0
0
0
0
0
0
0
0
6
0
0
0
0
0
0
1
12
0
0
0
0
0
0
0
13
0
0
0
0
0
0
3
0
0
0
0
0
0
4
14
0
0
0
0
0
0
3
15
0
0
0
0
0
0
6
12
0
0
0
0
0
0
0
0
0
0
0
0
0
1
7
0
0
0
0
0
0
3
11
0
0
0
0
0
0
1
8
0
0
0
0
0
0
0
0
0
0
0
0
1
0
7
0
0
0
0
0
0
8
13
0
0
0
0
0
0
0
9
0
0
0
0
0
0
5
0
0
0
0
0
0
4
12
0
0
0
0
0
0
0
7
0
0
0
0
0
0
0
5
0
0
0
0
0
0
10
0
0
0
0
0
0
3
5
0
0
0
0
0
0
0
6
0
0
0
0
0
0
0
12
0
0
0
0
0
0
7
0
0
0
0
0
0
0
5
0
0
0
0
0
0
1
7
0
0
0
0
0
0
4
13
0
0
0
0
0
0
7
0
0
0
0
0
0
1
11
0
0
0
0
0
0
0
6
0
0
0
0
0
0
3
11
0
0
0
0
0
0
10
0
0
0
0
0
0
0
1
0
0
0
0
0
0
0
13
0
0
0
0
0
0
5
14
0
0
0
0
0
0
6
0
0
0
0
0
0
0
5
0
0
0
0
0
0
7
15
0
0
0
0
0
0
5
13
0
0
0
0
0
0
0
0
0
0
0
0
0
0
6
0
0
0
0
0
0
1
8
0
0
0
0
0
0
0
11
0
0
0
0
0
0
2
0
0
0
0
0
0
0
7
0
0
0
0
0
0
6
12
0
0
0
0
0
0
0
11
0
0
0
0
0
0
4
0
0
0
0
0
0
0
10
0
0
0
0
0
0
6
10
0
0
0
0
0
0
3
9
0
0
0
0
0
0
5
0
0
0
0
0
0
2
11
0
0
0
0
0
0
7
6
0
0
0
0
0
0
0
13
0
0
0
0
0
0
3
0
0
0
0
0
0
0
6
0
0
0
0
0
0
3
2
0
0
0
0
0
0
0
14
0
0
0
0
0
0
4
0
0
0
0
0
0
4
6
0
0
0
0
0
0
0
8
0
0
0
0
0
0
3
9
0
0
0
0
0
4
5
0
0
0
0
0
0
1
7
0
0
0
0
0
0
0
11
0
0
0
0
0
0
4
13
0
0
0
0
0
0
8
0
0
0
0
0
0
0
5
0
0
0
0
0
0
1
6
0
0
0
0
0
0
3
8
0
0
0
0
0
0
4
0
0
0
0
0
0
3
6
0
0
0
0
0
0
0
13
0
0
0
0
0
0
5
15
0
0
0
0
0
0
8
0
0
0
0
0
0
0
7
0
0
0
0
0
0
5
13
0
0
0
0
0
0
3
14
0
0
0
0
0
0
6
0
0
0
0
0
0
0
4
0
0
0
0
0
0
8
11
0
0
0
0
0
0
10
13
0
0
0
0
0
0
1
0
0
0
0
0
0
0
7
0
0
0
0
0
0
9
12
0
0
0
0
0
0
0
11
0
0
0
0
0
0
5
0
0
0
0
0
0
0
10
0
0
0
0
0
0
0
10
0
0
0
0
0
0
0
9
0
0
0
0
0
0
3
0
0
0
0
0
0
2
8
0
0
0
0
0
0
8
13
0
0
0
0
0
0
5
14
0
0
0
0
0
0
0
0
0
0
0
0
0
5
11
0
0
0
0
0
0
3
10
0
0
0
0
0
0
0
10
0
0
0
0
0
0
5
0
0
0
0
0
0
2
13
0
0
0
0
0
0
8
15
0
0
0
0
0
0
2
13
0
0
0
0
0
0
13
0
0
0
0
0
0
2
9
0
0
0
0
0
0
0
10
0
0
0
0
0
0
3
11
0
0
0
0
0
0
10
0
0
0
0
0
0
0
5
0
0
0
0
0
0
0
5
0
0
0
0
0
0
3
14
0
0
0
0
0
0
7
0
0
0
0
0
0
0
6
0
0
0
0
0
0
0
10
0
0
0
0
0
0
6
10
0
0
0
0
0
0
10
0
0
0
0
0
0
0
1
0
0
0
0
0
0
0
5
0
0
0
0
0
0
4
15
0
0
0
0
0
0
7
0
0
0
0
0
0
1
3
0
0
0
0
0
0
1
9
0
0
0
0
0
0
9
14
0
0
0
0
0
0
6
0
0
0
0
0
0
0
5
0
0
0
0
0
0
4
8
0
0
0
0
0
0
5
14
0
0
0
0
0
0
4
0
0
0
0
0
0
0
7
0
0
0
0
0
0
1
8
0
0
0
0
0
0
7
14
0
0
0
0
0
0
1
0
0
0
0
0
0
0
8
0
0
0
0
0
0
2
10
0
0
0
0
0
0
0
10
0
0
0
0
0
0
2
0
0
0
0
0
0
2
10
0
0
0
0
0
0
1
17
0
0
0
0
0
0
3
6
0
0
0
0
0
0
0
0
0
0
0
0
0
7
12
0
0
0
0
0
0
3
10
0
0
0
0
0
0
2
13
0
0
0
0
0
0
8
0
0
0
0
0
0
2
4
0
0
0
0
0
0
0
10
0
0
0
0
0
0
0
11
0
0
0
0
0
1
5
0
0
0
0
0
0
4
9
0
0
0
0
0
0
0
8
0
0
0
0
0
0
0
8
0
0
0
0
0
0
10
0
0
0
0
0
0
2
6
0
0
0
0
0
0
0
9
0
0
0
0
0
0
4
11
0
0
0
0
0
0
1
0
0
0
0
0
0
0
2
0
0
0
0
0
0
0
8
0
0
0
0
0
0
3
11
0
0
0
0
0
0
6
0
0
0
0
0
0
1
4
0
0
0
0
0
0
1
11
0
0
0
0
0
0
12
9
0
0
0
0
0
0
4
0
0
0
0
0
0
0
5
0
0
0
0
0
0
5
4
0
0
0
0
0
0
6
21
0
0
0
0
0
0
5
0
0
0
0
0
0
1
9
0
0
0
0
0
0
1
8
0
0
0
0
0
0
3
6
0
0
0
0
0
0
4
0
0
0
0
0
0
0
15
0
0
0
0
0
0
0
5
0
0
0
0
0
0
1
13
0
0
0
0
0
0
4
0
0
0
0
0
0
0
8
0
0
0
0
0
0
0
10
0
0
0
0
0
0
6
8
0
0
0
0
0
0
3
0
0
0
0
0
0
4
4
0
0
0
0
0
0
4
8
0
0
0
0
0
0
0
11
0
0
0
0
0
0
13
0
0
0
0
0
0
0
11
0
0
0
0
0
0
1
7
0
0
0
0
0
0
0
7
0
0
0
0
0
2
8
0
0
0
0
0
0
0
9
0
0
0
0
0
0
1
7
0
0
0
0
0
0
5
11
0
0
0
0
0
0
8
0
0
0
0
0
0
0
9
0
0
0
0
0
0
1
10
0
0
0
0
0
1
6
13
0
0
0
0
0
1
5
0
0
0
0
0
0
0
9
0
0
0
0
0
0
0
9
0
0
0
0
0
0
7
10
0
0
0
0
0
1
5
0
0
0
0
0
0
0
1
0
0
0
0
0
0
6
15
0
0
0
0
0
0
7
14
0
0
0
0
0
0
4
0
0
0
0
0
0
1
6
0
0
0
0
0
0
1
10
0
0
0
0
0
0
4
18
0
0
0
0
0
0
5
0
0
0
0
0
0
2
10
0
0
0
0
0
0
3
8
0
0
0
0
0
0
4
11
0
0
0
0
0
0
3
0
0
0
0
0
0
5
9
0
0
0
0
0
1
4
12
0
0
0
0
0
0
0
12
0
0
0
0
0
0
2
0
0
0
0
0
0
1
5
0
0
0
0
0
0
1
12
0
0
0
0
0
0
0
13
0
0
0
0
0
0
7
0
0
0
0
0
0
1
12
0
0
0
0
0
0
2
4
0
0
0
0
0
0
1
6
0
0
0
0
0
0
12
0
0
0
0
0
0
0
9
0
0
0
0
0
0
0
11
0
0
0
0
0
0
2
12
0
0
0
0
0
0
3
0
0
0
0
0
0
2
11
0
0
0
0
0
0
0
6
0
0
0
0
0
0
5
10
0
0
0
0
0
0
12
0
0
0
0
0
0
2
10
0
0
0
0
0
0
0
8
0
0
0
0
0
0
2
15
0
0
0
0
0
0
8
0
0
0
0
0
0
0
8
0
0
0
0
0
0
0
7
0
0
0
0
0
0
2
15
0
0
0
0
0
0
9
0
0
0
0
0
0
0
2
0
0
0
0
0
0
2
9
0
0
0
0
0
0
3
5
0
0
0
0
0
0
3
0
0
0
0
0
0
0
6
0
0
0
0
0
0
6
9
0
0
0
0
0
0
4
9
0
0
0
0
0
0
4
0
0
0
0
0
0
0
11
0
0
0
0
0
0
417
114
0
0
0
0
0
0
0
7
0
0
0
0
0
0
0
8
0
0
0
0
0
0
6
17
0
0
0
0
0
0
12
0
0
0
0
0
0
0
11
0
0
0
0
0
0
1
11
0
0
0
0
0
0
4
15
0
0
0
0
0
2
4
0
0
0
0
0
0
0
7
0
0
0
0
0
0
0
11
0
0
0
0
0
0
3
13
0
0
0
0
0
5
4
0
0
0
0
0
0
0
12
0
0
0
0
0
0
1
11
0
0
0
0
0
0
4
12
0
0
0
0
0
4
4
0
0
0
0
0
0
0
6
0
0
0
0
0
0
7
3
0
0
0
0
0
0
5
14
0
0
0
0
0
5
7
0
0
0
0
0
0
0
1
0
0
0
0
0
0
2
10
0
0
0
0
0
0
11
16
0
0
0
0
0
0
10
0
0
0
0
0
0
3
3
0
0
0
0
0
0
8
13
0
0
0
0
0
0
6
14
0
0
0
0
0
0
9
0
0
0
0
0
0
2
12
0
0
0
0
0
0
4
15
0
0
0
0
0
0
2
9
0
0
0
0
0
0
4
0
0
0
0
0
0
6
10
0
0
0
0
0
0
9
7
0
0
0
0
0
0
3
12
0
0
0
0
0
0
4
0
0
0
0
0
0
0
7
0
0
0
0
0
0
3
10
0
0
0
0
0
0
4
10
0
0
0
0
0
0
3
0
0
0
0
0
0
1
11
0
0
0
0
0
0
1
10
0
0
0
0
0
0
0
11
0
0
0
0
0
0
7
0
0
0
0
0
0
1
16
0
0
0
0
0
0
6
12
0
0
0
0
0
0
0
9
0
0
0
0
0
0
9
0
0
0
0
0
0
2
9
0
0
0
0
0
0
1
6
0
0
0
0
0
0
2
13
0
0
0
0
0
0
7
0
0
0
0
0
0
2
6
0
0
0
0
0
0
0
5
0
0
0
0
0
0
1
14
0
0
0
0
0
0
8
0
0
0
0
0
0
0
6
0
0
0
0
0
0
3
13
0
0
0
0
0
0
6
18
0
0
0
0
0
0
3
0
0
0
0
0
0
1
5
0
0
0
0
0
0
0
12
0
0
0
0
0
0
0
12
0
0
0
0
0
0
6
0
0
0
0
0
0
0
3
0
0
0
0
0
0
7
11
0
0
0
0
0
0
4
11
0
0
0
0
0
0
9
0
0
0
0
0
0
0
3
0
0
0
0
0
0
2
10
0
0
0
0
0
0
6
11
0
0
0
0
0
0
3
0
0
0
0
0
0
0
7
0
0
0
0
0
0
1
11
0
0
0
0
0
0
3
8
0
0
0
0
0
0
0
0
0
0
0
0
0
4
8
0
0
0
0
0
0
2
8
0
0
0
0
0
0
5
9
0
0
0
0
0
0
2
0
0
0
0
0
0
0
9
0
0
0
0
0
0
0
9
0
0
0
0
0
0
5
7
0
0
0
0
0
0
11
0
0
0
0
0
0
0
12
0
0
0
0
0
0
2
11
0
0
0
0
0
0
2
11
0
0
0
0
0
3
8
0
0
0
0
0
0
0
12
0
0
0
0
0
0
0
10
0
0
0
0
0
0
5
12
0
0
0
0
0
1
2
0
0
0
0
0
0
1
7
0
0
0
0
0
0
0
10
0
0
0
0
0
0
4
13
0
0
0
0
0
1
3
0
0
0
0
0
0
0
16
0
0
0
0
0
0
1
8
0
0
0
0
0
0
0
11
0
0
0
0
0
3
9
0
0
0
0
0
0
5
8
0
0
0
0
0
0
0
7
0
0
0
0
0
0
3
19
0
0
0
0
0
7
8
0
0
0
0
0
0
0
7
0
0
0
0
0
0
0
11
0
0
0
0
0
0
10
16
0
0
0
0
0
0
11
0
0
0
0
0
0
0
5
0
0
0
0
0
0
3
7
0
0
0
0
0
3
5
16
0
0
0
0
0
0
9
0
0
0
0
0
0
1
9
0
0
0
0
0
0
3
10
0
0
0
0
0
0
9
14
0
0
0
0
0
0
5
0
0
0
0
0
0
0
5
0
0
0
0
0
0
5
11
0
0
0
0
0
0
6
17
0
0
0
0
0
0
2
0
0
0
0
0
0
0
6
0
0
0
0
0
1
7
12
0
0
0
0
0
0
4
6
0
0
0
0
0
0
2
0
0
0
0
0
0
8
15
0
0
0
0
0
0
0
10
0
0
0
0
0
0
10
11
0
0
0
0
0
0
9
0
0
0
0
0
0
3
10
0
0
0
0
0
0
0
9
0
0
0
0
0
0
2
12
0
0
0
0
0
0
17
0
0
0
0
0
0
0
9
0
0
0
0
0
0
1
9
0
0
0
0
0
0
0
12
0
0
0
0
0
9
7
0
0
0
0
0
0
4
12
0
0
0
0
0
0
0
10
0
0
0
0
0
0
8
16
0
0
0
0
0
0
5
0
0
0
0
0
0
0
8
0
0
0
0
0
0
0
10
0
0
0
0
0
0
9
18
0
0
0
0
0
4
7
0
0
0
0
0
0
0
14
0
0
0
0
0
0
2
13
0
0
0
0
0
0
5
14
0
0
0
0
0
0
5
0
0
0
0
0
0
0
8
0
0
0
0
0
1
6
6
0
0
0
0
0
0
10
11
0
0
0
0
0
0
4
0
0
0
0
0
0
0
3
0
0
0
0
0
0
0
7
0
0
0
0
0
0
8
17
0
0
0
0
0
0
11
0
0
0
0
0
0
0
4
0
0
0
0
0
0
0
7
0
0
0
0
0
0
5
18
0
0
0
0
0
0
0
0
0
0
0
0
0
0
4
0
0
0
0
0
0
3
9
0
0
0
0
0
1
6
9
0
0
0
0
0
0
6
0
0
0
0
0
0
3
9
0
0
0
0
0
0
0
8
0
0
0
0
0
0
2
13
0
0
0
0
0
0
3
0
0
0
0
0
0
1
10
0
0
0
0
0
0
0
14
0
0
0
0
0
0
6
9
0
0
0
0
0
0
2
0
0
0
0
0
0
0
8
0
0
0
0
0
0
0
14
0
0
0
0
0
0
0
8
0
0
0
0
0
0
4
0
0
0
0
0
0
4
12
0
0
0
0
0
0
4
10
0
0
0
0
0
0
0
12
0
0
0
0
0
2
9
0
0
0
0
0
0
5
7
0
0
0
0
0
0
0
6
0
0
0
0
0
0
2
15
0
0
0
0
0
0
4
0
0
0
0
0
0
7
10
0
0
0
0
0
0
0
8
0
0
0
0
0
0
7
14
0
0
0
0
0
3
8
0
0
0
0
0
0
0
6
0
0
0
0
0
0
1
13
0
0
0
0
0
0
7
12
0
0
0
0
0
0
11
0
0
0
0
0
0
0
4
0
0
0
0
0
0
3
10
0
0
0
0
0
0
6
15
0
0
0
0
0
0
4
0
0
0
0
0
0
0
4
0
0
0
0
0
0
0
9
0
0
0
0
0
0
4
16
0
0
0
0
0
2
4
0
0
0
0
0
0
0
5
0
0
0
0
0
0
3
14
0
0
0
0
0
6
5
15
0
0
0
0
0
0
5
0
0
0
0
0
0
1
12
0
0
0
0
0
0
4
11
0
0
0
0
0
0
7
11
0
0
0
0
0
0
3
0
0
0
0
0
1
0
9
0
0
0
0
0
0
3
12
0
0
0
0
0
0
2
11
0
0
0
0
0
0
10
0
0
0
0
0
0
0
9
0
0
0
0
0
0
1
13
0
0
0
0
0
0
2
15
0
0
0
0
0
0
9
0
0
0
0
0
0
5
10
0
0
0
0
0
0
10
8
0
0
0
0
0
0
6
7
0
0
0
0
0
3
11
0
0
0
0
0
0
1
13
0
0
0
0
0
0
5
7
0
0
0
0
0
0
6
14
0
0
0
0
0
0
8
0
0
0
0
0
0
1
10
0
0
0
0
0
0
0
10
0
0
0
0
0
0
5
13
0
0
0
0
0
0
8
0
0
0
0
0
0
1
3
0
0
0
0
0
0
1
4
0
0
0
0
0
0
7
11
0
0
0
0
0
0
13
0
0
0
0
0
0
2
7
0
0
0
0
0
0
2
5
0
0
0
0
0
0
7
11
0
0
0
0
0
0
7
0
0
0
0
0
0
4
7
0
0
0
0
0
0
4
12
0
0
0
0
0
0
8
11
0
0
0
0
0
0
4
0
0
0
0
0
0
0
3
0
0
0
0
0
0
8
12
0
0
0
0
0
0
6
14
0
0
0
0
0
0
2
0
0
0
0
0
0
0
6
0
0
0
0
0
0
10
11
0
0
0
0
0
1
11
13
0
0
0
0
0
0
0
0
0
0
0
0
0
0
10
0
0
0
0
0
0
7
16
0
0
0
0
0
0
4
14
0
0
0
0
0
0
4
0
0
0
0
0
0
5
12
0
0
0
0
0
0
7
5
0
0
0
0
0
0
4
13
0
0
0
0
0
0
5
0
0
0
0
0
0
1
6
0
0
0
0
0
0
2
3
0
0
0
0
0
0
2
11
0
0
0
0
0
0
8
0
0
0
0
0
0
6
11
0
0
0
0
0
0
0
6
0
0
0
0
0
0
0
16
0
0
0
0
0
7
7
0
0
0
0
0
0
1
7
0
0
0
0
0
0
0
8
0
0
0
0
0
0
6
18
0
0
0
0
0
0
6
0
0
0
0
0
0
0
6
0
0
0
0
0
0
6
14
0
0
0
0
0
2
6
15
0
0
0
0
0
1
7
0
0
0
0
0
0
0
9
0
0
0
0
0
0
0
7
0
0
0
0
0
0
2
12
0
0
0
0
0
0
5
0
0
0
0
0
0
0
5
0
0
0
0
0
0
6
9
0
0
0
0
0
0
6
12
0
0
0
0
0
0
3
0
0
0
0
0
0
0
4
0
0
0
0
0
0
5
14
0
0
0
0
0
0
6
15
0
0
0
0
0
0
2
0
0
0
0
0
0
0
7
0
0
0
0
0
0
5
9
0
0
0
0
0
0
6
14
0
0
0
0
0
0
5
0
0
0
0
0
0
1
10
0
0
0
0
0
0
4
13
0
0
0
0
0
0
4
10
0
0
0
0
0
0
13
0
0
0
0
0
0
0
10
0
0
0
0
0
0
1
19
0
0
0
0
0
0
1
10
0
0
0
0
0
0
8
0
0
0
0
0
0
4
11
0
0
0
0
0
0
0
12
0
0
0
0
0
0
8
8
0
0
0
0
0
0
7
0
0
0
0
0
0
0
0
0
0
0
0
0
0
0
10
0
0
0
0
0
0
2
15
0
0
0
0
0
3
9
0
0
0
0
0
0
1
7
0
0
0
0
0
0
3
6
0
0
0
0
0
0
5
15
0
0
0
0
0
4
5
0
0
0
0
0
0
0
7
0
0
0
0
0
0
0
11
0
0
0
0
0
0
6
8
0
0
0
0
0
1
3
0
0
0
0
0
0
0
7
0
0
0
0
0
0
4
10
0
0
0
0
0
0
2
12
0
0
0
0
0
3
7
0
0
0
0
0
0
1
7
0
0
0
0
0
0
3
5
0
0
0
0
0
0
9
14
0
0
0
0
0
0
10
0
0
0
0
0
0
0
9
0
0
0
0
0
0
5
8
0
0
0
0
0
0
9
17
0
0
0
0
0
0
4
0
0
0
0
0
0
0
4
0
0
0
0
0
0
3
16
0
0
0
0
0
0
5
13
0
0
0
0
0
0
1
0
0
0
0
0
0
0
8
0
0
0
0
0
0
8
18
0
0
0
0
0
0
7
9
0
0
0
0
0
0
1
0
0
0
0
0
0
9
13
0
0
0
0
0
0
8
8
0
0
0
0
0
0
5
7
0
0
0
0
0
0
3
0
0
0
0
0
0
2
9
0
0
0
0
0
2
0
12
0
0
0
0
0
0
2
14
0
0
0
0
0
0
5
0
0
0
0
0
0
4
10
0
0
0
0
0
0
4
12
0
0
0
0
0
0
3
10
0
0
0
0
0
0
9
0
0
0
0
0
0
0
15
0
0
0
0
0
0
5
8
0
0
0
0
0
0
2
9
0
0
0
0
0
0
8
0
0
0
0
0
0
2
9
0
0
0
0
0
0
0
9
0
0
0
0
0
0
2
7
0
0
0
0
0
1
7
0
0
0
0
0
0
6
7
0
0
0
0
0
0
0
9
0
0
0
0
0
0
8
9
0
0
0
0
0
0
8
0
0
0
0
0
0
0
2
0
0
0
0
0
0
3
7
0
0
0
0
0
0
9
12
0
0
0
0
0
4
7
0
0
0
0
0
0
0
5
0
0
0
0
0
0
1
13
0
0
0
0
0
0
7
16
0
0
0
0
0
0
8
0
0
0
0
0
0
0
8
0
0
0
0
0
0
3
15
0
0
0
0
0
0
5
11
0
0
0
0
0
0
3
0
0
0
0
0
0
1
6
0
0
0
0
0
0
3
10
0
0
0
0
0
3
1
11
0
0
0
0
0
0
6
0
0
0
0
0
0
9
10
0
0
0
0
0
5
4
15
0
0
0
0
0
0
7
7
0
0
0
0
0
0
5
0
0
0
0
0
0
0
10
0
0
0
0
0
0
0
9
0
0
0
0
0
0
5
12
0
0
0
0
0
0
5
0
0
0
0
0
0
0
10
0
0
0
0
0
0
4
9
0
0
0
0
0
0
1
10
0
0
0
0
0
0
7
0
0
0
0
0
0
0
7
0
0
0
0
0
0
1
9
0
0
0
0
0
0
0
9
0
0
0
0
0
0
9
0
0
0
0
0
0
3
15
0
0
0
0
0
0
0
14
0
0
0
0
0
0
5
9
0
0
0
0
0
0
11
0
0
0
0
0
0
0
5
0
0
0
0
0
0
0
6
0
0
0
0
0
1
10
12
0
0
0
0
0
0
8
0
0
0
0
0
0
0
5
0
0
0
0
0
0
4
11
0
0
0
0
0
0
4
10
0
0
0
0
0
0
8
0
0
0
0
0
0
0
6
0
0
0
0
0
0
1
9
0
0
0
0
0
0
8
11
0
0
0
0
0
0
6
0
0
0
0
0
0
0
8
0
0
0
0
0
0
3
14
0
0
0
0
0
0
4
15
0
0
0
0
0
0
7
0
0
0
0
0
0
0
7
0
0
0
0
0
0
4
14
0
0
0
0
0
0
8
16
0
0
0
0
0
0
7
0
0
0
0
0
0
0
9
0
0
0
0
0
0
3
9
0
0
0
0
0
0
6
11
0
0
0
0
0
0
5
0
0
0
0
0
0
5
8
0
0
0
0
0
0
4
17
0
0
0
0
0
0
4
12
0
0
0
0
0
0
4
0
0
0
0
0
0
0
10
0
0
0
0
0
0
2
12
0
0
0
0
0
0
3
12
0
0
0
0
0
0
9
0
0
0
0
0
0
2
6
0
0
0
0
0
0
4
7
0
0
0
0
0
0
3
13
0
0
0
0
0
0
7
0
0
0
0
0
0
7
11
0
0
0
0
0
0
0
9
0
0
0
0
0
0
3
6
0
0
0
0
0
0
8
0
0
0
0
0
0
0
9
0
0
0
0
0
0
0
7
0
0
0
0
0
0
2
13
0
0
0
0
0
0
5
0
0
0
0
0
0
4
15
0
0
0
0
0
0
2
7
0
0
0
0
0
0
6
14
0
0
0
0
0
0
5
0
0
0
0
0
0
0
0
0
0
0
0
0
0
1
8
0
0
0
0
0
3
4
15
0
0
0
0
0
0
5
0
0
0
0
0
0
0
10
0
0
0
0
0
0
7
13
0
0
0
0
0
0
9
13
0
0
0
0
0
0
10
0
0
0
0
0
0
0
4
0
0
0
0
0
0
2
10
0
0
0
0
0
0
7
16
0
0
0
0
0
0
3
0
0
0
0
0
0
0
7
0
0
0
0
0
3
1
11
0
0
0
0
0
0
6
13
0
0
0
0
0
0
4
0
0
0
0
0
0
0
7
0
0
0
0
0
0
2
12
0
0
0
0
0
0
1
12
0
0
0
0
0
0
0
0
0
0
0
0
0
5
16
0
0
0
0
0
0
0
11
0
0
0
0
0
0
3
7
0
0
0
0
0
0
5
0
0
0
0
0
0
0
10
0
0
0
0
0
0
5
15
0
0
0
0
0
0
2
10
0
0
0
0
0
0
2
0
0
0
0
0
0
0
5
0
0
0
0
0
0
2
13
0
0
0
0
0
0
6
7
0
0
0
0
0
3
1
0
0
0
0
0
0
1
12
0
0
0
0
0
0
2
7
0
0
0
0
0
0
6
9
0
0
0
0
0
6
11
0
0
0
0
0
0
1
7
0
0
0
0
0
0
0
11
0
0
0
0
0
0
7
13
0
0
0
0
0
0
4
0
0
0
0
0
0
0
7
0
0
0
0
0
0
1
9
0
0
0
0
0
0
5
10
0
0
0
0
0
0
7
0
0
0
0
0
0
4
3
0
0
0
0
0
0
2
13
0
0
0
0
0
4
0
11
0
0
0
0
0
0
9
0
0
0
0
0
0
0
7
0
0
0
0
0
0
0
15
0
0
0
0
0
0
8
18
0
0
0
0
0
0
3
0
0
0
0
0
0
0
5
0
0
0
0
0
0
7
16
0
0
0
0
0
1
10
13
0
0
0
0
0
0
1
0
0
0
0
0
0
0
8
0
0
0
0
0
0
6
6
0
0
0
0
0
0
7
13
0
0
0
0
0
0
5
0
0
0
0
0
0
4
6
0
0
0
0
0
0
5
13
0
0
0
0
0
0
0
9
0
0
0
0
0
0
0
0
0
0
0
0
0
1
13
0
0
0
0
0
0
4
12
0
0
0
0
0
0
2
10
0
0
0
0
0
0
4
0
0
0
0
0
0
0
6
0
0
0
0
0
0
3
13
0
0
0
0
0
0
0
8
0
0
0
0
0
0
0
0
0
0
0
0
0
0
7
0
0
0
0
0
0
2
9
0
0
0
0
0
0
2
9
0
0
0
0
0
0
5
0
0
0
0
0
0
1
11
0
0
0
0
0
0
2
7
0
0
0
0
0
0
5
15
0
0
0
0
0
0
10
0
0
0
0
0
0
0
15
0
0
0
0
0
0
0
8
0
0
0
0
0
0
8
13
0
0
0
0
0
2
14
0
0
0
0
0
0
0
5
0
0
0
0
0
0
0
8
0
0
0
0
0
0
7
17
0
0
0
0
0
0
8
0
0
0
0
0
0
1
8
0
0
0
0
0
0
4
11
0
0
0
0
0
0
5
12
0
0
0
0
0
0
5
0
0
0
0
0
0
0
9
0
0
0
0
0
0
6
9
0
0
0
0
0
0
9
14
0
0
0
0
0
0
2
0
0
0
0
0
0
0
5
0
0
0
0
0
1
6
11
0
0
0
0
0
0
4
15
0
0
0
0
0
0
4
0
0
0
0
0
0
4
7
0
0
0
0
0
0
1
14
0
0
0
0
0
0
0
10
0
0
0
0
0
0
5
0
0
0
0
0
0
0
12
0
0
0
0
0
0
4
6
0
0
0
0
0
0
0
14
0
0
0
0
0
0
8
0
0
0
0
0
0
1
11
0
0
0
0
0
0
5
15
0
0
0
0
0
0
6
10
0
0
0
0
0
0
9
0
0
0
0
0
0
5
8
0
0
0
0
0
0
0
8
0
0
0
0
0
0
3
10
0
0
0
0
0
1
6
0
0
0
0
0
0
2
10
0
0
0
0
0
0
0
8
0
0
0
0
0
0
5
13
0
0
0
0
0
3
11
0
0
0
0
0
0
3
4
0
0
0
0
0
0
0
8
0
0
0
0
0
0
4
11
0
0
0
0
0
0
7
0
0
0
0
0
0
0
7
0
0
0
0
0
0
0
8
0
0
0
0
0
0
3
17
0
0
0
0
0
4
5
0
0
0
0
0
0
0
6
0
0
0
0
0
0
0
7
0
0
0
0
0
0
3
16
0
0
0
0
0
4
5
0
0
0
0
0
0
0
9
0
0
0
0
0
0
6
11
0
0
0
0
0
0
1
12
0
0
0
0
0
0
3
0
0
0
0
0
0
0
4
0
0
0
0
0
0
5
12
0
0
0
0
0
2
7
18
0
0
0
0
0
0
1
0
0
0
0
0
0
0
9
0
0
0
0
0
0
5
8
0
0
0
0
0
0
12
12
0
0
0
0
0
0
8
0
0
0
0
0
0
1
8
0
0
0
0
0
0
9
10
0
0
0
0
0
0
0
14
0
0
0
0
0
0
8
0
0
0
0
0
0
0
5
0
0
0
0
0
0
7
11
0
0
0
0
0
0
4
10
0
0
0
0
0
0
4
0
0
0
0
0
0
5
16
0
0
0
0
0
0
4
9
0
0
0
0
0
0
3
9
0
0
0
0
0
0
6
0
0
0
0
0
0
4
6
0
0
0
0
0
0
0
7
0
0
0
0
0
0
0
11
0
0
0
0
0
0
7
0
0
0
0
0
2
3
11
0
0
0
0
0
0
0
8
0
0
0
0
0
4
5
16
0
0
0
0
0
0
4
0
0
0
0
0
0
0
2
0
0
0
0
0
0
3
10
0
0
0
0
0
0
0
11
0
0
0
0
0
0
5
0
0
0
0
0
0
0
6
0
0
0
0
0
0
1
9
0
0
0
0
0
0
4
16
0
0
0
0
0
4
9
0
0
0
0
0
0
0
6
0
0
0
0
0
1
13
14
0
0
0
0
0
0
3
13
0
0
0
0
0
0
5
0
0
0
0
0
0
0
3
0
0
0
0
0
0
3
14
0
0
0
0
0
0
2
14
0
0
0
0
0
0
3
0
0
0
0
0
0
0
6
0
0
0
0
0
0
10
14
0
0
0
0
0
0
8
15
0
0
0
0
0
0
4
0
0
0
0
0
0
6
10
0
0
0
0
0
0
3
12
0
0
0
0
0
0
4
8
0
0
0
0
0
0
5
0
0
0
0
0
0
4
15
0
0
0
0
0
0
2
10
0
0
0
0
0
0
5
6
0
0
0
0
0
3
7
0
0
0
0
0
0
5
14
0
0
0
0
0
0
4
9
0
0
0
0
0
0
7
9
0
0
0
0
0
4
7
0
0
0
0
0
0
2
11
0
0
0
0
0
0
0
11
0
0
0
0
0
0
0
9
0
0
0
0
0
0
11
0
0
0
0
0
0
5
6
0
0
0
0
0
0
0
10
0
0
0
0
0
0
1
9
0
0
0
0
0
0
5
0
0
0
0
0
0
4
5
0
0
0
0
0
0
0
5
0
0
0
0
0
0
7
9
0
0
0
0
0
0
3
0
0
0
0
0
0
0
6
0
0
0
0
0
0
2
7
0
0
0
0
0
0
7
16
0
0
0
0
0
1
11
0
0
0
0
0
0
0
11
0
0
0
0
0
0
1
12
0
0
0
0
0
0
2
13
0
0
0
0
0
0
7
0
0
0
0
0
0
0
5
0
0
0
0
0
0
0
14
0
0
0
0
0
0
8
14
0
0
0
0
0
0
4
0
0
0
0
0
0
0
5
0
0
0
0
0
0
11
15
0
0
0
0
0
0
4
11
0
0
0
0
0
0
6
0
0
0
0
0
0
1
6
0
0
0
0
0
0
7
15
0
0
0
0
0
0
2
13
0
0
0
0
0
0
5
0
0
0
0
0
0
0
11
0
0
0
0
0
0
3
6
0
0
0
0
0
0
6
8
0
0
0
0
0
0
8
0
0
0
0
0
0
3
9
0
0
0
0
0
0
3
10
0
0
0
0
0
0
1
11
0
0
0
0
0
0
3
0
0
0
0
0
0
0
7
0
0
0
0
0
0
3
11
0
0
0
0
0
0
3
17
0
0
0
0
0
0
7
0
0
0
0
0
0
6
11
0
0
0
0
0
0
4
10
0
0
0
0
0
0
1
16
0
0
0
0
0
0
7
0
0
0
0
0
0
4
9
0
0
0
0
0
0
1
10
0
0
0
0
0
0
8
17
0
0
0
0
0
0
12
0
0
0
0
0
0
0
9
0
0
0
0
0
0
0
8
0
0
0
0
0
0
3
18
0
0
0
0
0
0
12
0
0
0
0
0
0
0
6
0
0
0
0
0
0
0
8
0
0
0
0
0
3
0
15
0
0
0
0
0
2
8
0
0
0
0
0
0
0
7
0
0
0
0
0
0
0
7
0
0
0
0
0
0
0
11
0
0
0
0
0
9
12
0
0
0
0
0
0
0
5
0
0
0
0
0
0
4
6
0
0
0
0
0
5
3
18
0
0
0
0
0
1
6
0
0
0
0
0
0
0
9
0
0
0
0
0
0
4
14
0
0
0
0
0
0
9
13
0
0
0
0
0
0
1
0
0
0
0
0
0
0
0
0
0
0
0
0
0
7
11
0
0
0
0
0
0
1
15
0
0
0
0
0
0
2
0
0
0
0
0
0
0
10
0
0
0
0
0
0
0
9
0
0
0
0
0
0
1
15
0
0
0
0
0
0
6
0
0
0
0
0
0
2
7
0
0
0
0
0
0
0
14
0
0
0
0
0
0
4
10
0
0
0
0
0
0
6
0
0
0
0
0
0
0
11
0
0
0
0
0
0
6
12
0
0
0
0
0
0
7
7
0
0
0
0
0
1
10
0
0
0
0
0
0
0
9
0
0
0
0
0
0
2
10
0
0
0
0
0
0
3
10
0
0
0
0
0
0
8
0
0
0
0
0
0
1
11
0
0
0
0
0
0
0
11
0
0
0
0
0
0
5
9
0
0
0
0
0
6
10
0
0
0
0
0
0
1
10
0
0
0
0
0
0
4
15
0
0
0
0
0
2
13
12
0
0
0
0
0
0
7
0
0
0
0
0
0
0
7
0
0
0
0
0
0
0
9
0
0
0
0
0
0
4
13
0
0
0
0
0
0
6
0
0
0
0
0
0
0
6
0
0
0
0
0
0
0
15
0
0
0
0
0
0
9
13
0
0
0
0
0
0
8
0
0
0
0
0
0
0
7
0
0
0
0
0
0
0
14
0
0
0
0
0
0
6
11
0
0
0
0
0
4
8
0
0
0
0
0
0
0
6
0
0
0
0
0
0
5
16
0
0
0
0
0
1
7
17
0
0
0
0
0
0
3
0
0
0
0
0
0
2
8
0
0
0
0
0
0
4
12
0
0
0
0
0
0
8
9
0
0
0
0
0
0
1
0
0
0
0
0
0
3
13
0
0
0
0
0
0
7
12
0
0
0
0
0
0
2
7
0
0
0
0
0
0
5
0
0
0
0
0
0
0
11
0
0
0
0
0
0
7
6
0
0
0
0
0
0
2
10
0
0
0
0
0
0
12
0
0
0
0
0
0
0
5
0
0
0
0
0
0
2
9
0
0
0
0
0
0
0
14
0
0
0
0
0
0
3
0
0
0
0
0
0
7
11
0
0
0
0
0
0
0
7
0
0
0
0
0
0
4
13
0
0
0
0
0
0
5
0
0
0
0
0
0
0
9
0
0
0
0
0
0
1
7
0
0
0
0
0
0
8
12
0
0
0
0
0
0
1
0
0
0
0
0
0
0
7
0
0
0
0
0
0
0
8
0
0
0
0
0
0
0
12
0
0
0
0
0
6
12
0
0
0
0
0
0
0
10
0
0
0
0
0
0
4
10
0
0
0
0
0
0
10
17
0
0
0
0
0
0
6
0
0
0
0
0
0
0
4
0
0
0
0
0
0
7
14
0
0
0
0
0
0
5
17
0
0
0
0
0
0
7
0
0
0
0
0
0
0
6
0
0
0
0
0
0
0
10
0
0
0
0
0
0
15
9
0
0
0
0
0
0
4
0
0
0
0
0
0
0
5
0
0
0
0
0
0
0
15
0
0
0
0
0
4
6
9
0
0
0
0
0
0
7
0
0
0
0
0
0
7
7
0
0
0
0
0
0
1
10
0
0
0
0
0
0
1
12
0
0
0
0
0
0
8
0
0
0
0
0
0
1
10
0
0
0
0
0
0
3
13
0
0
0
0
0
0
3
16
0
0
0
0
0
0
9
0
0
0
0
0
0
1
14
0
0
0
0
0
0
0
13
0
0
0
0
0
0
1
11
0
0
0
0
0
0
7
0
0
0
0
0
0
0
13
0
0
0
0
0
0
0
8
0
0
0
0
0
0
5
11
0
0
0
0
0
0
9
0
0
0
0
0
0
4
3
0
0
0
0
0
0
5
9
0
0
0
0
0
0
3
14
0
0
0
0
0
4
7
0
0
0
0
0
0
1
2
0
0
0
0
0
0
0
11
0
0
0
0
0
0
10
9
0
0
0
0
0
0
13
0
0
0
0
0
0
0
9
0
0
0
0
0
0
2
5
0
0
0
0
0
0
7
10
0
0
0
0
0
1
13
0
0
0
0
0
0
0
7
0
0
0
0
0
0
4
15
0
0
0
0
0
0
8
15
0
0
0
0
0
0
3
0
0
0
0
0
0
0
11
0
0
0
0
0
0
4
14
0
0
0
0
0
0
3
19
0
0
0
0
0
0
5
0
0
0
0
0
0
0
9
0
0
0
0
0
8
4
16
0
0
0
0
0
0
0
7
0
0
0
0
0
0
5
0
0
0
0
0
0
0
12
0
0
0
0
0
0
2
9
0
0
0
0
0
2
8
16
0
0
0
0
0
0
7
0
0
0
0
0
0
7
5
0
0
0
0
0
0
9
11
0
0
0
0
0
0
1
9
0
0
0
0
0
0
4
0
0
0
0
0
0
0
11
0
0
0
0
0
0
0
13
0
0
0
0
0
0
1
13
0
0
0
0
0
0
6
0
0
0
0
0
0
0
14
0
0
0
0
0
0
1
6
0
0
0
0
0
0
2
19
0
0
0
0
0
3
10
0
0
0
0
0
0
0
8
0
0
0
0
0
0
4
5
0
0
0
0
0
0
6
12
0
0
0
0
0
1
3
0
0
0
0
0
0
1
7
0
0
0
0
0
0
2
7
0
0
0
0
0
0
1
15
0
0
0
0
0
3
6
0
0
0
0
0
0
0
8
0
0
0
0
0
0
1
12
0
0
0
0
0
0
5
15
0
0
0
0
0
1
9
0
0
0
0
0
0
0
10
0
0
0
0
0
0
1
10
0
0
0
0
0
0
10
11
0
0
0
0
0
0
3
0
0
0
0
0
0
0
9
0
0
0
0
0
0
6
15
0
0
0
0
0
0
3
9
0
0
0
0
0
1
5
0
0
0
0
0
0
0
4
0
0
0
0
0
2
5
8
0
0
0
0
0
0
7
17
0
0
0
0
0
0
6
0
0
0
0
0
0
0
10
0
0
0
0
0
0
8
6
0
0
0
0
0
0
5
13
0
0
0
0
0
1
8
0
0
0
0
0
0
1
7
0
0
0
0
0
0
2
16
0
0
0
0
0
0
0
12
0
0
0
0
0
0
3
0
0
0
0
0
0
0
5
0
0
0
0
0
0
0
10
0
0
0
0
0
0
5
12
0
0
0
0
0
0
7
0
0
0
0
0
0
0
8
0
0
0
0
0
0
8
14
0
0
0
0
0
0
3
9
0
0
0
0
0
2
6
0
0
0
0
0
0
2
12
0
0
0
0
0
0
0
6
0
0
0
0
0
0
1
12
0
0
0
0
0
0
15
0
0
0
0
0
0
7
