0
48000
0
0
0
0
0
0
646
361
0
376
0
123
497
0
177
142
1678
1000
0
0
0
0
436
568
0
0
0
0
0
0
996
0
0
0
1006
1000
0
994
386
1
1449
1
0
0
1166
0
333
666
0
0
998
0
0
0
194
762
0
49
0
0
996
440
561
998
0
1000
1002
0
1002
999
1001
1000
738
1002
0
1002
597
1002
0
1002
998
1002
998
998
70
994
1705
296
143
1001
1000
0
897
998
1001
1120
3000
0
1000
1002
998
3000
1000
0
1000
0
447
556
0
978
1188
0
1003
0
999
1001
1001
1002
999
999
998
1001
999
1000
1000
1000
10998
0
1000
1002
0
0
999
0
0
1002
0
1000
0
0
0
998
0
1003
997
1001
1002
772
993
1002
651
996
560
529
2994
1005
1000
1000
0
2444
1556
0
0
1000
2964
1036
0
0
1001
0
1001
1408
998
851
151
277
479
457
760
995
1000
3466
1000
0
0
1000
1673
1
1327
0
866
135
1001
1733
358
909
0
1002
0
1002
1002
995
2001
998
1000
1001
1745
255
999
1
316
690
1003
999
0
999
1000
1000
1156
1529
998
1000
1000
1000
770
418
520
1002
0
1002
999
1002
997
870
1003
0
998
1003
997
999
3000
1000
0
0
1000
1845
2155
1000
1001
2000
0
329
671
0
0
288
1004
0
329
1001
1999
0
1000
1001
0
2504
1886
363
246
169
293
998
1690
1309
2001
0
0
577
426
1120
224
1002
0
999
986
35
1002
0
1004
995
304
2970
4385
0
1
892
0
1
0
753
0
999
1002
103
1003
0
1001
0
1003
998
1003
569
2001
999
1407
1593
0
1000
1002
998
1000
2001
999
1001
0
0
1000
0
1001
1000
999
1001
1000
1001
0
1001
3223
324
676
0
1001
0
2002
0
1001
0
1000
1001
1001
27
144
1004
998
0
827
299
704
618
562
442
1002
0
1002
999
1001
997
9999
1000
1000
0
1000
0
0
3000
2900
100
0
0
0
0
1000
3000
1000
0
0
880
64
0
1
1
1055
0
1006
0
997
998
553
997
2999
0
1000
880
512
1
333
453
199
997
1004
255
1003
0
1002
1003
997
1001
1001
1000
998
1001
1000
1037
1070
1034
1629
1936
0
1531
0
1546
0
1085
144
1995
0
1011
1212
0
1217
1233
1336
3182
0
0
0
856
969
999
1004
998
997
1000
1070
931
1032
983
1016
1037
601
1839
0
1202
0
320
1267
1240
1173
0
1006
0
1035
1004
994
1000
1172
1333
1013
1246
0
1704
0
1001
0
3164
0
0
913
966
1000
1037
961
1003
1072
886
1421
0
2342
0
2217
0
974
710
2758
0
0
1108
1464
0
1010
0
1036
1031
1162
2137
0
0
2146
0
840
1000
4881
0
0
0
0
1132
0
990
1043
1108
1428
992
1228
0
2925
0
1273
0
1230
0
669
1000
1000
5998
0
0
0
0
0
1010
0
1003
999
1028
1009
1258
697
1993
1007
0
1078
959
1225
737
1822
1326
0
854
1111
888
1938
1738
0
1130
1368
0
824
1185
814
2403
0
1488
2903
0
0
1257
0
949
1074
1466
3118
0
0
1376
0
1042
0
1026
1006
850
1582
0
1983
0
921
1426
2053
0
1183
3564
0
0
0
2321
0
1154
0
963
1042
1224
1287
1336
1835
0
1271
141
1528
1330
1730
0
2533
0
0
1009
0
1145
1350
1031
316
869
5646
0
0
0
0
0
991
944
992
948
1322
506
1198
0
926
1448
1048
1283
0
2513
0
1327
0
990
1011
1039
992
568
3010
0
0
1176
857
967
1062
1452
1288
322
3077
0
0
1978
0
1299
1039
0
973
1004
1034
977
1049
938
1030
997
999
1000
1112
1400
2145
0
0
992
1010
1027
970
1004
1027
972
997
1031
1000
1036
1111
890
1325
1036
1321
0
964
1037
1005
1050
1420
1440
1120
0
926
1038
1004
997
1003
1004
1032
1716
1013
0
3635
0
0
1189
1178
0
1011
0
1000
998
1001
1031
1173
860
705
1664
0
3494
0
0
1212
0
1024
0
1014
999
1074
893
1001
1001
999
999
1002
1000
999
1000
1000
1001
1000
999
1000
1001
1000
999
1000
1001
1000
1032
967
1030
67
964
1006
1071
926
1033
1037
926
2789
0
1215
0
702
997
1036
1001
999
1000
967
1034
999
1000
963
2043
0
947
966
891
370
522
827
592
531
2872
0
1131
0
1039
0
1035
715
1901
28
999
1003
1002
1073
974
929
1544
0
1250
1087
982
561
896
999
1005
998
999
1001
1001
999
999
1001
1001
999
999
1001
1001
999
999
1001
1001
999
999
1001
1001
999
999
1001
1001
999
999
1001
1001
999
999
1001
1000
1000
999
1001
1001
999
999
1001
1001
1002
996
1083
0
997
1003
1002
1055
943
998
1002
1001
1032
1008
956
1001
1100
1220
1335
1083
0
1077
0
996
1005
1000
998
1001
1001
999
999
1001
1002
998
999
1001
1001
999
1000
1000
1001
999
999
1002
1000
999
999
1001
1002
998
999
1001
1001
999
999
1001
1001
999
999
1002
1000
999
999
1001
1001
999
999
1001
1001
999
999
1001
1001
999
999
1001
1001
998
1001
1000
1001
999
1003
997
1000
1000
1000
1000
1000
1000
1000
1000
1000
1000
1000
1000
1000
1000
1000
1000
1000
1000
1000
1000
1000
1000
1000
1000
1000
1000
1000
1001
999
1000
1000
1000
1143
1364
1490
0
1685
1106
1283
0
926
1004
1000
1748
1247
0
2358
0
1073
648
921
1034
966
1686
1316
0
996
1037
280
1328
574
1126
1722
0
1369
0
724
929
349
1114
0
961
1230
1362
685
767
1113
842
2479
0
2217
0
1213
91
997
101
994
1004
1037
1037
532
143
3390
0
0
1109
781
1142
1277
1966
0
1336
0
996
1003
1002
999
1075
697
961
839
1340
1341
1165
0
999
1005
1000
1603
687
1132
1061
547
433
290
1160
0
1037
0
1002
965
1034
966
1033
1000
1362
1376
1260
0
964
1491
1371
1623
0
1550
0
962
1006
1032
999
968
1036
1333
1592
823
845
1814
0
1285
0
727
97
958
1075
1449
477
2220
0
1267
222
808
1230
0
1037
0
1038
652
1166
1721
0
1076
1132
0
996
1037
1000
1706
2162
0
1052
0
999
1291
744
1074
888
2337
0
1704
0
996
1003
164
39
1675
0
1726
0
892
1934
0
1008
0
2193
0
1298
1546
0
1232
0
280
1699
1158
0
86
639
2170
0
1557
1521
0
1006
0
78
999
2098
0
0
993
988
1312
2347
0
1335
0
667
2216
0
782
933
365
1468
0
891
870
1073
3142
0
0
1133
1413
0
994
1037
1499
1317
994
189
963
1148
858
1036
963
999
1150
1192
651
2184
0
1528
1442
0
1072
492
312
110
1433
0
869
1072
926
2900
0
1287
0
821
1068
1036
925
1069
1120
774
2740
0
1266
0
1043
0
998
971
1070
959
1020
1747
1606
0
1609
0
579
97
925
1016
1022
1205
828
1535
1253
0
91
963
1074
962
999
1004
1153
906
692
832
1892
0
1072
963
1039
996
926
1950
1167
0
1274
1358
1253
0
937
562
253
2324
0
1288
0
1047
817
1055
997
1180
1184
200
2069
0
932
805
831
1157
1255
0
2468
0
984
1213
972
1106
1293
0
1038
0
1000
1036
986
1689
1870
0
1283
0
959
1075
967
1119
43
1115
844
1959
1869
0
1181
0
991
1011
1000
1000
1000
1000
1032
1377
1010
0
993
1077
932
1027
1001
1003
997
971
1028
1075
1915
0
1206
0
862
775
1299
0
973
838
927
1037
1003
998
1043
750
1017
1165
1176
0
962
1037
1061
902
962
4055
0
0
0
1012
0
1008
1001
999
1000
1000
1001
999
1001
1001
1000
1001
998
999
1002
998
1001
1001
998
1000
1001
1001
998
1000
1001
1001
998
1000
1001
1001
998
1000
1001
1000
999
1066
1000
962
1025
1046
1112
696
734
241
1879
0
1237
1704
0
961
1038
1004
970
1029
1070
2234
0
0
831
945
999
1029
972
1000
1029
1003
1074
998
1764
541
1006
1463
0
1008
0
1002
998
1000
999
1002
999
1000
999
1032
1058
1035
910
967
1117
882
1030
971
1066
1791
1143
0
46
994
1007
1032
1188
835
1020
743
1006
1030
1513
1455
0
1009
0
1000
1000
998
1000
1000
1001
1000
1000
1001
999
999
1000
1000
1001
1000
999
1001
1001
999
1000
1000
1035
996
1123
842
1002
999
1001
998
1001
998
1003
997
1001
999
1003
997
1001
999
1003
997
1001
999
1003
997
1001
999
1003
999
999
999
1003
997
1001
1000
1002
1110
0
1006
0
997
1001
1000
1002
997
1001
480
343
998
1003
1001
1001
997
1073
0
1003
0
1001
999
1001
999
1001
1055
0
1004
0
1001
1000
998
1001
999
1001
999
1001
999
1001
999
1001
999
1001
999
1003
997
1001
1001
999
999
1001
999
1001
1000
1000
999
1001
999
1001
1000
1000
999
1001
999
1001
1000
1000
1000
1001
998
1001
999
1000
1001
1000
999
1000
1002
1000
998
1000
1000
1001
999
1000
1001
58
995
999
1002
1001
1001
998
1002
999
1001
998
1000
1001
999
1000
1001
999
1000
1000
1107
0
1003
0
1002
999
999
1000
1000
1002
998
1000
1000
1001
999
1000
1002
999
999
1000
1000
1001
1000
11
1000
1000
1001
1001
998
1001
999
1002
998
1001
1001
998
1000
1001
999
1000
1000
1002
998
1000
48
993
1000
1004
998
1001
999
1001
999
1001
1001
999
999
1001
999
1001
999
1002
998
1001
1000
1000
1001
1000
999
1000
999
1001
999
1001
999
1001
1237
0
1004
0
999
1001
999
1001
999
1001
1000
1000
999
1001
1001
998
1001
999
1000
1000
1000
1001
1000
999
21
1003
0
1001
1000
999
1000
1001
999
1000
1000
1000
1000
1000
1002
999
999
1000
1002
998
1000
1000
1000
1001
999
1001
999
1001
999
1000
1002
999
999
1000
1001
1000
999
1000
1000
1002
998
1000
1003
998
999
1000
1000
1001
999
1000
1000
1001
1000
999
1001
1003
996
1000
1000
1003
997
1000
1001
1000
999
1001
999
1002
998
1002
52
1000
1003
0
1000
1004
996
1001
1000
1000
92
1003
0
1001
1000
1000
999
1001
999
999
1000
1002
997
1000
1000
1001
999
1000
1000
1001
999
1000
1000
1001
999
1000
1000
1001
1000
999
1001
1000
999
1001
999
1001
1000
999
1002
998
1000
1001
999
1001
1001
998
1000
1002
1000
998
1002
999
999
1001
1000
999
1001
1000
1001
999
1001
998
1001
1001
999
999
1003
997
1000
1001
999
1000
1002
998
1001
1001
999
999
1001
1000
1001
998
1002
999
1001
999
1002
34
1001
0
53
1001
0
1001
1001
1000
999
1001
999
1000
1002
998
1001
1001
998
1000
1001
999
1001
999
1000
1001
1001
999
1000
999
1001
999
1000
1001
1001
998
1001
1000
1000
999
1000
1002
998
1000
1002
1000
998
1000
1000
1000
1000
1000
964
1161
0
260
745
996
1004
27
39
52
221
995
1002
1001
1000
61
1003
0
1001
1000
1000
1002
999
127
251
82
1005
0
999
1000
1000
1000
1001
1000
1000
1000
999
1001
998
1003
999
1000
998
1004
997
1001
999
1001
999
1001
998
1002
999
999
1000
1003
997
1000
1001
999
1000
999
1000
1001
999
1000
1002
999
999
1000
1001
1000
999
1001
1000
1000
999
1001
1000
1000
999
1000
1002
999
999
1000
1002
999
999
1000
1001
1000
1000
1000
1001
999
999
1000
1001
1000
999
1000
1001
1000
999
1000
1001
1000
999
1002
999
1000
999
1000
1001
1000
1000
999
1000
1001
999
1000
1002
999
999
1002
999
1000
999
1000
1001
1002
997
1000
1001
1000
999
1001
999
1001
1000
1000
999
1001
999
1000
1000
1001
999
1000
1000
1001
1000
999
1000
1001
999
1001
1001
999
999
1000
1000
1000
1000
1000
1000
1000
1000
1000
1000
1000
1001
999
1000
1001
999
1000
1002
998
1000
1001
999
1001
999
1001
999
1000
1001
1001
998
1001
1000
999
1001
1000
999
1000
1000
1001
1000
999
1000
1000
1000
1001
999
1000
1001
999
1000
1001
1004
0
999
1001
1000
1002
999
999
1000
1000
1000
1000
1000
1001
999
1000
1000
1002
999
1000
999
1000
1002
999
999
1002
998
1001
999
1000
1001
1000
999
1003
997
1001
999
1002
999
1000
999
46
122
1004
0
998
1002
23
61
1002
0
1003
1000
997
1000
1004
997
999
1000
1004
997
164
154
997
1000
1001
1000
1002
999
999
1000
1002
999
999
1002
109
1001
0
1001
1001
1000
999
1000
1000
1001
999
1000
1000
1001
999
1000
1000
1001
1000
999
1000
1001
1001
999
999
1000
1000
1002
998
1001
999
1000
1017
1001
0
1000
1003
999
998
1000
1003
998
999
1001
1000
1000
999
1001
1000
1000
999
1002
1000
999
999
1001
1001
999
999
1002
999
1001
998
1001
1000
1000
999
1000
1002
999
999
1000
1003
998
999
1002
999
1000
999
1001
1001
999
999
1001
1002
998
999
1002
1000
999
999
1003
999
999
999
1002
1000
999
999
1002
999
1000
1000
999
1001
1000
1000
1000
1000
1000
999
1002
1000
999
999
1001
1000
1000
1000
999
1001
1000
1000
999
1003
998
999
1001
1002
998
999
1002
998
1001
1000
999
1002
999
999
1001
1001
999
1000
999
1002
999
999
1002
999
1000
999
1000
1001
1000
999
1000
1001
1000
999
1002
1000
999
999
1002
999
1000
1000
999
1001
1000
1000
1000
1001
999
999
1002
1000
999
999
1000
1001
1001
1000
1096
0
1001
0
1000
1001
1000
1000
999
1001
1000
999
1001
1000
1000
999
1001
999
1000
1000
1000
1001
999
1000
1000
1001
1000
999
1000
1001
999
1000
1000
1001
999
1000
1000
1001
1000
999
1000
1001
999
1000
1000
1001
999
1000
1000
1001
999
1000
1000
1001
999
1000
1000
1001
999
1000
1000
1001
999
1000
1000
1001
999
1000
1000
1002
998
1001
999
1001
999
1000
1000
1001
999
1000
1000
1001
999
1000
1000
1001
999
1000
891
1109
1000
1000
1000
1001
999
1000
1000
1001
999
1000
1000
1001
999
1000
1000
1001
999
1000
1000
1001
999
1000
1000
1001
999
1000
927
1073
1000
1000
1000
1001
999
1000
1000
1001
999
1000
1000
1001
999
1000
1000
1001
1000
999
1000
891
1109
1000
1000
1002
998
1000
1000
907
1093
1000
1000
1001
999
1001
999
1001
999
1000
1000
1001
1000
999
1000
1001
0
5
11
79
696
977
690
722
0
2899
2850
2801
0
3973
3924
3875
3826
4318
4269
523
771
970
1987
1938
2341
676
387
1868
1819
2934
2885
2836
623
1393
1344
1536
1487
0
0
0
12147
12098
12049
12000
11951
11902
11853
11804
11755
11706
11657
11608
11559
321
5992
5943
5894
5845
5796
8692
8643
8594
8545
6050
897
605
1230
1181
3384
3335
3286
3237
0
2365
2316
2267
3393
3344
3295
3246
0
0
5524
5475
5426
5377
5328
5279
4
0
5604
5555
5506
5457
5408
5359
88
0
0
5125
5076
5027
4978
4929
4880
0
0
4482
4433
4384
4335
4286
232
0
4273
4224
4175
4126
4077
412
1971
1922
1691
1431
6
1741
1692
0
258
191
58
32
2
211
257
416
497
624
376
822
1431
1382
824
787
0
2699
2650
2601
751
3
0
0
3314
3265
3216
3167
0
0
2622
2573
2524
140
0
0
3099
3050
3001
2952
347
786
2700
2651
2602
25
0
0
2445
2396
2347
1
1106
1057
447
151
4
5
4
5
5
7
452
156
809
331
0
1080
1031
435
473
233
487
4
775
2
467
3
497
4
3
6
8
7
5
8
814
507
160
1896
1847
416
289
459
0
2800
2751
2702
7
2
1
2
3
2
6
7
2
6
3
4
3
194
722
342
696
981
685
293
613
1338
1289
161
4
4
8
4
34
142
252
4
4
5
7
6
8
194
177
265
201
144
3
3
2
6
7
9
5
4
2
9
4
4
5
6
3
202
597
555
491
366
498
144
4
4
6
8
5
6
3
7
5
6
5
6
8
7
9
8
7
9
7
9
5
7
9
10
7
4
7
5
7
4
5
7
7
5
3
9
8
8
11
87
2
3
4
5
3
2
4
5
6
4
2
2
6
2
5
7
4
5
3
4
4
4
3
7
4
5
3
4
6
6
5
4
3
3
6
2
3
3
6
6
2
0
5
3
4
4
2
2
3
7
3
5
3
7
3
6
7
2
4
3
2
5
7
6
1
2
3
2
1
7
8
3
4
2
0
3
4
141
523
359
660
745
538
561
0
3886
3837
3788
3739
7
910
1530
1481
190
337
247
4
4
4
6
7
7
373
344
822
420
868
132
1142
1093
1323
1274
923
1
1773
1724
1180
1131
0
2159
2110
2061
546
2
443
2
994
1075
365
0
0
5881
5832
5783
5734
5685
5636
520
720
58
4273
4224
4175
4126
4077
3570
3521
3472
3423
827
2171
2122
2073
0
4522
4473
4424
4375
4326
0
2354
2305
2256
0
5279
5230
5181
5132
5083
5034
0
0
0
10740
10691
10642
10593
10544
10495
10446
10397
10348
10299
10250
3
0
7575
7526
7477
7428
7379
7330
7281
7232
2
0
7475
7426
7377
7328
7279
7230
7181
7132
3
1439
1390
7358
7309
7260
7211
7162
7113
7064
7015
288
1380
1331
0
5949
5900
5851
5802
5753
5704
4383
176
0
4863
4814
4765
4716
4667
3
0
0
5916
5867
5818
5769
5720
5671
1956
0
0
6747
6698
6649
6600
6551
6502
6453
128
0
0
0
5322
5273
5224
5175
5126
5077
4
1661
1612
4349
4300
4251
4202
4153
0
1664
1615
2776
2727
2678
4
5
4
5
7
5
5
5
261
276
633
312
751
367
0
2297
2248
2199
733
0
2147
2098
2049
4
4
7
6
6
3
9
6
6
5
7
3
4
4
5
7
9
7
4
4
6
3
3
7
5
8
8
5
4
6
6
4
6
5
7
5
11
6
6
4
3
6
9
6
4
9
6
7
6
7
6
5
5
6
7
7
6
5
4
6
8
5
4
5
5
3
3
5
6
7
5
6
4
4
4
4
7
8
7
5
9
2
4
4
5
2
6
7
2
6
5
6
8
7
10
6
4
4
6
6
256
301
3
3
4
3
4
4
8
4
3
5
3
5
4
4
3
5
5
7
4
5
7
7
3
7
3
9
3
6
4
5
3
6
5
6
4
6
6
237
607
295
836
745
380
243
2828
2779
2730
1085
1036
981
148
4483
4434
4385
4336
4287
1045
996
0
3737
3688
3639
3590
2
0
4688
4639
4590
4541
4492
4
272
0
4283
4234
4185
4136
4087
3
1525
1476
3729
3680
3631
3582
1
1520
1471
0
3864
3815
3766
3717
759
92
283
1883
1834
7
836
111
796
7
0
1131
1082
730
676
460
493
480
528
660
56
951
1241
1192
570
823
879
795
155
625
6
1
4
5
1
8
3
4
3
3
3
5
80
365
398
837
566
254
0
2524
2475
2426
0
1414
1365
2
5
1
5
2
2
3
7
5
8
3
8
2
2
6
2
175
125
1633
1584
343
904
2
568
3
5
7
7
5
7
11
6
7
10
9
9
8
8
4
5
7
5
7
5
5
5
5
5
5
5
4
7
5
9
6
10
9
8
8
7
8
4
6
6
7
5
5
6
7
7
6
10
8
6
6
5
4
6
7
8
6
6
6
6
7
5
3
6
6
5
5
6
5
5
5
3
7
6
8
4
4
7
6
9
6
4
6
5
4
6
5
7
10
8
5
5
8
5
11
7
5
9
6
6
7
3
6
7
5
2
6
5
6
6
10
139
2
1
3
3
3
6
5
4
6
1
5
4
6
5
6
4
4
5
4
2
4
3
4
4
7
7
4
6
4
5
2
5
5
3
4
9
7
6
5
200
396
399
975
332
969
655
0
2236
2187
2138
0
3072
3023
2974
2925
0
3716
3667
3618
3569
0
0
6552
6503
6454
6405
6356
6307
6258
3172
3123
3074
3025
443
1494
1445
0
732
3
4
4
8
6
6
3
4
5
2
4
2
7
8
7
9
4
2
3
4
4
6
4
2
2
5
5
4
5
4
5
5
4
4
3
3
8
5
3
5
5
6
4
5
4
4
5
1
7
2
1
2
2
3
6
5
2
4
4
4
6
8
3
2
6
4
5
5
4
5
4
5
9
3
5
4
8
4
5
5
5
6
4
6
4
3
3
4
4
4
4
4
5
7
4
8
4
4
7
5
3
7
2
4
3
6
3
5
0
4
1
2
5
2
5
5
5
5
5
3
3
3
4
5
4
8
4
6
6
4
7
3
5
6
4
3
3
5
3
6
6
1
3
1
5
7
5
9
6
5
3
7
4
6
6
4
5
4
7
4
5
9
5
5
3
6
5
4
4
5
6
3
4
6
4
7
5
6
6
4
5
4
4
5
5
9
5
6
3
7
11
3
4
8
5
4
8
7
6
3
5
6
5
4
4
5
6
3
5
2
4
4
4
6
7
2
6
5
4
7
10
4
3
4
5
5
3
8
5
8
3
5
5
2
5
7
5
3
6
4
4
3
5
5
9
4
6
4
5
5
6
3
5
5
4
6
5
4
4
7
6
6
2
237
6
3
3
5
2
4
7
4
4
3
4
5
8
5
4
6
6
5
4
3
3
3
4
3
5
4
5
7
3
8
6
8
7
7
4
7
5
8
5
5
5
4
3
5
3
5
6
4
6
3
5
5
4
4
4
3
6
7
6
4
5
7
3
3
4
7
5
6
4
7
3
4
3
6
5
5
5
3
3
4
4
6
5
5
5
6
7
7
4
8
5
6
10
7
7
7
6
7
2
5
4
7
4
7
5
6
3
3
3
4
3
6
6
4
9
3
3
5
4
6
6
5
9
5
6
7
6
2
5
5
3
3
5
5
7
9
7
4
7
6
6
7
5
4
4
4
5
4
7
2
4
6
3
6
3
6
7
4
4
7
8
4
4
6
4
3
3
5
2
6
5
6
5
6
2
6
7
6
4
8
5
5
4
6
5
4
7
5
9
8
9
4
6
7
2
137
124
4
2
4
5
5
3
1
4
4
2
9
3
399
254
401
4
402
53
249
902
1303
1152
1749
1703
1453
1849
1700
2051
2698
2350
2649
3649
4648
5648
5348
6300
7249
8198
9198
10198
