0
53000
0
1000
0
0
0
1002
0
0
0
1004
998
0
2996
1000
0
0
1000
1003
0
0
0
0
998
0
0
0
0
1004
0
0
0
0
999
0
0
1002
999
0
0
995
0
3000
1000
0
3000
0
0
1000
1003
0
0
0
997
0
0
0
1003
0
0
0
0
0
1000
0
0
0
0
0
0
0
304
708
0
0
0
0
1
984
0
0
0
1005
0
1000
665
1006
0
998
309
993
996
1005
1000
1000
267
988
1005
997
999
1001
999
1000
1001
1000
999
999
1003
997
1001
999
1000
13998
1000
2000
1000
8000
4000
1000
0
140
862
0
0
999
0
0
2003
0
446
553
0
0
0
997
0
0
1006
0
0
996
0
0
0
0
0
1000
0
0
0
0
0
1005
997
999
1001
998
7
995
1004
997
1999
10000
6000
1000
0
0
1001
0
0
1001
0
1001
998
0
0
0
0
1
998
0
0
0
0
0
1004
0
1002
1001
1000
999
1001
996
1001
997
1003
1003
436
301
139
184
426
546
78
680
68
999
1037
0
982
983
1000
1001
1000
1000
1002
997
355
34804
3000
4000
3000
1000
2001
1999
1000
1002
998
1001
0
0
0
0
1001
0
0
0
1002
0
0
0
0
1000
0
1002
0
314
686
0
0
995
0
0
0
1001
0
0
1002
1
998
0
1998
0
999
0
0
1004
0
998
0
1999
1377
1622
1000
0
1003
0
0
998
0
0
0
1003
0
0
1001
0
0
0
0
0
997
0
0
0
1006
0
998
0
996
188
461
1000
656
351
548
1001
0
1003
1001
999
998
999
1002
0
1000
8999
2000
2001
999
1001
999
0
1001
0
0
1001
0
0
0
1003
0
744
258
0
993
0
1002
0
1262
0
1005
0
998
1002
856
379
998
999
1102
999
315
184
515
1325
999
742
532
9000
1000
0
1001
1001
998
1002
1998
0
1000
0
0
0
0
0
1001
0
1004
0
0
998
1000
1003
1000
1160
1999
998
2001
0
0
999
425
586
1004
0
1002
1001
999
1002
995
463
518
1292
0
1049
1057
0
1004
0
341
423
260
431
1003
0
1003
1004
996
995
1003
999
1002
1000
1003
1001
999
1001
998
999
999
997
1001
999
1000
1002
999
999
1000
1000
1001
999
1000
1003
999
998
1000
1003
1100
0
1005
0
999
1001
1001
1000
105
1003
0
999
42
1000
1005
0
1198
0
1008
0
1001
997
481
1005
0
998
1006
1002
994
220
426
176
1005
0
1222
0
535
470
500
746
594
355
1000
1002
0
1003
1001
1003
995
368
218
172
1009
0
997
999
250
989
786
498
794
680
744
1370
490
64
327
1000
1008
0
469
178
995
150
1005
0
1003
1004
995
1002
897
1000
1007
0
1003
997
142
1061
426
579
1007
0
1001
1002
1000
996
1003
1000
1001
997
1002
1000
1000
998
1003
997
442
294
1234
0
1074
999
1012
0
997
1005
1000
994
1001
1003
998
1003
238
569
493
1270
0
1010
0
1237
0
1010
0
1000
1002
997
1001
1000
999
1002
999
288
983
999
1008
1000
997
1001
1000
1005
998
998
999
1003
703
953
1410
999
941
80
987
730
1279
0
1011
0
1001
998
1000
1005
995
1000
1001
1000
997
1002
1000
1001
1000
999
1000
1001
1000
1000
999
1001
1000
1005
994
1001
997
1003
998
1000
1003
998
1002
997
1001
1000
287
980
714
755
319
88
625
1011
0
1144
1000
1011
0
1000
999
999
1003
1250
0
1011
0
1000
999
999
278
985
1010
0
1000
1000
999
1001
1000
1000
999
999
1002
999
1000
999
1002
1000
1002
996
1282
0
679
504
1448
0
1011
0
1002
1001
998
1000
998
1001
316
458
46
1005
0
1005
1320
0
142
193
740
248
1005
0
1005
1001
1004
815
1537
0
1248
999
1009
0
1004
996
1002
998
1002
998
529
1140
1001
1008
0
1002
1001
1000
372
985
997
1005
1001
999
1001
999
1001
999
720
555
384
346
1141
670
787
1516
0
1009
0
1003
999
999
999
1000
999
1002
999
1002
997
1293
0
252
189
539
666
1007
0
1002
999
1210
0
1009
0
763
1570
0
175
995
96
994
998
1007
998
1168
1000
1008
0
1003
501
1368
690
1317
0
711
833
636
25
32
1008
0
771
643
20
1100
0
1276
0
1010
0
1000
999
115
1009
1008
0
1007
994
195
1001
0
1007
1001
999
1003
997
1001
999
1003
335
985
998
1008
997
1001
1001
1001
997
1001
1003
999
999
999
1001
1002
998
999
1003
1000
997
1000
999
1274
0
1009
0
1005
996
1000
1027
204
132
875
1418
0
1010
0
1000
1003
997
1000
999
1004
997
999
1000
1002
998
1004
999
635
267
575
214
1008
0
1002
1001
999
998
1001
1000
1001
1000
998
1001
1002
998
1000
1000
1001
582
985
759
701
938
672
1420
1000
1009
0
1003
246
41
61
254
248
699
1307
0
201
1004
0
1007
998
1005
995
1003
272
348
138
267
508
106
777
243
1009
0
1000
1002
999
999
678
1299
1261
0
1010
0
1001
1000
1001
997
1002
998
1002
689
662
57
1206
0
1010
0
1000
999
1000
1001
999
1000
1000
1292
0
1319
0
645
297
981
999
335
547
118
383
1001
998
1008
1000
760
315
997
1227
575
697
162
884
258
489
75
1179
80
184
750
260
995
132
1003
0
1008
999
1002
999
1000
999
1002
999
1100
0
1011
0
257
301
1262
0
1011
0
1001
1001
999
692
1570
0
735
179
755
19
993
1261
0
1011
0
878
1365
0
1011
0
1000
1000
1000
999
1001
1000
828
1432
0
1048
156
1338
0
677
1561
0
214
995
1274
0
608
763
298
295
338
557
1009
0
1291
0
1011
0
1000
1003
1002
996
999
1001
1002
996
1001
999
1002
999
1000
1003
1242
700
1309
0
1010
0
1001
998
611
328
54
481
476
860
348
533
274
702
168
1110
999
736
734
1538
0
1012
0
999
1000
999
998
1304
0
141
683
65
132
882
773
246
985
1312
0
184
995
1279
0
1011
0
997
1002
1001
1002
997
1001
540
584
1008
0
1005
995
1000
1002
1000
998
684
489
1004
0
1007
696
459
570
114
1008
0
1002
1000
1000
1000
998
1000
1002
1000
998
1000
1002
278
1199
0
182
1193
0
1012
0
998
1000
1001
1283
1000
1011
0
249
987
995
1030
282
1000
252
139
650
605
1015
0
995
1001
1000
1001
999
999
1002
1000
1001
997
1001
1001
998
1000
1001
1001
998
1001
1000
1003
996
1000
1001
1002
998
1000
999
1003
998
999
307
990
1250
1052
0
1232
0
1010
0
235
983
1317
0
1011
0
999
1003
998
1002
205
666
1146
0
657
760
269
297
1000
992
1009
1003
999
1000
999
1003
995
1003
997
1003
997
1003
996
1004
997
1001
998
1006
995
1002
997
1004
997
1001
557
133
99
441
1013
0
997
1003
995
1004
997
1005
994
1003
997
1003
997
1004
997
1000
99
97
998
999
197
27
1001
1007
0
1005
996
1000
998
1159
0
1005
0
1003
999
1003
995
1003
1000
998
1001
1001
999
231
253
999
1001
1003
1000
1171
0
771
79
1004
0
1001
1002
1288
0
1006
0
1003
997
1000
1000
1000
1000
1001
1000
999
1003
997
1000
1287
0
1006
0
1000
1000
1001
999
1002
998
1000
1002
998
1000
1074
0
842
442
1185
0
1007
0
347
990
1003
998
1005
998
1154
1000
1004
0
1001
999
1004
996
1000
1002
997
999
1002
999
999
1001
650
1381
999
1002
0
0
0
0
7
0
0
0
1
12
0
0
0
8
0
0
0
0
0
0
0
0
11
0
0
0
9
0
0
0
6
0
0
0
7
12
0
0
0
10
0
0
0
1
0
0
0
0
11
0
0
0
9
0
0
0
3
0
0
0
2
27
0
0
0
3
0
0
0
7
0
0
0
1
18
0
0
1
15
0
0
0
11
0
0
0
0
11
0
0
0
8
0
0
2
3
0
0
0
4
15
0
0
0
12
0
0
0
0
0
0
0
0
12
0
0
0
10
0
0
0
8
0
0
0
0
14
0
0
0
8
0
0
0
7
0
0
0
5
17
0
0
0
13
0
0
0
7
0
0
0
0
10
0
0
0
8
0
0
0
8
0
0
0
5
18
0
0
0
9
0
0
0
2
0
0
0
5
20
0
0
0
16
0
0
0
6
0
0
0
3
13
0
0
0
7
0
0
2
6
0
0
0
8
16
0
0
0
12
0
0
0
6
0
0
0
1
14
0
0
0
16
0
0
0
5
0
0
0
0
9
0
0
0
6
0
0
0
6
0
0
0
8
19
0
0
0
10
0
0
0
5
0
0
0
5
13
0
0
0
11
0
0
0
7
0
0
0
0
22
0
0
0
13
0
0
0
6
0
0
0
7
13
0
0
0
10
0
0
0
4
0
0
0
3
16
0
0
0
8
0
0
0
9
0
0
0
1
16
0
0
0
6
0
0
0
12
0
0
0
0
15
0
0
2
6
0
0
0
7
0
0
0
0
14
0
0
0
6
0
0
0
1
0
0
0
3
17
0
0
0
9
0
0
0
9
0
0
0
0
16
0
0
0
17
0
0
0
12
0
0
0
2
12
0
0
0
7
0
0
0
7
0
0
0
6
16
0
0
0
13
0
0
0
10
0
0
0
2
17
0
0
0
20
0
0
0
7
0
0
0
2
12
0
0
0
8
0
0
0
7
0
0
0
4
14
0
0
0
12
0
0
0
4
0
0
0
2
17
0
0
0
13
0
0
0
8
0
0
0
3
11
0
0
5
8
0
0
0
4
0
0
0
0
12
0
0
0
14
0
0
0
7
0
0
0
5
17
0
0
0
7
0
0
0
0
0
0
0
1
16
0
0
0
10
0
0
0
11
0
0
0
6
14
0
0
0
11
0
0
0
9
0
0
0
4
14
0
0
0
10
0
0
0
6
0
0
0
1
20
0
0
0
9
0
0
0
4
0
0
0
7
15
0
0
0
10
0
0
0
7
0
0
0
0
9
0
0
0
4
0
0
0
4
0
0
0
5
16
0
0
0
13
0
0
0
8
0
0
0
0
15
0
0
0
11
0
0
0
8
0
0
0
0
14
0
0
0
10
0
0
0
8
0
0
0
3
8
0
0
0
12
0
0
0
6
0
0
0
0
13
0
0
0
13
0
0
0
7
0
0
0
6
18
0
0
0
5
0
0
0
9
0
0
0
0
23
0
0
0
15
0
0
0
6
0
0
0
0
18
0
0
0
18
0
0
0
2
0
0
0
0
19
0
0
2
11
0
0
0
6
0
0
0
4
14
0
0
0
9
0
0
0
6
0
0
0
0
13
0
0
0
11
0
0
0
6
0
0
0
8
13
0
0
1
8
0
0
0
4
0
0
0
7
14
0
0
0
14
0
0
0
8
0
0
0
3
13
0
0
0
9
0
0
0
6
0
0
0
0
10
0
0
0
12
0
0
0
6
0
0
0
5
14
0
0
0
12
0
0
0
9
0
0
0
1
17
0
0
0
10
0
0
0
5
0
0
0
1
13
0
0
0
8
0
0
0
7
0
0
0
0
11
0
0
0
14
0
0
0
4
0
0
0
0
15
0
0
0
7
0
0
0
6
0
0
0
6
16
0
0
4
13
0
0
0
7
0
0
0
9
10
0
0
0
12
0
0
0
11
0
0
0
5
16
0
0
0
6
0
0
0
3
0
0
0
0
11
0
0
0
12
0
0
0
12
0
0
0
1
16
0
0
0
12
0
0
0
7
0
0
0
5
16
0
0
0
5
0
0
0
1
0
0
0
0
14
0
0
0
17
0
0
0
10
0
0
0
2
12
0
0
1
8
0
0
0
6
0
0
0
7
12
0
0
1
11
0
0
0
5
0
0
0
4
24
0
0
0
12
0
0
0
7
0
0
0
0
18
0
0
0
11
0
0
0
11
0
0
0
5
16
0
0
0
7
0
0
0
5
0
0
0
2
14
0
0
0
8
0
0
0
7
0
0
0
6
16
0
0
0
10
0
0
0
8
0
0
0
1
14
0
0
0
9
0
0
0
13
0
0
0
0
19
0
0
0
9
0
0
0
4
0
0
0
0
10
0
0
0
9
0
0
0
14
0
0
0
0
18
0
0
0
8
0
0
0
3
0
0
0
1
14
0
0
0
18
0
0
0
6
0
0
0
2
13
0
0
1
8
0
0
0
4
0
0
0
1
15
0
0
0
8
0
0
0
9
0
0
0
1
23
0
0
0
15
0
0
0
2
0
0
0
0
11
0
0
0
6
0
0
0
12
0
0
0
1
21
0
0
2
9
0
0
0
12
0
0
0
0
19
0
0
1
7
0
0
0
6
0
0
0
3
17
0
0
0
10
0
0
0
9
0
0
0
7
12
0
0
0
15
0
0
0
6
0
0
0
1
16
0
0
0
12
0
0
0
7
0
0
0
3
11
0
0
0
9
0
0
0
11
0
0
0
0
19
0
0
0
11
0
0
0
7
0
0
0
0
13
0
0
0
11
0
0
0
5
0
0
0
3
16
0
0
0
9
0
0
0
6
0
0
0
0
20
0
0
0
6
0
0
0
6
0
0
0
0
12
0
0
0
6
0
0
0
5
0
0
0
2
20
0
0
0
14
0
0
0
6
0
0
0
0
21
0
0
0
13
0
0
0
9
0
0
0
0
13
0
0
0
10
0
0
0
6
0
0
0
0
10
0
0
1
17
0
0
0
3
0
0
0
1
17
0
0
0
12
0
0
0
3
0
0
0
0
15
0
0
0
7
0
0
0
2
0
0
0
4
13
0
0
0
5
0
0
0
11
0
0
0
0
14
0
0
0
18
0
0
0
10
0
0
0
4
19
0
0
0
14
0
0
0
5
0
0
0
3
16
0
0
0
6
0
0
0
7
0
0
0
1
17
0
0
0
12
0
0
0
8
0
0
0
0
15
0
0
0
7
0
0
0
6
0
0
0
5
15
0
0
0
6
0
0
0
6
0
0
0
0
17
0
0
0
7
0
0
0
12
0
0
0
0
15
0
0
0
11
0
0
0
5
0
0
0
1
16
0
0
0
9
0
0
0
5
0
0
0
1
20
0
0
0
11
0
0
0
9
0
0
0
0
13
0
0
1
12
0
0
0
12
0
0
0
3
12
0
0
0
11
0
0
0
4
0
0
0
3
16
0
0
0
8
0
0
0
3
0
0
0
6
16
0
0
2
12
0
0
0
5
0
0
0
0
17
0
0
0
11
0
0
0
8
0
0
0
0
17
0
0
0
13
0
0
0
5
0
0
0
5
11
0
0
2
13
0
0
0
14
0
0
0
5
21
0
0
0
8
0
0
0
6
0
0
0
0
16
0
0
0
16
0
0
0
7
0
0
0
3
15
0
0
0
16
0
0
0
5
0
0
0
4
15
0
0
2
7
0
0
0
9
0
0
0
9
15
0
0
7
15
0
0
0
4
0
0
0
0
16
0
0
0
8
0
0
0
10
0
0
0
10
18
0
0
0
10
0
0
0
0
0
0
0
0
14
0
0
0
11
0
0
0
12
0
0
0
0
17
0
0
0
10
0
0
0
12
0
0
0
5
11
0
0
6
12
0
0
0
1
0
0
0
0
13
0
0
0
12
0
0
0
5
0
0
0
1
16
0
0
1
8
0
0
0
4
0
0
0
5
10
0
0
0
13
0
0
0
7
0
0
0
4
13
0
0
0
9
0
0
0
3
0
0
0
4
18
0
0
0
13
0
0
0
5
0
0
0
8
12
0
0
0
4
0
0
0
10
0
0
0
0
18
0
0
0
8
0
0
0
5
0
0
0
3
18
0
0
0
11
0
0
0
8
0
0
0
0
11
0
0
3
7
0
0
0
4
0
0
0
3
11
0
0
0
9
0
0
0
7
0
0
0
2
19
0
0
0
15
0
0
0
9
0
0
0
0
15
0
0
0
9
0
0
0
7
0
0
0
4
15
0
0
0
15
0
0
0
1
0
0
0
0
17
0
0
0
9
0
0
0
11
0
0
0
2
16
0
0
0
8
0
0
0
7
0
0
0
10
13
0
0
0
15
0
0
0
3
0
0
0
4
9
0
0
0
10
0
0
0
6
0
0
0
2
18
0
0
0
4
0
0
0
6
0
0
0
4
15
0
0
0
14
0
0
0
7
0
0
0
5
16
0
0
0
10
0
0
0
8
0
0
0
0
13
0
0
0
8
0
0
0
7
0
0
0
0
12
0
0
1
15
0
0
0
10
0
0
0
1
13
0
0
0
7
0
0
0
8
0
0
0
4
19
0
0
0
14
0
0
0
0
0
0
0
3
12
0
0
0
8
0
0
0
8
0
0
0
3
19
0
0
0
7
0
0
0
5
0
0
0
4
11
0
0
0
18
0
0
0
5
0
0
0
3
7
0
0
0
8
0
0
0
2
0
0
0
6
17
0
0
0
10
0
0
0
7
0
0
0
7
20
0
0
0
13
0
0
0
8
0
0
0
2
18
0
0
0
10
0
0
0
9
0
0
0
2
12
0
0
1
8
0
0
0
5
0
0
0
0
16
0
0
3
12
0
0
0
5
0
0
0
8
13
0
0
0
12
0
0
0
10
0
0
0
1
11
0
0
0
14
0
0
0
3
0
0
0
1
12
0
0
0
10
0
0
0
9
0
0
0
7
11
0
0
2
14
0
0
0
4
0
0
0
0
14
0
0
2
12
0
0
0
4
0
0
0
1
9
0
0
0
14
0
0
0
3
0
0
0
4
17
0
0
0
6
0
0
0
1
0
0
0
2
18
0
0
0
12
0
0
0
8
0
0
0
4
19
0
0
0
11
0
0
0
5
0
0
0
0
18
0
0
4
12
0
0
0
6
0
0
0
0
16
0
0
2
14
0
0
0
14
0
0
0
0
13
0
0
1
13
0
0
0
0
0
0
0
2
16
0
0
0
17
0
0
0
4
0
0
0
3
13
0
0
0
17
0
0
0
7
0
0
0
9
14
0
0
0
11
0
0
0
5
0
0
0
0
13
0
0
2
13
0
0
0
8
0
0
0
5
15
0
0
0
10
0
0
0
10
0
0
0
0
14
0
0
0
11
0
0
0
1
0
0
0
1
15
0
0
0
10
0
0
0
9
0
0
0
0
12
0
0
2
6
0
0
0
4
0
0
0
8
13
0
0
0
10
0
0
0
7
0
0
0
0
8
0
0
0
15
0
0
0
6
0
0
0
0
13
0
0
0
10
0
0
0
6
0
0
0
4
10
0
0
0
15
0
0
0
8
0
0
0
0
15
0
0
0
6
0
0
0
8
0
0
0
2
16
0
0
0
9
0
0
0
6
0
0
0
0
12
0
0
3
10
0
0
0
11
0
0
0
3
17
0
0
0
11
0
0
0
6
0
0
0
5
18
0
0
0
18
0
0
0
3
0
0
0
2
11
0
0
0
5
0
0
0
3
0
0
0
6
10
0
0
4
8
0
0
0
3
0
0
0
0
18
0
0
4
11
0
0
0
6
0
0
0
0
14
0
0
0
11
0
0
0
4
0
0
0
3
16
0
0
0
14
0
0
0
0
0
0
0
6
11
0
0
0
10
0
0
0
8
0
0
0
6
12
0
0
0
9
0
0
0
7
0
0
0
6
15
0
0
0
18
0
0
4
3
0
0
0
0
15
0
0
0
12
0
0
0
4
0
0
0
1
15
0
0
0
5
0
0
0
6
0
0
0
6
16
0
0
4
11
0
0
0
6
0
0
0
1
20
0
0
0
7
0
0
0
3
0
0
0
1
13
0
0
0
7
0
0
0
5
0
0
0
5
11
0
0
0
17
0
0
0
15
0
0
0
0
7
0
0
0
12
0
0
0
10
0
0
0
0
17
0
0
2
6
0
0
0
3
0
0
0
6
17
0
0
0
12
0
0
0
9
0
0
0
0
9
0
0
0
13
0
0
0
11
0
0
0
2
16
0
0
0
3
0
0
0
4
0
0
0
4
17
0
0
0
12
0
0
0
6
0
0
0
3
16
0
0
0
2
0
0
0
8
0
0
0
6
12
0
0
2
13
0
0
0
4
0
0
0
4
13
0
0
0
9
0
0
0
14
0
0
0
3
15
0
0
1
10
0
0
0
4
0
0
0
0
16
0
0
0
11
0
0
0
14
0
0
0
2
10
0
0
0
10
0
0
0
10
0
0
0
9
19
0
0
2
10
0
0
0
7
0
0
0
1
17
0
0
0
15
0
0
2
3
0
0
0
1
13
0
0
0
8
0
0
0
6
0
0
0
9
16
0
0
0
11
0
0
0
6
0
0
0
0
16
0
0
0
13
0
0
0
10
0
0
0
6
14
0
0
0
11
0
0
0
2
0
0
0
0
19
0
0
0
8
0
0
0
9
0
0
0
0
16
0
0
0
14
0
0
0
10
0
0
0
3
13
0
0
0
11
0
0
0
3
0
0
0
0
17
0
0
0
14
0
0
0
8
0
0
0
0
18
0
0
0
7
0
0
0
11
0
0
0
4
17
0
0
0
6
0
0
0
6
0
0
0
0
13
0
0
0
12
0
0
2
4
0
0
0
0
18
0
0
1
8
0
0
0
8
0
0
0
8
18
0
0
0
11
0
0
0
10
0
0
0
0
15
0
0
0
7
0
0
0
7
0
0
0
0
17
0
0
0
5
0
0
0
9
0
0
0
0
18
0
0
1
11
0
0
0
11
0
0
0
0
10
0
0
0
7
0
0
0
13
0
0
0
13
16
0
0
0
13
0
0
0
0
0
0
0
3
15
0
0
0
16
0
0
0
2
0
0
0
2
14
0
0
0
6
0
0
0
9
0
0
0
6
11
0
0
0
5
0
0
0
8
0
0
0
0
12
0
0
5
8
0
0
0
9
0
0
0
3
13
0
0
0
11
0
0
0
7
0
0
0
7
15
0
0
0
14
0
0
0
5
0
0
0
7
10
0
0
0
6
0
0
0
11
0
0
0
0
15
0
0
0
10
0
0
0
6
0
0
0
0
16
0
0
0
6
0
0
0
9
0
0
0
0
16
0
0
0
7
0
0
0
10
0
0
0
8
13
0
0
0
11
0
0
0
5
0
0
0
2
13
0
0
0
10
0
0
0
4
0
0
0
4
18
0
0
0
10
0
0
0
7
0
0
0
5
17
0
0
0
3
0
0
0
8
0
0
0
4
17
0
0
1
11
0
0
0
6
0
0
0
0
16
0
0
0
15
0
0
0
2
0
0
0
1
10
0
0
1
10
0
0
0
6
0
0
0
3
9
0
0
0
12
0
0
0
4
0
0
0
0
20
0
0
0
7
0
0
0
7
0
0
0
0
17
0
0
0
16
0
0
0
7
0
0
0
0
15
0
0
0
13
0
0
1
6
0
0
0
1
6
0
0
0
7
0
0
0
10
0
0
0
5
13
0
0
1
11
0
0
0
8
0
0
0
4
13
0
0
0
13
0
0
0
3
0
0
0
0
18
0
0
0
10
0
0
0
7
0
0
0
3
13
0
0
0
20
0
0
0
10
0
0
0
0
13
0
0
0
15
0
0
0
6
0
0
0
2
21
0
0
4
10
0
0
0
4
0
0
0
2
12
0
0
0
13
0
0
0
6
0
0
0
0
9
0
0
0
4
0
0
0
6
0
0
0
3
13
0
0
3
9
0
0
0
13
0
0
0
0
17
0
0
0
7
0
0
0
7
0
0
0
0
21
0
0
1
8
0
0
0
9
0
0
0
1
13
0
0
0
14
0
0
0
10
0
0
0
4
18
0
0
0
13
0
0
0
5
0
0
0
1
8
0
0
0
12
0
0
0
3
0
0
0
0
11
0
0
0
11
0
0
0
6
0
0
0
3
18
0
0
0
8
0
0
0
3
0
0
0
6
17
0
0
0
10
0
0
0
10
0
0
0
6
8
0
0
0
12
0
0
0
2
0
0
0
0
14
0
0
0
9
0
0
0
4
0
0
0
11
15
0
0
0
7
0
0
0
13
0
0
0
1
20
0
0
0
10
0
0
0
7
0
0
0
0
10
0
0
0
14
0
0
0
7
0
0
0
9
13
0
0
0
10
0
0
0
4
0
0
0
0
14
0
0
0
9
0
0
0
6
0
0
0
6
11
0
0
3
5
0
0
0
6
0
0
0
3
21
0
0
1
17
0
0
0
8
0
0
0
3
12
0
0
3
10
0
0
0
5
0
0
0
2
10
0
0
0
11
0
0
0
9
0
0
0
0
10
0
0
0
15
0
0
0
8
0
0
0
5
12
0
0
0
14
0
0
0
7
0
0
0
3
5
0
0
0
2
0
0
0
9
0
0
0
3
16
0
0
0
15
0
0
0
9
0
0
0
4
8
0
0
0
14
0
0
0
4
0
0
0
1
14
0
0
0
9
0
0
0
4
0
0
0
0
18
0
0
0
11
0
0
0
11
0
0
0
6
17
0
0
0
15
0
0
0
6
0
0
0
7
14
0
0
2
11
0
0
0
10
0
0
0
3
18
0
0
0
7
0
0
0
8
0
0
0
0
18
0
0
0
8
0
0
3
2
0
0
0
4
12
0
0
0
10
0
0
0
5
0
0
0
0
7
0
0
0
6
0
0
0
2
0
0
0
6
19
0
0
0
10
0
0
0
12
0
0
0
2
13
0
0
0
14
0
0
0
1
0
0
0
9
15
0
0
0
12
0
0
0
4
0
0
0
2
11
0
0
0
9
0
0
0
10
0
0
0
0
12
0
0
0
6
0
0
0
2
0
0
0
1
13
0
0
0
6
0
0
0
1
0
0
0
2
14
0
0
0
11
0
0
0
13
0
0
0
0
12
0
0
0
12
0
0
0
1
0
0
0
3
13
0
0
0
9
0
0
0
4
0
0
0
0
11
0
0
0
8
0
0
0
9
0
0
0
2
13
0
0
0
6
0
0
0
10
0
0
0
0
18
0
0
0
12
0
0
0
9
0
0
0
0
15
0
0
0
7
0
0
0
3
0
0
0
3
19
0
0
0
18
0
0
0
11
0
0
0
0
16
0
0
0
4
0
0
0
4
0
0
0
7
16
0
0
1
9
0
0
0
13
0
0
0
3
13
0
0
0
14
0
0
0
8
0
0
0
6
11
0
0
1
8
0
0
0
7
0
0
0
0
18
0
0
0
10
0
0
0
9
0
0
0
7
11
0
0
0
16
0
0
0
5
0
0
0
0
18
0
0
0
12
0
0
0
7
0
0
0
0
14
0
0
0
11
0
0
0
6
0
0
0
0
15
0
0
0
2
0
0
0
5
0
0
0
4
14
0
0
2
8
0
0
2
9
0
0
0
0
14
0
0
0
11
0
0
0
2
0
0
0
0
21
0
0
0
12
0
0
0
5
0
0
0
6
12
0
0
0
12
0
0
0
5
0
0
0
0
10
0
0
0
10
0
0
0
6
0
0
0
2
17
0
0
0
13
0
0
0
9
0
0
0
5
14
0
0
0
2
0
0
0
1
0
0
0
0
11
0
0
1
15
0
0
0
3
0
0
0
0
17
0
0
0
8
0
0
0
4
0
0
0
2
17
0
0
0
12
0
0
0
5
0
0
0
1
19
0
0
0
7
0
0
0
4
0
0
0
0
10
0
0
0
15
0
0
0
6
0
0
0
2
12
0
0
0
7
0
0
0
6
0
0
0
0
11
0
0
0
10
0
0
0
5
0
0
0
2
14
0
0
0
9
0
0
0
11
0
0
0
5
16
0
0
0
10
0
0
0
3
0
0
0
3
14
0
0
0
5
0
0
0
7
0
0
0
0
14
0
0
0
8
0
0
0
13
0
0
0
0
15
0
0
3
16
0
0
0
3
0
0
0
5
20
0
0
0
14
0
0
0
9
0
0
0
2
19
0
0
0
10
0
0
0
8
0
0
0
4
13
0
0
0
11
0
0
0
6
0
0
0
0
18
0
0
0
11
0
0
0
6
0
0
0
0
14
0
0
0
8
0
0
0
0
0
0
0
6
13
0
0
0
7
0
0
0
5
0
0
0
2
13
0
0
0
9
0
0
0
8
0
0
0
9
12
0
0
0
10
0
0
0
13
0
0
0
3
21
0
0
0
13
0
0
0
7
0
0
0
0
14
0
0
0
10
0
0
0
4
0
0
0
1
18
0
0
0
18
0
0
0
9
0
0
0
1
15
0
0
0
10
0
0
0
4
0
0
0
6
14
0
0
2
10
0
0
0
11
0
0
0
0
16
0
0
3
12
0
0
0
5
0
0
0
5
18
0
0
0
10
0
0
0
7
0
0
0
1
13
0
0
0
6
0
0
0
9
0
0
0
3
13
0
0
0
12
0
0
0
15
0
0
0
0
10
0
0
0
13
0
0
0
11
0
0
0
1
16
0
0
0
9
0
0
0
0
0
0
0
1
15
0
0
0
19
0
0
0
12
0
0
0
1
15
0
0
0
6
0
0
0
5
0
0
0
5
18
0
0
0
10
0
0
0
10
0
0
0
0
16
0
0
0
15
0
0
0
11
0
0
0
4
19
0
0
0
9
0
0
0
7
0
0
0
0
17
0
0
0
10
0
0
0
4
0
0
0
1
12
0
0
0
15
0
0
0
6
0
0
0
1
14
0
0
0
7
0
0
0
4
0
0
0
1
15
0
0
0
11
0
0
0
13
0
0
0
6
13
0
0
0
13
0
0
0
0
0
0
0
0
9
0
0
1
17
0
0
0
7
0
0
0
2
11
0
0
3
6
0
0
0
9
0
0
0
4
13
0
0
2
12
0
0
0
5
0
0
0
2
16
0
0
0
11
0
0
0
6
0
0
0
2
10
0
0
0
14
0
0
0
10
0
0
0
4
10
0
0
0
14
0
0
0
5
0
0
0
0
19
0
0
0
6
0
0
0
3
0
0
0
4
10
0
0
0
10
0
0
0
5
0
0
0
6
14
0
0
0
15
0
0
0
6
0
0
0
0
15
0
0
0
3
0
0
0
10
0
0
0
5
14
0
0
0
8
0
0
0
5
0
0
0
0
12
0
0
0
7
0
0
0
8
0
0
0
1
8
0
0
0
11
0
0
0
10
0
0
0
0
13
0
0
0
5
0
0
0
9
0
0
0
9
12
0
0
0
10
0
0
0
4
0
0
0
3
16
0
0
0
9
0
0
0
6
0
0
0
8
11
0
0
0
8
0
0
0
7
0
0
0
3
19
0
0
0
6
0
0
0
3
0
0
0
0
6
0
0
0
12
0
0
0
0
0
0
0
4
13
0
0
0
5
0
0
0
3
0
0
0
0
12
0
0
0
14
0
0
0
5
0
0
0
9
14
0
0
0
7
0
0
0
6
0
0
0
2
17
0
0
0
16
0
0
0
4
0
0
0
11
9
0
0
0
6
0
0
0
7
0
0
0
5
13
0
0
0
9
0
0
0
6
0
0
0
4
16
0
0
0
9
0
0
0
6
0
0
0
1
14
0
0
0
13
0
0
0
1
0
0
0
0
12
0
0
0
7
0
0
0
2
0
0
0
0
13
0
0
1
5
0
0
0
2
0
0
0
6
10
0
0
0
10
0
0
0
13
0
0
0
0
9
0
0
0
6
0
0
0
5
0
0
0
2
13
0
0
0
8
0
0
0
4
0
0
0
0
13
0
0
0
11
0
0
0
7
0
0
0
0
10
0
0
0
8
0
0
0
1
0
0
0
0
18
0
0
1
12
0
0
0
4
0
0
0
0
17
0
0
0
9
0
0
0
10
0
0
0
0
16
0
0
0
8
0
0
0
8
0
0
0
0
8
0
0
0
7
0
0
0
13
0
0
0
0
16
0
0
0
9
0
0
0
0
0
0
0
0
8
47
0
0
2
0
0
0
0
0
0
127
302
0
0
0
0
7
0
0
0
6
0
0
0
7
0
0
0
0
16
0
0
0
7
0
0
0
2
0
0
0
0
6
0
0
0
5
0
0
0
3
0
0
0
0
8
0
0
0
0
0
0
0
0
0
0
0
0
5
0
0
0
2
0
0
0
2
0
0
0
0
11
0
0
0
5
0
0
0
3
0
0
0
0
12
0
0
0
7
0
0
0
238
440
479
333
1422
1371
941
230
943
434
31
0
0
0
8
0
0
0
5
0
0
0
1
0
0
0
0
8
0
0
0
4
0
0
0
0
0
0
0
0
13
0
0
0
8
0
0
0
0
0
0
0
0
6
0
0
0
1
0
0
0
2
0
0
0
1
11
0
0
0
7
0
0
0
5
0
0
0
0
7
0
0
0
4
0
0
0
0
0
0
0
1
18
0
0
0
1
0
0
0
0
0
0
0
0
12
0
0
0
5
0
0
0
8
0
0
0
0
14
0
0
0
6
0
0
0
3
0
0
0
0
7
0
0
0
0
0
0
0
0
0
0
0
0
10
0
0
0
7
0
0
0
2
0
0
0
0
12
0
0
0
5
0
0
0
0
0
0
0
0
8
0
0
0
9
0
0
0
3
0
0
0
0
10
0
0
0
14
0
0
0
7
0
0
0
0
12
0
0
0
3
0
0
0
8
0
0
0
4
11
0
0
0
4
0
0
0
0
0
0
0
1
8
0
0
0
2
0
0
0
3
0
0
0
0
14
0
0
0
8
0
0
0
1
0
0
0
2
20
0
0
0
12
0
0
0
0
0
0
0
0
8
0
0
0
6
0
0
0
12
0
0
0
2
7
0
0
0
8
0
0
0
0
0
0
0
0
7
0
0
0
6
0
0
0
0
0
0
0
0
10
0
0
0
6
241
382
351
641
228
304
777
114
815
436
350
280
400
127
0
0
1
0
0
0
0
0
0
0
0
6
0
0
0
4
0
0
0
0
7
157
198
465
258
337
536
151
525
336
128
367
0
6
0
0
0
3
0
0
0
0
0
0
0
0
220
195
370
181
161
541
178
205
164
0
0
0
0
6
0
0
0
5
0
0
0
3
0
0
0
0
9
0
0
0
5
0
0
0
81
221
314
282
238
164
234
0
0
3
259
0
0
0
0
0
0
0
8
0
0
0
10
0
0
0
4
0
0
0
0
10
0
73
206
29
0
0
0
0
0
0
0
0
12
0
0
0
6
0
0
0
5
0
0
0
0
8
0
0
0
4
0
0
0
1
0
0
0
0
7
0
0
0
4
0
0
0
0
0
0
0
0
11
0
0
0
3
40
0
0
0
0
0
0
0
8
0
0
0
9
0
0
155
50
0
0
687
0
334
0
143
56
334
317
446
371
103
606
215
371
166
261
465
404
585
210
1063
1012
563
166
231
826
297
196
918
244
466
506
655
676
228
716
724
322
613
853
60
880
307
0
806
3
492
375
268
398
455
275
196
197
112
196
0
0
2
0
0
0
0
0
184
0
70
5
0
0
0
3
0
0
0
0
0
0
0
0
5
0
0
0
0
0
0
0
0
0
0
0
0
6
0
0
0
0
0
0
0
0
0
0
0
0
6
0
0
0
6
0
0
0
0
0
0
0
226
27
273
398
327
304
76
61
0
0
0
0
0
0
0
0
0
0
6
0
0
0
2
0
0
0
106
115
0
0
0
8
0
0
0
0
0
0
0
0
0
0
0
0
6
0
0
0
0
0
0
0
0
0
0
0
0
5
0
22
0
3
0
61
0
0
0
0
0
0
99
0
0
0
2
0
0
0
0
0
0
0
0
6
0
0
0
6
0
0
0
0
0
0
0
0
3
188
428
307
531
132
406
432
225
388
80
689
178
687
292
589
424
260
260
340
670
209
502
394
429
395
289
318
361
394
121
142
316
251
295
101
110
0
0
136
358
440
0
1608
1557
180
0
1965
1914
1309
208
1740
1689
841
219
229
1956
1905
454
539
775
848
544
411
820
513
470
708
541
0
705
137
549
0
432
358
400
439
294
1134
1083
0
1974
1923
1315
303
1751
1700
448
0
1966
1915
1363
0
0
3072
3021
2970
2919
316
3500
3449
3398
3347
354
1949
1898
2362
692
263
1165
1114
2478
2427
2376
961
876
421
0
4316
4265
4214
4163
4112
244
2869
2818
2767
1281
1230
224
3585
3534
3483
3432
39
2038
1987
1936
1790
1739
0
2436
2385
2334
1733
1682
701
0
1665
1614
0
3729
3678
3627
3576
801
364
842
1722
1671
1547
1496
563
462
0
5694
5643
5592
5541
5490
5439
0
2970
2919
2868
3442
3391
974
394
853
480
1461
1410
1877
1826
820
169
1472
1421
3728
3677
3626
3575
158
0
4365
4314
4263
4212
4161
1812
1761
33
2763
2712
2661
1529
1478
1732
1681
610
735
980
929
1882
1831
1774
1723
935
759
1256
1205
0
6238
6187
6136
6085
6034
5983
5932
276
366
1670
1619
5545
5494
5443
5392
5341
5290
222
1459
1408
5245
5194
5143
5092
5041
4990
1507
1456
847
1107
1056
4554
4503
4452
4401
4350
1038
987
1310
1259
4935
4884
4833
4782
4731
2466
860
164
3862
3811
3760
3709
1949
1898
1047
357
816
678
4794
4743
4692
4641
4590
682
330
863
1852
1801
831
0
5049
5050
5051
5052
5053
5458
9392
9393
9394
9458
10458
11458
12458
13458
14458
15458
16458
17458
18458
14934
17518
17467
16894
17894
18894
19894
20894
21894
22894
23894
24530
25374
25958
26958
27282
28282
28970
29554
30086
30982
31098
31682
32682
33266
33902
34902
35902
36902
37902
38902
26961
