4.10596
3.2
4.8
3.52
3.04
3.36
3.28
3.68
3.84
3.44
4.16
4.42667
4.32
4.32
3.2
3.68
2.4
1.92
4.32
2.88
2.88
3.2
3.52
4.96
2.72
4.8
1.76
3.04
4.32
2.56
2.72
5.12
3.36
3.28
3.2
3.36
3.52
3.36
4.8
4
4.64
4.48
3.52
3.52
1.44
2.08
4.96
2.24
3.84
4.8
3.36
3.84
5.12
5.44
2.24
5.44
3.68
4
4.16
3.84
4.16
4.48
1.76
4.32
3.2
4.48
3.04
4.96
3.04
3.68
2.88
4.16
3.52
4.96
5.12
2.88
2.88
4.16
3.36
5.76
2.84
2.72
3.52
4.56
6.4
4.16
3.78667
4.8
5.76
5.44
4.48
6.08
1.44
2.88
4.16
5.44
4.64
7.2
3.68
5.6
2.88
3.52
4.8
3.84
5.28
6.24
2.72
5.76
3.36
3.52
3.52
6.24
2.08
5.28
4.32
4.16
4.64
2.88
4
4.48
4.8
4.32
3.2
5.28
3.2
5.6
5.12
4.16
5.92
3.36
7.04
1.76
4
3.68
6.56
4.64
5.48
3.04
4.32
4.64
5.76
5.28
3.76
5.44
3.68
5.92
5.76
4.64
4
4.48
4.8
4.16
4
4.96
3.68
5.12
3.68
4.48
3.36
3.68
4.64
3.84
4.96
2.56
3.52
3.2
5.44
4.8
3.52
5.28
3.84
3.84
3.04
3.36
5.12
4.16
3.36
5.28
3.84
4.64
6.08
4.48
2.56
4.99556
5.36
5.44
4.96
5.92
7.52
6.18667
4.48
5.6
3.52
2.4
4.16
5.92
6.24
6.24
4
5.92
4.16
4.8
6.08
3.2
5.12
4.48
5.6
3.84
7.2
4
4.8
5.44
2.56
3.36
4.64
4.16
5.92
4.32
6.08
2.56
3.84
5.28
3.52
4.48
3.36
3.68
5.12
4.16
3.68
7.04
4.96
3.04
2.24
6.56
4.72
4.69333
6.16
4.08
3.84
7.68
5.92
4.96
4.16
8.8
3.84
4.64
4.64
5.12
3.68
4.8
3.68
6.24
5.12
4
3.04
5.28
3.68
4.8
3.52
3.2
5.44
4
3.36
4.8
3.36
2.4
4.64
4.48
4.64
4.16
4
4.32
4.32
4
4.48
3.52
4.32
4
3.2
4
4.8
5.28
4
4.48
1.76
5.72
7.92
5.68
5.28
6.88
4.8
8.16
6.16
6.08
5.12
6.72
5.92
6.4
4.16
5.92
6.72
6.24
3.84
9.28
3.2
7.36
4.96
5.12
4.96
6.88
3.68
5.6
4.64
5.6
1.76
3.36
6.24
4.32
5.76
3.68
5.28
4.32
5.28
4.48
4.64
6.08
3.36
6.24
6.4
8.16
4.96
5.28
4.64
2.72
6.72
6.4
4
4.64
5.76
4.96
7.2
4
5.76
4.32
3.04
3.68
4.64
3.68
4.64
3.84
3.84
4.64
4.8
2.88
4
5.44
4
4.64
4.64
4.32
4.8
4.96
3.68
3.84
3.84
3.36
4.96
4.16
6.24
5.44
6.56
4.16
2.08
3.52
4.8
8.96
5.28
5.44
6.24
4
4.96
4.96
5.92
5.28
4
4.8
3.68
3.2
6.08
4
4.96
6.4
2.56
5.28
4.8
5.12
6.24
3.36
4
6.08
5.28
4.8
5.12
4.32
3.04
5.6
6.08
4.96
4.48
4.8
5.28
2.56
5.76
7.36
3.84
7.36
3.84
8
6.56
5.44
6.72
6.08
4.32
6.72
7.04
5.28
4.48
8.16
6.24
4.48
4.16
4.48
6.88
4.48
2.72
7.36
3.84
4.48
6.4
5.28
6.08
4.32
4.64
8.48
5.92
5.28
6.4
3.84
8.48
4.96
3.84
6.88
3.68
4.32
5.92
3.68
7.2
6.88
6.24
5.6
7.52
5.44
3.2
8.8
4.8
7.36
4.48
6.4
5.28
7.52
3.04
6.56
3.36
7.2
5.76
3.84
4.8
6.08
4.96
4.48
6.24
5.76
5.76
5.92
5.92
5.92
4.32
5.6
4.32
3.2
6.56
4.16
5.44
4.32
4.32
4.64
4.32
4.64
5.92
3.68
4
5.12
4
6.4
3.84
4.96
4.8
3.52
5.12
1.76
4.8
4.16
4.32
3.84
4.16
4.32
3.84
4.96
3.68
4.16
4.64
3.84
3.84
4.16
4
4.16
4.16
4.16
2.72
4
5.12
3.84
3.52
3.84
4.32
3.68
4.96
3.04
3.68
3.52
1.92
4
3.2
3.68
2.56
4
3.52
2.88
2.88
2.72
4.64
3.68
2.72
3.04
3.2
3.52
4
3.52
3.68
3.36
2.88
3.04
2.88
3.52
3.04
1.76
2.88
1.76
4.16
3.04
2.24
2.72
2.08
2.08
2.08
2.56
3.04
2.08
2.24
2.08
2.08
1.76
2.72
2.88
2.72
2.24
2.72
2.88
2.56
2.24
2.4
2.08
1.76
1.76
2.08
1.76
4.16
2.08
2.4
1.44
1.6
1.92
1.6
2.4
2.08
1.76
2.56
2.24
3.2
3.2
1.76
2.24
3.52
2.24
1.6
2.56
2.88
2.24
2.56
1.44
2.08
1.6
3.04
2.24
2.08
2.56
1.6
1.92
1.76
2.08
1.76
3.68
2.24
2.08
1.92
1.92
1.76
2.4
2.4
0.96
2.24
2.24
2.56
1.44
2.72
1.6
2.08
2.08
2.56
2.08
3.04
3.04
3.36
2.72
3.2
3.52
2.72
3.2
2.4
1.92
3.36
2.4
1.92
2.4
3.04
1.92
3.2
1.6
3.04
1.76
2.24
3.68
2.72
3.04
2.56
2.4
2.72
3.04
2.72
2.56
2.56
2.08
3.2
3.52
2.72
2.4
2.88
3.2
2.88
3.2
3.2
3.36
2.88
5.12
2.08
4.32
3.68
3.2
3.68
3.04
3.36
1.76
2.24
3.04
3.04
2.88
3.52
4.32
4.64
5.44
3.2
3.68
3.52
3.68
2.88
4.16
3.2
1.44
2.72
2.24
2.56
3.36
2.88
2.72
2.72
4.96
3.68
3.84
3.68
2.56
3.52
2.56
3.2
2.72
3.2
1.92
1.76
2.72
3.04
3.2
3.36
3.2
3.04
2.72
2.4
1.92
3.36
2.72
2.88
1.6
2.4
2.88
2.08
3.2
2.88
3.84
3.04
3.04
2.4
2.56
2.4
1.76
1.6
1.76
2.56
2.56
1.92
2.56
2.4
1.44
0.48
2.4
0.96
1.76
2.56
1.92
2.72
1.12
2.56
0.64
0.96
1.92
0.8
1.12
1.92
0.8
1.6
1.28
2.4
1.6
2.4
1.12
1.76
1.76
1.92
1.44
1.12
0.48
1.44
0.96
1.28
0.48
1.76
1.6
0.8
0.96
0.96
1.12
1.6
1.44
0.48
2.4
2.24
0.96
1.12
2.4
1.28
1.28
1.44
0.8
1.44
0.64
1.28
0.8
1.6
2.08
1.28
1.6
1.76
1.6
1.28
0.96
1.44
1.44
1.28
0.8
0.8
0.8
1.76
1.28
1.12
2.24
1.6
2.88
1.28
1.6
1.76
1.6
1.76
1.28
1.44
0.96
1.92
1.6
1.28
1.28
1.28
1.92
1.44
0.8
2.72
1.28
1.44
0.48
1.92
1.44
2.08
1.28
2.4
0.64
2.24
0.64
1.76
0.96
0.96
1.12
1.6
0.8
2.72
1.12
1.44
1.28
1.44
1.28
1.12
0.48
1.12
1.12
0.8
1.28
1.12
2.08
0.64
0.96
1.6
1.28
2.08
0.96
1.28
1.92
1.92
1.28
1.44
0.8
2.24
1.92
1.28
1.44
1.44
2.24
2.08
1.76
1.92
0.96
2.4
1.28
2.56
2.24
1.12
1.76
2.08
0.8
1.6
1.92
2.4
0.8
2.88
2.08
1.76
2.24
2.08
1.92
2.56
1.92
2.08
3.04
2.72
2.88
2.08
1.12
2.4
1.6
1.6
2.56
2.4
2.72
1.76
2.88
3.52
2.72
3.2
2.4
3.2
1.6
3.68
2.24
4.48
1.12
1.92
2.56
2.56
2.88
2.56
2.24
3.52
2.72
2.88
2.56
4
2.24
3.36
1.28
3.36
2.4
2.56
1.76
2.88
2.88
2.56
2.4
2.88
2.08
2.72
2.24
2.72
1.76
3.04
1.92
3.52
2.08
1.76
1.6
2.08
2.4
3.04
1.76
2.08
1.12
1.92
1.28
2.72
2.24
2.56
3.2
2.4
2.4
1.44
2.72
1.6
1.44
1.44
1.92
1.28
2.56
1.6
2.08
1.28
2.24
0.96
1.44
0.96
3.04
1.12
2.24
1.92
1.76
1.28
1.44
0.64
0.96
1.76
1.44
0.96
2.24
1.6
1.6
1.6
0.8
1.76
1.76
1.28
1.6
0.8
1.76
1.6
0.96
2.08
1.28
1.92
1.92
1.44
2.08
1.12
2.4
1.12
0.8
0.96
1.12
1.12
0.32
1.28
1.12
1.12
2.08
2.4
1.04
1.6
1.92
0.8
1.12
1.12
1.6
1.28
0.96
1.76
1.6
1.12
1.28
0.8
1.92
0.64
1.76
0.48
0.96
1.44
1.12
1.28
2.24
1.12
1.28
2.08
1.12
1.44
1.12
1.28
1.92
1.12
0.48
0.96
1.76
1.28
1.6
1.44
1.44
1.6
0.8
0.8
1.28
0.96
1.92
0.96
1.92
1.44
1.92
2.08
1.28
2.08
1.6
1.44
1.44
1.76
1.28
1.92
2.08
1.28
1.6
0.8
1.28
1.92
1.6
0.8
0.64
1.44
0.8
2.08
0.96
1.12
1.44
1.6
1.28
1.92
2.56
1.92
2.4
2.4
2.4
1.44
1.92
1.76
1.12
1.6
1.92
2.4
2.08
4.96
2.56
2.4
3.04
2.4
2.56
2.4
2.56
1.76
2.72
2.56
2.72
2.4
3.84
3.68
3.04
3.2
3.2
2.56
2.72
2.72
3.04
1.28
2.24
2.08
2.56
1.76
2.88
1.92
1.92
2.72
2.24
4
3.68
2.88
2.24
3.52
3.84
3.52
1.6
2.56
3.04
2.88
3.2
2.08
1.92
1.76
2.4
2.4
4
2.4
1.92
1.6
2.56
1.76
3.68
2.08
4.32
2.08
3.36
1.92
2.08
1.76
2.08
1.6
3.04
2.72
3.36
2.24
4.16
1.92
3.68
2.72
1.92
4
1.6
3.68
3.52
2.72
1.76
2.4
2.24
1.12
1.92
2.56
2.08
4
3.2
3.84
4.32
3.2
3.84
3.04
3.04
2.08
2.56
3.36
1.6
1.76
2.08
1.6
3.04
2.08
2.4
2.72
2.4
2.88
2.56
2.72
2.4
1.6
2.08
2.08
1.44
1.6
1.44
1.92
2.24
2.24
2.24
0.8
1.76
2.4
2.24
1.92
0.96
1.76
2.24
0.96
1.6
0.8
1.44
2.72
0.8
1.76
1.76
1.6
1.44
0.64
1.28
1.28
1.76
0.48
1.6
1.44
2.72
1.12
1.44
1.44
0.8
1.6
1.12
1.44
1.12
0.32
1.28
1.92
1.76
1.12
1.44
0.96
1.12
1.92
1.6
1.76
0.8
0.8
1.76
0.96
0.8
0.64
2.24
1.28
0.96
0.96
1.76
1.6
0.64
0.8
1.76
0.96
0.64
0.64
0.96
1.12
0.8
1.92
1.44
0.8
1.28
0.64
2.72
1.92
0.96
0.8
1.92
0.8
1.12
1.76
1.6
0.96
1.12
2.08
1.44
0.96
1.44
1.6
1.92
1.44
0.96
0.96
0.96
0.96
1.92
1.12
1.12
1.6
0.64
1.6
0.8
1.12
1.44
2.08
0.48
0.96
1.92
1.44
0.48
1.44
1.76
1.6
0.96
1.28
1.12
1.76
0.48
1.76
1.12
0.8
1.12
1.12
1.92
0.96
0.8
0.8
1.12
1.44
1.44
1.44
0.8
1.44
1.44
0.8
2.4
2.08
0.96
2.24
1.12
0.8
1.28
1.28
1.44
1.12
0.96
1.76
1.44
2.4
0.96
3.2
3.04
1.92
3.2
3.52
2.08
2.88
3.36
2.4
3.52
3.68
2.88
3.04
3.36
3.68
4.64
4.96
4.64
2.56
3.2
2.24
3.2
2.88
3.68
4.32
1.44
1.44
0.8
1.28
0.8
1.6
2.72
4
3.52
3.52
3.68
4.32
1.76
3.2
2.88
2.56
2.72
3.52
3.52
4.8
2.88
3.84
2.08
2.24
3.68
2.08
1.92
2.56
2.08
1.92
1.6
3.52
2.4
1.44
3.04
3.36
2.56
2.4
2.24
2.24
3.52
2.08
4.48
2.08
1.12
1.12
1.12
1.6
1.28
1.12
1.12
2.24
1.92
2.08
2.56
1.12
3.04
1.28
2.24
1.76
1.6
1.76
1.76
1.44
0.8
0.96
0.48
1.28
1.76
1.6
2.4
1.6
3.2
2.56
3.04
1.44
2.4
2.88
2.4
1.92
2.24
1.12
1.44
1.76
5.76
3.52
1.12
1.12
1.12
2.08
1.92
2.08
1.44
2.08
1.44
1.12
2.24
1.6
1.6
2.56
2.56
1.6
3.36
2.72
2.56
0.64
2.72
2.4
1.92
1.44
2.4
2.72
2.72
1.76
0.96
2.56
1.92
3.36
2.72
3.36
1.76
3.52
2.4
2.4
2.4
2.88
0.96
1.6
2.88
5.92
2.56
5.92
3.36
1.28
1.6
2.88
4.64
4.48
4
4
4.64
4.96
7.04
6.24
6.88
6.88
6.4
5.76
3.84
3.52
3.52
3.68
4
1.92
2.56
5.28
7.2
8.32
4.32
4.8
4.16
4.16
4.16
3.68
6.08
5.76
5.6
6.24
6.24
4.16
4.64
3.2
3.2
4.64
5.28
1.12
3.2
3.04
2.72
2.4
2.08
2.72
1.76
3.52
3.52
3.2
3.04
2.08
1.6
1.6
0.64
2.4
2.08
5.12
3.2
3.52
3.52
1.92
2.88
1.12
1.44
1.44
4.64
4.64
1.28
1.76
0.8
3.04
1.76
1.92
1.6
2.08
1.6
2.72
3.68
2.4
1.6
1.28
1.92
2.24
3.36
1.76
1.12
0.64
1.76
1.92
1.92
1.76
1.76
0.48
1.12
1.92
0.32
3.04
3.04
2.24
3.52
1.6
1.6
1.12
1.12
1.92
1.6
2.56
2.88
2.56
1.76
1.12
1.6
1.44
1.92
1.6
0.8
1.12
3.36
3.36
3.36
6.56
2.08
1.76
3.04
1.76
1.76
1.76
2.72
3.2
2.4
3.68
2.88
5.6
2.56
1.76
2.08
1.6
0.96
1.92
4.16
3.36
4.32
5.12
6.56
5.28
3.36
3.68
2.88
1.12
2.88
1.6
4.8
2.72
2.56
2.4
2.56
3.04
1.92
3.2
0.8
2.24
2.72
3.36
4.8
3.52
4.64
4.48
3.04
4.32
5.6
2.56
2.88
2.88
3.04
2.88
1.6
1.76
2.4
2.56
1.76
2.72
4.16
3.68
2.72
6.24
3.2
1.12
0.64
2.72
2.56
2.24
2.88
2.88
1.44
3.68
3.2
3.52
1.44
1.6
2.08
2.4
1.44
1.92
1.12
1.28
1.76
0.96
2.08
1.6
1.12
0.64
1.44
2.24
3.84
1.44
5.28
5.44
1.28
1.76
2.08
0.64
1.92
1.28
3.52
3.68
3.52
2.88
2.72
1.76
2.4
2.56
1.76
2.4
3.68
2.88
5.92
4.48
3.68
3.36
2.56
3.04
2.56
3.2
2.56
2.72
2.56
3.2
3.2
1.6
2.08
2.72
2.24
2.88
2.56
1.76
1.6
1.92
1.76
1.76
1.44
1.76
0.96
1.44
0.8
0.8
1.44
3.2
3.2
1.44
1.6
0.64
0.64
1.28
1.28
1.28
1.6
0.96
0.64
1.6
5.44
1.44
1.12
2.24
1.76
1.92
3.2
3.68
2.72
4.8
4.16
1.6
1.6
0.8
1.44
0.8
0.64
1.92
0.96
2.08
2.72
3.84
1.76
1.6
2.08
2.08
2.72
1.28
1.92
1.28
0.48
1.44
0.8
0.96
1.76
1.76
1.44
1.6
1.44
1.12
2.88
2.08
2.08
1.44
1.44
1.76
1.28
0.96
0.64
0.48
1.44
1.92
1.28
1.12
1.92
0.96
1.44
1.28
0.96
0.8
0.8
0.64
1.28
1.6
0.96
0.8
1.28
0.96
0.64
0.96
1.76
1.12
1.6
0.8
1.28
0.96
1.92
1.92
1.6
1.44
0.96
1.76
1.92
1.76
1.28
1.44
0.64
1.92
4
1.6
2.88
6.4
7.52
3.84
1.92
4
5.12
5.76
2.72
2.08
1.28
1.6
1.44
1.76
2.56
1.44
1.28
3.52
6.72
4
2.72
2.08
4.64
7.52
2.88
2.56
3.2
7.04
4.16
3.52
2.56
4.32
4
3.52
4.8
3.2
3.52
1.92
6.4
7.36
6.88
4.88
2.88
1.28
1.6
2.4
3.84
3.68
5.92
1.92
0.8
3.52
3.84
1.28
5.44
4.48
3.68
2.88
6.72
4.16
8.16
6.88
4.64
2.88
3.52
2.24
1.6
6.72
7.36
5.12
1.6
2.08
4.48
3.68
8
8.64
4.32
2.4
2.08
2.24
2.08
0.8
2.88
2.08
4.16
5.6
0.8
1.6
1.44
3.2
3.52
2.4
0.96
0.96
4
4.32
4.8
7.52
1.28
1.28
0.8
3.2
3.04
3.68
6.88
7.84
5.12
4.16
4.32
3.36
6.72
5.12
4
5.28
4.96
6.56
3.04
5.28
4.8
3.84
4
6.4
2.08
3.36
2.56
8.8
6.4
3.2
9.6
7.36
5.28
1.28
4.64
6.08
9.12
4.16
2.56
4.8
4.8
5.44
5.6
4.64
6.72
6.56
7.2
3.52
7.36
3.36
3.68
5.28
3.52
3.36
5.92
6.4
7.52
8.32
4.48
8.32
5.12
4.96
4
6.08
5.44
7.68
8.32
6.24
4.48
4.32
2.72
2.72
1.12
3.52
5.28
7.84
4.48
3.36
6.56
5.44
9.12
6.88
8.32
6.88
6.72
9.6
7.52
4.96
4.64
5.12
5.12
6.08
3.84
5.6
5.6
4.96
5.28
4
3.04
4.16
5.44
1.92
3.04
4.8
4.32
3.04
6.88
6.4
7.68
7.04
7.2
4.32
6.72
6.56
6.88
3.04
3.68
4.48
5.6
4.48
4
4.64
4.64
2.24
2.72
1.92
4.16
8
4.48
6.08
6.4
4.32
7.2
10.24
8
4.96
3.84
5.44
6.88
5.76
6.56
4.32
4.96
4.32
5.6
5.6
1.92
1.92
1.76
2.24
0.8
3.04
2.88
4.96
6.4
3.2
3.52
3.36
6.56
4.64
5.28
4.48
4.16
3.52
3.04
3.52
2.56
2.24
2.08
7.2
4.8
4.64
2.08
3.84
5.6
9.44
5.6
4.64
5.44
8.8
10.72
10.24
11.2
2.93333
5.44
3.04
3.36
2.72
4
7.2
9.28
4.8
3.04
2.56
4.16
2.72
5.76
5.76
8
10.24
8.32
5.76
4.96
3.2
9.12
5.92
6.24
2.08
4.96
4.96
6.08
2.4
3.52
2.88
2.08
6.88
4
8.32
6.88
4.8
5.6
8.48
9.44
7.68
9.76
6.72
4.48
3.68
7.04
6.08
4.32
5.6
4.64
8.32
8
5.6
5.12
6.56
4.16
8.96
5.28
6.88
6.4
6.24
7.68
9.28
5.76
4.16
3.04
3.36
7.68
9.6
6.88
8
7.36
4.64
4.64
5.12
8.96
5.12
9.28
11.68
8.32
4.64
8
4.32
10.4
6.56
9.76
6.72
3.84
8.48
5.76
6.88
8.96
5.92
6.88
8
7.52
6.08
5.76
7.36
8.8
8.96
9.92
7.84
8.8
9.12
10.72
8.96
7.52
9.12
9.92
12.32
11.2
8.96
10.08
7.84
5.92
7.52
6.4
8.64
5.12
2.72
9.44
8.48
9.12
11.84
9.44
2.72
5.12
6.4
10.56
5.28
8.32
8.96
8.16
7.68
8.32
8.48
8.48
9.28
7.36
3.68
10.72
8.8
10.88
4.64
9.92
8.64
4.32
5.12
5.12
6.56
5.92
5.76
7.52
9.12
7.52
12.16
10.56
7.2
3.68
8
6.88
10.72
12.32
12
10.4
9.28
11.36
9.76
10.08
8.8
8.32
8.48
8.32
11.04
8.16
6.72
6.88
6.24
4.32
5.12
8.96
10.56
5.44
8.48
8.96
6.88
8.96
9.6
8.8
12
11.84
6.88
8.64
6.24
6.24
5.76
10.08
5.76
11.2
10.24
11.52
8.16
9.76
9.28
8
9.6
9.76
7.52
9.28
7.84
10.88
10.72
8
11.52
6.56
8.48
8
5.76
12.8
11.2
8.32
8.32
5.92
7.68
6.72
7.04
8.48
7.68
6.56
8.8
9.92
8.64
10.72
8.32
5.28
4.8
3.04
6.24
5.28
7.52
9.44
7.2
10.4
8.64
9.76
5.12
11.2
5.92
8.96
7.04
8.8
11.84
11.52
9.76
10.4
8.16
7.84
9.44
11.36
7.04
6.4
6.88
9.92
9.92
12.64
11.04
9.76
13.76
11.2
10.88
12
10.56
8.16
7.68
3.52
11.04
9.76
10.72
13.28
12.96
13.76
10.56
13.92
9.44
9.12
11.68
11.84
11.52
7.52
10.08
12.8
11.36
12
13.92
7.84
12
14.4
10.4
9.44
11.04
10.4
11.04
10.72
13.44
12.32
12.32
13.28
6.72
8.64
12.8
10.08
13.92
13.76
7.36
11.52
9.44
8.64
12.32
12.32
11.36
8
11.84
14.4
11.36
14.08
14.08
8.16
13.44
8.32
7.68
11.04
11.36
14.08
5.44
13.6
14.56
13.12
12.48
9.76
13.6
13.44
8.96
10.72
13.28
15.52
15.2
14.72
13.28
11.68
14.08
10.72
16.64
7.84
14.08
15.84
15.68
13.92
11.52
7.84
10.24
12.64
9.92
10.56
9.6
15.52
9.76
11.52
11.36
9.44
11.2
13.92
12.32
6.88
12.16
13.92
12.16
15.04
15.36
13.92
13.76
11.04
9.76
11.52
10.72
12.64
15.2
14.56
15.2
16.16
14.4
16.16
7.2
13.6
12.64
14.88
13.76
14.08
12.8
15.68
14.72
16.96
15.2
14.56
12.64
14.24
13.6
12.48
14.08
13.76
12.48
9.12
6.24
10.88
13.92
11.36
12.16
11.2
11.2
9.92
13.28
11.84
13.12
13.12
14.24
12.96
13.44
15.68
13.44
11.84
11.2
6.24
10.4
16.32
13.6
13.76
11.68
13.12
13.76
12.48
14.08
9.92
8.96
11.36
9.44
9.28
9.6
11.04
16.48
13.28
10.4
7.2
13.44
16.8
15.04
16.48
12.8
13.12
12.64
12.48
11.68
10.24
13.92
11.2
13.12
13.12
11.2
10.24
11.2
11.04
5.92
16.16
10.56
10.88
13.44
12.96
14.72
14.08
14.08
8.16
12.8
13.12
14.56
12.64
12.48
13.28
12.8
11.68
10.08
14.72
7.52
11.2
12
12.48
13.76
10.4
9.6
13.76
13.92
16.8
15.2
14.56
10.72
9.76
11.2
12.48
10.56
12.48
11.2
7.04
13.12
13.44
12.96
14.4
11.36
13.44
12.16
9.92
12.8
12
14.24
12.8
13.12
10.4
11.36
11.04
13.92
9.6
14.08
7.2
14.56
14.08
14.08
14.72
13.76
8.8
9.6
10.4
8.16
11.36
12.16
16.8
14.24
12.48
12.64
12.96
15.36
6.72
10.56
8.64
10.56
12.96
13.6
14.88
13.28
12
12.48
10.88
13.28
11.68
12.8
9.76
7.68
12
8.8
9.6
9.76
8.88
8.64
9.28
12.32
13.28
12.96
12.32
12.8
10.72
11.36
12.96
11.36
12.32
14.08
12
11.68
11.84
11.84
5.6
12.64
9.92
12.32
12.32
13.28
14.72
15.2
15.68
10.56
8.48
10.72
11.36
13.6
15.52
15.68
11.04
9.6
11.2
10.08
3.68
16
11.84
11.84
14.56
14.24
14.4
14.24
13.92
15.2
13.76
13.44
12.96
13.28
15.2
14.88
14.08
17.92
12.48
5.28
16.64
12.96
13.76
14.72
13.6
16.16
18.24
15.2
15.2
13.44
11.04
9.6
11.04
14.08
15.2
14.88
15.68
14.08
15.84
8.16
16.64
13.12
10.56
12.32
11.84
10.08
10.64
16.32
12.96
8.8
10.24
8.64
10.88
14.08
14.88
16.16
13.12
13.6
14.08
14.4
17.28
17.28
16.8
14.24
16.16
15.04
16.72
15.36
18.08
15.84
17.92
18.24
17.12
16.16
9.44
16.16
10.08
16.32
12.64
8.32
12.48
8.8
14.24
14.88
13.76
16.64
14.24
12.48
14.4
14.4
13.44
14.24
12.8
5.76
13.76
14.24
13.92
13.28
12.96
12.64
10.56
12.96
15.68
16.16
13.92
15.36
12.96
12.48
14.88
11.68
11.52
12
11.68
7.2
13.6
9.12
11.68
17.44
16.32
15.2
16
15.68
16.16
14.88
15.2
14.24
13.92
12.16
11.52
12
11.84
16.64
8.8
15.68
12.32
17.28
17.12
15.2
13.28
15.36
12.48
16.48
16
15.52
12.48
16
12.48
10.4
12.48
10.24
18.08
17.28
7.2
14.24
13.76
16.96
15.68
16
15.04
18.24
16.48
16.64
14.56
17.76
15.36
16.64
17.92
15.84
16.32
18.4
8.16
17.04
15.68
13.92
16.32
11.04
11.84
16.96
15.52
18.72
16
16
12.32
14.08
11.2
7.68
18.56
13.6
6.4
12
15.68
15.68
14.72
15.2
14.56
16.48
17.12
12.8
18.08
17.28
13.44
13.6
16.64
18.4
17.12
15.84
15.84
7.52
17.12
13.76
15.36
19.04
12.32
19.2
17.6
16.16
13.92
14.08
15.68
19.2
16.16
18.4
12.32
17.12
13.12
14.56
14.24
9.44
16.64
18.24
15.52
16.32
14.56
15.84
14.72
19.2
13.12
15.52
17.92
17.28
14.56
11.84
17.44
19.2
15.84
17.6
9.6
14.56
16
17.12
16.64
16.48
16.8
15.04
12.96
16.16
14.24
19.2
16.16
12.32
17.92
7.2
11.04
16
9.44
17.12
13.12
14.56
12.1067
15.04
16
16.32
14.56
15.04
14.88
14.24
16.8
13.6
14.4
16.96
16.96
7.84
14.72
17.12
17.6
16.48
17.92
17.44
17.44
17.44
16.8
17.36
18.08
17.12
17.12
16.32
18.08
15.84
11.6
15.52
17.76
16.96
17.12
16.16
15.04
12.7467
10.8
11.2
10.08
9.44
7.68
6.4
4.16
5.76
4.32
2.24
2.08
5.6
16.64
12.8
8.8
8.64
8.48
2.08
2.72
1.6
1.92
1.44
1.92
3.36
2.56
1.92
4.32
3.52
1.92
2.4
1.76
2.08
2.08
1.92
1.76
2.08
1.92
1.12
1.12
1.28
1.6
1.92
1.28
2.08
1.28
2.24
2.08
3.04
2.4
0.64
2.88
2.72
1.6
1.28
1.12
1.12
1.76
1.44
1.76
1.92
0.8
2.08
1.12
0.64
1.76
2.08
1.12
2.08
1.28
2.72
1.12
2.56
1.28
1.92
2.24
1.28
1.6
1.12
1.6
1.76
1.28
1.76
2.24
1.44
1.6
0.96
1.44
1.92
2.08
2.24
1.6
1.76
0.48
1.6
0.48
0.8
1.28
0.8
1.12
1.12
0.48
0.8
1.76
1.28
2.24
1.76
0.96
0.8
0.96
0.96
1.52
1.12
1.28
1.28
1.44
0.96
1.12
1.6
1.44
0
0.8
2.4
1.28
1.28
1.12
0.8
1.76
1.92
1.28
1.76
0.96
1.76
1.12
1.44
1.6
2.24
1.76
1.28
0.8
0.48
0.96
0.32
0.96
1.44
0.96
1.28
1.92
2.08
1.12
1.28
0.8
0.8
1.44
0.96
1.6
0.8
1.44
0.96
0.8
1.92
1.6
1.28
1.6
1.44
1.44
1.6
0.8
1.12
0.32
0.8
0.64
1.92
0.96
0.8
0.8
0.48
1.44
0.64
1.76
1.44
0.8
0.96
0.8
2.08
0.96
1.12
1.92
0.16
0.8
0.96
0.64
0.8
1.76
0.64
1.12
0.48
1.28
1.76
1.12
0.64
0.48
1.28
1.44
0.96
0.96
1.28
0.64
1.28
0.8
0.8
0.8
1.28
0.8
1.12
0.64
1.28
0.48
1.28
1.28
1.44
1.12
1.44
0.64
2.24
1.28
1.28
1.6
1.28
0.96
0.64
1.44
1.76
0.96
1.04
0.8
0.72
1.92
1.12
0.96
0.64
0.96
1.44
1.28
1.28
1.28
0.64
1.44
1.28
0.8
1.44
0.96
0.32
1.28
0.64
0.64
0.64
1.44
1.76
1.6
1.76
1.28
1.12
1.6
0.8
1.28
0.8
0.8
1.44
1.12
1.28
1.44
0.96
1.28
1.12
1.28
1.12
1.28
0.8
0.96
1.6
0.8
1.28
1.44
1.92
1.92
1.76
1.12
0.16
1.44
0.96
0.8
0.96
0.8
0.8
1.44
1.12
0.64
0.96
1.28
0.96
0.48
0.48
0.8
1.44
1.76
1.28
0.64
2.08
1.12
0.8
0.8
0.96
1.12
1.6
0.64
0.64
0.96
1.44
0.8
1.92
0.64
0.96
0.96
1.12
1.6
1.12
2.08
1.44
0.8
1.92
0.64
0.8
0.64
0.96
1.28
0.96
1.76
1.28
2.08
1.12
1.44
1.44
1.44
1.12
0.8
1.12
1.44
0.64
1.12
1.44
0.64
0.96
0.64
1.92
0.48
1.12
0.96
1.44
0.8
0.96
2.08
0.8
1.44
1.44
1.12
0.96
0.48
1.12
1.44
0.8
1.28
1.76
0.64
0.8
1.44
1.44
1.76
0.96
1.28
0.96
1.92
1.76
0.96
1.12
1.76
0.96
1.76
1.12
1.12
0.8
0.96
0.96
0.8
1.28
1.12
1.28
0.96
1.92
0.96
1.28
1.6
0.48
1.92
1.28
0.96
0.96
1.28
1.12
0.8
1.28
1.28
1.28
1.28
1.12
0.8
1.28
0.8
1.12
1.44
1.12
0.64
1.76
1.92
1.12
1.28
1.28
1.44
1.6
0.96
0.8
1.28
1.12
0.64
1.28
1.12
1.12
1.44
0.96
1.12
1.44
1.28
1.12
1.12
1.28
1.12
0.96
1.44
1.28
1.12
1.6
1.44
1.76
0.96
1.12
1.12
1.28
0.96
0.8
1.12
0.96
1.44
0.64
0.8
1.92
