0
54000
1000
1395
605
0
0
1354
1336
0
1
0
0
310
483
0
1
0
0
0
1
342
0
1
996
176
0
0
0
229
772
0
0
0
0
0
998
0
0
0
3000
0
0
0
1000
0
0
1005
997
0
0
998
0
0
0
1003
0
0
0
0
0
1000
1005
0
0
992
0
0
0
0
1005
1995
0
0
0
1000
0
0
0
555
454
1003
0
999
350
131
876
1003
0
999
1001
1000
1005
998
2994
1000
1000
0
1000
1001
529
472
408
998
1002
1002
996
1000
1000
1000
1001
1000
1000
1002
0
1000
1001
651
781
1003
998
0
1000
1000
8
1003
0
999
999
1000
1001
0
1002
1000
998
1000
1000
1002
1998
0
1001
0
1000
1001
999
2999
0
1000
1001
724
277
386
618
566
998
1000
1000
1117
0
1331
668
1000
440
216
39
512
751
1000
1001
2998
1000
1000
0
724
279
1001
0
1002
737
84
555
3996
1000
0
0
776
1224
511
1489
1
1003
0
999
1998
355
1001
1000
0
1000
150
372
1002
0
1002
344
1001
0
1003
1000
997
1000
1000
1002
1001
997
1002
0
1001
998
1001
1001
0
1001
1000
999
1000
1000
1001
998
429
211
1004
0
997
1003
999
1003
1001
994
999
976
1000
2000
1000
0
3000
1000
0
0
1000
1003
999
0
2003
0
997
1001
0
1000
1001
1000
1000
999
1002
998
1003
999
2002
995
1000
251
750
2001
998
775
1227
0
1002
1000
34
1000
1003
0
1998
999
1001
0
1506
1494
0
561
1064
0
1004
1004
0
1002
2458
1
1539
1000
1
490
325
677
1000
602
610
763
735
272
1995
998
1001
0
1001
2998
1000
1000
1000
0
2001
2999
0
0
1000
0
324
1236
1441
0
1002
0
1001
2000
0
1003
0
999
999
1001
999
47
999
1000
2000
999
1000
1002
0
1129
0
1002
0
1000
999
69
1004
0
1001
656
986
1003
998
999
1002
1000
1001
997
1001
1001
999
1000
1003
1000
997
521
450
405
994
1006
1001
1002
995
999
1000
1002
854
996
1003
647
703
997
1005
999
1004
999
1001
756
1008
0
1042
959
1001
998
1014
1042
0
999
1035
1074
965
992
1057
345
800
3089
0
0
1029
0
1009
1003
1029
965
1070
994
1002
1001
936
1002
998
1001
1067
962
1244
0
998
1042
1000
967
1001
1028
973
998
1001
1036
965
1027
1004
998
971
999
1031
1002
968
999
1000
1001
1000
999
1000
1000
1000
1000
1001
999
999
1001
1027
973
999
1001
1028
1001
999
972
1028
972
999
1001
1001
1032
995
1004
966
999
999
1002
1000
1000
998
1071
933
1000
1000
1027
973
1032
992
973
1000
1000
1032
971
1000
1302
0
991
1010
1002
1001
997
1000
111
979
1008
1003
1000
1001
998
1001
999
1002
997
999
1000
1001
998
1001
999
1001
998
1002
999
1001
998
1002
999
1001
998
1002
999
1001
998
1002
999
1001
998
1002
997
1000
1000
1001
999
1000
1000
1000
1000
999
999
1002
999
1001
998
1002
999
1000
999
1002
998
1000
1000
1002
998
1000
1000
1001
1000
1002
998
999
1002
998
1001
1001
997
1000
1003
1001
997
1001
1001
998
1000
1001
999
1000
1000
1000
1001
999
1000
1001
1002
1001
996
1000
1002
998
1000
1002
1002
996
1000
1000
1002
998
1000
1000
1001
1000
999
1000
1001
999
1000
1000
1001
999
1000
1000
1001
999
1000
1003
998
999
1000
1000
1001
999
1000
1002
999
999
1000
1002
999
999
1001
1002
998
999
1000
1001
1000
1000
998
1002
1001
1001
997
1001
1001
999
999
1003
999
999
1000
1000
1001
999
999
1001
1001
1001
998
1000
1001
999
999
1001
1001
998
1000
1001
1001
999
1000
999
1004
997
1000
999
1004
997
1000
999
1004
997
1000
999
1004
997
1000
1000
1005
995
1000
1000
1002
999
999
1000
1004
998
1001
997
1002
999
999
1002
1006
993
999
1003
1000
999
999
1000
1003
1002
995
999
1002
1002
997
1004
997
1000
853
990
1007
1002
1000
996
1002
999
1000
999
1002
994
1068
0
995
1005
1002
1000
1000
998
1001
999
1002
998
1001
999
1002
998
1001
768
989
1004
1003
999
1002
999
999
1000
1001
999
1002
999
1001
1000
998
1000
1000
1049
950
999
1002
1334
1493
0
995
1007
1003
990
2063
0
939
1000
1001
999
1000
1000
1000
1000
1002
14
993
1000
1002
1002
998
1000
1001
1000
999
1000
1001
1000
1002
999
999
1000
999
1001
1002
999
999
999
1000
1003
998
999
1003
1001
999
1001
1001
1002
898
1152
0
995
150
990
1003
1002
999
1000
1000
1001
1000
999
1001
1002
998
999
1001
1000
998
1218
0
995
1004
1003
1002
997
998
1001
1000
1001
998
1001
1002
1099
0
64
996
1002
1001
1001
1000
1002
997
1001
1000
1001
999
1001
1000
1001
998
1001
1001
1000
1000
1001
998
1002
999
999
1000
1002
997
1002
999
1002
997
1002
1000
1242
0
994
1006
1003
999
999
1000
1000
999
1001
1000
1001
998
1000
1001
1000
999
1000
1001
1001
1088
0
25
993
1004
1002
1001
1000
1103
0
996
1009
999
998
1001
1000
999
1000
1001
1000
999
1000
1001
1000
999
1000
1001
1000
1000
999
1003
999
999
999
1002
1001
997
1000
1004
997
999
1000
1001
1002
997
1000
1001
1003
996
1000
1002
999
1000
999
1156
0
997
1006
1003
1002
995
1000
1002
998
1000
1000
1001
999
999
1001
1002
998
999
1002
1001
998
51
427
94
68
49
998
1000
1001
999
1003
998
1001
999
1003
997
1000
1000
1005
47
988
1005
1004
999
1000
1000
1000
1000
999
999
1001
1000
1142
0
995
1028
0
1006
1001
1001
997
1001
1003
1002
994
1001
72
113
998
997
1009
999
117
1210
0
993
1005
1002
1002
1000
997
1002
1000
1002
998
1003
996
244
329
62
796
1004
1003
1003
999
999
1000
1002
1000
1027
0
1135
0
992
1009
1004
996
1000
1000
1004
996
1001
999
1002
998
1000
1000
1002
998
1000
1000
153
988
992
1009
1003
999
999
999
1002
998
1000
1000
1002
998
1003
997
1003
997
1000
999
1003
997
1001
999
1002
998
43
983
1010
999
1000
999
1187
0
992
1008
1002
999
1001
999
1034
1092
0
994
1010
1000
998
1000
1205
0
992
1008
1002
1000
1000
999
1001
997
1003
1000
999
1001
1000
999
999
1001
999
1001
1000
999
1094
0
993
1306
0
994
1008
1001
1000
1000
999
1000
1187
0
993
1008
1001
1002
1002
40
985
1003
1004
1002
998
1000
1001
1000
1002
998
1027
0
1006
1001
1002
1051
0
994
1009
1000
1038
1049
0
997
1091
0
992
1008
1002
1176
0
993
1008
1003
1000
998
1001
920
1106
0
993
1009
1001
998
1001
1001
999
1149
0
994
1028
0
1007
1002
1000
1075
0
991
1010
999
1000
1001
944
981
1011
1269
0
1000
1010
999
1003
999
999
1001
998
1001
999
1000
1000
1002
998
1000
1003
459
980
1176
0
1142
0
994
1010
999
999
1199
0
994
1010
1271
0
992
1061
48
992
1008
1001
997
95
983
998
1004
1006
995
1243
0
1172
0
1050
116
1135
0
994
1006
1004
1151
0
996
1007
190
988
999
1003
1002
998
1000
1001
999
1000
1000
1000
1001
999
1218
0
994
1006
1001
55
989
1003
1003
999
1060
0
1000
1005
1002
1001
120
1
1004
999
1002
1045
57
1177
0
997
125
989
1029
0
1005
1142
0
50
129
1238
0
1139
0
994
1050
0
994
1005
1000
768
288
999
996
1009
998
1248
0
994
1006
1002
998
1001
999
903
1205
0
995
1102
0
993
1006
62
73
1165
0
998
1006
1001
1004
995
1001
1002
1176
0
997
1007
1000
998
1001
1000
1001
998
134
86
273
1049
145
1282
0
75
997
1004
999
1001
999
1000
1000
999
1001
1154
0
996
1007
999
1000
1000
1001
999
1230
0
1243
0
995
1006
1002
937
891
45
991
1000
207
990
136
996
1014
0
1001
1000
1000
999
1002
999
1000
999
1002
998
1000
999
1002
53
980
1048
0
996
1005
1000
1001
999
1000
999
1002
999
674
1374
0
995
1005
999
1002
999
1000
999
1002
999
1000
999
1001
998
1001
1130
0
1290
0
998
1005
998
1001
999
1002
998
1002
998
1002
998
1001
999
1019
0
1001
1026
0
1002
804
926
882
286
637
685
832
1147
1270
0
996
171
992
1003
157
297
804
722
835
924
778
160
1086
0
997
1007
998
999
1000
1000
1001
998
118
200
1000
1002
1003
999
1001
998
1001
999
1001
1102
14
1048
754
1273
228
1075
247
362
524
482
143
1280
0
1064
0
203
998
1003
999
1000
1000
1001
999
163
995
1001
1003
998
1117
0
1138
0
1042
0
1292
31
997
1003
1001
150
1106
0
997
67
359
621
55
237
127
680
460
1018
1033
1270
967
897
944
912
1114
118
1000
1003
999
999
1001
1001
999
999
1001
307
993
1002
43
991
1002
1002
999
1001
999
999
1001
98
12
278
554
536
838
6
1002
1000
1000
999
110
992
78
1105
0
997
1004
999
24
990
1001
1002
1003
998
999
74
80
851
234
273
671
795
1290
446
50
133
1000
1000
1003
1001
998
999
1003
998
999
1001
1001
999
1000
999
1001
1000
999
1001
1034
0
1001
1001
1003
997
1000
120
996
1131
0
1000
19
1066
0
1077
0
998
1002
1279
0
999
1003
999
1002
1196
863
1165
0
999
1151
0
1033
0
1003
999
1199
0
1000
1002
845
985
1194
1220
0
999
1002
1001
1098
37
1131
0
158
853
1175
966
1124
0
998
1002
1001
999
999
1001
1002
998
1226
0
1029
116
381
1000
141
296
511
249
369
999
1000
1003
767
1395
0
998
1002
999
1000
1029
0
1001
1000
1001
293
115
1000
1000
1002
998
1000
1001
1000
1050
0
1001
1001
999
1000
1003
998
999
1140
0
999
1039
0
1002
1000
1216
0
1000
1002
1000
999
1001
1000
999
1000
1001
998
1001
1001
1030
0
1000
1000
1002
999
999
1002
1000
160
313
231
999
1001
999
108
1233
0
1000
1000
1003
997
1000
1000
864
941
880
1299
1021
1014
1002
999
999
1000
1001
1000
999
1000
1001
1000
999
1000
1000
1002
998
1001
1000
1000
999
1000
1001
1001
998
994
1008
999
999
1000
1001
1000
999
1000
1002
999
999
1000
1001
1000
863
1136
1000
1001
999
855
1146
999
1000
1001
729
1015
1255
1000
953
992
1055
1000
1000
800
1049
1112
1039
1001
1000
999
910
1090
1000
1000
1001
999
1000
1000
1000
1001
999
1000
1000
1003
740
902
830
817
709
999
1128
1000
932
1070
998
915
816
1270
999
1001
1000
1000
1000
999
1000
1001
1001
998
1000
1002
999
999
1000
1001
1001
998
1000
1002
999
985
1014
1000
1003
997
752
1249
999
1000
947
854
1200
999
1000
1001
1000
999
1000
1001
1001
998
1000
1002
999
999
1000
1000
1002
998
1000
1000
1002
998
1000
1000
1002
998
1000
1002
904
1095
999
1000
1001
1000
982
1017
1001
1000
999
1000
1002
998
1000
1002
999
999
1000
1000
1002
998
1000
0
0
0
0
0
0
0
0
0
0
0
4
0
0
0
0
0
0
0
0
0
0
5
0
0
0
0
0
0
0
0
0
0
6
0
0
0
0
0
0
0
0
0
0
2
0
0
0
0
0
0
0
0
0
0
0
0
0
0
0
0
0
0
0
0
0
1
0
0
0
0
0
0
0
0
0
0
4
0
0
0
0
1
0
0
0
0
0
0
0
0
0
0
0
0
0
0
0
0
6
0
0
0
0
0
0
0
0
0
0
0
0
0
0
0
1
0
0
0
0
0
5
0
0
0
0
0
0
0
0
0
0
1
0
0
0
0
0
0
0
0
0
0
5
0
0
0
0
0
0
0
0
0
0
2
0
0
0
0
1
0
0
0
0
0
9
0
0
0
0
0
0
0
0
0
0
3
0
0
0
0
0
0
0
0
0
0
4
0
0
0
0
0
0
0
0
0
0
3
0
0
0
0
0
0
0
0
0
0
1
0
0
0
0
0
0
0
0
0
0
4
0
0
0
0
0
0
0
0
0
0
2
0
0
0
0
0
0
0
0
0
0
3
0
0
0
0
0
0
0
0
0
0
0
0
0
0
0
0
0
0
0
0
0
4
0
0
0
0
0
0
0
0
0
0
6
0
0
0
0
0
0
0
0
0
0
7
0
0
0
0
0
0
0
0
0
0
2
0
0
0
0
0
0
0
0
0
0
2
0
0
0
0
0
0
0
0
0
0
1
0
0
0
0
0
0
0
0
0
0
6
0
0
0
0
0
0
0
0
0
0
2
0
0
0
0
0
0
0
0
0
0
4
0
0
0
0
0
0
0
0
0
0
3
0
0
0
0
0
0
0
0
0
0
2
0
0
0
0
0
0
0
0
0
0
6
0
0
0
0
0
0
0
0
0
0
3
0
0
0
0
0
0
0
0
0
0
2
0
0
0
0
0
0
0
0
0
0
1
0
0
0
0
0
0
0
0
0
0
6
0
0
0
0
0
0
0
0
0
0
2
0
0
0
0
0
0
0
0
0
0
4
0
0
0
0
0
0
0
0
0
0
2
0
0
0
0
0
0
0
0
0
0
2
0
0
0
0
0
0
0
0
0
0
3
0
0
0
0
0
0
0
0
0
0
5
0
0
0
0
0
20
301
340
310
0
1
0
0
0
0
0
0
0
0
0
0
6
0
0
0
0
0
0
0
0
0
0
4
0
0
0
0
0
0
0
0
0
0
4
0
0
0
0
0
0
0
0
0
0
1
0
0
0
0
0
0
0
0
0
0
2
0
0
0
0
0
0
0
0
0
0
5
0
0
0
0
0
0
0
0
0
0
0
0
0
0
0
0
0
0
0
0
0
3
0
0
0
0
0
0
0
0
0
0
0
0
0
0
0
1
0
0
0
0
0
9
0
0
0
0
0
0
0
0
0
0
4
0
0
0
0
0
0
0
0
0
0
3
0
0
0
0
0
0
0
0
0
0
5
0
0
0
0
0
0
0
0
0
0
1
0
0
0
0
0
0
0
0
0
0
3
0
0
0
0
0
0
0
0
0
0
5
0
0
0
0
0
0
0
0
0
0
2
0
0
0
0
0
0
0
0
0
0
3
0
0
0
0
0
0
0
0
0
0
2
0
0
0
0
0
0
0
0
0
0
3
0
0
0
0
0
0
0
0
0
0
0
0
0
0
0
0
0
0
0
0
0
3
0
0
0
0
0
0
0
0
0
0
8
0
0
0
0
0
0
0
0
0
0
1
0
0
0
0
0
0
0
0
0
0
1
0
0
0
0
0
0
0
0
0
0
0
0
0
0
0
0
0
0
0
0
0
1
0
0
0
0
0
0
0
0
0
0
1
0
0
0
0
0
0
0
0
0
0
0
0
0
0
0
0
0
0
0
0
0
1
0
0
0
0
0
0
0
0
0
0
2
0
0
0
0
0
0
0
0
0
0
1
0
0
0
0
0
0
0
0
0
0
2
0
0
0
0
0
0
0
0
0
0
2
0
0
0
0
0
0
0
0
0
0
1
0
0
0
0
0
0
0
0
0
0
0
0
0
0
0
0
0
0
0
0
0
3
0
0
0
0
0
0
0
0
0
0
2
0
0
0
0
0
0
0
0
0
0
0
0
0
0
0
0
0
0
0
0
0
0
0
0
0
0
0
0
0
0
0
0
5
0
0
0
0
0
0
0
0
0
0
0
0
0
0
0
0
0
0
0
0
0
1
0
0
0
0
0
0
0
0
0
0
2
0
0
0
0
0
0
0
0
0
0
4
0
0
0
0
0
0
0
0
0
0
2
0
0
0
0
0
0
0
0
0
0
4
0
0
0
0
0
0
0
0
0
0
3
0
0
0
0
0
0
0
0
0
0
2
0
0
0
0
0
0
0
0
0
0
2
0
0
0
0
0
0
0
0
0
0
5
0
0
0
0
0
0
0
0
0
0
2
0
0
0
0
0
0
0
0
0
0
4
0
0
0
0
0
0
0
0
0
0
0
0
0
0
0
0
0
0
0
0
0
0
0
0
0
0
0
0
0
0
0
0
1
0
0
0
0
0
0
0
0
0
0
0
0
0
0
0
0
0
0
0
0
0
2
0
0
0
0
0
0
0
0
0
0
5
0
0
0
0
1
0
0
0
0
0
6
0
0
0
0
0
0
0
0
0
0
4
0
0
0
0
0
117
124
0
0
0
2
0
0
0
0
0
0
0
0
0
0
3
0
0
0
0
0
0
0
0
0
0
2
0
0
0
0
0
0
0
0
0
0
1
0
0
0
0
0
0
0
0
0
0
5
0
0
0
0
0
0
0
0
0
0
3
0
0
0
0
0
0
0
0
0
0
8
0
0
0
0
0
0
0
0
0
0
1
0
0
0
0
0
0
0
0
0
0
4
0
0
0
0
0
0
0
0
0
0
2
0
0
0
0
0
0
0
0
0
0
6
0
0
0
0
0
0
0
0
0
0
5
0
0
0
0
0
0
0
0
0
0
2
0
0
0
0
0
0
0
0
0
0
2
0
0
0
0
0
0
0
0
0
0
7
0
0
0
0
0
0
0
0
0
0
3
0
0
0
0
0
0
0
0
0
0
1
0
0
0
0
0
0
0
0
0
0
5
0
0
0
0
0
0
0
0
0
0
3
0
0
0
0
0
0
0
0
0
0
4
0
0
0
0
0
0
0
0
0
0
0
0
0
0
0
3
0
0
0
0
0
2
0
0
0
0
1
0
0
0
0
0
4
0
0
0
0
0
0
0
0
0
0
3
0
0
0
0
0
0
0
0
0
0
0
0
0
0
0
0
0
0
0
0
0
3
0
0
0
0
1
0
0
0
0
0
2
0
0
0
0
0
0
0
0
0
0
2
0
0
0
0
3
0
0
0
0
0
2
0
43
515
85
329
93
0
0
0
0
2
0
0
0
0
1
0
0
0
0
0
1
0
0
0
0
0
0
0
0
0
0
2
0
0
0
0
0
0
0
0
0
0
0
0
0
0
0
0
0
0
0
0
0
1
0
0
0
0
0
0
0
0
0
0
1
0
0
0
0
0
0
0
0
0
0
3
0
0
0
0
0
0
0
0
0
0
0
0
0
0
0
1
0
0
0
0
0
4
0
0
0
0
0
0
0
0
0
0
9
0
0
0
0
0
0
0
0
0
0
2
0
0
0
0
0
0
0
0
0
0
3
0
0
0
0
0
0
0
0
0
0
0
0
0
0
0
0
0
0
0
0
0
7
0
0
0
0
1
0
0
0
0
0
5
0
0
0
0
0
0
0
0
0
0
3
0
0
0
0
3
0
0
0
0
0
1
0
0
0
0
0
0
0
0
0
0
4
0
0
0
0
1
0
0
0
0
0
0
0
0
0
0
0
0
0
0
0
0
3
0
0
0
0
4
0
0
0
0
0
0
0
0
0
0
0
0
0
0
0
0
3
0
0
0
0
0
0
0
0
0
0
2
0
0
0
0
0
0
0
0
0
0
1
0
0
0
0
0
0
0
0
0
0
4
0
0
0
0
0
0
0
0
0
0
3
0
0
0
0
0
0
0
0
0
0
3
0
0
0
0
0
0
0
0
0
0
6
0
0
0
0
0
0
0
0
0
0
3
0
0
0
0
0
0
0
0
0
0
2
0
0
0
0
0
0
0
0
0
0
2
0
0
0
0
0
0
0
0
0
0
0
0
0
0
0
0
0
44
234
151
0
3
0
0
0
0
0
0
0
0
0
0
2
0
0
0
0
0
0
0
0
0
0
1
0
0
0
0
0
0
0
0
0
0
0
0
0
0
0
0
0
0
0
0
0
4
0
0
0
0
0
0
0
0
0
0
1
0
0
0
0
1
0
0
0
0
0
2
0
0
0
0
0
0
0
0
0
0
0
0
0
0
0
0
0
0
0
0
0
3
0
0
0
0
0
0
0
0
0
0
1
0
0
0
0
0
0
0
0
0
0
4
0
0
0
0
0
0
0
0
0
0
0
0
0
0
0
0
0
0
0
0
0
3
0
0
0
0
0
0
0
0
0
0
1
0
0
0
0
0
0
0
0
0
0
3
0
0
0
0
0
0
0
0
0
0
4
0
0
0
0
0
0
0
0
0
0
2
0
0
0
0
0
0
0
0
0
0
5
0
0
0
0
0
0
0
0
0
0
2
0
0
0
0
0
0
0
0
0
0
0
0
0
0
0
0
0
0
0
0
0
5
0
0
0
0
0
0
0
0
0
0
0
0
0
0
0
0
0
0
0
0
0
2
0
0
0
0
0
0
0
0
0
0
1
0
0
0
0
0
0
0
0
0
0
0
0
0
0
0
0
0
0
0
0
0
5
0
0
0
0
0
0
0
0
0
0
1
0
0
0
0
0
0
0
0
0
0
2
0
0
0
0
0
0
0
0
0
0
1
0
0
0
0
0
0
0
0
0
0
1
0
0
0
0
0
0
0
0
0
0
4
0
0
0
30
27
0
0
0
0
0
3
0
0
0
0
0
0
0
0
0
0
2
0
0
0
0
0
0
0
0
0
0
3
0
0
0
0
0
0
0
0
0
0
1
0
0
0
0
0
0
0
0
0
0
3
0
0
0
0
0
0
0
0
0
0
0
0
0
0
0
0
0
0
0
0
0
2
0
0
0
0
0
0
0
0
0
0
1
0
0
0
0
0
0
0
0
0
0
1
0
0
0
0
0
0
0
0
0
0
3
0
0
0
0
0
0
0
0
0
0
3
0
0
0
0
0
0
0
0
0
0
4
0
0
0
0
0
0
0
0
0
0
1
0
0
0
0
0
0
0
0
0
0
1
0
0
0
0
0
0
0
0
0
0
0
0
0
0
0
0
0
0
0
0
0
1
0
0
0
0
0
0
0
0
0
0
2
0
0
0
378
142
711
0
1339
1285
0
956
109
617
0
0
51
7
0
0
0
0
0
0
0
0
17
458
400
170
432
299
90
324
362
0
787
0
0
4
0
0
0
0
2
0
0
0
397
248
933
193
569
326
314
1327
1273
0
0
0
0
7
0
0
0
0
0
0
0
0
0
0
7
0
0
0
0
0
0
0
0
0
0
5
0
0
0
0
0
0
0
0
0
0
6
0
0
0
0
0
0
0
0
0
0
3
0
0
0
0
2
0
0
0
0
0
0
0
0
0
0
1
0
0
0
0
0
2
0
0
0
0
0
0
0
0
0
0
6
0
0
0
0
1
0
0
0
0
0
0
0
0
0
0
1
0
0
0
0
0
4
0
0
0
0
3
0
0
0
0
0
4
0
0
0
0
1
0
0
0
0
0
6
0
0
0
0
4
0
0
0
0
0
4
0
0
0
0
0
0
0
0
0
0
4
0
0
0
0
0
0
0
0
0
0
9
0
0
0
0
0
0
0
0
0
0
7
0
0
0
0
0
0
0
0
0
0
5
0
0
0
0
0
0
0
0
0
0
5
0
0
0
0
0
0
0
0
0
0
3
0
0
0
0
4
0
0
0
0
0
5
0
0
0
0
0
0
0
0
0
0
4
0
0
0
0
0
0
0
0
0
0
7
0
0
0
0
0
0
0
0
0
0
3
0
0
0
0
0
0
0
0
0
0
9
0
0
0
0
1
0
0
0
0
0
3
0
0
0
0
1
0
0
0
0
0
5
0
0
0
0
1
0
0
27
230
132
0
219
0
0
0
6
0
0
0
0
0
0
0
0
0
0
0
0
0
0
597
247
141
0
29
0
0
2
0
0
0
0
2
0
0
0
0
0
7
0
305
401
433
580
308
0
0
0
0
0
0
0
0
0
0
2
0
0
0
0
2
0
0
0
0
0
6
0
0
0
0
2
0
0
0
0
0
5
0
0
0
0
0
0
0
0
0
0
7
0
0
0
0
2
0
0
0
0
0
5
0
0
0
0
0
0
0
0
0
0
7
0
0
0
0
2
0
0
0
0
0
6
0
0
0
0
0
0
0
0
0
0
4
0
0
0
0
0
0
0
0
0
0
5
0
0
0
326
129
0
0
0
0
0
4
0
0
0
0
0
0
0
0
0
0
5
0
0
0
0
1
0
0
0
0
0
5
0
0
0
0
3
0
0
0
0
0
2
0
0
0
0
0
0
0
0
0
0
2
0
0
0
0
1
0
0
0
0
0
2
0
0
0
0
1
0
0
0
0
0
0
0
0
0
0
1
0
0
0
0
0
4
0
0
0
0
2
0
0
0
0
0
9
0
0
0
0
0
0
0
0
0
0
4
0
0
0
0
2
0
0
0
0
0
7
0
0
0
0
1
0
0
0
0
0
3
0
0
0
0
2
0
0
0
0
0
3
0
0
0
0
3
0
0
0
0
0
4
0
0
0
0
1
0
0
0
0
0
6
0
0
0
0
0
0
0
0
0
0
4
0
0
0
0
2
0
0
0
0
0
5
0
0
0
0
0
0
0
0
0
0
6
0
0
0
0
1
0
0
0
0
0
5
0
0
147
363
352
363
219
739
810
38
885
367
301
200
567
163
0
0
0
0
0
5
101
397
374
816
697
278
791
697
496
207
1704
1650
72
251
299
0
0
0
0
321
54
32
0
0
0
0
279
471
479
667
423
201
0
281
395
852
0
0
0
0
0
0
0
6
0
0
0
0
2
0
0
0
0
0
2
0
0
0
0
2
0
0
0
0
0
5
0
0
0
0
0
0
0
0
0
0
4
0
0
0
0
1
0
0
0
0
0
4
0
0
0
0
0
0
0
0
0
0
4
0
0
0
0
1
0
0
0
0
0
5
0
0
0
339
88
216
0
0
0
0
0
0
0
0
0
3
0
0
0
0
0
0
0
0
0
0
1
0
0
0
0
0
0
0
0
0
0
4
0
0
0
0
0
0
0
0
0
0
2
0
0
0
0
0
0
0
0
0
0
2
0
0
0
0
0
0
0
0
0
0
4
0
0
0
0
1
0
0
0
0
0
1
0
0
0
0
0
0
0
0
0
0
5
0
0
0
0
0
0
0
0
0
0
0
0
0
0
0
0
0
0
0
0
0
1
0
0
0
0
0
0
0
0
0
0
4
0
0
0
0
0
0
0
0
0
0
5
0
0
0
0
3
0
0
0
0
0
5
0
0
0
0
0
0
0
0
0
0
5
0
0
0
0
0
0
0
0
0
0
5
0
0
0
0
0
0
0
0
0
0
3
0
0
0
0
0
0
0
0
0
0
1
0
0
0
0
0
0
0
0
0
0
3
0
0
0
0
0
0
0
0
0
0
2
0
0
0
0
0
0
0
0
0
0
6
0
0
0
0
0
0
0
0
0
0
5
0
0
0
0
0
0
0
0
0
0
4
0
0
0
0
0
0
0
0
0
0
4
0
0
0
0
0
0
0
0
0
0
1
0
0
0
0
0
0
0
0
0
0
3
0
0
0
0
0
0
0
0
0
0
5
0
0
0
0
0
0
0
0
0
0
5
0
0
0
0
0
0
0
0
0
0
2
0
0
0
0
0
0
0
0
0
0
2
0
0
0
0
3
0
0
0
0
0
6
0
0
0
0
0
0
0
0
0
0
5
0
0
0
0
0
0
0
0
0
0
4
0
0
0
0
0
0
0
0
0
0
4
0
0
0
0
0
0
0
0
0
0
1
0
0
0
0
0
0
0
0
0
0
4
0
0
0
0
0
0
0
0
0
0
5
0
0
0
0
0
0
0
0
0
0
7
0
0
0
0
0
0
0
0
0
0
5
0
0
0
0
4
0
0
0
0
0
7
0
0
0
0
2
0
0
0
0
0
9
0
0
0
0
0
0
0
0
0
0
0
0
0
0
0
2
0
0
0
0
0
2
0
0
0
0
0
0
0
0
0
0
4
0
0
0
0
0
0
0
0
0
0
2
0
0
0
0
0
0
0
0
0
0
2
0
0
0
0
0
0
0
0
0
0
5
0
0
0
0
0
0
0
0
0
0
3
0
0
0
0
0
0
0
0
0
0
4
0
0
0
0
3
0
0
0
0
0
0
0
0
0
0
0
0
0
0
0
0
3
0
0
0
0
0
0
0
0
0
0
2
0
0
0
0
0
0
0
0
0
0
2
0
0
0
0
0
0
0
0
0
0
2
0
0
0
0
0
0
0
0
0
0
4
0
0
0
0
2
0
0
0
0
0
0
0
0
0
0
1
0
0
0
0
0
3
0
0
0
0
0
0
0
0
0
0
5
0
0
0
0
0
0
0
0
0
0
5
0
0
0
0
0
0
0
0
0
0
1
0
0
0
0
0
0
0
0
0
0
3
0
0
0
0
0
0
0
0
0
0
2
0
0
0
0
0
0
0
0
0
0
5
0
0
0
0
0
0
0
0
0
0
2
0
0
0
0
1
0
0
0
0
0
4
0
0
0
0
1
0
0
0
0
0
0
0
0
0
0
0
0
0
0
0
0
5
0
0
0
0
0
0
0
0
0
0
5
0
0
0
0
0
0
0
0
0
0
4
0
0
0
0
0
0
0
0
0
0
4
0
0
0
0
0
0
0
0
0
0
5
0
0
0
0
0
0
0
0
0
0
2
0
0
0
0
0
0
0
0
0
0
2
0
0
0
0
0
0
0
0
0
0
1
0
0
0
0
1
0
0
0
0
0
1
0
0
0
0
0
0
0
0
0
0
2
0
0
0
0
0
0
0
0
0
0
3
0
0
0
0
0
0
0
0
0
0
6
0
0
0
0
0
0
0
0
0
0
6
0
0
0
0
0
0
0
0
0
0
3
0
0
0
0
0
0
0
0
0
0
2
0
0
0
0
0
0
0
0
0
0
3
0
0
0
0
0
0
0
0
0
0
4
0
0
0
0
0
0
0
0
0
0
1
0
0
0
0
0
0
0
0
0
0
5
0
0
0
0
4
0
0
0
0
0
2
0
0
0
0
0
0
0
0
0
0
2
0
0
0
0
0
0
0
0
0
0
2
0
0
0
0
0
0
0
0
0
0
0
0
0
0
0
0
0
0
0
0
0
4
0
0
0
0
0
0
0
0
0
0
5
0
0
0
0
3
0
0
0
0
0
2
0
0
0
0
0
0
0
0
0
0
7
0
0
0
0
0
0
0
0
0
0
1
0
0
0
0
0
0
0
0
0
0
2
0
0
0
0
1
0
0
0
0
0
3
0
0
0
0
0
0
0
0
0
0
2
0
0
0
0
1
0
0
0
0
0
7
0
0
0
0
0
0
0
0
0
0
5
0
0
0
0
1
0
0
0
0
0
4
0
0
0
0
0
0
0
0
0
0
5
0
0
0
0
0
0
0
0
0
0
5
0
0
0
0
0
0
0
0
0
0
8
0
0
0
0
0
0
0
0
0
0
3
0
0
0
0
0
0
0
0
0
0
3
0
0
0
0
0
0
0
0
0
0
4
0
0
0
0
0
0
0
0
0
0
2
0
0
0
0
0
0
0
0
0
0
4
0
288
309
707
230
487
0
0
0
0
0
0
0
0
0
0
7
0
0
127
154
437
52
169
0
0
0
0
0
0
0
0
5
0
0
0
0
0
0
0
0
0
0
6
0
0
0
0
1
0
0
0
0
0
4
0
0
0
0
0
0
0
0
0
0
2
0
0
0
0
0
0
0
0
0
0
2
0
0
0
0
0
0
0
0
0
0
6
0
0
0
0
0
0
0
0
0
0
0
0
0
0
0
2
0
0
0
0
0
7
0
0
0
0
3
0
0
0
0
0
6
0
0
0
0
1
0
0
0
0
0
2
0
0
0
0
0
0
0
0
0
0
5
0
0
0
0
0
0
0
0
0
0
3
0
0
0
0
0
0
0
0
0
0
2
0
0
0
0
0
0
21
0
0
0
0
0
0
0
0
0
2
0
0
0
0
3
0
0
0
0
0
4
0
0
0
0
3
0
0
0
0
0
3
0
0
0
0
0
0
0
0
0
0
6
0
0
0
0
1
0
0
0
0
0
6
0
0
0
0
3
0
0
0
0
0
4
0
0
0
0
4
0
0
0
0
0
4
0
0
0
0
0
0
0
0
0
0
6
0
0
0
0
0
0
0
0
0
0
4
0
0
0
0
0
0
0
0
0
0
6
0
0
0
0
0
0
0
0
0
0
3
0
0
0
0
0
0
0
0
0
0
8
0
0
0
0
0
0
0
1
0
0
4
0
0
0
0
0
0
0
0
0
0
8
0
0
0
0
0
0
0
0
0
0
4
0
68
38
0
1
0
89
0
0
0
5
0
0
0
0
0
0
0
0
0
94
199
493
241
294
0
598
102
82
43
0
0
0
0
0
0
0
0
0
0
0
0
0
0
0
0
0
0
0
0
0
0
0
0
0
0
0
0
0
0
0
0
0
0
0
0
0
0
0
0
1
0
0
0
0
0
0
0
0
0
0
0
0
0
0
0
0
0
0
0
0
0
5
0
0
0
0
0
0
0
0
0
0
0
0
0
0
0
0
0
0
0
0
0
1
0
0
0
0
0
0
0
0
0
0
0
0
0
0
0
0
0
0
0
0
0
4
0
0
0
0
0
0
0
0
0
0
0
0
0
0
0
0
0
0
0
0
0
4
0
0
0
0
0
0
0
0
0
0
0
0
0
0
0
0
0
0
0
0
0
1
0
0
0
0
0
0
0
0
0
0
0
0
0
0
0
0
0
0
0
0
0
2
0
0
0
0
0
0
0
0
0
0
0
0
0
0
0
0
0
0
0
0
0
0
0
0
0
0
0
0
0
0
0
0
279
300
249
331
22
488
5
0
0
0
0
0
0
0
0
0
0
6
0
0
0
0
1
0
0
0
0
0
5
0
0
0
0
0
0
0
0
0
0
5
0
0
0
0
0
0
0
0
0
0
5
0
0
0
0
2
0
0
0
0
0
6
0
0
0
0
2
0
0
0
0
0
5
0
0
0
0
1
0
0
0
0
0
3
0
0
0
0
2
0
0
0
0
0
4
0
0
0
0
4
0
0
0
0
0
6
0
0
0
0
1
0
0
0
0
0
5
0
0
0
0
0
0
0
0
0
0
5
0
0
0
0
3
0
0
0
0
0
4
0
0
0
48
193
543
242
193
791
550
568
524
1454
1400
193
986
506
218
0
0
0
5
0
0
396
266
659
501
273
1355
1301
1485
1431
0
2279
2225
2171
0
0
2740
2686
2632
0
1069
1015
691
0
0
265
560
180
848
272
0
979
81
0
888
0
0
0
0
0
0
0
4
0
0
0
0
0
0
0
0
0
0
8
0
0
0
0
0
0
0
0
0
0
7
0
0
0
0
1
0
0
0
0
0
6
0
0
0
0
5
0
0
0
0
0
8
0
0
0
0
4
0
0
0
0
0
0
0
0
0
0
1
0
0
0
0
0
8
0
0
0
0
0
0
0
0
0
0
6
0
0
0
0
1
0
0
0
0
0
4
0
0
0
0
2
0
0
0
0
0
6
0
0
0
0
1
0
0
0
0
0
6
0
0
0
0
0
0
0
0
0
0
4
0
0
0
0
1
0
0
0
0
0
8
0
0
0
0
0
0
0
0
0
0
5
0
0
0
0
1
0
0
0
0
0
4
0
0
0
0
0
0
0
0
0
0
8
0
0
0
0
1
0
0
0
0
0
7
0
0
0
0
0
0
0
0
0
0
12
0
0
0
0
2
0
0
0
0
0
5
0
0
0
0
4
0
0
0
0
0
6
0
0
0
0
0
0
0
0
0
0
4
0
0
0
0
0
0
0
0
0
0
6
0
0
0
0
2
0
0
0
0
0
4
0
0
0
0
1
0
0
0
0
0
9
0
0
0
0
2
0
0
0
0
0
5
0
0
0
0
2
0
0
0
0
0
5
0
0
0
0
0
0
0
0
0
0
6
0
0
0
0
1
0
0
0
0
0
7
0
0
0
0
408
393
60
281
0
0
0
0
0
0
0
5
0
0
0
0
0
0
0
0
0
0
6
0
0
0
0
2
0
0
0
0
0
5
0
0
0
0
0
0
0
0
0
0
7
0
0
0
0
1
0
0
0
0
0
2
0
0
0
0
0
0
0
0
0
0
5
0
0
0
0
1
0
0
0
0
0
4
0
0
0
0
0
0
0
0
0
0
5
0
0
0
0
0
0
0
0
0
0
6
0
0
0
0
0
0
0
0
0
0
3
0
0
0
0
0
0
0
0
0
0
5
0
0
0
0
0
0
0
0
0
0
7
0
0
0
0
0
0
0
0
0
0
3
0
0
0
0
0
0
0
0
0
0
5
0
0
0
0
0
0
0
0
0
0
2
0
0
0
0
0
0
0
0
0
0
6
0
0
0
0
0
0
0
0
0
0
4
0
0
0
0
0
0
0
0
0
0
4
0
0
0
0
0
0
0
0
0
0
1
0
0
0
0
0
0
0
0
0
0
4
0
0
0
0
0
0
0
0
0
0
3
0
0
0
0
0
0
0
0
0
0
3
0
0
0
0
0
0
0
0
0
0
3
0
0
0
0
0
0
0
0
0
0
6
0
0
0
0
0
0
0
0
0
0
5
0
0
0
0
1
0
0
0
0
0
0
0
0
0
0
0
0
0
0
0
0
3
0
0
0
0
0
0
0
0
0
0
3
0
0
0
0
0
0
0
0
0
0
5
0
0
0
0
0
0
0
0
0
0
4
0
0
0
0
0
0
0
0
0
0
7
0
0
0
0
0
0
0
0
0
0
4
0
0
0
0
0
0
0
0
0
0
5
0
0
0
0
0
0
0
0
0
0
5
0
0
0
0
0
0
0
0
0
0
7
0
0
0
0
0
0
0
0
0
0
3
0
0
0
0
0
0
0
0
0
0
3
0
0
0
0
1
0
0
0
0
0
4
0
0
0
0
0
0
0
0
0
0
3
0
0
0
0
0
0
0
0
0
0
1
0
0
0
0
1
0
0
0
0
0
8
0
0
0
0
0
0
0
0
0
0
3
0
0
0
0
0
0
0
0
0
0
5
0
0
0
0
0
0
0
0
0
0
7
0
0
0
0
0
0
0
0
0
0
8
0
0
0
0
0
0
0
0
0
0
3
0
0
0
0
0
0
0
0
0
0
4
0
0
0
0
0
0
0
0
0
0
5
0
0
0
0
0
0
0
0
0
0
1
0
0
0
0
0
0
0
0
0
0
5
0
0
0
0
0
0
0
0
0
0
0
0
0
0
0
0
0
0
0
0
0
4
0
0
0
0
1
0
0
0
0
0
1
0
0
0
0
0
0
0
0
0
0
2
0
0
0
0
0
0
0
0
0
0
2
0
0
0
0
0
0
0
0
0
0
3
0
0
0
0
2
0
0
0
0
0
4
0
0
0
0
0
0
0
0
0
0
2
0
0
0
0
0
0
0
0
0
0
2
0
0
0
0
0
0
0
0
0
0
6
0
0
0
0
0
0
0
0
0
0
4
0
0
0
0
0
0
0
0
0
0
5
0
0
0
0
0
0
0
0
0
0
3
0
0
0
0
0
0
0
0
0
0
4
0
0
0
0
0
0
0
0
0
0
0
0
0
0
0
1
0
0
0
0
0
5
0
0
0
0
0
0
0
0
0
0
0
0
0
0
0
1
0
0
0
0
0
8
0
0
0
0
0
0
0
0
0
0
3
0
0
0
0
0
0
0
0
0
0
6
0
0
0
0
0
0
0
0
0
0
7
0
0
0
0
1
0
0
0
0
0
3
0
0
0
0
0
0
0
0
0
0
4
0
0
0
0
0
0
0
0
0
0
3
0
0
0
0
0
0
0
0
0
0
5
0
0
0
0
0
0
0
0
0
0
3
0
0
0
0
0
0
0
0
0
0
3
0
0
0
0
0
0
0
0
0
0
6
0
0
0
0
0
0
0
0
0
0
2
0
0
0
0
2
0
0
0
0
0
8
0
0
0
0
0
0
0
0
0
0
5
0
0
0
0
0
0
0
0
0
0
4
0
0
0
0
0
0
0
0
0
0
4
0
0
0
0
0
0
0
0
0
0
4
0
0
0
0
0
0
0
0
0
0
5
0
0
0
0
0
0
0
0
0
0
3
0
0
0
0
0
0
0
0
0
0
5
0
0
0
0
0
0
0
0
0
0
2
0
0
0
0
0
0
0
0
0
0
7
0
0
0
0
0
0
0
0
0
0
5
0
0
0
0
0
0
0
0
0
0
4
0
0
0
0
0
0
0
0
0
0
4
0
0
0
0
0
0
0
0
0
0
5
0
0
0
0
0
0
0
0
0
0
5
0
0
0
0
1
0
0
0
0
0
6
0
0
0
0
0
0
0
0
0
0
0
0
0
0
0
1
0
0
0
0
0
3
0
0
0
0
0
0
0
0
0
0
1
0
0
0
0
0
0
0
0
0
0
5
0
0
0
0
0
0
0
0
0
0
3
0
0
0
0
0
0
0
0
0
0
2
0
0
0
0
0
0
0
0
0
0
5
0
0
0
0
0
0
0
0
0
0
2
0
0
0
0
1
0
0
0
0
0
3
0
0
0
0
0
0
0
0
0
0
8
0
0
0
0
0
0
0
0
0
0
4
0
0
0
0
1
0
0
0
0
0
4
0
0
0
0
1
0
0
0
0
0
3
0
0
0
0
0
0
0
0
0
0
2
0
0
0
0
0
0
0
0
0
0
8
0
0
0
0
0
0
0
0
0
0
3
0
0
0
0
0
0
0
0
0
0
2
0
0
0
0
0
0
0
0
0
0
2
0
0
0
0
0
0
0
0
0
0
4
0
0
0
0
0
0
0
0
0
0
0
0
0
0
0
0
0
0
0
0
0
4
0
0
0
0
0
0
0
0
0
0
4
0
0
0
0
0
0
0
0
0
0
5
0
0
0
0
0
0
0
0
0
0
0
0
0
0
0
1
0
0
0
0
0
6
0
0
0
0
0
0
0
0
0
0
2
0
0
0
0
1
0
0
0
0
0
5
0
0
0
0
0
0
0
0
0
0
1
0
0
0
0
0
0
0
0
0
0
3
0
0
0
0
0
0
0
0
0
0
4
0
0
0
0
0
0
0
0
0
0
2
0
0
0
0
2
0
0
0
0
0
3
0
0
0
0
0
0
0
0
0
0
4
0
0
0
0
0
0
0
0
0
0
5
0
0
0
0
1
0
0
0
0
0
2
0
0
0
0
0
0
0
0
0
0
3
0
0
0
0
0
0
0
0
0
0
2
0
0
0
0
0
0
0
0
0
0
3
0
0
0
0
0
0
0
0
0
0
3
0
0
0
0
0
0
0
0
0
0
3
0
0
0
0
2
0
0
0
0
0
5
0
0
0
0
0
0
0
0
0
0
6
0
0
0
0
0
0
0
0
0
0
2
0
0
0
0
0
0
0
0
0
0
4
0
0
0
0
0
0
0
0
0
0
3
0
0
0
0
0
0
0
0
0
0
3
0
0
0
0
0
0
0
0
0
0
6
0
0
0
0
0
0
0
0
0
0
3
0
0
0
0
0
0
0
0
0
0
4
0
0
0
0
0
0
0
0
0
0
6
0
0
0
0
2
0
0
0
0
0
4
0
0
0
0
0
0
0
0
0
0
2
0
0
0
0
0
0
0
0
0
0
3
0
0
0
0
1
0
0
0
0
0
5
0
0
0
0
0
0
0
0
0
0
10
0
0
0
0
0
0
0
0
0
0
5
0
0
0
0
0
0
0
0
0
0
2
0
0
0
0
0
0
0
0
0
0
4
0
0
0
0
0
0
0
0
0
0
1
0
0
0
0
0
0
0
0
0
0
4
0
0
0
0
0
0
0
0
0
0
3
0
0
0
0
0
0
0
0
0
0
1
0
0
0
0
0
0
0
0
0
0
1
0
0
0
0
0
0
0
0
0
0
4
0
0
0
0
2
0
0
0
0
0
4
0
0
0
0
2
0
0
0
0
0
2
0
0
0
0
1
0
0
0
0
0
4
0
0
0
0
1
0
0
0
0
0
3
0
0
0
0
0
0
0
0
0
0
3
0
0
0
0
2
0
0
0
0
0
3
0
0
0
0
0
28
18
0
0
0
4
0
0
0
0
0
0
0
0
0
0
4
0
0
0
0
0
0
0
0
0
0
6
0
0
0
0
0
0
0
0
0
0
5
0
0
0
0
0
0
0
0
0
0
3
0
0
0
0
0
0
0
0
0
0
1
0
0
0
0
1
0
0
0
0
0
9
0
0
0
0
0
0
0
0
0
0
4
0
0
0
0
0
0
0
0
0
0
1
0
0
0
0
0
0
0
0
0
0
1
0
0
0
0
0
0
0
0
0
0
2
0
0
0
0
1
0
0
0
0
0
2
0
0
0
0
0
0
0
0
0
0
3
0
0
0
0
1
0
0
0
0
0
4
0
0
0
0
0
0
0
0
0
0
4
0
0
0
0
0
0
0
0
0
0
1
0
0
0
0
0
0
0
0
0
0
1
0
0
0
0
0
0
0
0
0
0
2
0
0
0
0
0
0
0
0
0
0
4
0
0
0
0
0
0
0
0
0
0
4
0
0
0
0
1
0
0
0
0
0
2
0
0
0
0
0
0
0
0
0
0
5
0
0
0
0
0
0
0
0
0
0
3
0
0
0
0
0
0
0
0
0
0
2
0
0
0
0
0
0
0
0
0
0
4
0
0
0
0
0
0
0
0
0
0
7
0
0
0
0
0
0
0
0
0
0
4
0
0
0
0
0
0
0
0
0
0
5
0
0
0
0
0
0
0
0
0
0
4
0
0
0
0
0
0
0
0
0
0
2
0
0
0
0
0
0
0
0
0
0
2
0
0
0
0
0
0
0
0
0
0
5
0
0
0
0
0
0
0
0
0
0
2
0
0
0
0
0
0
0
0
0
0
3
0
0
0
0
0
0
0
0
0
0
0
0
0
0
0
2
0
0
0
0
0
8
0
0
0
0
0
0
0
0
0
0
2
0
0
0
0
4
0
0
0
0
0
8
0
0
0
0
1
0
0
0
0
0
1
0
0
0
0
3
0
0
0
0
0
0
0
0
0
0
0
0
0
0
0
0
0
0
0
0
0
0
0
0
0
0
0
1
0
0
0
0
0
0
0
0
0
0
5
0
0
0
0
0
0
0
0
0
0
3
0
0
0
0
0
0
0
0
0
0
2
0
0
0
0
0
0
0
0
0
0
3
0
0
0
0
0
0
0
0
0
0
1
0
0
0
0
0
0
0
0
0
0
3
0
0
0
0
0
0
0
0
0
0
7
0
0
0
0
0
0
0
0
0
0
5
0
0
0
0
0
0
0
0
0
0
3
0
0
0
0
0
0
0
0
0
0
1
0
0
0
0
0
0
0
0
0
0
6
0
0
0
0
0
0
0
0
0
0
3
0
0
0
0
4
0
0
0
0
0
8
0
0
0
0
0
0
0
0
0
0
4
0
0
0
0
0
0
0
0
0
0
7
0
0
0
0
0
0
0
0
0
0
3
0
0
0
0
0
0
0
0
0
0
4
0
0
0
0
0
0
0
0
0
0
4
0
0
0
0
0
0
0
0
0
0
5
0
0
0
0
0
0
0
0
0
0
4
0
0
0
0
1
0
0
0
0
0
4
0
0
0
0
0
0
0
0
0
0
3
0
0
0
0
2
0
0
0
0
0
4
0
0
0
0
0
0
0
0
0
0
2
0
0
0
0
2
0
0
0
0
0
10
0
0
0
0
0
0
0
0
0
0
7
0
0
0
0
0
0
0
0
0
0
3
0
0
0
0
0
0
0
0
0
0
2
0
0
0
0
0
0
0
0
0
0
4
0
0
0
0
0
0
0
0
0
0
6
0
0
0
0
0
0
0
0
0
0
4
0
0
0
0
0
0
0
0
0
0
5
0
0
0
0
2
0
0
0
0
0
1
0
0
0
0
0
0
0
0
0
0
3
0
0
0
0
0
0
0
0
0
0
4
0
0
0
0
0
0
0
0
0
0
3
0
0
0
0
0
0
0
0
0
0
1
0
0
0
0
0
0
0
0
0
0
3
0
0
0
0
0
0
0
0
0
0
8
0
0
0
0
0
0
0
0
0
0
2
0
0
0
0
0
0
0
0
0
0
6
0
0
0
0
0
0
0
0
0
0
0
0
0
0
0
0
0
0
0
0
0
1
0
0
0
0
0
0
0
0
0
0
3
0
0
0
0
2
0
0
0
0
0
1
0
0
0
0
0
0
0
0
0
0
4
0
0
0
0
0
0
0
0
0
0
3
0
0
0
0
2
0
0
0
0
0
4
0
0
0
0
0
0
0
0
0
0
2
0
0
0
0
0
0
0
0
0
0
6
0
0
0
0
0
0
0
0
0
0
3
0
0
0
0
0
0
0
0
0
0
5
0
0
0
0
0
0
0
0
0
0
7
0
0
0
0
0
0
0
0
0
0
1
0
0
0
0
1
0
0
0
0
0
5
0
0
0
0
0
0
0
0
0
0
3
0
0
0
0
0
0
0
0
0
0
4
0
0
0
0
0
0
0
0
0
0
6
0
0
0
0
0
0
0
0
0
0
2
0
0
0
0
0
0
0
0
0
0
2
0
0
460
242
432
3
0
0
0
0
0
0
0
0
0
0
5
0
185
424
181
556
239
732
0
0
0
4
0
0
0
0
3
0
0
0
0
0
4
0
0
0
0
0
0
0
57
0
0
4
0
0
0
0
0
0
0
0
0
0
5
0
0
0
0
0
0
0
0
0
0
4
0
0
0
0
0
0
0
0
0
0
4
0
0
0
0
1
0
0
0
0
0
7
0
0
0
0
0
0
0
0
0
0
5
0
0
0
0
0
0
0
0
0
0
4
0
0
0
0
2
0
0
0
0
0
9
0
0
0
0
0
0
0
0
0
0
7
0
0
0
0
1
0
0
0
0
0
5
0
0
0
0
3
0
0
0
0
0
2
0
0
0
0
5
0
0
0
0
0
5
0
0
0
0
1
0
0
0
0
0
5
0
0
0
0
1
0
0
0
0
0
3
0
0
0
0
3
0
0
0
0
0
4
0
0
0
0
1
0
0
0
0
0
3
0
0
0
0
1
0
0
0
0
0
7
0
0
0
0
1
0
0
0
0
0
3
0
0
0
0
0
0
0
0
0
0
2
0
0
0
0
0
0
0
0
0
0
4
0
0
0
0
5
0
0
0
0
0
3
0
0
0
0
0
0
0
0
0
0
6
0
0
0
0
0
0
0
0
0
0
5
0
0
0
0
0
0
0
0
0
0
7
0
0
0
0
2
0
0
0
0
0
5
0
0
0
0
1
0
0
0
0
0
7
0
0
0
0
0
0
0
0
0
0
4
0
0
0
0
1
0
0
0
0
0
5
0
0
0
0
0
0
0
0
0
0
11
0
0
0
0
0
0
0
0
0
0
7
0
0
0
0
0
0
0
0
0
0
6
0
0
0
0
1
0
0
0
0
0
6
0
0
0
0
2
0
0
0
0
0
5
0
0
0
0
2
0
0
0
0
0
7
0
0
0
0
0
0
0
0
0
0
5
0
0
0
0
0
0
0
0
0
0
5
0
0
0
0
2
0
0
0
0
0
3
0
0
0
0
0
0
0
0
0
0
6
0
0
0
0
0
0
0
0
0
0
4
0
0
0
0
3
0
0
0
0
0
5
0
0
0
0
2
0
0
0
0
0
4
0
0
0
0
0
0
0
0
0
0
0
0
0
0
0
2
0
0
0
0
0
4
0
0
0
0
1
0
0
0
0
0
0
0
0
0
0
2
0
0
0
0
0
7
0
0
0
0
0
0
0
0
0
0
3
0
0
0
0
2
0
0
0
0
0
6
0
0
0
0
3
0
0
0
0
0
8
0
0
0
0
0
0
0
0
0
0
6
0
0
0
0
1
0
0
0
0
0
6
0
0
0
0
0
0
0
0
0
0
6
0
0
0
0
0
0
0
0
0
0
10
0
0
0
0
0
0
0
0
0
0
7
0
0
0
0
0
0
0
0
0
0
2
0
0
0
0
1
0
0
0
0
0
4
0
0
0
0
2
0
0
0
0
0
2
0
0
0
0
0
0
0
0
0
0
6
0
0
0
0
0
0
0
0
0
0
3
0
0
0
0
0
0
0
0
0
0
6
0
0
0
0
2
0
0
0
0
0
3
0
0
0
0
4
0
0
0
0
0
2
0
0
0
0
2
0
0
0
0
0
3
0
0
0
0
4
0
0
0
0
0
3
0
0
0
0
2
0
0
0
0
0
4
0
0
0
0
2
0
0
0
0
0
5
0
0
0
0
2
0
0
0
0
0
7
0
0
0
0
1
0
0
0
0
0
6
0
0
0
0
0
0
0
0
0
0
4
0
0
0
0
5
0
0
0
0
0
3
0
0
0
0
0
0
0
0
0
0
6
0
0
0
0
0
0
0
0
0
0
7
0
0
0
0
1
0
0
0
0
0
7
0
0
0
0
5
0
0
0
0
0
7
0
0
0
0
0
0
0
0
0
0
4
0
0
0
0
2
0
0
0
0
0
7
0
0
0
0
0
0
0
0
0
0
8
0
0
0
0
0
0
0
0
0
0
4
0
0
0
0
1
0
0
0
0
0
4
0
0
0
0
0
0
0
0
0
0
8
0
0
0
0
2
0
0
0
0
0
4
0
0
0
0
2
0
0
0
0
0
2
0
0
0
0
2
0
0
0
0
0
4
0
0
0
0
2
0
0
0
0
0
7
0
0
0
0
2
0
0
0
0
0
5
0
0
0
0
3
0
0
0
0
0
8
0
0
0
0
2
0
0
0
0
0
6
0
0
0
0
0
0
0
0
0
0
8
0
0
0
0
2
0
0
0
0
0
3
0
0
0
0
0
0
0
0
0
0
7
0
0
0
0
0
0
0
0
0
0
7
0
0
0
0
0
0
0
0
0
0
5
0
0
0
0
7
0
0
0
0
0
5
0
0
0
0
0
0
0
0
0
0
5
0
0
0
0
2
0
0
0
0
0
4
0
0
0
0
0
0
0
0
0
0
7
0
0
0
0
0
0
0
0
0
0
6
0
0
0
0
0
0
0
0
0
0
4
0
0
0
0
0
0
0
0
0
0
9
0
0
0
0
0
0
0
0
0
0
4
0
0
0
0
2
0
0
0
0
0
3
0
0
0
0
0
0
0
0
0
0
8
0
0
0
0
0
0
0
0
0
0
6
0
0
0
0
3
0
0
0
0
0
5
0
0
0
0
0
0
0
0
0
0
2
0
0
0
0
0
0
0
0
0
0
7
0
0
0
0
0
0
0
0
0
0
3
0
0
0
0
1
0
0
0
0
0
4
0
0
0
0
0
0
0
0
0
0
4
0
0
0
0
0
0
0
0
0
0
4
0
0
0
0
0
0
0
0
0
0
5
0
0
0
0
0
0
0
0
0
0
7
0
0
0
0
0
0
0
0
0
0
6
0
0
0
0
4
0
0
0
0
0
4
0
0
0
0
0
0
0
0
0
0
9
0
0
0
0
4
0
0
0
0
0
6
0
0
0
0
0
0
0
0
0
0
7
0
0
0
0
4
0
0
0
0
0
3
0
0
0
0
0
0
0
0
0
0
7
0
0
0
0
0
0
0
0
0
0
3
0
0
0
0
0
0
0
0
0
0
5
0
0
0
0
2
0
0
0
0
0
6
0
0
0
0
0
0
0
0
0
0
8
0
0
0
0
2
0
0
0
0
0
3
0
0
0
0
0
0
0
0
0
0
5
0
0
0
0
0
0
0
0
0
0
2
0
0
0
0
3
0
0
0
0
0
8
0
0
0
0
0
0
0
0
0
0
0
0
0
0
0
0
0
0
0
0
0
7
0
0
0
0
0
0
0
0
0
0
6
0
0
0
0
1
0
0
0
0
0
7
0
0
0
0
2
0
0
0
0
0
4
0
0
0
0
1
0
0
0
0
0
4
0
0
0
0
0
0
0
0
0
0
3
0
0
0
0
0
0
0
0
0
0
5
0
0
0
0
0
0
0
0
0
0
5
0
0
0
0
0
0
0
0
0
0
6
0
0
0
0
0
0
0
0
0
0
5
0
0
0
0
2
0
0
0
0
0
5
0
0
0
0
0
0
0
0
0
0
5
0
0
0
0
3
0
0
0
0
0
8
0
0
0
0
0
0
0
0
0
0
6
0
0
0
0
2
0
0
0
0
0
3
0
0
0
0
0
0
0
0
0
0
6
0
0
0
0
4
0
0
0
0
0
4
0
0
0
0
0
0
0
0
0
0
7
0
0
0
0
3
0
0
0
0
0
5
0
0
0
0
2
0
0
0
0
0
4
0
0
0
0
1
0
0
0
0
0
3
0
0
0
0
0
0
0
0
0
0
5
0
0
0
0
1
0
0
0
0
0
2
0
0
0
0
0
0
0
0
0
0
8
0
0
0
0
5
0
0
0
0
0
0
0
0
0
0
0
0
0
0
0
0
4
0
0
0
0
2
0
0
0
0
0
4
0
0
0
0
0
0
0
0
0
0
8
0
0
0
0
0
0
0
0
0
0
5
0
0
0
0
0
0
0
0
0
0
7
0
0
0
0
0
0
0
0
0
0
2
0
0
0
0
0
0
0
0
0
0
6
0
0
0
0
0
0
0
0
0
0
4
0
0
0
0
2
0
0
0
0
0
8
0
0
0
0
0
0
0
0
0
0
8
0
0
0
0
0
0
0
0
0
0
5
0
0
0
0
3
0
0
0
0
0
8
0
0
0
0
0
0
0
0
0
0
10
0
0
0
0
1
0
0
0
0
0
5
0
0
0
0
0
0
0
0
0
0
4
0
0
0
0
0
0
0
0
0
0
7
0
0
0
0
0
0
0
0
0
0
6
0
0
0
0
0
0
0
0
0
0
5
0
0
0
0
1
0
0
0
0
0
4
0
0
0
0
0
0
0
0
0
0
8
0
0
0
0
1
0
0
0
0
0
6
0
0
113
105
10
0
0
0
0
0
6
0
0
0
0
1
0
0
0
0
0
4
161
353
356
281
266
248
55
0
0
0
0
0
0
0
0
1
0
0
0
0
0
0
0
0
0
0
2
0
0
0
0
0
0
0
0
0
0
1
0
0
0
0
0
0
0
0
0
0
0
0
0
0
0
0
0
0
0
0
0
0
0
0
0
0
0
0
0
0
0
0
7
0
0
0
0
0
0
0
0
0
0
0
0
0
0
0
0
0
0
0
0
0
4
0
0
0
0
0
0
0
0
0
0
0
0
0
0
0
0
0
0
0
0
0
0
0
0
0
0
0
0
0
0
0
0
0
0
0
0
0
0
0
0
0
0
0
3
0
0
0
0
0
0
0
0
0
0
3
0
0
0
0
0
0
0
0
0
0
2
0
0
0
0
0
0
0
0
0
0
0
0
0
0
0
318
497
297
0
0
0
1
0
0
0
0
0
0
0
0
0
0
1
0
0
0
0
0
10
0
0
0
0
0
0
0
0
0
0
6
0
0
0
0
0
0
0
0
0
0
6
0
0
0
0
0
0
0
0
0
0
2
0
0
0
0
1
0
0
0
0
0
7
0
0
0
0
3
0
0
0
0
0
2
0
0
0
0
2
0
0
0
0
0
4
0
0
0
0
0
0
0
0
0
0
6
0
0
0
0
0
0
0
0
0
0
10
0
0
0
0
0
0
0
0
0
0
3
0
0
0
0
2
0
0
0
0
0
3
0
0
0
0
0
0
0
0
0
0
5
0
0
0
0
2
0
0
0
0
0
5
0
0
0
0
0
0
0
0
0
0
4
0
0
0
0
0
0
0
0
0
0
4
0
0
0
0
0
0
0
0
0
0
4
0
0
0
0
1
0
0
0
0
0
7
0
0
0
0
0
0
0
0
0
0
5
0
0
0
0
0
0
0
0
0
0
5
0
0
0
0
2
0
0
0
0
0
5
0
0
0
0
0
0
0
0
0
0
5
0
0
0
0
0
0
0
0
0
0
6
0
0
0
0
0
0
0
0
0
0
3
0
0
0
0
3
0
0
0
0
0
10
0
0
0
0
6
0
0
0
0
0
3
0
0
0
0
0
0
0
0
0
0
7
0
0
0
0
0
0
0
0
0
0
5
0
0
0
0
2
0
0
0
0
0
3
39
72
0
0
1
0
0
0
0
269
187
745
104
350
20
1
0
0
0
0
0
0
0
0
0
0
4
0
0
0
0
0
0
0
0
0
0
5
0
0
0
0
0
0
0
0
0
0
1
0
0
0
0
0
0
0
0
0
0
5
0
0
0
0
0
0
0
0
0
0
1
0
0
0
0
0
0
0
0
0
0
1
0
0
0
0
2
0
0
0
0
0
0
0
0
0
0
0
0
0
0
0
0
6
0
0
0
0
0
0
0
0
0
0
0
0
0
0
0
0
0
0
0
0
0
2
0
0
0
0
0
0
0
0
0
0
0
0
0
0
0
0
0
0
0
0
0
5
0
0
0
0
0
0
0
0
0
0
0
0
0
0
0
0
0
0
0
0
0
4
0
0
0
0
0
0
0
0
0
0
3
0
0
0
0
0
0
0
0
0
0
1
0
0
0
0
0
0
0
0
0
0
2
0
0
0
0
0
0
0
0
0
0
1
0
0
0
0
0
0
0
0
0
0
5
0
0
0
0
0
0
0
0
0
0
2
0
0
0
0
0
0
0
0
0
0
2
0
0
0
0
0
0
0
0
0
0
3
0
0
0
0
0
0
0
0
0
0
2
0
0
0
0
0
0
0
0
0
0
2
0
0
0
0
0
0
0
0
0
0
0
0
0
0
0
0
0
0
0
0
0
0
0
0
0
0
0
0
0
0
0
0
4
0
0
0
0
4
0
0
0
0
0
0
0
0
0
0
0
0
0
0
0
0
1
0
0
0
0
0
0
0
0
0
0
2
0
0
0
0
0
0
0
0
0
0
1
0
0
0
0
0
0
0
0
0
0
2
0
0
0
0
0
0
0
0
0
0
4
0
0
0
0
0
0
0
0
0
0
3
0
0
0
0
0
0
0
0
0
0
6
0
0
0
0
0
0
0
0
0
0
0
0
0
0
0
0
0
0
0
0
0
0
0
0
0
0
0
0
0
0
0
0
2
0
0
0
0
0
0
0
0
0
0
6
0
0
0
0
0
0
0
0
0
0
4
0
0
0
0
0
0
0
0
0
0
2
0
0
0
0
0
0
0
0
0
0
0
0
30
0
0
0
0
0
0
0
0
2
0
0
0
0
0
0
0
0
0
0
0
0
0
0
0
0
0
0
0
0
0
6
0
0
0
0
0
0
0
0
0
0
3
0
0
0
0
0
0
0
0
0
0
0
0
0
0
0
0
0
0
0
0
0
0
0
0
0
0
0
0
0
0
0
0
2
0
0
0
0
0
0
0
0
0
0
0
0
0
0
0
0
0
0
0
0
0
2
0
0
326
476
375
469
359
463
100
222
317
0
0
0
0
0
7
0
0
0
0
1
0
0
0
0
0
6
0
0
0
0
0
0
0
0
0
0
6
0
0
0
0
2
0
0
0
0
0
6
0
0
0
0
0
0
0
0
0
0
6
0
0
0
0
0
0
0
0
0
0
3
0
0
0
0
0
0
0
0
0
2
5
0
0
0
0
1
0
0
0
0
0
4
0
0
0
0
1
0
0
0
0
0
2
0
0
0
0
2
0
0
0
0
0
5
0
0
0
0
1
0
0
0
0
0
7
0
0
0
0
0
0
0
0
0
0
9
0
0
0
0
3
0
0
0
0
0
7
0
0
0
0
0
0
0
0
0
0
3
0
0
0
0
1
0
0
0
0
0
5
0
0
0
0
0
0
0
0
0
0
6
0
0
0
0
0
0
0
0
0
0
5
0
0
0
0
0
0
0
0
0
0
5
0
0
0
0
0
0
0
0
0
0
5
0
0
0
0
6
0
0
0
0
0
5
0
0
0
0
0
0
0
0
0
0
4
0
0
0
0
4
0
0
0
0
0
7
0
0
0
0
0
0
0
0
0
0
5
0
0
0
0
0
0
0
0
0
0
6
0
0
0
0
0
0
0
0
0
0
3
0
0
0
0
1
0
0
0
0
0
7
0
0
0
0
4
0
0
0
0
0
11
0
0
0
0
1
0
0
0
0
0
5
0
0
0
0
0
0
0
0
0
0
4
0
0
0
0
2
0
0
0
0
0
4
0
0
0
0
1
0
0
0
0
0
3
0
0
0
0
0
0
0
0
0
0
0
0
0
0
0
0
0
0
0
0
0
6
0
0
0
0
5
0
0
0
0
0
0
0
0
0
0
0
0
0
0
0
0
5
0
0
0
0
5
0
0
0
0
0
4
0
0
0
0
0
0
0
0
0
0
4
0
0
0
0
0
0
0
0
0
0
4
0
0
0
0
0
0
0
0
0
0
3
0
0
0
0
3
0
0
0
0
0
5
0
0
0
0
1
0
0
0
0
0
5
0
0
0
0
3
0
0
0
0
0
5
0
0
0
0
0
0
0
0
0
0
8
0
0
0
0
0
0
0
0
0
0
5
0
0
0
0
0
0
0
0
0
0
5
0
0
0
0
0
0
0
0
0
0
4
0
0
0
0
2
0
0
0
0
0
7
0
0
0
0
0
0
0
0
0
0
3
0
0
0
0
0
0
0
0
0
0
5
0
0
0
0
0
0
0
0
0
0
4
0
0
0
0
0
0
0
0
0
0
4
0
0
0
0
1
0
0
0
0
0
4
0
0
0
0
1
0
0
0
0
0
3
0
0
0
0
3
0
0
0
0
0
7
0
0
0
0
1
0
0
0
0
0
0
0
0
0
0
0
0
0
0
0
0
3
0
0
0
0
3
0
0
0
0
0
4
0
0
0
0
0
0
0
0
0
0
5
0
0
0
0
4
0
0
0
0
0
6
0
0
0
0
1
0
0
0
0
0
5
0
0
0
0
1
0
0
0
0
0
7
0
0
0
0
0
0
0
0
0
0
6
0
0
0
0
0
0
0
0
0
0
5
0
0
0
0
0
0
0
0
0
0
5
0
0
0
0
0
0
0
0
0
0
3
0
0
0
0
2
0
0
0
0
0
5
0
0
0
0
2
0
0
0
0
0
4
0
0
0
0
0
0
0
0
0
0
4
0
0
0
0
0
0
0
0
0
0
3
0
0
0
0
0
0
0
0
0
0
8
0
0
0
0
0
0
0
0
0
0
6
0
0
0
0
1
26
0
0
0
0
5
0
0
0
0
0
0
0
0
0
0
4
0
0
0
0
1
0
0
0
0
0
4
0
0
0
0
0
0
0
0
0
0
8
0
0
0
0
0
0
0
0
0
0
6
0
0
0
0
0
0
0
0
0
0
5
0
0
0
0
0
0
0
0
0
0
9
0
0
0
0
0
0
0
0
0
0
5
0
0
0
0
2
0
0
0
0
0
7
0
0
0
0
0
0
0
0
0
0
3
0
0
0
0
1
0
0
0
0
0
3
0
0
0
0
0
0
0
0
0
0
6
0
0
0
0
1
0
0
0
0
0
0
0
0
0
0
0
0
0
0
0
0
6
0
0
0
0
0
0
0
0
0
0
7
0
0
0
0
0
0
0
0
0
0
6
0
0
0
0
2
0
0
0
0
0
7
0
0
0
0
0
0
0
0
0
0
5
0
0
0
0
3
0
0
0
0
0
5
0
0
0
0
1
0
0
0
0
1
7
0
0
0
0
3
0
0
0
0
0
4
0
0
0
0
1
0
0
0
0
0
8
0
0
0
0
0
0
0
0
0
0
4
0
0
0
0
3
0
0
0
0
0
3
0
0
0
0
3
0
0
0
0
0
5
0
0
0
0
0
0
0
0
0
0
6
0
0
0
0
2
0
0
0
0
0
381
342
338
420
526
355
0
0
0
0
0
0
0
0
0
0
1
0
0
0
0
0
0
0
0
0
0
3
0
0
0
0
0
0
0
0
0
0
0
0
0
0
0
0
0
0
0
0
0
2
0
0
0
0
0
0
0
0
0
0
4
0
0
0
0
0
0
0
0
0
0
3
0
0
0
0
0
0
0
0
0
0
2
0
0
0
0
0
0
0
0
0
0
3
0
0
0
0
0
0
0
0
0
0
1
0
0
0
0
0
0
0
0
0
0
4
0
0
0
0
0
0
0
0
0
0
4
0
0
0
0
0
0
0
0
0
0
4
0
0
0
0
0
0
0
0
0
0
4
0
0
0
0
0
0
0
0
0
0
2
0
0
0
0
0
0
0
0
0
0
4
0
0
0
0
0
0
0
0
0
0
2
0
0
0
0
0
0
0
0
0
0
2
0
0
0
0
0
0
0
0
0
0
4
0
0
0
0
0
0
0
0
0
0
3
0
0
0
0
0
0
0
0
0
0
1
0
0
0
0
0
0
0
0
0
0
3
0
0
0
0
0
0
0
0
0
0
0
0
0
0
0
2
0
0
0
0
0
4
0
0
0
0
0
0
0
0
0
0
3
0
0
0
0
0
0
0
0
0
0
3
0
0
0
0
0
0
0
0
0
0
0
0
0
0
0
0
0
0
0
0
0
1
0
0
0
0
0
0
0
0
0
0
1
0
0
0
0
0
0
0
0
0
0
4
0
0
0
0
0
0
0
0
0
0
3
0
0
0
0
1
0
0
0
0
0
3
0
0
0
0
0
0
0
0
0
0
2
0
0
0
0
0
0
0
0
0
0
4
0
0
0
0
0
0
0
0
0
0
2
0
0
0
0
0
0
0
0
0
0
2
0
0
0
0
0
0
0
0
0
0
2
0
0
0
0
0
0
0
0
0
0
3
0
0
0
0
0
0
0
0
0
0
6
0
0
0
0
0
0
0
0
0
0
1
0
0
0
0
0
0
0
0
0
0
3
0
0
0
0
0
0
0
0
0
0
2
0
0
0
0
0
0
0
0
0
0
4
0
0
0
0
2
0
0
0
0
0
1
0
0
0
0
0
0
0
0
0
0
2
0
0
0
0
0
0
0
0
0
0
1
0
0
0
0
0
0
0
0
0
0
0
0
0
0
0
0
0
0
0
0
0
2
0
0
0
0
0
0
0
0
0
0
3
0
0
0
0
0
0
0
0
0
0
0
0
0
0
0
0
0
0
0
0
0
2
0
0
0
0
0
0
0
0
0
0
1
0
0
0
0
1
0
0
163
184
172
4
0
0
0
0
0
0
0
0
0
0
6
0
0
0
0
0
0
54
0
0
0
2
0
0
0
0
0
0
0
0
0
0
3
0
0
0
0
0
0
0
0
0
0
6
0
0
0
0
0
0
0
0
0
0
3
0
0
0
0
0
0
0
0
0
0
5
0
0
0
0
0
0
0
0
0
0
2
0
0
0
0
0
0
0
0
0
0
4
0
0
0
0
0
0
0
0
0
0
2
0
0
0
0
0
0
0
0
0
0
5
0
0
0
0
0
0
0
0
0
0
4
0
0
0
0
0
0
0
0
0
0
2
0
0
0
0
0
0
0
0
0
0
5
0
0
0
0
0
0
0
0
0
0
4
0
0
0
0
0
0
0
0
0
0
5
0
0
0
158
0
0
0
0
0
0
1
0
0
0
0
0
0
0
0
0
0
5
0
0
0
0
0
0
0
0
0
0
0
0
0
0
0
0
0
0
0
0
0
3
0
0
0
0
1
0
0
0
0
0
0
0
0
0
0
0
0
0
0
0
0
3
0
0
0
0
0
0
0
0
0
0
3
0
0
0
0
0
0
0
0
0
0
4
0
0
0
0
2
0
0
0
0
0
0
0
0
0
0
0
0
0
0
0
0
2
0
0
0
0
0
0
0
0
0
0
0
0
0
0
0
0
0
0
0
0
0
3
0
0
0
0
0
0
0
0
0
0
0
0
0
0
0
0
0
0
0
0
0
3
0
0
0
0
0
0
0
0
0
0
5
0
0
0
0
0
0
0
0
0
0
3
0
0
0
0
0
0
0
0
0
0
1
0
0
0
0
0
0
0
0
0
0
5
0
0
0
0
0
0
0
0
0
0
5
0
0
0
0
0
0
0
0
0
0
2
0
0
0
0
0
0
0
0
0
0
2
0
0
0
0
0
0
0
0
0
0
3
0
0
0
0
0
0
0
0
0
0
2
0
0
0
0
0
0
0
0
0
0
3
0
0
0
0
0
0
0
0
0
0
0
0
0
0
0
1
0
0
0
0
0
4
0
0
0
0
0
0
0
0
0
0
2
0
0
0
0
0
0
0
0
0
0
0
0
0
0
0
0
0
0
0
0
0
5
0
0
0
0
0
0
0
0
0
0
0
0
0
0
0
0
0
0
0
0
0
2
0
0
0
0
0
0
0
0
0
0
2
0
0
0
0
0
0
0
0
0
0
2
0
0
0
0
0
0
0
0
0
0
2
0
0
0
0
0
0
0
0
0
0
4
0
0
0
0
0
0
0
0
0
0
5
0
0
0
0
0
0
0
0
0
0
5
0
0
0
0
0
0
0
0
0
0
3
0
0
0
0
0
0
0
0
0
0
3
0
0
0
0
0
0
0
0
0
0
4
0
0
0
0
0
0
0
0
0
0
2
0
0
0
0
0
0
0
0
0
0
3
0
0
0
0
0
0
0
0
0
0
4
0
0
0
0
0
0
0
0
0
0
1
0
0
0
0
0
0
0
0
0
0
0
0
0
0
0
0
0
0
0
0
0
3
0
0
0
0
2
0
0
0
0
0
3
0
0
0
0
0
0
0
0
0
0
5
0
0
0
0
0
0
0
0
0
0
2
0
0
0
0
0
0
0
0
0
0
3
0
0
0
0
0
0
0
0
0
0
0
0
0
0
0
0
0
0
0
0
0
0
438
217
234
0
0
0
0
0
0
0
0
0
0
0
0
0
0
0
0
0
0
0
0
0
0
0
0
0
0
0
0
0
0
0
0
0
0
0
0
0
0
0
0
3
0
0
0
0
0
0
0
0
0
0
0
0
0
0
0
0
0
0
0
0
0
0
0
0
0
0
0
0
0
0
0
0
0
0
0
0
0
0
0
0
0
0
0
1
0
0
0
0
0
0
0
0
0
0
1
0
0
0
0
0
0
0
0
0
0
2
0
0
0
0
0
0
0
0
0
0
3
0
0
0
0
0
0
0
0
0
0
3
0
0
0
0
0
0
0
0
0
0
0
0
0
0
0
0
0
0
0
0
0
4
0
0
0
0
0
0
0
0
0
0
0
0
0
0
0
0
0
0
0
0
0
0
0
0
0
0
0
0
0
0
0
0
6
0
0
0
0
0
0
0
0
0
0
0
0
0
0
0
0
0
0
0
0
0
3
0
0
0
0
0
0
0
0
0
0
0
0
0
0
0
0
0
0
0
0
0
0
0
0
0
0
0
0
0
0
0
0
0
0
0
0
0
0
0
0
0
0
0
1
0
0
0
0
0
0
0
0
0
0
1
0
0
0
0
0
0
0
0
0
0
2
0
0
0
0
0
0
0
0
0
0
2
0
0
0
0
0
0
0
0
0
0
0
0
0
0
0
0
0
0
0
0
0
0
0
0
0
0
0
0
0
0
0
0
3
0
0
0
0
0
0
0
0
0
0
0
0
0
0
0
0
0
0
0
0
0
0
0
0
0
0
1
0
0
0
0
0
1
0
0
0
0
0
0
0
0
0
0
3
0
0
0
0
0
0
0
0
0
0
4
0
0
0
0
0
0
0
0
0
0
0
0
0
0
0
0
0
0
0
0
0
6
0
0
0
0
0
0
0
0
0
0
8
0
0
0
0
0
0
0
0
0
0
4
0
0
0
0
0
0
0
0
0
0
2
0
0
0
0
0
0
0
0
0
0
0
0
0
0
0
0
0
0
0
0
0
0
0
0
0
0
0
0
0
0
0
0
2
0
0
0
0
0
0
0
0
0
0
2
0
0
0
0
0
0
0
0
0
0
1
0
0
0
0
0
0
0
0
0
0
0
0
0
0
0
0
0
0
0
0
0
3
0
0
0
0
0
0
0
0
0
0
0
0
0
0
0
0
0
0
0
0
0
3
0
0
0
0
0
0
0
0
0
0
3
0
0
0
0
0
0
0
0
0
0
5
0
0
0
0
0
0
0
0
0
0
0
0
0
0
0
0
0
0
0
0
0
0
0
0
0
0
1
0
0
0
0
0
0
0
0
0
0
0
0
0
0
0
0
0
0
0
0
0
0
0
0
0
0
0
2
0
0
0
0
0
0
0
0
0
0
5
0
0
0
0
0
0
0
0
0
0
2
0
0
0
0
0
0
0
0
0
0
2
0
0
0
0
0
0
0
0
0
0
1
0
0
0
0
0
0
0
0
0
0
2
0
0
0
0
0
0
0
0
0
0
1
0
0
0
0
0
0
0
0
0
0
0
0
0
0
0
0
0
0
0
0
0
4
0
0
0
0
0
0
0
0
0
0
3
0
0
0
0
0
0
0
0
0
0
4
0
0
0
0
0
0
0
0
0
0
1
0
0
0
0
0
0
0
0
0
0
2
0
0
0
0
0
0
0
0
0
0
2
0
0
0
0
0
0
0
0
0
0
3
0
0
0
0
0
0
0
0
0
0
4
0
0
0
0
0
0
0
0
0
0
0
0
0
0
0
0
0
0
0
0
0
1
0
0
0
0
0
0
0
0
0
0
5
0
0
0
0
0
0
0
0
0
0
1
0
0
0
0
0
0
0
0
0
0
1
0
0
0
0
0
0
0
0
0
0
1
0
0
0
0
0
0
0
0
0
0
1
0
0
0
0
0
0
0
0
0
0
9
0
0
0
0
0
0
0
0
0
0
1
0
0
0
0
0
0
0
0
0
0
0
0
0
0
0
0
0
0
0
0
0
6
0
0
0
0
0
0
0
0
0
0
0
0
0
0
0
0
0
0
0
0
0
3
0
0
0
0
0
0
0
0
0
0
2
0
0
0
0
0
0
0
0
0
0
0
0
0
0
0
0
0
0
0
0
0
0
0
0
0
0
0
0
0
0
0
0
1
0
0
0
0
0
0
0
0
0
0
2
0
0
0
0
0
0
0
0
0
0
0
0
0
0
0
0
0
0
0
0
0
1
0
0
0
0
0
0
0
0
0
0
2
0
0
0
0
0
0
0
0
0
0
1
0
0
0
0
0
0
0
0
0
0
0
0
0
0
0
0
0
0
0
0
0
1
0
0
0
0
0
0
0
0
0
0
0
0
0
0
0
0
0
0
0
0
0
1
0
0
0
0
0
0
0
0
0
0
0
0
0
0
0
0
0
0
0
0
0
5
0
0
0
0
0
0
0
0
0
0
2
0
0
0
0
0
0
0
0
0
0
5
0
0
0
0
0
0
0
0
0
0
1
0
0
0
0
0
0
0
0
0
0
2
0
0
0
0
0
0
0
0
0
0
1
0
0
0
0
0
0
0
0
0
0
2
0
0
0
0
0
0
0
0
0
0
106
0
0
0
0
0
0
0
0
0
0
2
0
0
0
0
0
0
0
0
0
0
0
0
0
0
0
0
0
0
0
0
0
0
0
0
0
0
0
0
0
0
0
0
1
0
0
0
0
0
0
0
0
0
0
0
0
0
0
0
0
0
0
0
0
0
0
0
0
0
0
0
0
0
0
0
0
0
0
0
0
0
0
0
0
0
0
0
2
0
0
0
0
0
0
0
0
0
0
1
0
0
0
0
0
0
0
0
0
0
2
0
0
0
0
0
0
0
0
0
0
2
0
0
0
0
0
0
0
0
0
0
2
0
0
0
0
0
0
0
0
0
0
1
0
0
0
0
0
0
0
0
0
0
1
0
0
0
0
0
0
0
0
0
0
1
0
0
0
0
0
0
0
0
0
0
0
0
0
0
0
1
0
0
0
0
0
0
0
0
0
0
1
0
0
0
0
0
1
0
0
0
0
0
0
0
0
0
0
2
0
0
0
0
0
0
0
0
0
0
0
0
0
0
0
0
0
0
0
0
0
0
0
0
0
0
0
0
0
0
0
0
3
0
0
0
0
0
0
0
0
0
0
2
0
0
0
0
0
0
0
0
0
0
3
0
0
0
0
0
0
0
0
0
0
3
0
0
0
0
0
0
0
0
0
0
3
0
0
0
0
0
0
0
0
0
0
2
0
0
0
0
0
0
0
0
0
0
0
0
0
0
0
0
0
0
0
0
0
0
0
0
0
0
0
0
0
0
0
0
0
0
0
0
0
0
0
0
0
0
0
0
0
0
0
0
0
0
0
0
0
0
2
0
0
0
0
0
0
0
0
0
0
3
0
0
0
0
0
0
0
0
0
0
1
0
0
0
0
0
0
0
0
0
0
1
0
0
0
0
0
0
0
0
0
0
1
0
0
0
0
0
0
0
0
0
0
1
0
0
0
0
0
0
0
0
0
0
5
0
0
0
0
0
0
0
0
0
0
3
0
0
0
0
0
0
0
0
0
0
1
0
0
0
0
0
0
0
0
0
0
0
0
0
0
0
0
0
0
0
0
0
0
0
0
0
0
0
0
0
0
0
0
0
0
0
0
0
0
0
0
0
0
0
2
0
0
0
0
0
0
0
0
0
0
0
0
0
0
0
1
0
0
0
0
0
0
0
0
0
0
0
0
0
0
0
0
0
0
0
0
0
0
0
0
0
0
0
2
0
0
0
0
0
0
0
0
0
0
1
0
0
0
0
0
0
0
0
0
0
2
0
0
0
0
0
0
0
0
0
0
1
0
0
0
0
0
0
0
0
0
0
1
0
0
0
0
0
0
0
0
0
0
3
0
0
0
0
0
0
0
0
0
0
3
0
0
0
0
0
0
0
0
0
0
0
0
0
0
0
0
0
0
0
0
0
4
0
0
0
0
0
0
0
0
0
0
2
0
0
0
0
0
0
0
0
0
0
1
0
0
0
0
0
0
0
0
0
0
3
0
0
0
0
0
0
0
0
0
0
0
0
0
0
0
0
0
0
0
0
0
2
0
0
0
0
0
0
0
0
0
0
3
0
0
0
0
0
0
0
0
0
0
0
0
0
0
0
0
0
0
0
0
0
2
0
0
0
0
0
0
0
0
0
0
4
0
0
0
0
0
0
0
0
0
0
3
0
0
0
0
0
0
0
0
0
0
2
0
0
0
0
0
0
0
0
0
0
1
0
0
0
0
0
0
0
0
0
0
2
0
0
0
0
0
0
0
0
0
0
2
0
0
0
0
0
0
0
0
0
0
1
0
0
0
0
0
0
0
0
0
0
0
0
0
0
0
0
0
0
0
0
0
3
0
0
0
0
0
0
0
0
0
0
0
0
0
0
0
0
0
0
0
0
0
0
0
0
0
0
0
0
0
0
0
0
0
0
0
0
0
0
0
0
0
0
0
4
0
0
0
0
0
0
0
0
0
0
0
0
0
0
0
0
0
0
0
0
0
0
0
0
0
0
0
0
0
0
0
0
7
0
0
0
0
0
0
0
0
0
0
1
0
0
0
0
0
0
0
0
0
0
1
0
0
0
0
0
0
0
0
0
0
0
0
0
0
0
0
0
0
0
0
0
3
0
0
0
0
0
0
0
0
0
0
2
0
0
0
0
0
0
0
0
0
0
0
0
0
0
0
0
0
0
0
0
0
4
0
0
0
0
0
0
0
0
0
0
0
0
0
0
0
0
0
0
0
0
0
0
0
0
0
0
0
0
0
0
0
0
0
0
0
0
0
0
0
0
0
0
0
0
0
0
0
0
0
0
0
0
0
0
2
0
0
0
0
0
0
0
0
0
0
6
0
0
0
0
0
0
0
0
0
0
1
0
0
0
0
0
0
0
0
0
0
3
0
0
0
0
0
0
0
0
0
0
0
0
0
0
0
0
0
0
0
0
0
3
0
0
0
0
0
0
0
0
0
0
0
0
0
0
0
0
0
0
0
0
0
1
0
0
0
0
0
0
0
0
0
0
1
0
0
0
0
1
0
0
0
0
0
1
0
0
0
0
0
0
0
0
0
0
2
0
0
0
0
0
0
0
0
0
0
0
0
0
0
0
0
0
0
0
0
0
3
0
0
0
0
0
0
0
0
0
0
0
0
0
0
0
0
0
0
0
0
0
1
0
0
0
0
0
0
0
0
0
0
2
0
0
0
0
0
0
0
0
0
0
1
0
0
0
0
0
0
0
0
0
0
0
0
0
0
0
0
0
0
0
0
0
2
0
0
0
0
0
0
0
0
0
0
2
0
0
0
0
0
0
0
0
0
0
4
0
0
0
0
0
0
0
0
0
0
0
0
0
0
0
0
0
0
238
256
830
187
519
36
305
0
0
0
0
0
0
0
2
0
0
0
0
0
0
0
0
0
0
0
0
0
0
0
0
0
0
0
0
0
3
0
0
0
0
0
0
0
0
0
0
1
0
0
0
0
0
0
0
0
0
0
3
0
0
0
0
0
0
0
0
0
0
0
0
0
0
0
0
0
0
0
0
0
1
0
0
0
0
0
0
0
0
0
0
2
0
0
0
0
0
0
0
0
0
0
5
0
0
0
0
0
0
0
0
0
0
3
0
0
0
0
0
0
0
0
0
0
6
0
0
0
0
0
0
0
0
0
0
3
0
0
0
0
0
0
0
0
0
0
1
0
0
0
0
1
0
0
0
0
0
4
0
0
0
0
0
0
0
0
0
0
0
0
0
0
0
0
0
0
0
0
0
4
0
0
0
0
0
0
0
0
0
0
3
0
0
0
0
0
0
0
0
0
0
3
0
0
0
0
1
0
0
0
0
0
2
0
0
0
0
0
0
0
0
0
0
3
0
0
0
0
0
0
0
0
0
0
1
0
0
0
0
0
0
0
0
0
0
1
0
0
0
0
0
0
0
0
0
0
2
0
0
0
0
0
0
0
0
0
0
2
0
0
0
0
0
0
0
0
0
0
2
0
0
0
0
0
0
0
0
0
0
0
0
0
0
0
0
0
0
0
0
0
5
0
0
0
0
0
0
0
0
0
0
2
0
0
0
0
0
0
0
0
0
0
2
0
0
0
0
0
0
0
0
0
0
2
0
9
198
85
0
0
0
0
0
0
3
0
0
0
0
0
0
0
0
0
0
7
0
0
0
0
0
0
0
0
0
0
6
0
0
0
0
2
0
0
0
0
0
5
0
0
0
0
0
0
0
0
0
0
2
0
0
0
0
2
0
0
0
0
0
3
0
0
0
0
0
0
0
0
0
0
5
0
0
0
0
0
0
0
0
0
0
1
0
0
0
0
0
0
0
0
0
0
4
0
0
0
0
0
0
0
0
0
0
2
0
0
0
0
0
0
0
0
0
0
1
0
0
0
0
1
0
0
0
0
0
7
0
0
0
0
0
0
0
0
0
0
3
0
0
0
0
0
0
0
0
0
0
6
0
0
0
0
0
0
0
0
0
0
4
0
0
0
0
0
0
0
0
0
0
6
0
0
0
0
0
0
0
0
0
0
6
0
0
0
0
0
0
0
0
0
0
0
0
0
0
0
0
0
0
0
0
0
4
0
0
0
0
0
0
0
0
0
0
3
0
0
0
0
1
0
0
0
0
0
2
0
0
0
0
0
0
0
0
0
0
2
0
0
0
0
2
0
0
0
0
0
5
0
0
0
0
0
0
0
0
0
0
5
0
0
0
0
0
0
0
0
0
0
3
0
0
0
0
0
0
0
0
0
0
7
0
0
0
0
0
0
0
0
0
0
4
0
0
0
0
0
0
0
0
0
0
2
0
0
0
0
0
0
0
0
0
0
4
0
0
0
0
0
0
0
0
0
0
6
0
0
0
0
0
0
0
0
0
0
2
0
0
0
0
2
0
0
0
0
0
0
0
0
0
0
0
0
0
0
38
36
5
0
0
0
0
0
0
0
0
0
0
4
0
0
0
0
0
0
0
0
0
0
2
0
0
0
0
0
0
0
0
0
1
3
0
0
0
0
0
0
0
0
0
0
4
0
0
0
0
0
0
0
0
0
0
4
0
0
0
0
0
0
0
0
0
0
5
0
0
0
0
0
0
0
0
0
0
1
0
0
0
0
0
0
0
0
0
0
5
0
0
0
0
0
0
0
0
0
0
1
0
0
0
0
0
0
0
0
0
0
3
0
0
0
0
0
0
0
0
0
0
4
0
0
0
0
0
0
0
0
0
0
5
0
0
0
0
0
0
0
0
0
0
3
0
0
0
0
0
0
0
0
0
0
1
0
0
0
0
1
0
0
0
0
0
5
0
0
0
0
0
0
0
0
0
0
4
0
0
0
0
1
0
0
0
0
0
4
0
0
0
0
0
0
0
0
0
0
4
0
0
0
0
1
0
0
0
0
0
6
0
0
0
0
0
0
0
0
0
0
7
0
0
0
0
0
0
0
0
0
0
5
0
0
0
0
0
0
0
0
0
0
2
0
0
0
0
0
0
0
0
0
0
3
0
0
0
0
0
0
0
0
0
0
3
0
0
0
0
0
0
0
0
0
0
2
0
0
0
0
0
0
0
0
0
0
4
0
0
0
0
0
0
0
0
0
0
6
0
0
0
0
0
0
0
0
0
0
6
0
0
0
0
0
0
0
0
0
0
0
0
0
0
0
3
0
0
0
0
0
4
0
0
0
0
0
0
0
0
0
0
3
0
0
0
0
0
0
0
0
0
0
3
0
0
0
0
0
0
0
0
0
0
2
0
0
0
0
0
0
0
0
0
0
5
0
0
0
0
0
0
0
0
0
0
2
0
0
0
0
0
0
0
0
0
0
5
0
0
0
0
0
0
0
0
0
0
0
0
0
0
0
0
0
0
0
0
0
3
0
0
0
0
0
0
0
0
0
0
4
0
0
0
0
0
0
0
0
0
0
2
0
0
0
0
0
0
0
0
0
0
4
0
0
0
0
0
0
0
0
0
0
4
0
0
0
0
0
0
0
0
0
0
0
0
0
0
0
0
0
0
0
0
0
3
0
0
0
0
0
0
0
0
0
0
0
0
0
0
0
0
0
0
0
0
0
2
0
0
0
0
0
0
0
0
0
0
5
0
0
0
0
0
0
0
0
0
0
2
0
0
0
0
0
0
0
0
0
0
5
0
0
0
0
0
0
0
0
0
0
0
0
0
0
0
0
0
0
0
0
0
1
0
0
0
0
0
0
0
0
0
0
1
0
0
0
0
0
0
0
0
0
0
5
0
0
0
0
0
0
0
0
0
0
5
0
0
0
0
0
0
0
0
0
0
1
0
0
0
0
2
0
0
0
0
0
7
0
0
0
0
0
0
0
0
0
0
6
0
0
0
0
0
0
0
0
0
0
9
0
0
0
0
2
0
0
0
0
0
3
0
0
0
0
0
0
0
0
0
0
4
0
0
0
0
0
0
0
0
0
0
2
0
0
0
0
0
0
0
0
0
0
1
0
0
0
0
0
0
0
0
0
0
6
0
0
0
0
0
0
0
0
0
0
2
0
0
0
0
0
0
0
0
0
0
5
0
0
0
0
0
0
0
0
0
0
0
0
0
0
0
0
0
0
0
0
0
3
0
0
0
0
0
0
0
0
0
0
4
0
0
0
0
0
0
0
0
0
0
3
0
0
0
0
0
0
0
0
0
0
4
0
0
0
0
0
0
0
0
0
0
5
0
0
0
0
1
0
0
0
0
0
3
0
0
0
0
0
0
0
0
0
0
2
0
0
0
0
0
0
0
0
0
0
3
0
0
0
0
0
0
0
0
0
0
2
0
0
0
0
0
0
0
0
0
0
4
0
0
0
0
4
0
0
0
0
0
5
0
0
0
0
0
0
0
0
0
0
3
0
0
0
0
0
0
0
0
0
0
5
0
0
0
0
0
0
0
0
0
0
7
0
0
0
0
2
0
0
0
0
0
3
0
0
0
0
0
0
0
0
0
0
2
0
0
0
0
0
0
0
0
0
0
4
0
0
0
0
0
0
0
0
0
0
2
0
0
0
0
0
0
0
0
0
0
1
0
0
0
0
0
0
0
0
0
0
2
0
0
0
0
0
0
0
0
0
0
1
0
0
0
0
0
0
0
0
0
0
4
0
0
0
0
0
0
0
0
0
0
3
0
0
0
0
0
0
0
0
0
0
2
0
0
0
0
0
0
0
0
0
0
1
0
0
0
0
1
0
0
0
0
0
6
0
0
0
0
0
0
0
0
0
0
4
0
0
0
0
0
0
0
0
0
0
2
0
0
0
0
0
0
0
0
0
0
6
0
0
0
0
0
0
0
0
0
0
3
0
0
0
0
0
0
0
0
0
0
3
0
0
0
0
0
0
0
0
0
0
4
0
0
0
0
0
0
0
0
0
0
3
0
0
0
0
0
0
0
0
0
0
4
0
0
0
0
0
0
0
0
0
0
2
0
0
0
0
0
0
0
0
0
0
0
0
0
0
0
0
0
0
0
0
0
4
0
0
0
0
0
0
0
0
0
0
6
0
0
0
0
4
0
0
0
0
0
5
0
0
0
0
0
0
0
0
0
0
3
0
0
0
0
0
0
0
0
0
0
6
0
0
0
0
0
0
0
0
0
0
1
0
0
0
0
1
0
0
0
0
0
3
0
0
0
0
0
0
0
0
0
0
3
0
0
0
0
0
0
0
0
0
0
5
0
0
138
46
0
0
0
0
0
0
2
0
0
0
0
0
0
0
0
0
0
1
0
0
0
0
0
0
0
0
0
0
3
0
0
0
0
0
0
0
0
0
0
2
0
0
0
0
301
118
0
0
0
0
1
0
0
0
0
0
0
0
0
0
0
3
0
0
0
0
0
0
0
0
0
0
1
0
0
0
0
0
0
0
0
0
0
6
0
0
0
0
0
0
0
0
0
0
7
0
0
0
0
0
0
0
0
0
0
4
0
0
0
0
0
0
0
0
0
0
3
0
0
0
0
0
0
0
0
0
0
4
0
0
0
0
0
0
0
0
0
0
3
0
0
19
528
331
185
0
0
0
0
1
0
0
0
0
0
5
0
0
0
0
1
0
0
0
0
0
6
0
0
0
0
3
0
0
0
0
0
4
0
0
0
0
1
0
0
0
0
0
5
0
0
0
0
2
0
0
0
0
0
3
0
0
0
0
1
0
0
0
0
0
6
0
0
0
0
2
0
0
0
0
0
6
0
0
0
0
2
0
0
0
0
0
10
0
0
0
0
0
0
0
0
0
0
2
0
0
0
0
2
0
0
0
0
0
8
0
0
0
0
0
0
0
0
0
0
3
0
0
0
0
6
0
0
0
0
0
4
0
0
0
0
0
0
0
0
0
0
8
0
0
0
0
0
0
0
0
0
0
7
0
0
0
0
0
0
0
0
0
0
4
0
0
0
0
0
0
0
0
0
0
11
0
0
0
0
0
0
0
0
0
0
6
0
0
0
0
6
0
0
0
0
0
5
0
0
0
0
0
0
0
0
0
0
7
0
0
0
0
3
0
0
0
0
0
4
0
0
0
0
3
0
0
0
0
0
5
0
0
0
0
6
0
0
0
0
0
4
0
0
0
0
2
0
0
0
0
0
12
0
0
0
0
0
0
0
0
0
0
5
0
0
0
0
3
0
0
0
0
0
6
0
0
0
0
0
0
0
0
0
0
4
0
0
0
0
0
0
0
0
0
0
9
0
0
0
0
1
0
0
0
0
0
7
0
0
0
0
1
0
0
0
0
0
10
0
0
0
0
0
0
0
0
0
0
6
0
0
0
0
0
0
0
0
0
0
4
0
0
0
0
0
0
0
0
0
0
5
0
0
0
0
2
0
0
0
0
0
8
0
0
0
0
0
0
0
0
0
0
5
0
0
0
0
1
0
0
0
0
0
3
0
0
0
0
1
0
0
0
0
0
3
0
0
0
0
0
0
0
0
0
0
2
0
0
0
0
3
0
0
0
0
2
13
0
0
0
0
1
0
0
0
0
0
2
0
0
0
0
0
0
0
0
0
0
9
0
0
0
0
1
0
0
0
0
0
4
0
0
0
0
2
0
0
0
0
0
4
0
0
0
0
6
0
0
0
0
0
3
0
0
0
0
0
0
0
0
0
0
6
0
0
0
0
0
0
0
0
0
0
3
0
0
0
0
3
0
0
0
0
0
8
0
0
0
0
1
0
0
0
0
0
7
0
0
0
0
1
0
0
0
0
0
3
0
0
0
0
2
0
0
0
0
0
8
0
0
0
0
0
0
0
0
0
0
4
0
0
0
0
3
0
0
0
0
0
4
0
0
0
0
4
0
0
0
0
0
4
0
0
0
0
2
0
0
63
0
0
3
0
0
0
0
0
0
0
0
0
0
5
0
0
0
0
44
0
0
0
0
0
7
0
0
0
0
0
0
0
0
0
0
7
0
0
0
0
0
0
0
0
0
0
9
0
0
0
0
2
0
0
0
0
0
4
0
0
0
0
0
0
0
0
0
0
7
0
0
0
0
1
0
0
0
0
0
5
0
0
0
0
0
0
0
0
0
0
4
0
0
0
0
0
0
0
0
0
0
4
0
0
0
0
0
0
0
0
0
0
4
0
0
0
0
0
0
0
0
0
0
5
0
0
0
0
0
0
0
0
0
0
7
0
0
0
0
3
0
0
0
0
0
5
0
0
0
0
0
0
0
0
0
0
3
0
0
0
0
1
0
0
0
0
0
8
0
0
0
0
0
0
0
0
0
0
5
0
0
0
0
4
0
0
0
0
0
6
0
0
0
0
0
0
0
0
0
0
9
0
0
0
0
2
0
0
0
0
0
3
0
0
0
0
0
0
0
0
0
0
5
0
0
0
0
0
0
0
0
0
0
4
0
0
0
0
0
0
0
0
0
0
6
0
0
0
0
1
0
0
0
0
0
8
0
0
0
0
1
0
0
0
0
0
7
0
0
0
0
0
0
0
0
0
0
4
0
0
0
0
0
0
0
0
0
0
8
0
0
0
0
0
0
0
0
0
0
3
0
0
0
0
0
0
0
0
0
0
5
0
0
0
0
0
0
0
0
0
0
6
0
0
0
0
0
0
0
0
0
0
8
0
0
0
0
0
0
0
0
0
0
11
0
0
0
0
2
0
0
0
0
0
3
0
0
0
0
2
0
0
0
0
0
6
0
0
0
0
0
0
0
0
0
0
0
0
0
0
0
0
0
0
0
0
0
3
0
0
0
0
1
0
0
0
0
0
5
0
0
0
0
0
0
0
0
0
0
5
0
0
0
0
3
0
0
0
0
0
4
0
0
0
0
0
0
0
0
0
0
6
0
0
0
0
3
0
0
0
0
0
7
0
0
0
0
0
0
0
0
0
0
8
0
0
0
0
1
0
0
0
0
0
4
0
0
0
0
4
0
0
0
0
0
6
0
0
0
0
0
0
0
0
0
0
4
0
0
0
0
1
0
0
0
0
0
8
0
0
0
0
0
0
0
0
0
0
7
0
0
0
0
2
0
0
0
0
0
6
0
0
0
0
2
0
0
0
0
0
7
0
0
0
0
2
0
0
0
0
0
4
0
0
0
0
0
0
0
0
0
0
6
0
0
0
0
1
0
0
0
0
0
3
0
0
0
0
2
0
0
0
0
0
3
0
0
0
0
1
0
0
0
0
0
3
0
0
0
0
1
0
0
0
0
0
7
0
0
0
0
0
0
0
0
0
0
4
0
0
0
0
1
0
0
0
0
0
5
0
0
0
0
1
0
0
0
0
0
5
0
0
0
0
2
0
0
0
0
0
7
0
0
0
0
2
0
0
0
0
0
4
0
0
0
0
0
0
0
0
0
0
6
0
0
0
0
0
0
0
0
0
0
4
0
0
0
0
2
0
0
0
0
0
7
0
0
0
0
0
0
0
0
0
0
4
0
0
0
0
1
0
0
0
0
0
4
0
0
0
0
0
0
0
0
0
0
7
0
0
0
0
2
0
0
0
0
0
6
0
0
0
0
0
0
0
0
0
0
7
0
0
0
0
3
0
0
0
0
0
7
0
0
0
0
2
0
0
0
0
0
3
0
0
0
0
2
0
0
0
0
0
7
0
0
0
0
1
0
0
0
0
0
5
0
0
0
0
0
0
0
0
0
0
6
0
0
0
0
0
0
0
0
0
0
4
0
0
0
0
4
0
0
0
0
0
8
0
0
0
0
0
0
0
0
0
0
7
0
0
0
0
1
0
0
0
0
0
6
0
0
0
0
2
0
0
0
0
0
2
0
0
0
0
6
0
0
0
0
0
3
0
0
0
0
0
0
0
0
0
0
8
0
0
0
0
2
0
0
0
0
0
6
0
0
0
0
0
0
0
0
0
0
8
0
0
0
0
2
0
0
0
0
0
7
0
0
0
0
2
0
0
0
0
0
3
0
0
0
0
0
0
0
0
0
0
5
0
0
0
0
0
0
0
0
0
0
7
0
0
0
0
0
0
0
0
0
0
4
0
0
0
0
4
0
0
0
0
0
5
0
0
0
0
0
0
0
0
0
0
2
0
0
0
0
0
0
0
0
0
0
4
0
0
0
0
0
0
0
0
0
0
6
0
0
0
0
1
0
0
0
0
0
6
0
0
0
0
4
0
0
0
0
0
5
0
0
0
0
0
0
0
0
0
0
6
0
0
0
0
5
0
0
0
0
0
4
0
0
0
0
0
0
0
0
0
0
7
0
0
0
0
2
0
0
0
0
0
4
0
0
0
0
0
0
0
0
0
0
4
0
0
0
0
4
0
0
0
0
0
2
0
0
0
0
1
0
0
0
0
0
5
0
0
0
0
0
0
0
0
0
0
4
0
0
0
0
3
0
0
0
0
0
5
0
0
0
0
0
0
0
0
0
0
8
0
0
0
0
2
0
0
0
0
0
8
0
0
0
0
3
0
0
0
0
0
8
0
0
0
0
0
0
0
0
0
0
4
0
0
0
0
1
0
0
0
0
0
6
0
0
0
0
2
0
0
0
0
0
6
0
0
0
0
2
0
0
0
0
0
4
0
0
0
0
0
0
0
0
0
0
3
0
0
0
0
0
0
0
0
0
0
5
0
0
0
0
0
0
0
0
0
0
9
0
0
0
0
3
0
0
0
0
0
5
0
0
0
0
3
0
0
0
0
0
8
0
0
0
0
0
0
0
0
0
0
4
0
0
0
0
1
0
0
0
0
0
3
0
0
0
0
3
0
0
0
0
0
6
0
0
0
0
0
0
0
0
0
0
4
0
0
0
0
3
0
0
0
0
0
5
0
0
0
0
0
0
0
0
0
0
5
0
0
0
0
4
0
0
0
0
0
6
0
0
0
0
0
0
0
0
0
0
2
0
0
0
0
0
0
0
0
0
0
7
0
0
0
0
1
0
0
0
0
0
8
0
0
0
0
0
0
0
0
0
0
0
0
0
0
0
2
0
0
0
0
0
4
0
0
0
0
4
0
0
0
0
0
3
0
0
0
0
0
0
0
0
0
0
8
0
0
0
0
1
0
0
0
0
0
8
0
0
0
0
0
0
0
0
0
0
8
0
0
0
0
0
0
0
0
0
0
2
0
0
0
0
0
0
0
0
0
0
7
0
0
0
0
0
0
0
0
0
0
4
0
0
0
0
0
0
0
0
0
0
6
0
0
0
0
0
0
0
0
0
0
7
0
0
0
0
0
0
0
0
0
0
3
0
0
0
0
2
0
0
0
0
0
4
0
0
0
0
0
0
0
0
0
0
5
0
0
0
0
0
0
0
0
0
0
6
0
0
0
0
0
0
0
0
0
0
6
0
0
0
0
0
0
0
0
0
0
2
0
0
0
0
2
0
0
0
0
0
7
0
0
0
0
0
0
0
0
0
0
4
0
0
0
0
0
0
0
0
0
0
4
0
0
0
0
0
0
0
0
0
0
5
0
0
0
0
4
0
0
0
0
0
10
0
0
0
0
1
0
0
0
0
0
8
0
0
0
0
0
0
0
0
0
0
4
0
0
0
0
3
0
0
0
0
0
3
0
0
0
0
4
0
0
0
0
0
5
0
0
0
0
0
0
0
0
0
0
2
0
0
0
0
4
0
0
0
0
0
6
0
0
0
0
0
0
0
0
0
0
4
0
0
0
0
2
0
0
0
0
0
5
0
0
0
0
0
0
0
0
0
0
4
0
0
0
0
4
0
0
0
0
0
7
0
0
0
0
0
0
0
0
0
0
6
0
0
0
0
1
0
0
0
0
0
7
0
0
0
0
0
0
0
0
0
0
6
0
0
0
0
3
0
0
0
0
0
5
0
0
0
0
0
0
0
0
0
0
5
0
0
0
0
1
0
0
0
0
0
5
0
0
0
0
0
0
0
0
0
0
6
0
0
0
0
0
0
0
0
0
0
6
0
0
0
0
0
0
0
0
0
0
6
0
0
0
0
2
0
0
0
0
0
4
0
0
0
0
0
0
0
0
0
0
5
0
0
0
0
0
0
0
0
0
0
5
0
0
0
0
1
0
0
0
0
0
4
0
0
0
0
0
0
0
0
0
0
3
0
0
0
0
4
0
0
0
0
0
8
0
0
137
0
2
0
0
0
0
0
0
0
0
0
0
3
0
0
0
0
0
0
0
0
0
0
4
0
0
0
0
0
0
0
0
0
0
6
0
0
0
0
0
0
0
0
0
0
2
0
0
0
0
2
0
0
0
0
0
3
0
0
0
0
4
0
0
0
0
0
6
0
0
0
0
0
0
0
0
0
0
7
0
0
0
0
0
0
0
0
0
0
5
0
0
0
0
0
0
0
0
0
0
6
0
0
0
0
0
0
0
0
0
0
4
0
0
0
0
1
0
0
0
0
0
3
0
0
0
0
0
0
0
0
0
0
5
0
0
0
0
0
0
0
0
0
0
5
0
0
0
0
0
0
0
0
0
0
6
0
0
0
0
0
0
0
0
0
0
2
0
0
0
0
0
0
0
0
0
0
7
0
0
0
0
0
0
0
0
0
0
6
0
0
0
0
0
0
0
0
0
0
4
0
0
0
0
2
0
0
0
0
0
4
0
0
0
0
0
0
0
0
0
0
4
0
0
0
0
0
0
0
0
0
0
8
0
0
0
0
0
0
0
0
0
0
2
0
0
0
0
0
0
0
0
0
0
5
0
0
0
0
0
0
0
0
0
0
4
0
0
0
0
0
0
0
0
0
0
0
0
0
0
0
0
0
0
0
0
0
2
0
0
0
0
0
0
0
0
0
0
1
0
0
0
0
0
0
0
0
0
0
2
0
0
0
0
1
0
0
0
0
0
1
0
0
0
0
1
0
0
0
0
0
2
0
0
0
0
0
0
0
0
0
0
5
0
0
0
0
0
0
0
0
0
0
3
0
0
0
0
0
0
0
0
0
0
5
0
0
0
0
0
0
0
0
0
0
5
0
0
0
0
0
0
0
0
0
0
3
0
0
0
0
0
0
0
0
0
0
2
0
0
0
0
0
0
0
0
0
0
7
0
0
0
0
0
0
0
0
0
0
5
0
0
0
0
0
0
0
0
0
0
5
0
0
0
0
0
0
0
0
0
0
5
0
0
0
0
2
0
0
0
0
0
4
0
0
0
0
0
0
0
0
0
0
2
0
0
0
0
0
0
0
0
0
0
3
0
0
0
0
0
0
0
0
0
0
3
0
0
0
0
0
0
0
0
0
0
5
0
0
0
0
2
0
0
0
0
0
4
0
0
0
0
0
0
0
0
0
0
3
0
0
0
0
0
0
0
0
0
0
2
0
0
0
0
0
0
0
0
0
0
6
0
0
0
0
0
0
0
0
0
0
6
0
0
0
0
1
0
0
0
0
0
5
0
0
0
0
0
0
0
0
0
0
3
0
0
0
0
0
0
0
0
0
0
7
0
0
0
0
0
0
0
0
0
0
2
0
0
0
0
3
0
0
0
0
0
2
0
0
0
0
0
0
0
0
0
0
4
0
0
0
0
0
0
0
0
0
0
3
0
0
0
0
0
0
0
0
0
0
0
0
0
0
0
0
0
0
0
0
0
2
0
0
0
0
1
0
0
0
0
0
5
0
0
0
0
0
0
0
0
0
0
2
0
0
0
0
0
0
0
0
0
0
4
0
0
0
0
1
0
0
0
0
0
5
0
0
0
0
0
0
0
0
0
0
5
0
0
0
0
0
0
0
0
0
0
6
0
0
0
0
0
0
0
0
0
0
2
0
0
0
0
0
0
0
0
0
0
2
0
0
0
0
0
0
0
0
0
0
4
0
0
0
0
0
0
0
0
0
0
7
0
0
0
0
0
0
0
0
0
0
5
0
0
0
0
0
0
0
0
0
0
5
0
0
0
0
0
0
0
0
0
0
6
0
0
0
0
0
0
0
0
0
0
1
0
0
0
0
0
0
0
0
0
0
6
0
0
0
0
0
0
0
0
0
0
2
0
0
0
0
0
0
0
0
0
0
5
0
0
0
0
0
0
0
0
0
0
5
0
0
0
0
0
0
0
0
0
0
5
0
0
0
0
0
0
0
0
0
0
8
0
0
0
0
0
0
0
0
0
0
3
0
0
0
0
0
0
0
0
0
0
3
0
0
0
0
0
0
0
0
0
0
7
0
0
0
0
0
0
0
0
0
0
5
0
0
0
0
0
0
0
0
0
0
9
0
0
0
0
0
0
0
0
0
0
1
0
0
0
0
0
0
0
0
0
0
9
0
0
0
0
0
0
0
0
0
0
4
0
0
0
0
0
0
0
0
0
0
3
0
0
0
0
0
0
0
0
0
0
6
0
0
0
0
0
0
0
0
0
0
6
0
0
0
0
0
0
0
0
0
0
2
0
0
0
0
0
0
0
0
0
0
3
0
0
0
0
0
0
0
0
0
0
3
0
0
0
0
0
0
0
0
0
0
6
0
0
0
0
0
0
0
0
0
0
1
0
0
0
0
1
0
0
0
0
0
2
0
0
0
0
0
0
0
0
0
0
6
0
0
0
0
0
0
0
0
0
0
4
0
0
0
0
0
0
0
0
0
0
2
0
0
0
0
0
0
0
0
0
0
0
0
0
0
0
0
0
0
0
0
0
1
0
0
0
0
0
0
0
0
0
0
2
0
0
0
0
0
0
0
0
0
0
3
0
0
0
0
3
0
0
0
0
0
3
0
0
0
0
0
0
0
0
0
0
4
0
0
0
0
0
0
0
0
0
0
2
0
0
0
0
0
0
0
0
0
0
5
0
0
0
0
0
0
0
0
0
0
1
0
0
0
0
0
0
0
0
0
0
3
0
0
0
0
0
0
0
0
0
0
3
0
0
0
0
2
0
0
0
0
0
2
0
0
0
0
0
0
0
0
0
0
3
0
0
0
0
2
0
0
0
0
0
2
0
0
0
0
0
0
0
0
0
0
3
0
0
0
0
0
0
0
0
0
0
3
0
0
0
0
0
0
0
0
0
0
3
0
0
0
0
0
0
0
0
0
0
4
0
0
0
0
0
0
0
0
0
0
2
0
0
0
0
1
0
0
0
0
0
5
0
0
0
0
0
0
0
0
0
0
4
0
0
0
0
0
0
0
0
0
0
6
0
0
0
0
0
0
0
0
0
0
2
0
0
0
0
0
0
0
0
0
0
4
0
0
0
0
0
0
0
0
0
0
6
0
0
0
0
0
0
0
0
0
0
7
0
0
0
0
0
0
0
0
0
0
3
0
0
0
0
0
0
0
0
0
0
2
0
0
0
0
0
0
0
0
0
0
5
0
0
0
0
1
0
0
0
0
0
3
0
0
0
0
0
0
0
0
0
0
2
0
0
0
0
0
0
0
0
0
0
4
0
0
0
0
0
0
0
0
0
0
5
0
0
0
0
0
0
0
0
0
0
4
0
0
0
0
0
0
0
0
0
0
3
0
0
0
0
0
0
0
0
0
0
1
0
0
0
0
0
0
0
0
0
0
5
0
0
0
0
0
0
0
0
0
0
2
0
0
0
0
0
0
0
0
0
0
3
0
0
0
0
2
0
0
0
0
0
10
0
0
0
0
0
0
0
0
0
0
2
0
0
0
0
0
0
0
0
0
0
0
0
0
0
0
0
0
0
0
0
0
2
0
0
0
0
0
0
0
0
0
0
0
0
0
0
0
0
0
0
0
0
0
4
0
0
0
0
0
0
0
0
0
0
3
0
0
0
0
0
0
0
0
0
0
1
0
0
0
0
0
0
0
0
0
0
3
0
0
0
0
1
0
0
0
0
0
3
0
0
0
0
0
0
0
0
0
0
4
0
0
0
0
0
0
0
0
0
0
3
0
0
0
0
2
0
0
0
0
0
7
0
0
0
0
0
0
0
0
0
0
5
0
0
0
0
0
0
0
0
0
0
4
0
0
0
0
0
0
0
0
0
0
5
0
0
0
0
0
0
0
0
0
0
3
0
0
0
0
0
0
0
0
0
0
6
0
0
0
0
0
0
0
0
0
0
1
0
0
0
0
0
0
0
0
0
0
7
0
0
0
0
0
0
0
0
0
0
5
0
0
0
0
0
0
0
0
0
0
6
0
0
0
0
0
0
0
0
0
0
4
0
0
0
0
0
0
0
0
0
0
3
0
0
0
0
0
0
0
0
0
0
6
0
0
0
0
0
0
0
0
0
0
2
0
0
0
0
0
0
0
0
0
0
4
0
0
0
0
1
0
0
0
0
0
5
0
0
0
0
1
0
0
0
0
0
1
0
0
0
0
0
0
0
0
0
0
6
0
0
0
0
0
0
0
0
0
0
7
0
0
0
0
0
0
0
0
0
0
0
0
0
0
0
0
0
0
0
0
0
4
0
0
0
0
0
0
0
0
0
0
7
0
0
0
0
0
0
0
0
0
0
2
0
0
0
0
0
0
0
0
0
0
4
0
0
0
0
2
0
0
0
0
0
4
0
0
0
0
0
0
0
0
0
0
2
0
0
0
0
0
0
0
0
0
0
6
0
0
0
0
1
0
0
0
0
0
4
0
0
0
0
0
0
0
0
0
0
4
0
0
0
0
0
0
0
0
0
0
6
0
0
0
0
0
0
0
0
0
0
3
0
0
0
0
0
0
0
0
0
0
3
0
0
0
0
0
0
0
0
0
0
2
0
0
0
0
0
0
0
0
0
0
5
0
0
0
0
0
0
0
0
0
0
2
0
0
0
0
0
0
0
0
0
0
2
0
0
0
0
0
0
0
0
0
0
3
0
0
0
0
3
0
0
0
0
0
4
0
0
0
0
1
0
0
0
0
0
2
0
0
0
0
0
0
0
0
0
0
4
0
0
0
0
1
0
0
0
0
0
3
0
0
0
0
0
0
0
0
0
0
4
0
0
0
0
0
0
0
0
0
0
1
0
0
0
0
0
0
0
0
0
0
3
0
0
0
0
0
0
0
0
0
0
0
0
0
0
0
0
0
0
0
0
0
4
0
0
0
0
2
0
0
0
0
0
5
0
0
0
0
0
0
0
0
0
0
2
0
0
0
0
0
0
0
0
0
0
1
0
0
0
0
0
0
0
0
0
0
4
0
0
0
0
0
0
0
0
0
0
3
0
0
0
0
0
0
0
0
0
0
4
0
0
0
0
0
0
0
0
0
0
5
0
0
0
0
0
0
0
0
0
0
1
0
0
0
0
0
0
0
0
0
0
10
0
0
0
0
0
0
0
0
0
0
3
0
0
0
0
0
0
0
0
0
0
2
0
0
0
0
0
0
0
0
0
0
5
0
0
0
0
0
0
0
0
0
0
6
0
0
0
0
0
0
0
0
0
0
2
0
0
0
0
2
0
0
0
0
0
3
0
0
0
0
0
0
0
0
0
0
2
0
0
0
0
0
0
0
0
0
0
3
0
0
0
0
0
0
0
0
0
0
4
0
0
0
0
0
0
0
0
0
0
2
0
0
0
0
0
0
0
0
0
0
5
0
0
0
0
0
0
0
0
0
0
1
0
0
0
0
0
0
0
0
0
0
1
0
0
0
0
1
0
0
0
0
0
2
0
0
0
0
1
0
0
0
0
0
4
0
0
0
0
1
0
0
0
0
0
3
0
0
0
0
0
0
0
0
0
0
3
0
0
0
0
0
0
0
0
0
0
6
0
0
0
0
0
0
0
0
0
0
2
0
0
0
0
2
0
0
0
0
0
4
0
0
0
0
0
0
0
0
0
0
3
0
0
0
0
0
0
0
0
0
0
3
0
0
0
0
0
0
0
0
0
0
5
0
0
243
87
0
0
0
0
0
0
3
0
0
0
0
0
0
0
0
0
0
0
0
0
0
0
0
0
0
0
0
0
0
0
0
0
0
0
0
0
0
0
0
3
0
0
0
0
0
0
0
0
0
0
0
0
0
0
0
0
0
0
0
0
0
1
0
0
0
0
1
0
0
0
0
0
1
0
0
0
0
0
0
0
0
0
0
0
0
0
0
0
0
0
0
0
0
0
0
0
0
0
0
0
0
0
0
0
0
1
0
0
0
0
0
0
0
0
0
0
3
0
0
0
0
0
0
0
0
0
0
0
0
0
0
0
0
0
0
0
0
0
2
0
0
0
0
0
0
0
0
0
0
2
0
0
0
0
0
0
0
0
0
0
0
0
0
0
0
0
0
0
0
0
0
0
101
278
60
0
0
5
0
0
0
0
0
0
0
0
0
2
3
0
0
0
0
0
0
0
0
0
0
5
0
0
0
0
3
0
0
0
0
0
4
0
0
0
0
1
0
0
0
0
0
4
0
0
0
0
3
0
0
0
0
0
5
0
0
0
0
0
0
0
0
0
0
3
0
0
0
0
5
0
0
0
0
0
4
0
0
0
0
1
0
0
0
0
0
3
0
0
0
0
0
0
0
0
0
0
5
0
0
0
0
0
0
0
0
0
0
6
0
0
0
0
0
0
0
0
0
0
3
0
0
0
0
1
0
0
0
0
0
7
0
0
0
0
0
0
0
0
0
0
4
0
0
0
0
0
0
0
0
0
0
5
0
0
0
0
0
0
0
0
0
0
5
0
0
0
0
0
0
0
0
0
0
5
0
0
0
0
0
0
0
0
0
0
7
0
0
0
0
0
0
0
0
0
0
4
0
0
0
0
0
0
0
0
0
0
4
0
0
0
0
1
0
0
0
0
0
6
0
0
0
0
0
0
0
0
0
0
3
0
0
0
0
1
0
0
0
0
0
6
0
0
0
0
4
0
0
0
0
0
6
0
0
0
0
4
0
0
0
0
0
5
0
0
0
0
0
0
0
0
0
0
6
0
0
0
0
0
0
0
0
0
0
6
0
0
0
0
1
0
0
0
0
0
4
0
0
0
0
0
0
0
0
0
0
2
0
0
0
0
1
0
0
0
0
0
4
0
0
0
0
0
0
0
0
0
0
6
0
0
0
0
0
0
0
0
0
0
8
0
0
0
0
0
0
0
0
0
0
7
0
0
0
0
0
0
0
0
0
0
7
0
0
0
0
0
0
0
0
0
0
6
0
0
0
0
1
0
0
0
0
0
3
0
0
0
0
0
0
0
0
0
0
4
0
0
0
0
1
0
0
0
0
0
8
0
0
0
0
2
0
0
0
0
0
7
0
0
0
0
0
0
0
0
0
0
6
0
0
0
0
0
0
0
0
0
0
6
0
0
0
0
3
0
0
0
0
0
6
0
0
0
0
0
0
0
0
0
0
5
0
0
0
0
0
0
0
0
0
0
7
0
0
0
0
0
0
0
0
0
0
2
0
0
0
0
0
0
0
0
0
0
4
0
0
0
0
1
0
0
0
0
0
4
0
0
0
0
2
0
0
0
0
0
4
0
0
0
0
3
0
0
0
0
0
3
0
0
0
0
2
0
0
0
0
0
3
0
0
0
0
0
0
0
0
0
0
3
0
0
0
0
0
0
0
0
0
0
4
0
0
0
0
1
0
0
0
0
0
7
0
0
0
0
0
0
0
0
0
0
5
0
0
0
0
3
0
0
0
0
0
5
0
0
0
0
2
0
0
0
0
0
5
0
0
0
0
0
0
0
0
0
0
4
0
0
0
0
2
0
0
0
0
0
5
0
0
0
0
2
0
0
0
0
0
5
0
0
0
0
0
0
0
0
0
0
6
0
0
0
0
2
0
0
0
0
0
5
0
0
0
0
3
0
0
0
0
0
7
0
0
0
0
2
0
0
0
0
0
7
0
0
0
0
0
0
0
0
0
0
6
0
0
0
0
0
0
0
0
0
0
6
0
0
0
0
0
0
0
0
0
0
5
0
0
0
0
0
0
0
0
0
0
6
0
0
0
0
0
0
0
0
0
0
7
0
0
0
0
0
0
0
0
0
0
8
0
0
0
0
0
0
0
0
0
0
5
0
0
0
0
1
0
0
0
0
0
5
0
0
0
0
0
0
0
0
0
0
8
0
0
0
0
0
0
0
0
0
0
5
0
0
0
0
0
3
0
0
0
0
0
0
0
0
0
0
0
0
0
0
0
0
0
0
0
0
1
0
0
0
0
0
0
0
0
0
0
2
0
0
0
0
0
0
0
0
0
0
1
0
0
0
0
0
0
0
0
0
0
2
0
0
0
0
0
0
0
0
0
0
4
0
0
0
0
0
0
0
0
0
0
2
0
0
0
0
0
0
0
0
0
0
4
0
0
0
0
0
0
0
0
0
0
6
0
0
0
0
0
0
0
0
0
0
0
0
0
0
0
0
0
0
0
0
0
2
0
0
0
0
0
0
0
0
0
0
1
0
0
0
0
0
0
0
0
0
0
1
0
0
0
0
0
0
0
0
0
0
0
0
0
0
0
0
0
0
0
0
0
0
0
0
0
0
0
0
0
0
0
0
0
0
0
0
0
0
0
0
0
0
0
0
0
0
0
0
0
0
0
0
0
0
2
0
0
0
0
0
0
0
0
0
0
3
0
0
0
0
0
0
0
0
0
0
0
0
0
0
0
0
0
0
0
0
0
1
0
0
0
0
0
0
0
0
0
0
3
0
0
0
0
0
0
0
0
0
0
6
0
0
0
0
2
0
0
0
0
0
3
0
0
0
0
0
0
0
0
0
0
0
0
0
0
0
0
0
0
0
0
0
1
0
0
0
0
0
0
0
0
0
0
1
0
0
0
0
0
0
0
0
0
0
3
0
0
0
0
0
0
0
0
0
0
4
0
0
0
0
0
0
0
0
0
0
2
0
0
0
0
0
0
0
0
0
0
2
0
0
0
0
0
0
0
0
0
0
0
0
0
0
0
0
0
0
0
0
0
1
0
0
0
0
0
0
0
0
0
0
2
0
0
0
0
0
0
0
0
0
0
0
0
0
0
0
0
0
0
0
0
0
3
0
0
0
0
0
0
0
0
0
0
1
0
0
0
0
0
0
0
0
0
0
3
0
0
0
0
0
0
0
0
0
0
0
0
0
0
0
0
0
0
0
0
0
0
0
0
0
0
0
0
0
0
0
0
0
0
0
0
0
0
0
0
0
0
0
0
0
0
0
0
0
0
0
0
0
0
2
0
0
0
0
0
0
0
0
0
0
1
0
0
0
0
0
0
0
0
0
0
2
0
0
0
0
0
0
0
0
0
0
2
0
0
0
0
0
0
0
0
0
0
1
0
0
0
0
0
0
0
0
0
0
0
0
0
0
0
0
0
0
0
0
0
0
0
0
0
0
0
0
0
0
0
0
1
0
0
0
0
0
0
0
0
0
0
0
0
0
0
0
0
0
0
0
0
0
3
0
0
0
0
0
0
0
0
0
0
1
0
0
0
0
0
0
0
0
0
0
0
0
0
0
0
0
0
0
0
0
0
4
0
0
0
0
0
0
0
0
0
0
2
0
0
0
0
0
0
0
0
0
0
3
0
0
0
0
0
0
0
0
0
0
0
0
0
0
0
0
0
0
0
0
0
3
0
0
0
0
0
0
0
0
0
0
2
0
0
0
0
0
0
0
0
0
0
0
0
0
0
0
0
0
0
0
0
0
6
0
0
0
0
0
0
0
0
0
0
1
0
0
0
0
0
0
0
0
0
0
0
0
0
0
0
0
0
0
0
0
0
2
0
0
0
0
0
0
0
0
0
0
0
0
0
0
0
0
0
0
0
0
0
1
0
0
0
0
0
0
0
0
0
0
4
0
0
0
0
0
0
0
0
0
0
1
0
0
0
0
0
0
0
0
0
0
0
0
0
0
0
0
0
0
0
0
0
2
160
70
0
0
0
5
0
0
0
0
0
0
0
0
0
0
6
0
0
0
0
0
11
166
0
70
0
5
0
0
0
0
0
0
0
0
0
0
6
0
0
0
0
0
0
0
0
0
0
7
0
0
0
0
2
0
0
0
0
0
5
0
0
0
0
4
0
0
0
0
0
5
0
0
0
0
0
0
0
0
0
0
6
0
0
0
0
1
0
0
0
0
0
2
0
0
0
0
0
0
0
0
0
0
9
0
0
0
0
7
0
0
0
0
0
3
0
0
0
0
2
0
0
0
0
0
7
0
0
0
0
1
0
0
0
0
0
4
0
0
0
0
0
0
0
0
0
0
8
0
0
0
0
1
0
0
0
0
0
7
0
0
0
0
0
0
0
0
0
0
8
0
0
0
0
0
0
0
0
0
0
5
0
0
0
0
1
0
0
0
0
0
6
0
0
0
0
1
0
0
0
0
0
3
0
0
0
0
0
0
0
0
0
0
9
0
0
0
0
1
0
0
0
0
0
4
0
0
0
0
1
0
0
0
0
0
7
0
0
0
0
0
0
0
0
0
0
6
0
0
0
0
0
0
0
0
0
0
6
0
0
0
0
1
0
0
0
0
0
5
0
0
0
0
0
0
0
0
0
0
4
0
0
0
0
2
0
0
0
0
0
5
0
0
0
0
0
0
0
0
0
0
6
0
0
0
0
2
0
0
0
0
0
9
0
0
0
0
0
0
0
0
0
0
5
0
0
0
0
0
0
0
0
0
0
4
0
0
0
0
0
0
0
0
0
0
0
0
0
0
0
0
0
0
0
0
0
4
0
0
0
0
0
0
0
0
0
0
2
0
0
0
0
0
0
0
0
0
0
13
0
0
0
0
0
0
0
0
0
0
6
0
0
0
0
2
0
0
0
0
0
8
0
0
0
0
0
0
0
0
0
0
4
0
0
0
0
0
0
0
0
0
0
6
0
0
0
0
2
0
0
0
0
0
7
0
0
0
0
1
0
0
0
0
0
5
0
0
0
0
0
0
0
0
0
0
7
0
0
0
0
1
0
0
0
0
0
4
65
0
0
0
0
0
0
0
0
0
6
0
0
0
0
1
0
0
0
0
0
7
0
0
0
0
0
0
0
0
0
0
6
0
0
0
0
1
0
0
0
0
0
5
0
0
0
0
3
0
0
0
0
0
5
0
0
0
0
3
0
0
0
0
0
6
0
0
0
0
0
0
0
0
0
0
2
0
0
0
0
1
0
0
0
0
0
5
0
0
0
0
1
0
0
0
0
0
3
0
0
0
0
1
0
0
0
0
0
6
0
0
0
0
0
0
0
0
0
0
2
0
0
0
0
0
0
0
0
0
0
5
0
0
0
0
0
0
0
0
0
0
4
0
0
0
0
1
0
0
0
0
0
2
0
0
0
0
4
0
0
0
0
0
5
0
0
0
0
0
0
0
0
0
0
5
0
0
0
0
0
0
0
0
0
0
3
0
0
0
0
0
0
0
0
0
0
4
0
0
0
0
0
0
0
0
0
0
5
0
0
0
0
2
0
0
0
0
0
6
0
0
0
0
2
0
0
0
0
0
7
0
0
0
0
0
0
0
0
0
0
6
0
0
0
0
0
0
0
0
0
0
6
0
0
0
0
0
0
0
0
0
0
11
0
0
0
0
0
0
0
0
0
0
4
0
0
0
0
2
0
0
0
0
0
4
0
0
0
0
0
0
0
0
0
0
5
0
0
0
0
0
0
0
0
0
0
4
0
0
0
0
2
0
0
1
340
479
0
0
0
0
0
2
0
0
0
0
0
0
0
0
0
0
0
0
0
0
0
0
0
0
0
0
0
1
0
0
0
0
0
0
0
0
0
0
0
0
0
0
0
0
0
0
0
0
0
5
0
0
0
0
0
0
0
0
0
0
4
0
0
0
0
0
0
0
0
0
0
0
0
0
0
0
0
0
0
0
0
0
1
0
0
0
0
0
0
0
0
0
0
4
0
0
0
0
0
0
0
0
0
0
1
0
0
0
0
0
0
0
0
0
0
5
0
0
0
0
0
0
0
0
0
0
2
0
0
0
0
0
0
0
0
0
0
2
0
0
0
0
0
0
0
0
0
0
0
0
0
0
0
0
0
0
0
0
0
2
0
0
0
0
0
0
0
0
0
0
1
0
0
0
0
0
0
0
0
0
0
1
0
0
0
0
0
0
0
0
0
0
3
0
0
0
0
0
0
0
0
0
0
0
0
0
0
0
0
0
0
60
211
0
1
0
0
0
0
0
0
0
0
0
0
3
0
0
0
0
0
0
0
0
0
0
2
0
0
0
0
0
0
217
241
542
0
459
328
123
203
13
0
0
0
0
0
0
0
0
0
0
0
0
0
0
0
0
0
1
0
0
0
0
0
0
0
0
0
0
0
0
0
0
0
0
0
0
0
0
0
3
0
0
0
0
0
0
0
0
0
0
0
0
0
0
0
0
0
0
0
0
0
1
0
0
0
0
0
0
0
0
0
0
2
0
0
0
0
0
0
0
0
0
0
3
0
0
0
0
0
0
0
0
0
0
2
0
0
0
0
0
0
0
0
0
0
3
0
0
0
0
0
0
0
0
0
0
0
0
0
0
0
0
0
0
0
0
0
2
0
0
0
0
0
0
0
0
0
0
0
0
0
0
0
0
0
0
0
0
0
0
0
0
0
0
0
0
0
0
0
0
0
0
0
0
0
0
0
0
0
0
0
1
0
0
0
0
0
0
0
0
0
0
0
0
0
0
0
0
0
0
0
0
0
1
0
0
0
0
0
0
0
0
0
0
2
0
0
0
0
0
0
0
0
0
0
1
0
0
0
0
0
0
0
0
0
0
1
0
0
0
0
0
0
0
0
0
0
3
0
0
0
0
0
0
0
0
0
0
4
0
0
0
0
0
0
0
0
0
0
4
0
0
0
0
0
0
0
0
0
0
2
0
0
0
0
0
0
0
0
0
0
3
0
0
0
0
0
0
0
0
0
0
0
0
0
0
0
0
0
0
0
0
0
0
0
0
0
0
0
0
0
0
0
0
0
0
0
0
0
0
0
0
0
0
0
0
0
0
0
0
0
0
0
0
0
0
2
0
0
0
0
0
0
0
0
0
0
1
0
0
0
0
0
0
0
0
0
0
4
0
0
0
0
0
0
0
0
0
0
0
0
0
0
0
0
0
0
0
0
0
0
0
0
0
0
0
0
0
0
0
0
4
0
0
0
0
0
0
0
0
0
0
0
0
0
0
0
0
0
0
0
0
0
0
0
0
0
0
0
0
0
0
0
0
1
0
0
0
0
0
0
0
0
0
0
0
0
0
0
0
0
0
0
0
0
0
2
0
0
0
0
0
0
0
0
0
0
0
0
0
0
0
0
0
0
0
0
0
3
0
0
0
0
0
0
0
0
0
0
0
0
0
0
0
0
0
0
0
0
0
5
0
0
0
0
0
0
0
0
0
0
0
0
0
0
0
0
0
0
0
0
0
2
0
0
0
0
0
0
0
0
0
0
0
0
0
0
0
0
0
0
0
0
0
1
0
0
0
0
0
0
0
0
0
0
0
0
0
0
0
0
0
0
0
0
0
4
0
0
0
0
0
0
0
0
0
0
2
0
0
0
0
0
0
0
0
0
0
1
0
0
0
0
0
0
0
0
0
0
2
0
0
0
0
0
0
0
0
0
0
0
0
0
0
0
0
0
0
0
0
0
4
0
0
0
0
0
0
0
0
0
0
0
0
0
0
0
1
0
0
0
0
0
1
0
0
0
0
0
0
0
0
0
0
0
0
0
0
0
0
0
0
0
0
0
0
0
0
0
0
0
0
0
0
0
0
3
0
0
0
0
0
0
0
0
0
0
0
0
0
0
0
0
0
0
0
0
0
0
0
0
0
0
0
0
0
0
0
0
2
0
0
0
0
0
0
0
0
0
0
1
0
0
0
0
0
0
0
0
0
0
5
0
0
0
0
0
0
0
0
0
0
0
0
0
0
0
0
0
0
0
0
0
2
0
0
0
0
0
0
0
0
0
0
0
0
0
0
0
0
0
0
0
0
0
