0
55000
1000
0
0
0
0
580
424
0
0
494
1
505
0
996
0
0
0
1001
0
0
0
1003
0
0
1456
1541
0
224
679
0
1098
0
0
998
0
0
0
0
1003
0
1003
0
0
0
0
0
760
243
0
0
0
0
0
0
0
366
634
0
991
0
1001
0
0
0
0
1000
0
1
1005
0
829
168
996
0
0
1001
0
1002
1001
1002
997
1000
288
994
1004
998
0
1002
0
1001
1001
997
1000
136
1000
1002
0
2266
2000
1000
0
0
1001
0
1002
999
91
998
1000
1000
1003
2000
2000
0
1000
0
1485
516
0
505
996
1000
1001
1000
1000
999
1001
1001
998
2001
0
1002
0
1001
898
995
879
1001
0
1002
1000
2561
1000
1
1001
0
1825
1173
1000
1003
0
1000
999
422
994
1003
998
1000
1003
997
1000
1000
2000
0
979
24
1003
0
1998
0
2002
997
334
667
1000
1002
1003
996
999
1000
1002
999
138
1436
0
1002
0
999
44
1002
0
2998
0
1000
1002
0
1002
1997
999
1001
0
1001
1005
998
997
999
1001
1000
1646
1352
1000
1000
1000
136
870
233
996
1005
999
997
1999
0
1002
0
216
790
995
1004
998
1000
1000
761
994
1001
1001
1997
1000
1001
0
1004
997
999
2001
2998
0
4000
0
1000
0
707
297
0
186
813
998
1000
1004
2995
625
375
1
202
1002
0
1001
999
1003
308
996
1999
145
719
998
1002
999
1998
999
1
2002
1894
1104
0
1000
0
1002
1001
0
1004
0
1002
743
758
500
616
549
629
344
847
1000
1000
771
2229
1000
1000
1001
0
1
999
225
1001
1003
0
1002
0
715
3994
0
963
38
0
108
1002
583
1416
0
1003
999
998
1001
0
1002
0
1000
1031
1000
1004
0
999
1001
739
266
996
1003
998
1002
3996
0
1000
0
1001
0
2002
0
1001
1000
0
955
49
997
1000
1001
998
1001
1002
1002
999
999
1001
0
1001
2001
997
129
873
495
2005
995
1000
0
1000
854
153
995
1006
995
1000
1000
111
1002
0
591
84
275
123
1000
1002
1000
1005
995
491
990
1004
998
874
992
256
426
997
1002
1001
999
1002
1000
1000
1000
1001
999
1000
999
1001
1001
999
1000
1000
1002
998
1000
1000
1001
999
1000
1000
1001
999
1000
1000
1001
999
1000
1000
1001
999
1000
1000
1001
999
1000
1000
1001
999
1000
1000
1001
999
1000
1000
1001
999
1000
1000
1001
999
1001
999
1001
1000
1000
1000
1000
1000
998
999
1000
999
1000
999
999
1003
999
997
1001
998
1001
1001
997
1001
1001
999
999
1003
997
1001
1001
1002
1000
997
1001
1000
999
1001
1002
998
999
1002
1000
999
999
1002
999
1000
999
1000
1002
999
1014
1200
0
1002
0
1000
1003
1000
998
999
417
135
1004
0
1001
999
1001
998
1002
1000
998
1000
1000
1001
1002
997
1000
1000
1004
996
1000
1000
1001
999
1000
1000
1000
1001
1000
1000
999
1201
62
1029
1024
905
1058
976
965
999
1038
1087
1091
788
1035
1820
2046
0
2408
0
0
687
1006
1001
1111
663
2518
0
0
1177
824
1613
0
1083
785
954
705
234
3096
0
0
903
494
663
2181
0
1426
2026
0
1478
0
1211
0
952
1230
845
1614
2310
0
1002
0
1038
999
1004
1256
1355
1347
0
2124
0
1469
1254
1162
0
991
1046
996
1814
135
934
992
1045
969
995
1031
996
973
1031
1070
925
1000
1001
1000
973
1027
999
1000
1000
972
1002
1001
1026
971
1002
1031
977
1093
930
1038
958
975
998
1031
997
971
1002
1034
964
1000
1001
1000
998
1001
999
1001
998
1001
998
1000
1000
1000
1001
999
1033
1001
0
1004
1001
1003
999
1000
999
1001
998
1000
1002
997
1001
1000
999
999
1000
1001
1001
999
1001
997
1001
999
1002
998
1001
1000
1001
998
1001
999
1002
998
1001
999
1001
1000
1001
998
1003
997
1002
998
1002
998
1002
999
1000
1001
1001
998
1000
1000
1004
995
1003
997
1001
999
1001
1000
1000
999
1001
1000
1000
999
1000
1002
999
999
1001
999
857
993
1005
1000
1031
968
1000
999
1002
998
1000
1002
999
999
1000
1002
999
999
1000
1001
1000
999
1000
1001
1001
998
1000
1002
1002
997
999
1001
1001
999
999
1001
1001
1071
0
1005
0
1001
1003
1001
995
1001
1002
999
998
1002
1001
999
998
1001
1000
1001
998
1001
1000
1001
999
1000
999
1002
999
1000
999
1002
999
1000
999
1002
999
1000
999
1002
999
1000
999
1002
999
1000
999
1002
999
1000
999
1002
1000
999
999
1001
1002
998
999
1003
1001
998
998
1002
1001
999
999
1000
1001
999
999
1001
1002
1000
998
1000
1001
1002
998
1000
1001
999
999
1001
1002
1000
999
1000
1001
999
998
1000
1001
999
999
1003
1000
997
999
1003
1000
1000
998
1002
1000
998
1001
1003
997
1002
997
1001
1001
1032
968
998
1037
1001
994
1565
550
786
1033
1420
1543
0
2105
0
930
1038
962
1001
1110
1163
692
150
3384
0
0
3226
0
0
1393
0
994
1008
1034
964
1001
1000
1001
1032
1771
1504
0
1883
0
1549
2237
0
1000
1000
1047
0
954
2386
0
1951
0
1042
1807
0
1136
1244
891
1465
0
998
1041
996
1001
1000
1007
954
2629
0
1380
0
992
1044
996
995
999
1005
1547
412
1508
0
1066
851
958
1141
822
2205
0
867
933
999
1045
986
1004
1733
263
1038
1169
1087
1
1242
0
2454
0
555
964
959
1042
996
998
1092
1156
615
2487
0
0
1617
0
1000
2694
0
0
1021
787
903
998
1001
1029
1000
999
1007
998
1000
1000
1655
2109
0
633
1730
0
1028
1271
1367
0
993
1008
1004
996
1003
996
1004
997
1000
998
1002
999
1001
999
1000
1001
1069
927
1000
999
1000
999
999
1003
999
999
1000
1002
999
999
999
1001
121
1003
0
1003
998
1000
1001
1001
998
1000
1000
1002
998
1000
1000
1001
999
250
801
209
991
1005
999
1001
1001
999
1004
999
999
1001
999
1002
999
998
1001
1001
1000
999
999
1030
972
999
999
1002
1000
999
999
1035
998
971
998
1004
1001
998
998
1031
1000
1685
1851
0
724
283
994
1021
986
1034
968
1027
1171
1290
1502
2474
0
0
1537
0
990
1009
1033
966
1004
998
1029
1111
860
1031
1000
1034
968
601
985
1379
0
612
1349
2275
0
0
1042
0
967
998
1000
1004
1031
1840
1883
0
1125
0
1006
0
1034
968
1031
1918
1868
0
1182
0
995
1005
1001
1000
1749
244
1389
788
1411
2139
0
1202
1339
0
1098
1391
1363
0
1562
1775
0
1361
1160
0
621
1049
950
1155
807
2606
0
1281
1089
1000
5722
0
0
0
0
0
982
1299
0
1006
0
1000
1000
1001
999
998
1002
1001
999
998
1970
1027
0
1006
1001
1055
1081
873
987
2142
0
0
1225
1358
863
474
1996
0
5
1002
1035
1746
1793
0
1004
0
997
1004
1000
999
1001
1000
1000
1000
1001
1000
1000
1031
1326
1410
229
1793
207
999
2027
0
1332
1641
0
1006
0
998
1141
1144
715
1037
1795
169
996
1778
863
1017
74
1001
0
1003
1000
1279
1183
1309
0
1554
0
1114
1072
0
997
1025
1604
75
1117
847
1004
1001
1029
1005
1001
1031
1003
1235
988
1310
0
1078
61
1020
1195
741
1629
0
904
1036
262
1304
625
742
840
1007
993
1604
0
1544
0
963
1007
1003
997
1289
533
1082
615
966
1255
0
963
1055
981
1421
1477
1067
0
996
1007
1036
989
730
1054
1473
632
1366
1074
0
965
1037
963
1000
1003
731
1180
0
1521
1450
0
993
1037
1037
926
2217
0
828
992
1417
1085
0
849
993
1301
1229
474
749
963
1290
1159
550
1240
2144
0
0
1008
0
1002
999
1000
1002
999
999
1002
999
1000
999
1003
998
999
999
1001
1000
1000
999
1032
970
1000
999
1029
973
1027
971
1029
973
1010
1055
933
1032
968
999
1001
1034
994
1038
1000
967
968
1001
1027
973
1004
996
1027
973
998
1000
1000
1001
1032
967
999
1067
1447
1219
955
113
213
1000
1005
1002
998
1030
972
1000
998
1003
999
1000
1066
1691
1269
0
967
1009
1074
925
1002
1000
998
1000
1004
998
998
1000
1002
1000
1032
966
1002
1000
998
1000
1002
1000
997
999
1003
999
999
999
1003
999
1000
998
1004
998
999
999
1003
998
998
1001
1003
998
998
1113
0
995
1004
1003
1001
998
998
1001
1003
998
998
1001
1003
998
998
1001
1003
998
998
1000
1003
997
999
1000
1001
1000
999
1000
1001
1001
1000
998
1001
1001
998
203
991
1004
999
1000
1002
1000
999
998
1000
1000
1000
1000
1000
1000
1000
1000
1001
999
1000
1000
1000
1000
1000
1000
1000
1001
999
1000
1000
1028
0
1001
1001
1002
1000
998
1000
1002
998
1000
1002
998
1000
44
997
1000
1001
1000
1001
1001
997
1002
1000
999
999
1002
1000
999
1001
999
1002
999
999
1000
1002
999
999
1002
999
999
78
998
1001
1000
999
1001
1001
999
999
1004
999
998
999
1003
999
999
999
1001
1001
1000
999
1002
1000
1001
999
1000
1000
999
1000
1003
998
999
1000
1004
80
165
1000
998
1004
64
112
1034
0
1002
1000
43
1116
0
1000
1004
1000
1002
998
1002
999
1000
997
1002
1000
1001
999
999
1001
1001
998
1003
998
999
1001
1000
999
1001
999
1003
998
1000
999
1001
1001
999
999
1001
1000
1000
999
1000
1002
998
999
1001
1001
999
999
46
992
1001
1001
1002
999
1000
999
1001
1000
1000
999
1001
1000
1000
999
1001
1001
999
999
1003
998
1000
1002
998
1000
1000
999
1003
996
1001
1000
1001
998
1002
1000
999
999
1001
1000
1000
999
1001
999
1001
999
1001
999
1001
1000
1000
999
1003
997
1001
1000
1001
998
1001
1000
1001
998
1001
1001
999
1000
1001
999
1000
999
1001
1000
1000
999
164
995
999
1001
1001
999
1001
999
1001
1000
1000
999
1002
999
1001
999
1001
999
1001
999
1000
1001
999
1000
1000
1000
1000
1000
1000
1000
1000
1000
1000
1000
1000
1000
1000
1000
1000
1000
42
995
1002
1003
999
998
999
1002
1002
997
999
1003
998
999
1002
1000
999
1001
1000
999
1001
1000
999
1000
1002
998
1000
681
564
867
1039
0
1002
1002
1001
1000
999
1000
1000
1001
999
42
992
1000
1005
525
991
1004
1001
999
1000
1000
1002
996
1001
1002
1000
998
1000
1001
1000
999
1000
1000
1002
998
1002
998
1001
1001
999
999
1001
999
1000
1000
1001
999
1000
1000
1001
999
1000
1000
1001
999
1000
1000
1002
998
1000
1002
999
999
1000
1000
1003
997
1000
1001
1000
999
1000
1001
1000
1001
998
1002
999
999
1002
998
1000
1002
998
1004
996
1000
1000
1001
1000
998
1002
1000
999
999
1001
1001
1001
91
989
1000
1003
999
1001
1001
999
999
1000
49
99
996
1002
1001
1002
998
1001
1002
997
1002
1000
998
1000
1000
1002
998
1000
1001
999
1000
1000
1000
1001
999
1000
1000
1000
1002
1000
999
1001
998
1000
1000
1000
1000
1001
1001
999
1002
997
1002
998
1001
1000
999
1000
1002
997
1000
1001
1001
998
1000
1001
1001
998
1000
1002
998
1000
1001
1000
999
1000
1002
1000
999
1001
998
1000
1001
999
1002
998
1000
1002
998
1000
1002
998
36
994
1002
1000
1000
1000
1000
1002
999
999
1000
1001
1000
999
1000
1001
999
1001
1000
999
1001
999
1001
1002
997
1000
1000
1002
1000
998
1002
998
1001
999
1001
999
1001
1000
999
1002
999
999
11
999
1000
1000
1001
999
1000
1001
1000
999
1000
1000
1000
1001
1000
999
1002
1000
1000
998
1002
998
1000
1002
1000
998
1001
1000
999
1001
1001
998
1000
1000
1002
999
1000
1000
999
1001
1000
1001
40
236
186
359
1000
1000
1002
1000
999
1001
1000
1000
999
1002
999
1000
111
31
999
1002
1000
1001
1000
1000
999
1001
1000
1000
999
1001
1000
1000
999
1001
1000
1000
999
1002
1000
999
999
1002
999
1002
997
1001
1001
999
999
1001
1000
1001
998
1002
999
1000
999
1002
999
1000
1000
999
1001
999
1000
1001
1000
999
1001
999
1001
1001
998
1000
1001
999
1000
1001
1000
1000
1001
998
1002
999
999
1000
1001
999
1001
1000
999
1000
1002
999
999
1000
1002
998
1002
998
1000
1001
1000
999
1001
1000
1000
999
1001
1012
0
998
1002
1000
900
280
1000
1000
1001
1000
1230
0
999
935
1145
0
1000
1003
998
1000
1002
999
999
1000
1001
1000
999
1000
1001
1000
999
1001
1000
1001
999
1000
999
1003
997
1000
1000
1001
999
1000
1000
1001
28
998
1001
1001
999
1000
1000
1001
999
1000
1000
1001
1001
998
1000
1001
999
1000
1000
1001
999
1003
998
1000
1000
999
1003
998
999
1001
1000
1001
129
997
999
1002
1000
1000
999
1001
999
1000
1000
1001
999
1000
1000
1001
999
28
998
1000
1001
1000
1000
1001
999
1000
1001
1001
998
1000
1001
1000
999
1001
1000
1000
999
1001
1000
1000
999
1000
1000
1001
999
1000
1000
1001
999
1000
1000
1001
999
1001
1001
999
999
1001
999
1000
1000
1000
1001
1001
999
999
1002
999
999
1001
1001
999
999
1002
999
1000
1000
1001
999
1000
1000
999
1002
999
1000
999
1002
999
999
1002
1000
999
1001
998
1001
1001
998
1000
1002
999
999
1093
0
998
1002
999
1001
1000
1000
1000
1000
1001
999
999
1002
999
999
1001
1000
1001
998
1002
999
1001
998
1000
1001
1000
1000
999
1001
1000
1001
998
1001
1000
999
1001
1000
1001
998
1000
1001
1000
999
1000
1001
1000
999
1000
1001
1000
1001
999
1000
1001
998
1001
1000
1000
999
1000
1002
999
999
1000
1001
1000
999
1001
1001
999
999
1000
1001
1001
1000
998
1001
1001
998
1003
998
1000
1000
999
1001
1000
1001
998
1001
1001
998
1001
1001
998
999
1000
1000
1001
999
1000
1000
1001
999
1000
1000
1001
999
0
0
0
0
0
0
201
475
235
0
45
0
0
0
0
5
0
0
0
0
0
0
1
0
0
0
0
0
0
1
329
775
844
36
2082
2021
1960
1768
1707
2706
2645
2584
883
400
0
2515
2454
2393
0
6368
6307
6246
6185
6124
6063
6002
60
1370
1309
1361
1300
242
782
651
294
0
2564
2503
2442
2884
2823
2762
80
1537
1476
932
2784
2723
2662
1224
1163
0
1980
1919
1858
6251
6190
6129
6068
6007
5946
5885
0
0
12524
12463
12402
12341
12280
12219
12158
12097
12036
11975
11914
11853
11792
747
544
0
11154
11093
11032
10971
10910
10849
10788
10727
10666
10605
10544
10483
0
2616
2555
2494
9924
9863
9802
9741
9680
9619
9558
9497
9436
9375
10848
10787
10726
9028
8967
8906
914
0
0
0
0
20906
20845
20784
20723
20662
20601
20540
20479
20418
20357
20296
20235
20174
20113
20052
19991
19930
19869
19808
19747
19686
19726
10708
10647
934
908
636
2836
2775
2714
4729
4668
4607
4546
4485
6070
6009
5948
5887
5826
5765
5704
17944
17883
17822
17761
17700
17639
17578
17517
17456
17395
17334
17273
17212
17151
17090
17029
16968
16907
16602
11930
11869
11808
11747
11686
11625
11564
11503
11442
11381
11320
11259
13757
13696
13635
13574
13513
13452
1857
1796
2646
2585
2524
4863
4802
4741
4680
4619
6679
6618
6557
6496
6435
6374
6313
0
15709
15648
15587
15526
15465
15404
15343
15282
15221
15160
15099
15038
14977
14916
14855
14794
1746
1685
1886
1825
3938
3877
3816
3755
11297
11236
11175
11114
11053
10992
10931
10870
3774
3713
585
2800
2739
2678
539
5944
5883
5822
5761
5700
5639
4114
8860
8799
8738
8677
8616
8555
8494
8433
8372
18042
17981
17920
17859
17798
17737
17676
17615
17554
17493
17432
17371
17310
17249
17188
17127
2235
2174
3414
3353
3292
3231
0
11713
11652
11591
11530
11469
11408
11347
11286
11225
11164
11103
11042
7918
7857
7796
7735
7674
7613
7552
7491
9840
9779
9718
9657
5697
5636
5575
5514
5453
5392
6709
6648
6587
6526
6465
6404
6343
660
863
3699
3638
3577
3516
1748
1687
2513
2452
2391
15413
15352
15291
15230
15169
15108
15047
14986
14925
14864
14803
14742
14681
14620
14559
14498
4924
4863
4802
4741
4680
2747
2686
1715
1654
2194
2133
2072
9604
9543
9482
9421
9360
9299
9238
9177
9116
9055
4543
4482
4421
4360
4299
1478
1417
0
2708
2647
2586
2862
2801
2740
19786
19725
19664
19603
19542
19481
19420
19359
19298
19237
19176
19115
19054
18993
18932
18871
18810
18749
18688
18627
9367
0
0
2731
2670
2609
26413
26352
26291
26230
26169
26108
26047
25986
25925
25864
25803
25742
25681
25620
25559
25498
25437
25376
25315
25254
25193
25132
25071
25010
24949
24888
24827
0
1956
1895
2588
2527
11415
11354
11293
11232
11171
11110
11049
10988
10927
10866
10805
10744
0
4412
4351
4290
4229
4168
3219
3158
3097
3036
512
2960
2899
2838
1582
918
1109
1048
757
2831
2770
2709
1293
1232
0
2377
2316
2255
0
0
5620
5559
5498
5437
5376
5315
0
2465
2404
2343
1904
1843
1230
1169
0
4203
4142
4081
4020
3959
3
2259
2198
2137
0
296
0
2
0
0
0
0
0
0
0
5
0
0
0
0
0
0
1
4
0
0
0
0
0
411
458
410
504
765
681
372
644
140
78
0
0
0
0
0
0
0
2
0
0
0
0
0
0
164
6
0
0
0
0
0
0
0
10
0
0
0
0
0
0
1
0
0
0
0
0
0
1
8
0
0
0
0
0
0
0
6
0
0
168
398
0
0
103
0
202
0
0
0
0
0
6
0
0
0
0
0
0
0
65
451
173
532
295
641
673
355
754
833
137
400
0
0
0
8
0
0
0
0
0
0
0
5
0
0
0
0
0
0
0
8
0
0
0
0
0
0
3
11
0
0
0
0
0
0
5
0
0
0
0
0
0
0
2
0
0
0
0
0
0
0
3
0
0
0
0
0
0
5
10
0
0
0
0
0
0
6
0
0
0
0
0
0
0
3
0
0
0
0
0
0
0
6
0
0
0
0
0
0
0
5
0
0
0
0
0
0
3
0
0
0
0
0
0
2
5
0
0
0
0
0
0
1
8
0
0
0
0
0
0
0
10
0
0
0
0
0
0
2
0
0
0
0
0
0
0
2
0
0
0
0
0
0
0
2
0
0
0
0
0
0
0
4
0
0
0
0
0
0
4
0
0
0
0
0
0
0
4
0
0
0
0
0
0
0
8
0
0
0
0
0
0
1
12
0
0
0
0
0
0
3
0
0
0
0
0
0
0
0
0
0
0
0
0
0
0
4
0
0
0
0
0
0
0
4
0
0
0
0
0
0
0
0
0
0
0
0
0
0
10
0
0
0
0
0
0
0
6
0
0
0
0
0
0
1
10
0
0
0
0
0
0
4
0
0
74
197
0
0
0
0
0
0
0
0
0
0
0
0
0
0
0
0
0
0
0
3
0
0
0
0
0
0
0
5
0
0
0
0
0
0
0
0
0
0
0
0
0
0
1
0
0
0
0
0
0
0
8
0
0
0
0
0
0
0
5
233
0
69
0
0
537
333
0
2722
2661
2600
485
602
0
2825
2764
2703
23
102
193
65
0
216
354
264
902
361
779
33
2147
2086
2025
195
0
3034
2973
2912
2851
0
1635
1574
0
363
1938
1877
472
366
609
1212
1151
2955
2894
2833
1863
0
1472
1411
45
936
172
555
1835
1774
586
569
0
0
4420
4359
4298
4237
4176
0
3560
3499
3438
3377
0
0
1865
1804
0
0
0
4
0
0
0
0
0
0
0
4
0
0
0
0
0
0
0
0
0
0
0
0
0
0
5
0
0
0
0
0
0
0
10
0
0
0
0
0
0
0
10
0
0
0
0
0
0
0
0
0
0
0
0
0
0
1
0
0
0
0
0
0
0
2
0
0
0
0
0
0
1
13
0
0
0
0
0
0
0
0
0
0
0
0
0
0
7
0
0
0
0
0
0
0
6
0
0
0
0
0
0
0
11
0
76
511
162
881
574
582
633
656
424
660
666
288
794
697
480
0
2757
2696
2635
708
443
0
0
0
5882
5821
5760
5699
5638
5577
1194
635
0
0
0
7290
7229
7168
7107
7046
6985
6924
6863
0
0
0
4944
4883
4822
4761
4700
4650
2
2667
2606
2545
137
730
496
40
1790
1729
639
236
0
3828
3767
3706
3645
583
188
1883
1822
0
0
3766
3705
3644
3583
2785
2724
2663
189
756
439
0
0
9724
9663
9602
9541
9480
9419
9358
9297
9236
9175
0
0
6062
6001
5940
5879
5818
5757
5696
509
2615
2554
2493
1916
1855
15
0
2226
2165
2104
5876
5815
5754
5693
5632
5571
946
699
0
0
9963
9902
9841
9780
9719
9658
9597
9536
9475
9414
9113
0
8494
8433
8372
8311
8250
8189
8128
8067
8006
0
909
805
2909
2848
2787
924
0
651
806
2217
2156
2095
610
0
2320
2259
2198
0
1297
1236
481
15
0
43
0
0
0
4
0
0
0
0
0
0
1
0
0
0
0
0
0
0
1
0
0
0
0
0
0
0
4
0
0
0
0
0
0
0
7
0
0
17
131
210
90
594
257
630
189
416
284
9
0
1
0
0
0
0
0
0
0
0
0
0
0
0
0
0
0
5
0
0
0
0
0
0
0
0
0
0
0
0
0
0
1
0
120
0
0
0
0
132
214
0
0
0
0
0
0
0
6
0
0
0
0
0
0
1
0
0
0
0
0
0
0
2
0
0
0
0
0
0
0
3
0
0
0
0
0
0
0
7
0
0
0
0
0
0
2
0
0
0
0
0
0
0
0
0
0
186
318
168
705
582
79
1909
1848
244
578
0
0
4464
4403
4342
4281
4220
449
696
1521
1460
2911
2850
2789
565
276
0
2068
2007
1946
5708
5647
5586
5525
5464
5403
51
563
3162
3101
3040
2979
0
0
2685
2624
2563
0
0
1967
1906
1547
0
1095
1034
275
0
0
0
2
0
0
0
0
0
0
0
0
0
0
0
0
0
0
0
4
0
0
0
0
0
0
0
6
0
0
0
0
219
0
0
0
0
0
0
0
0
0
1
0
0
0
0
0
0
0
3
194
253
137
342
286
352
36
4
0
0
0
0
0
0
0
0
0
0
0
0
0
0
0
0
0
0
0
0
0
0
4
0
0
0
0
0
0
0
6
0
0
0
0
0
0
0
0
0
0
0
0
0
0
4
0
0
0
0
0
0
0
1
0
0
0
0
0
0
1
4
0
0
0
0
0
0
1
0
0
0
0
0
0
0
4
0
0
0
0
0
0
0
6
0
0
0
0
0
0
0
6
0
0
0
0
0
0
0
0
0
0
0
0
0
0
3
0
0
0
0
0
0
0
5
0
0
0
0
0
0
0
8
0
0
0
0
0
0
1
0
0
0
0
0
0
0
4
0
0
0
0
0
0
0
3
0
0
0
0
0
0
0
6
0
0
0
0
0
0
1
0
0
0
0
0
0
0
1
0
0
0
0
0
0
0
6
0
0
0
0
0
0
0
7
0
0
0
0
0
0
0
0
0
0
0
0
0
0
2
0
0
0
0
0
0
0
5
0
0
0
0
0
0
0
5
0
0
0
0
0
0
0
0
0
0
0
0
0
0
3
0
0
0
0
0
0
0
2
0
0
0
0
0
0
0
7
0
0
0
0
0
95
0
0
0
0
0
0
0
0
2
0
0
0
0
0
0
0
6
0
0
0
0
0
0
0
0
0
0
0
0
0
0
1
0
0
0
0
0
0
0
6
0
0
0
0
0
0
0
58
163
384
707
664
191
925
492
0
776
56
244
0
0
0
1
0
0
0
0
0
0
0
3
0
0
0
0
0
0
0
3
0
0
0
0
0
0
0
5
0
0
0
0
0
0
0
0
0
0
0
0
0
0
0
0
0
0
0
0
0
0
5
0
0
0
0
0
0
0
4
0
0
0
0
106
420
1
70
0
0
27
1026
1220
2220
3220
3352
2185
2191
648
1649
2648
3648
4648
4099
2991
1885
2882
3076
4077
5076
5332
5465
5535
6535
6790
6675
7302
8302
8992
9372
10124
11124
12124
13124
14124
15124
16124
