3.79617
3.04
3.68
3.36
2.4
3.2
3.28
3.04
3.65333
4.8
3.84
3.36
4.16
4.32
3.68
2.56
3.36
3.2
2.88
2.88
3.52
3.52
2.4
2.72
4.16
2.4
2.88
3.2
2.88
4.64
4.16
4.16
3.52
2.4
4
3.84
5.12
4
3.68
3.36
4.32
2.72
5.28
3.2
4.48
1.44
2.56
6.4
3.52
4.32
3.68
5.12
2.4
4.16
3.52
4.96
3.68
4.16
4
4.8
3.36
3.68
4
3.52
3.2
1.76
4.8
3.68
4.16
3.04
6.24
3.84
5.44
4.96
5.92
3.04
3.84
3.04
3.52
3.2
8.8
4
3.2
6.08
3.52
3.68
5.44
3.68
5.44
2.72
5.28
4.64
5.28
3.68
4.64
5.28
5.6
2.88
3.52
4.64
5.28
3.68
5.28
3.36
2.4
6.24
3.52
5.28
6.56
2.88
5.76
3.52
3.52
6.4
5.6
4.48
6.88
3.84
5.6
2.56
5.44
3.52
4.32
3.68
3.68
4.16
4.16
4.8
5.6
3.52
6.08
5.92
3.36
4
5.76
4.64
6.08
4.32
6.24
4.16
4.8
4.16
3.84
3.52
6.24
5.12
4.32
4.16
7.2
4.16
3.2
3.04
5.12
5.44
7.04
3.68
4.16
4.32
7.2
4.32
3.68
3.04
4.32
5.44
6.08
4
6.88
4.32
3.36
4.64
4.96
4.48
3.84
6.08
4.32
3.52
4.48
4.64
4.96
4.32
6.24
3.52
3.68
4
5.12
4.16
4.16
8
4.48
4.48
3.52
7.68
4.48
4.8
5.44
6.08
3.04
3.04
4.64
6.56
3.2
4.48
4
4.64
6.88
3.2
4.16
5.76
4.96
5.12
4.96
8
4.16
5.44
5.6
5.12
5.76
3.2
2.72
6.24
1.92
5.6
4
6.72
4.96
4.8
3.52
7.68
5.92
3.68
5.28
4.64
5.6
4.8
5.6
6.24
3.52
4.64
5.44
2.08
4.96
6.88
3.2
4.96
5.44
5.12
4.48
3.68
5.6
4.48
6.24
4.48
5.12
8.16
4.48
6.56
4.48
3.84
4.32
3.04
6.24
4.32
4
5.92
4.32
5.6
6.08
2.56
4.48
5.44
6.88
4.16
6.88
4.96
6.24
5.12
4.48
2.88
2.56
6.56
5.6
3.68
3.36
5.28
7.04
4
6.56
4.32
4
4
6.24
5.28
5.44
4.96
5.6
4.16
5.28
5.44
2.24
3.36
4.8
6.08
2.24
3.04
5.6
3.68
6.08
3.2
4.16
6.4
4.48
4.16
4.48
4.64
3.2
5.44
3.2
3.68
4
2.72
3.04
2.56
5.12
3.52
4.32
4.48
3.36
3.52
2.72
4.96
4.64
3.52
4.32
4.64
3.68
3.52
3.68
2.4
3.2
4.64
4.96
4.48
4.64
4.32
4.48
3.68
3.2
4.8
4.64
5.12
3.36
3.68
4.48
5.44
4
4.48
2.72
4
4.64
3.2
5.28
4.16
6.56
3.84
6.4
5.12
3.52
5.76
3.36
5.44
4.8
3.04
4.8
4
4
4.96
1.6
3.84
4.32
5.76
2.56
4.8
5.44
3.68
3.52
5.76
4.48
4.16
4.48
4.8
4.64
3.84
3.68
4.96
4.48
3.2
3.52
4.32
5.28
3.2
3.36
4.48
3.52
2.72
4.48
3.36
4.48
3.52
4.48
4.16
3.04
3.36
3.36
3.2
4.16
2.24
4.32
3.84
4
3.84
4.48
4
3.52
2.72
3.84
4
3.04
3.04
2.24
2.56
3.2
2.08
2.72
3.52
2.08
3.04
2.88
2.56
2.4
2.88
2.72
2.72
3.04
2.72
2.4
3.04
2.56
2.24
2.88
1.92
1.6
2.24
2.24
2.24
2.4
1.76
3.04
2.56
2.08
1.76
2.72
1.76
1.6
1.92
1.76
1.6
3.2
1.6
2.88
2.24
2.24
1.76
2.88
1.76
1.92
1.92
1.76
1.76
2.08
1.76
1.92
2.08
1.92
1.76
1.44
2.08
2.4
2.4
1.6
2.08
2.08
1.76
1.6
1.12
2.4
1.92
2.56
2.88
1.28
1.92
2.24
1.76
1.6
1.44
2.4
2.56
1.28
1.44
1.28
1.76
2.08
2.56
2.08
2.08
1.92
1.44
2.24
1.76
1.76
2.4
2.24
2.4
1.76
1.76
2.24
1.44
1.76
2.24
1.92
2.4
1.44
1.76
1.76
2.24
1.12
2.24
1.12
1.6
1.44
1.28
1.92
1.92
2.08
1.28
1.6
1.44
1.28
1.28
1.6
2.4
1.28
1.76
1.92
1.44
1.28
1.76
1.12
1.92
2.08
2.56
1.76
1.76
1.92
0.96
0.96
1.76
1.12
1.92
1.6
1.76
0.96
1.28
0.96
1.44
1.6
1.6
0.96
1.6
1.44
1.6
1.12
1.76
1.44
2.08
1.28
2.08
1.92
1.6
1.6
1.44
0.96
0.8
1.6
1.6
1.12
2.08
1.76
0.8
0.96
1.12
1.44
1.6
1.12
1.92
1.92
0.48
1.12
0.48
0.96
1.92
2.24
1.12
2.4
1.6
0.8
0.96
1.76
1.28
0.8
1.44
0.96
0.64
1.12
0.48
1.44
1.12
2.08
1.76
1.28
0.8
0.8
0.64
1.44
1.6
2.08
1.92
2.24
0.96
1.28
1.44
0.48
1.76
2.4
1.44
0.64
1.44
0.8
0.96
1.44
1.12
1.92
1.76
1.44
0.96
0.64
1.12
1.12
1.44
1.44
1.44
1.6
1.28
1.92
1.76
2.08
1.76
1.28
1.6
1.12
1.76
1.92
0.8
2.24
1.44
0.96
2.08
0.96
1.92
2.4
1.28
2.72
1.6
1.6
1.76
0.64
1.28
1.44
1.12
1.92
1.76
1.76
2.56
1.44
1.92
1.76
1.12
2.08
2.24
1.28
2.08
1.28
1.76
2.24
2.24
1.76
2.08
1.92
1.12
0.96
1.28
1.6
1.28
1.6
1.6
0.8
2.88
1.6
1.44
1.76
1.12
1.92
2.24
1.76
1.76
1.12
2.24
1.28
1.6
1.76
1.6
0.96
1.92
1.44
1.44
1.28
1.76
1.76
1.44
1.6
1.92
0.96
1.12
1.92
1.28
0.96
1.6
0.8
1.44
1.28
1.76
1.76
2.56
1.92
2.56
1.6
1.76
1.6
2.24
2.88
2.08
2.88
1.6
1.76
2.24
0.8
1.6
0.96
2.08
1.12
1.28
1.12
1.12
1.44
0.8
1.92
2.08
1.92
2.08
1.28
1.76
0.48
1.76
1.76
1.6
1.6
1.44
1.12
0.48
1.6
0.64
0.64
0.96
0.32
1.12
0.96
0.64
0.8
0.96
0.64
1.44
0.32
0.96
0.32
0.48
0.8
0.96
0.32
1.6
0.8
0.64
0.48
0.32
0.48
1.12
0.32
1.76
0.8
0.8
0.96
0.96
0.48
1.28
0.64
1.44
0.48
0.96
0.8
0.32
0.48
0.64
1.12
0.64
0.48
1.28
0.96
1.12
0.48
0.96
0.32
1.44
1.12
0.64
0.48
0.8
1.76
1.12
0.32
1.92
0.32
1.6
0.8
1.28
0.96
1.28
0.64
1.28
1.12
0.64
0.96
0.48
0.96
1.28
0.96
0.8
0.8
0.64
1.44
0.96
0.96
1.12
1.28
1.28
0.8
1.28
0.8
0.8
0.96
0.8
0.64
0.8
0.8
1.12
1.12
0.64
1.44
1.12
1.12
0.8
0.8
1.44
1.76
1.28
1.6
0.48
0.48
0.48
1.28
0.96
0.64
0.48
0.8
0.8
0.96
0.8
1.12
1.28
1.44
0.48
1.6
1.12
0.8
0.64
0.8
0.96
0.8
0.96
1.12
0.8
0.8
0.48
1.28
0.48
0.48
0.16
0.64
0.64
0.96
0.48
0.8
0.48
0.48
0.8
0.64
0.96
0.48
0.32
0.8
1.12
1.12
0.48
0.96
0.64
0.64
0.8
0.96
1.12
0
0.64
0.32
0.64
0.96
0.64
1.28
0.96
0.64
0.8
0.48
0.64
0.8
0.96
0.8
0.48
0.48
1.12
0.48
0.96
0.32
0.64
0.48
0.64
0.16
0.96
0.64
0.64
0.8
0.48
0.32
0.8
0.64
0.32
0.96
0.64
0.8
1.6
1.6
1.28
1.6
0.96
0.96
1.12
1.6
1.76
1.92
1.76
0.8
0.8
0.64
1.6
1.12
1.28
1.76
1.12
0.96
1.28
1.28
1.28
1.12
1.44
1.44
1.92
1.44
0.96
0.64
1.12
1.6
0.96
1.92
1.44
1.28
0.8
1.28
0.96
1.76
1.44
2.08
1.28
1.12
0.48
0.8
0.96
1.6
1.6
1.76
1.92
1.28
0.8
1.28
1.76
1.28
1.76
1.76
1.92
0.96
1.28
0.8
1.28
0.64
1.44
0.64
0.8
1.12
0.64
0.64
1.12
1.28
1.44
1.12
1.12
0.96
0.48
1.28
0.8
1.12
2.24
0.8
0.8
0.8
0.8
1.12
0.96
0.64
1.6
0.48
1.12
0.64
0.64
0.64
1.6
0.8
1.6
0.32
0.96
0.96
0
0.96
0.96
0.96
1.76
0.8
0.96
0.64
0.96
0.48
1.12
0.64
0.96
0.96
0.8
1.12
0.48
0.8
0.96
0.8
1.12
0.48
1.92
0.64
1.28
0.32
1.12
0.32
0.32
0.8
1.44
0.8
0.96
0.64
0.8
0.48
0.64
0.16
1.28
1.44
1.28
0.8
0.48
0.96
0.48
0.32
1.28
1.28
1.12
0.96
0.32
0.64
0.32
0.96
1.28
1.76
0.8
1.28
0.48
0.64
0.48
1.12
0.96
1.12
1.12
0.96
0.64
1.44
0.8
0.8
0.32
0.96
1.12
1.12
0.96
0.32
0.64
1.44
0.8
1.76
0.96
1.44
0.64
0.48
0.8
1.12
1.12
1.92
1.28
1.44
1.12
0.8
0.96
1.44
0.8
1.44
1.12
1.44
0.8
1.44
0.8
1.76
0.96
1.44
1.6
0.64
1.28
1.12
1.12
1.44
1.28
1.28
1.28
0.8
0.96
1.28
0.64
1.92
1.44
1.12
2.72
0.96
1.28
1.12
0.8
1.76
2.24
1.12
1.92
0.8
1.28
0.48
0.64
0.8
1.44
1.28
1.44
0.48
0.8
1.44
0.64
1.76
1.6
0.8
1.6
0.64
0.48
1.12
1.28
1.12
2.08
0.8
2.08
0.64
0.96
0.8
0.48
1.28
0.8
0.64
1.28
0.8
0.64
0.96
0.96
0.32
0.8
0.64
0.48
1.12
0.48
0.96
0.32
0.96
0.16
1.12
0.16
1.44
0.8
0.16
1.28
0.32
0.8
1.28
0.64
0.8
0.96
0.16
0.64
0.56
0.32
0.96
0.64
0.48
0.16
0.8
0.8
0.48
0.16
0.96
0.96
0.48
0.48
0.64
0.64
0.48
0.64
0.64
0.16
0.48
0.48
0.96
0.64
0.96
0.48
0.64
0.64
0.96
0.96
0.96
0.64
0.16
0.32
1.28
0.16
0.64
0.32
0.64
0.32
0.32
1.12
0.16
1.12
0.64
0.16
0.64
0.48
0.8
0.32
0.32
0.32
0.48
0.8
0.48
0.32
0.48
0.96
0.32
0.64
0.48
0.48
0.48
0.64
0.48
0.64
1.28
0.8
0.32
0.64
0.8
0.48
0.96
0.64
0.64
0.48
0.32
1.28
2.72
1.76
1.76
3.04
1.12
1.44
0.96
1.92
0
0.64
0.48
0.96
0.64
1.12
1.44
2.24
1.12
1.76
3.2
1.6
2.72
2.88
1.76
2.72
3.36
1.76
2.56
3.68
2.4
2.56
1.12
2.24
1.6
1.44
1.12
0.64
0.32
1.12
0.64
1.12
2.08
2.88
1.76
2.24
2.56
1.44
1.92
1.44
2.24
1.76
1.6
2.08
2.08
1.76
1.6
1.44
0.64
0.48
1.12
0.96
0
1.28
0.32
0.8
1.28
0.96
0.96
0.32
0.16
0.8
0.48
0.96
0.32
1.6
2.08
0.8
1.28
0.96
2.08
1.92
1.76
1.44
0.96
2.72
1.92
1.12
0.8
3.68
2.56
3.52
3.2
6.72
5.28
6.4
4.64
2.88
2.88
2.88
6.08
5.28
4.64
3.36
3.04
2.88
3.68
4.64
2.72
5.28
4.48
3.04
2.72
3.68
3.2
2.56
1.6
2.24
3.84
4.96
4.96
5.12
4.96
4.64
4.48
5.28
4.96
4.32
4.64
7.52
8.48
8.16
9.12
11.04
9.12
8.8
6.24
9.12
9.6
8.32
9.76
15.04
11.36
9.44
12.8
9.12
12.48
11.84
10.56
9.44
12.8
11.52
10.4
11.68
12.16
10.24
6.24
10.88
8.48
6.88
11.84
11.36
9.92
13.12
14.24
12.8
15.04
15.2
11.84
11.84
15.04
12.16
12.64
11.52
8.48
6.56
12.48
13.6
12
11.68
10.08
13.28
12
12.16
8.48
9.92
10.72
12.8
12.64
13.6
15.2
15.04
14.24
14.4
11.84
8.64
13.44
13.28
12.96
13.6
12
12
15.04
12.48
13.6
15.84
15.04
12.32
15.04
15.52
13.28
16
12.64
7.52
13.68
12.96
12.64
15.04
13.6
12.8
14.72
14.88
12.8
16.48
11.68
12.48
13.28
14.72
15.36
12.96
15.2
12.8
8
13.6
14.88
15.2
12
13.76
16.8
16.32
16.96
17.44
14.24
14.4
13.92
14.08
13.6
14.4
16.48
12
16.16
7.2
12.8
13.44
14.08
15.36
14.56
16.32
13.28
10.56
8
10.4
11.68
8.48
14.4
15.84
16
17.28
18.4
17.92
9.92
5.76
8.64
9.92
8.32
11.2
10.56
8
11.2
13.12
17.28
16.96
17.2267
14.48
14.2
15.2
14.72
14.24
12.2133
12
9.76
7.84
9.44
7.2
4.96
6.24
4.8
3.52
2.88
2.24
1.28
1.44
0.96
1.12
0.96
2.88
2.08
13.12
14.24
14.72
16.96
3.04
2.08
1.92
1.44
1.92
2.24
1.28
3.04
2.24
1.44
1.12
2.72
2.08
1.28
1.6
1.44
1.92
1.12
1.6
1.76
1.92
0.96
2.72
1.76
0.96
1.44
2.4
2.08
1.6
1.28
1.92
1.92
1.6
1.92
1.44
1.92
1.6
2.24
1.12
1.92
1.44
2.4
1.12
1.92
1.76
2.24
1.76
0.96
0.64
0.96
1.76
1.12
1.92
0.96
1.76
0.8
0.8
0.96
1.6
1.44
1.28
1.12
0.64
0.96
0.8
1.28
1.92
0.48
1.76
1.92
1.12
1.44
1.12
0.16
0.64
0.64
1.28
1.12
0.32
0.8
0.8
0.8
0.64
0.96
0.48
0.32
0.64
0.48
0.96
1.28
0.64
1.12
0.64
1.12
1.28
1.28
1.12
0.8
1.12
1.6
1.28
1.28
0.8
0.64
1.12
0.64
0.48
0.64
1.12
0.96
0.8
1.28
0.8
0.8
1.12
0.8
1.28
0.64
0.32
0.32
0.96
1.12
0.96
1.28
0.8
0.32
1.28
0.48
1.28
0.64
0.64
0.8
0.64
0.48
1.12
0.8
1.28
1.28
0.32
0.64
0.32
0.16
1.28
0.16
1.12
0.96
0.64
0.48
1.44
0.48
0.96
0.8
0.96
0.72
0.32
0.96
0.48
0.48
0.96
0.32
0.32
0.64
0.48
0.96
0.48
0.16
0.32
0.64
0.64
0.8
1.12
0.32
0.64
0.48
0.48
0.64
0.64
1.28
0.48
0.96
1.12
0.96
0.8
0.8
1.28
1.12
0.96
0.96
0.64
0.32
0.64
0.48
1.12
0.64
1.6
0.96
0.96
0.8
0.48
0.48
0.64
0.64
0.64
0.48
1.44
0.64
0.4
0.96
0.8
0.8
0
1.12
0.8
0.64
0.64
0.32
1.76
0.48
0.48
0.64
0.48
0.32
0.96
0.8
0.48
1.28
0.32
0.96
1.12
0.48
0.64
0.96
0.8
0.48
0.8
0.96
0.64
0.48
0.8
0.48
1.28
0.32
0.64
0.48
0.48
1.12
0.64
0.48
0.16
0.32
0.48
0.64
0.8
0.96
0.64
0.48
0.8
1.28
1.12
1.28
0.64
0.64
1.12
0.8
0.96
1.12
0.48
0.48
0.64
0.32
0.48
0.64
0.8
0.96
0.48
0.48
0.16
1.44
1.12
0.8
0.8
0.48
0.8
0.8
1.12
0.48
0.96
1.12
1.28
0.48
0.96
0.8
0.64
0.48
0.64
0.32
0.64
1.12
0.64
0.96
