0
52000
1000
680
320
0
245
756
0
0
0
415
589
0
0
570
1
426
0
723
277
0
0
0
999
0
0
0
1003
999
0
998
0
0
1000
0
0
0
0
1001
0
648
355
0
0
822
176
0
0
998
0
0
1001
0
1
1000
0
998
90
1
0
654
258
0
0
0
711
289
0
0
0
996
0
1002
0
1001
1000
1002
1001
997
1001
0
651
1006
1000
0
1002
1
1001
998
1001
999
1004
996
1000
1002
0
52
991
194
1001
0
1002
998
1000
577
427
56
998
1633
369
348
346
1000
3000
0
0
1000
969
41
148
2997
1000
0
1
1004
0
1000
1001
999
997
999
1001
999
1000
1000
1000
143
1000
1001
0
1003
796
1001
0
969
34
561
456
1161
0
1002
0
1000
1857
1142
0
1003
998
1999
1000
245
757
0
180
832
989
1004
1996
624
1001
2999
0
0
1000
817
189
1000
1511
1468
21
1000
578
426
507
664
1004
0
1000
998
1998
470
1001
1000
999
90
736
1001
0
1004
996
1000
1000
1002
0
1001
999
866
998
1002
998
1001
2001
997
986
16
1001
0
848
80
1000
1003
1001
0
596
1001
0
1001
999
3999
0
0
1000
1003
0
322
1068
1610
1000
556
453
993
1789
1208
1000
931
71
2002
254
745
0
1002
1000
0
999
120
1001
1002
833
1001
0
676
1
1005
1994
277
1100
1624
0
506
1000
2000
0
1002
0
999
59
995
2786
213
1000
1000
1004
1996
0
850
152
999
1000
1709
1252
1037
956
48
613
826
26
1001
0
1002
588
640
1003
0
999
2001
997
282
719
1005
0
2995
197
803
1000
1004
0
1000
1692
1000
1001
0
1001
808
997
1170
998
1000
1000
1004
0
1001
222
778
878
1000
1002
1330
0
1004
0
1000
1001
1001
1002
1777
220
541
460
406
2000
999
650
1029
1000
1005
0
1000
1000
145
1
1001
1001
999
1000
290
1
1002
1003
105
1002
0
832
810
195
996
1000
1001
1000
999
1000
1003
1001
614
762
998
1006
998
1000
998
1002
999
1000
1001
999
1000
1000
1001
998
1001
1001
1003
997
1001
999
1001
997
1000
1001
1002
998
1001
999
1002
521
719
993
1008
1001
1000
998
1004
997
1001
998
1004
997
1001
999
1003
998
1000
999
1029
972
1000
999
1028
973
1000
999
1003
998
1000
999
1003
998
1000
999
1003
1025
973
999
1003
998
1000
1027
974
1027
1000
999
1001
1000
971
1028
1000
973
1027
972
1000
1032
1033
964
971
1029
1037
1004
964
998
1001
996
1004
1037
1110
886
968
1067
965
964
1073
1037
894
1131
900
964
1003
1004
994
1184
852
967
1004
964
1000
1000
1027
973
1000
1000
1000
1000
1000
1000
1000
1000
1000
1000
1000
1000
1000
1000
1000
1000
1000
1000
1000
1000
998
1001
1000
999
999
1001
999
1001
999
1001
999
1001
999
1001
999
1001
999
1001
999
1001
998
1002
1000
1000
999
1001
1000
999
1000
1000
998
1000
1001
997
1001
999
1001
999
1001
1000
1000
1000
1001
999
1000
1000
1001
999
1000
1001
1000
1000
1000
1000
1000
1000
1000
1000
1000
1001
999
1000
1000
1000
1000
1000
999
1001
1000
999
1000
1001
1000
999
1000
1001
1000
999
1000
1000
1001
1000
1000
1000
1000
1000
1000
1000
1000
1000
1000
1000
1000
1000
999
1001
1000
1000
1000
1000
1000
1000
1000
1001
999
1000
1001
999
1002
998
1001
999
1001
998
1001
1000
1000
999
1001
1000
1019
1004
0
1001
1000
999
1001
1000
1000
1001
999
1000
1001
1000
999
1000
1001
1000
999
1000
1002
999
999
1000
1001
1000
999
1001
1000
1000
999
1000
1001
1000
999
1000
1001
1000
999
1000
1001
1000
999
1000
1001
1000
999
1000
1001
1000
999
1000
1001
1000
999
1000
1015
986
999
1000
1033
968
999
1032
969
1000
1068
1420
543
610
899
998
1032
969
1000
1031
969
1000
999
1016
985
999
1000
1069
926
1991
1030
0
981
864
1005
0
1000
1001
998
1032
969
1001
1031
968
1031
1075
962
1095
158
1818
1026
1038
0
968
1105
926
1073
1427
1235
1299
0
825
1072
0
1
2126
0
1149
0
1076
0
931
1000
1165
834
1168
927
1002
0
1030
1040
963
1004
997
999
1113
883
1218
779
1357
2815
0
0
1078
107
1007
993
1009
999
999
1002
998
1001
1033
997
1035
926
2934
0
1071
0
1009
0
1001
1028
1003
997
1075
875
1046
0
1066
929
1001
1328
861
2199
0
1254
1322
0
1009
0
1002
998
1000
1001
1000
1000
1000
1034
966
1031
1183
2693
0
0
1317
0
1041
0
1000
996
1005
1554
1289
438
687
992
1186
852
1036
926
1926
734
1556
0
764
1009
1077
956
996
1003
1108
889
1005
1068
963
599
2023
0
1215
1165
0
2163
0
887
958
1001
1033
992
1112
925
967
1006
1031
996
967
1036
1001
1450
1450
1014
849
1508
0
930
762
1002
1000
1001
2229
0
0
1000
766
4539
0
0
0
0
706
347
1011
0
1000
1000
998
1034
999
997
1000
1435
1565
0
1009
0
1029
1000
1000
1000
1106
934
1108
1982
0
1338
0
1041
0
968
1029
1040
961
999
1037
2590
0
0
1584
0
829
1041
1033
1362
908
1078
713
934
1082
345
2093
0
874
1002
722
1000
1012
994
1144
814
1559
0
1852
0
1621
665
400
1127
1512
2041
0
1426
0
883
834
1000
4295
0
0
0
0
714
999
3073
0
0
1382
0
1075
0
1567
1285
0
435
1858
0
1363
0
272
1320
2806
0
0
1183
1288
0
1130
0
1059
384
1715
0
316
3842
0
0
0
1256
0
991
1010
1028
1000
1073
1622
1266
0
2017
0
1191
0
1222
0
1000
451
2639
0
0
2789
0
1132
0
1010
0
1027
1831
1566
0
1159
2217
0
1216
0
1075
0
1000
295
158
4508
0
0
0
0
839
1009
1031
993
1036
1078
894
818
1750
0
1415
1015
1000
1000
4939
0
0
0
0
1071
0
992
1047
962
1027
973
1068
996
1108
900
814
1224
1
2898
0
1139
0
926
924
964
2772
0
1992
0
1267
0
1041
0
1058
1681
1220
322
520
3669
0
0
0
812
1007
1029
1005
1109
887
1209
446
982
4820
0
0
0
0
1190
0
1012
0
998
1033
1030
1112
207
1843
0
1982
0
1201
841
967
1106
934
1067
852
1955
1041
4165
0
0
0
0
875
970
1001
1000
1028
1001
1040
979
1468
403
1108
1294
1818
0
2113
0
1075
0
1006
0
1007
997
1001
998
1002
999
1035
1425
1087
1280
0
929
1038
1911
1241
0
1007
0
1068
935
1001
996
1004
1102
926
998
1004
1000
1525
1338
1136
0
1074
0
966
1035
963
1297
1361
1309
0
1012
0
996
1002
998
1004
996
1002
999
1003
166
960
968
1032
999
983
988
1033
966
1030
971
1003
996
1002
998
1005
996
1001
998
1005
996
1001
998
1005
996
1001
998
1005
996
1001
998
1005
996
1031
968
1101
0
1038
0
1219
750
1001
998
1051
975
1008
1037
960
1003
1034
1037
1025
938
988
980
1613
1719
0
1416
0
1013
0
995
1002
999
1003
996
1002
999
1003
996
1002
999
1003
996
1002
999
1003
996
1002
999
1003
996
1002
999
1236
0
1009
0
1002
997
1002
998
1002
998
1002
998
1029
1003
997
1004
999
1816
1151
0
1039
0
998
973
1027
1045
1053
2057
0
0
715
2057
0
1246
0
1038
0
971
1029
1051
949
1038
1664
0
1416
1121
0
1095
0
542
1263
0
858
1307
1034
1428
0
1008
0
1000
1084
916
1001
1054
973
80
2241
0
1156
1332
0
1038
0
1004
996
971
1029
1095
1184
971
2031
0
1190
0
1038
0
999
969
1001
1031
1000
1036
966
965
1031
1000
1000
1004
966
1104
1023
665
1074
0
961
973
999
999
1001
1000
997
1000
1001
1000
999
1000
1001
1000
999
1000
1001
998
1000
1001
1000
999
999
1000
1002
998
1000
1001
1000
999
1001
1000
999
1001
999
1000
1000
1000
1000
1000
1000
1000
1001
999
1000
1000
1001
999
1000
1000
1001
999
1000
1000
1001
999
1000
1000
1000
1000
1001
999
18
1000
1002
0
1000
1000
1000
1000
1000
1000
1001
999
1000
1000
1000
1000
1000
1000
1000
1000
1000
1000
1000
1000
1000
1000
1001
999
1000
1000
1000
1000
1000
1000
1000
1000
1000
1000
1000
1001
999
1000
232
189
78
1029
1136
999
1002
0
1000
1000
1000
1000
1000
1000
1000
1001
1001
998
1000
1001
1000
999
1001
999
1002
998
1001
22
1000
1003
0
999
1001
1000
1000
999
1002
998
1106
0
1002
0
1001
1001
0
1001
0
1001
0
704
298
990
999
1001
1000
1001
0
1001
0
1001
0
1001
0
1001
0
1001
0
1001
0
1001
0
1001
0
1001
0
1001
0
1001
0
1001
0
1000
1000
1001
0
1001
0
1001
0
1001
0
1001
0
1001
0
1001
0
1001
0
1001
0
1001
0
1001
0
1001
0
1001
0
1001
0
1001
0
1000
1001
1000
1001
998
1001
1000
1001
998
1001
999
1079
999
1002
0
1002
1000
999
999
1002
998
1001
999
1002
998
1001
999
1002
998
1001
999
1002
999
1000
999
1001
1000
999
1000
1001
1000
999
1000
1001
999
1286
0
1002
0
1000
1000
1001
1000
1000
999
1001
999
1001
999
1000
1000
1000
1000
1000
1000
1000
1000
1000
1000
1000
1000
1000
1000
1000
1000
1000
908
93
940
1049
920
1000
1000
1000
1000
1000
1000
1000
1000
661
340
1001
1001
0
1001
999
1000
1000
1000
1000
1000
1000
1000
1000
1000
1000
1000
1000
1000
1000
1000
1000
1000
1000
1000
1000
1000
1001
1146
0
1002
0
1000
1000
1000
1000
1001
999
1000
1000
1000
1000
1000
1000
1000
1000
1000
1000
1000
1000
1000
1000
1000
1000
1000
1000
1000
1000
1000
1000
1000
1000
1000
1000
1000
1000
1000
1000
1000
74
1001
0
1001
999
1000
1000
1001
999
1000
1000
1002
998
1000
1000
1001
999
1000
1000
1000
1000
1000
1000
1000
1000
1000
1049
1000
1002
0
1000
1000
1000
1000
1000
1000
1000
1001
999
1000
1000
1000
1000
1000
1000
1000
1001
1001
0
1001
0
1001
0
1001
0
1000
1000
1002
0
1001
0
1001
0
1000
1000
1001
0
1001
0
1001
0
1000
1000
1001
0
1001
0
1001
0
1001
0
1001
0
1001
0
1001
0
1001
0
1001
0
1003
0
999
999
1003
0
1001
0
1001
0
1000
1000
1002
0
1000
999
1003
0
1001
0
1000
1000
1001
0
1001
0
1001
0
1001
0
1001
0
1001
0
1001
0
1000
1000
1000
1000
1002
0
1001
0
1000
1000
1002
0
1002
0
999
1000
1000
1000
1000
1001
999
1000
1002
0
1002
0
999
1000
1000
1000
1002
0
1001
0
1001
999
1001
0
1001
0
1001
0
1001
0
1001
0
1001
0
1001
0
1001
999
999
1000
1001
1000
999
1000
1001
999
1000
1000
1002
0
137
1000
1002
0
1001
0
1001
0
112
1000
1000
1001
1000
1000
1001
0
1001
0
1001
0
1001
0
1000
1000
1001
0
1000
1000
1000
1000
1000
1001
1000
1000
1000
1000
964
37
1000
1001
1000
1000
1000
1001
0
954
47
1000
1001
1000
1000
1000
1000
1000
1000
807
194
1000
1001
1000
1000
1000
1000
1000
1000
1000
1000
1000
1000
1000
1000
1000
1000
1000
1000
1000
1000
1000
1000
1000
1000
1000
1000
1000
1000
1000
1000
1000
1000
1000
1000
1000
1000
1000
1000
1000
1000
1000
1000
1000
1000
1000
1000
1000
1000
1000
1000
1000
1000
1000
1000
1000
1000
1000
1001
0
1000
1000
1001
0
1000
1000
1001
0
1000
1000
1001
0
1001
0
1001
0
1000
1000
1001
0
1000
1000
1001
0
1000
1000
1001
0
1000
1000
1001
0
1000
1000
1001
0
1023
1001
1001
0
1000
1000
1001
0
1000
1001
0
1000
1001
0
1001
0
1000
1000
1000
1000
1000
1000
1000
1001
0
1000
1000
1000
1000
1000
1000
1000
1000
1000
1000
1000
1000
1000
1000
1000
1000
1000
1000
1000
1000
1000
1000
1000
1000
1000
1000
1000
1000
1000
1000
1000
1000
1000
1000
1000
1000
1000
1000
995
1004
999
1001
999
1000
912
1090
998
1000
1000
1000
1000
1000
1000
1000
1000
1000
1000
1000
1000
1000
1000
1000
1000
1000
1000
1000
1000
980
1020
1000
1000
1000
1000
1000
1000
1000
1000
1000
1000
1000
1000
1000
1000
1000
1000
1000
1000
1000
1000
1000
1000
1000
1001
999
1000
1000
1000
791
1209
1000
1000
1000
1000
1000
1000
1001
999
1000
1000
1000
1000
1000
1000
1000
1000
1000
1000
1000
1000
1000
1000
918
1082
1000
1000
1000
1000
1000
875
935
1190
1000
1000
1000
1000
1000
1000
1000
1000
1000
1000
1000
1000
1000
1000
1000
1000
950
1050
1000
1000
1000
1000
1000
1000
1000
1000
1000
1000
1000
1000
1000
1000
1000
1000
1000
1000
1000
1001
999
1000
1000
1000
1000
1000
1000
1000
1000
1000
1000
1000
1000
1000
1000
1000
1000
1000
1000
1000
1000
1000
1000
1000
1000
1000
1000
1000
1000
1000
1000
1000
1000
1000
1000
1000
1000
1000
1000
1000
1000
1000
1000
1000
1000
1000
1000
1000
1000
1000
1000
1000
1000
1000
1000
1000
1000
1000
1000
1000
1000
1000
1000
1000
1000
996
1004
1000
1000
1000
1000
1000
1000
1000
1000
1000
1000
1000
1000
1000
1000
1000
1000
1000
1000
1001
912
1087
1000
1000
1000
1000
1000
1000
1000
1000
1000
1000
1000
1000
1000
1000
1000
1000
1001
999
1000
1000
1000
1000
1000
1000
1000
1000
1000
1000
1000
1000
1000
1000
1000
1000
1000
1000
1000
1000
1000
1000
1000
1000
1000
1000
1000
1000
0
0
0
0
746
601
691
351
755
0
0
6157
6106
6055
6004
5953
5902
5851
0
889
0
6661
6610
6559
6508
6457
6406
6355
1206
1155
0
0
7770
7719
7668
7617
7566
7515
7464
7413
0
1650
1599
2890
2839
2788
40
175
0
0
0
0
3
0
0
0
0
0
0
0
0
0
0
0
0
6
0
0
0
2
0
0
0
0
0
0
0
0
4
0
0
0
3
0
0
0
0
0
0
0
0
9
0
0
0
0
0
0
0
0
0
0
0
0
6
0
0
0
3
0
0
0
0
0
0
0
0
5
0
0
0
0
0
0
0
0
0
0
0
0
4
0
0
0
2
0
0
0
0
0
0
0
0
4
0
0
0
0
0
0
0
0
0
0
0
0
3
0
0
0
0
0
0
0
0
0
0
0
0
1
0
0
0
4
0
0
0
0
0
0
0
0
4
0
0
0
3
0
0
0
0
0
0
0
0
3
0
0
0
0
0
0
0
0
0
0
0
0
5
0
0
0
1
0
0
0
0
0
0
0
0
7
0
0
0
1
0
0
0
0
0
0
0
0
5
0
0
0
1
0
0
0
0
0
0
0
0
4
0
0
0
0
0
0
0
0
0
0
0
0
6
0
0
0
2
0
0
0
0
0
0
0
0
3
0
0
0
2
0
0
0
0
0
0
0
0
2
0
0
0
1
0
0
0
0
0
0
0
0
7
0
0
0
1
0
0
0
0
0
0
0
0
3
0
0
0
0
0
0
0
0
0
0
0
0
5
0
0
0
1
0
0
0
0
0
0
0
0
3
0
0
0
0
0
0
0
0
0
0
0
0
4
0
0
0
1
0
0
0
0
0
0
0
0
8
0
0
0
1
0
0
0
0
0
0
0
0
5
0
0
0
0
0
0
0
0
0
0
0
0
5
0
0
0
1
0
0
0
0
0
0
0
0
4
0
0
0
3
0
0
0
0
0
0
0
0
5
0
0
0
0
0
0
0
0
0
0
0
0
3
0
0
0
0
0
0
0
0
0
0
0
0
3
0
0
0
2
0
0
0
0
0
0
0
0
4
0
0
0
2
0
0
0
0
0
0
0
0
3
0
0
0
1
0
0
0
0
0
0
0
0
5
0
0
0
1
0
0
0
0
0
0
0
0
2
0
0
0
0
0
0
0
0
0
0
0
0
6
0
0
0
3
0
0
0
0
0
0
0
0
3
0
0
0
0
0
0
0
0
0
0
0
0
4
0
0
0
0
0
0
0
0
0
0
0
0
3
0
0
0
1
0
0
0
0
0
0
0
0
4
0
0
0
3
0
0
0
0
0
0
0
0
6
0
0
0
0
0
0
0
0
0
0
0
0
0
0
0
0
4
0
0
0
0
0
0
0
0
3
0
0
0
1
0
0
0
0
0
0
0
0
4
0
0
0
4
0
0
0
0
0
0
0
0
4
0
0
0
1
0
0
0
0
0
0
0
0
1
0
0
0
1
0
0
0
0
0
0
0
0
9
0
0
0
2
0
0
0
0
0
0
0
0
4
0
0
0
1
0
0
0
0
0
0
0
0
5
0
0
0
1
0
0
0
0
0
0
0
0
5
0
0
0
2
0
0
0
0
0
0
0
0
5
0
0
0
0
0
0
0
0
0
0
0
0
4
0
0
0
0
0
0
0
0
0
0
0
0
3
0
0
0
0
0
0
0
0
0
0
0
0
3
0
0
0
1
0
0
0
0
0
0
0
0
4
0
0
0
0
0
0
0
0
0
0
0
0
4
0
0
0
1
0
0
0
0
0
0
0
0
2
0
0
0
0
0
0
0
0
0
0
0
0
4
0
0
0
0
0
0
0
0
0
0
0
0
5
0
0
0
0
0
0
0
0
0
0
0
0
3
0
0
0
0
0
0
0
0
0
0
0
0
6
0
0
0
0
0
0
0
0
0
0
0
0
7
0
0
0
0
0
0
0
0
0
0
0
0
5
0
0
0
0
0
0
0
0
0
0
0
0
4
0
0
0
0
0
0
0
0
0
0
0
0
8
0
0
0
0
0
0
0
0
0
0
0
0
5
0
0
0
0
0
0
0
0
0
0
0
0
4
0
0
0
0
0
0
0
1
0
0
0
0
2
0
0
0
0
0
0
0
0
0
0
0
0
2
0
0
0
1
0
0
0
0
0
0
0
0
3
0
0
0
3
0
0
0
0
0
0
0
0
6
0
0
0
3
0
0
0
0
0
0
0
0
4
0
0
0
2
0
0
0
0
0
0
0
0
7
0
0
0
0
0
0
0
0
0
0
0
0
5
0
0
0
0
0
0
0
0
0
0
0
0
3
0
0
0
1
0
0
0
0
0
0
0
0
4
0
0
0
1
0
0
0
0
0
0
0
0
4
0
0
0
0
0
0
0
0
0
0
0
0
6
0
0
0
2
0
0
0
0
0
0
0
0
6
0
0
0
3
0
0
0
0
0
0
0
0
3
0
0
0
0
0
0
0
0
0
0
0
0
4
0
0
0
0
0
0
0
0
0
0
0
0
1
0
0
0
0
0
0
0
0
0
0
0
0
5
0
0
0
1
0
0
0
0
0
0
0
0
3
0
0
0
1
0
0
0
0
0
0
0
0
8
0
0
0
0
0
0
0
0
0
0
0
0
2
0
0
0
0
0
0
0
0
0
0
0
0
4
0
0
0
1
0
0
0
0
0
0
0
0
7
0
0
0
0
0
0
0
0
0
0
0
0
9
0
0
0
0
0
0
0
0
0
0
0
0
0
0
0
0
0
0
0
0
0
0
0
0
0
6
0
0
0
0
0
0
0
0
0
0
0
0
5
0
0
0
0
0
0
0
0
0
0
0
0
5
0
0
0
2
0
0
0
0
0
0
0
0
6
0
0
0
4
0
0
0
1
0
0
0
0
4
0
0
0
0
0
0
0
0
0
0
0
0
8
0
0
0
2
0
0
0
0
0
0
0
0
7
0
0
0
0
0
0
0
0
0
0
0
0
0
0
0
0
0
0
0
0
0
0
0
0
0
4
0
0
0
1
0
0
0
0
0
0
0
0
6
0
0
0
1
0
0
0
0
0
0
0
0
5
0
0
0
0
0
0
0
0
0
0
0
0
7
0
0
0
1
0
0
0
0
0
0
0
0
3
0
0
0
0
0
0
0
0
0
0
0
0
1
0
0
0
2
0
0
0
0
0
0
0
0
5
0
0
0
2
0
0
0
0
0
0
0
0
3
0
0
0
0
0
0
0
0
0
0
0
0
2
0
0
0
0
0
0
0
0
0
0
0
0
2
0
0
0
1
0
0
0
0
0
0
0
0
3
0
0
0
1
0
0
0
0
0
0
0
0
6
0
0
0
1
0
0
0
0
0
0
0
0
5
0
0
0
1
0
0
0
0
0
0
0
0
3
0
0
0
0
0
0
0
0
0
0
0
0
5
0
0
0
0
0
0
0
0
0
0
0
0
4
0
0
0
0
0
0
0
0
0
0
0
0
2
0
0
0
2
0
0
0
0
0
0
0
0
6
0
0
0
1
0
0
0
0
0
0
0
0
4
0
0
0
3
0
0
0
0
0
0
0
0
6
0
0
0
3
0
0
0
0
0
0
0
0
1
0
0
0
2
0
0
0
0
0
0
0
0
5
0
0
0
0
0
0
0
0
0
0
0
0
7
0
0
0
2
0
0
0
0
0
0
0
0
5
0
0
0
0
0
0
0
0
0
0
0
0
7
0
0
0
3
0
0
0
0
0
0
0
0
3
0
0
0
0
0
0
0
0
0
0
0
0
6
0
0
0
0
0
0
0
0
0
0
0
0
2
0
0
0
0
0
0
0
0
0
0
0
0
5
0
0
0
1
0
0
0
0
0
0
0
0
3
0
0
0
0
0
0
0
0
0
0
0
0
4
0
0
0
0
0
0
0
0
0
0
0
0
5
0
0
0
0
0
0
0
0
0
0
0
0
4
0
0
0
0
0
0
0
0
0
0
0
0
2
0
0
0
1
0
0
0
0
0
0
0
0
7
0
0
0
0
0
0
0
0
0
0
0
0
4
0
0
0
1
0
0
0
0
0
0
0
0
4
0
0
0
0
0
0
0
0
0
0
0
0
6
0
0
0
0
0
0
0
0
0
0
0
0
1
0
0
0
0
0
0
0
0
0
0
0
0
7
0
0
0
0
0
0
0
0
0
0
0
0
4
0
0
0
0
0
0
0
0
0
0
0
0
7
0
0
0
2
0
0
0
0
0
0
0
0
5
0
0
0
3
0
0
0
0
0
0
0
0
8
0
0
0
0
0
0
0
0
0
0
0
0
7
0
0
0
0
0
0
0
1
0
0
0
0
6
0
0
0
0
0
0
0
0
0
0
0
0
3
0
0
0
0
0
0
0
0
0
0
0
0
5
0
0
0
0
0
0
0
0
0
0
0
0
4
0
0
0
0
0
0
0
0
0
0
0
0
2
0
0
0
1
0
0
0
0
0
0
0
0
8
0
0
0
2
0
0
0
0
0
0
0
0
4
0
0
0
0
0
0
0
0
0
0
0
0
5
0
0
0
0
0
0
0
0
0
0
0
0
3
0
0
0
2
0
0
0
0
0
0
0
0
5
0
0
0
0
0
0
0
0
0
0
0
0
5
0
0
0
1
0
0
0
0
0
0
0
0
5
0
0
0
5
0
0
0
0
0
0
0
0
5
0
0
0
0
0
0
0
0
0
0
0
0
6
0
0
0
0
0
0
0
0
0
0
0
0
6
0
0
0
0
0
0
0
0
0
0
0
0
4
0
0
0
0
0
0
0
0
0
0
0
0
7
0
0
0
1
0
0
0
0
0
0
0
0
2
0
0
0
1
0
0
0
0
0
0
0
0
5
0
0
0
2
0
0
0
0
0
0
0
0
4
0
0
0
0
0
0
0
0
0
0
0
0
5
0
0
0
0
0
0
0
0
0
0
0
0
3
0
0
0
1
0
0
0
0
0
0
0
0
1
0
0
0
1
0
0
0
0
0
0
0
0
3
0
0
0
0
0
0
0
0
0
0
0
0
5
0
0
0
0
0
0
0
2
0
0
0
0
4
0
0
0
1
0
0
0
0
0
0
0
0
4
0
0
0
3
0
0
0
0
0
0
0
0
4
0
0
0
1
0
0
0
0
0
0
0
0
4
0
0
0
0
0
0
0
0
0
0
0
0
6
0
0
0
0
0
0
0
0
0
0
0
0
3
0
0
0
2
0
0
0
0
0
0
0
0
5
0
0
0
3
0
0
0
0
0
0
0
0
3
0
0
0
1
0
0
0
0
0
0
0
0
3
0
0
0
1
0
0
0
0
0
0
0
0
5
0
0
0
3
0
0
0
0
0
0
0
0
3
0
0
0
0
0
0
0
0
0
0
0
0
5
0
0
0
0
0
0
0
0
0
0
0
0
3
0
0
0
2
0
0
0
0
0
0
0
0
6
0
0
0
0
0
0
0
0
0
0
0
0
4
0
0
0
4
0
0
0
0
0
0
0
0
5
0
0
0
0
0
0
0
0
0
0
0
0
5
0
0
0
0
0
0
0
0
0
0
0
0
4
0
0
0
0
0
0
0
0
0
0
0
0
4
0
0
0
1
0
0
0
0
0
0
0
0
3
0
0
0
1
0
0
0
0
0
0
0
0
6
0
0
0
1
0
0
0
0
0
0
0
0
6
0
0
0
0
0
0
0
0
0
0
0
0
6
0
0
0
0
0
0
0
0
0
0
0
0
3
0
0
0
1
0
0
0
0
0
0
0
0
2
0
0
0
1
0
0
0
0
0
0
0
0
4
0
0
0
2
0
0
0
0
0
0
0
0
3
0
0
0
1
0
0
0
0
0
0
0
0
6
0
0
0
2
0
0
0
0
0
0
0
0
3
0
0
0
0
0
0
0
0
0
0
0
0
5
0
0
0
0
0
0
0
0
0
0
0
0
4
0
0
0
1
0
0
0
0
0
0
0
0
2
0
0
0
1
0
0
0
0
0
0
0
0
5
0
0
0
5
0
0
0
0
0
0
0
0
7
0
0
0
2
0
0
0
0
0
0
0
0
5
0
0
0
1
0
0
0
0
0
0
0
0
6
0
0
0
0
0
0
0
0
0
0
0
0
5
0
0
0
4
0
0
0
0
0
0
0
0
6
0
0
0
0
0
0
0
0
0
0
0
0
6
0
0
0
0
0
0
0
0
0
0
0
0
5
0
0
0
2
0
0
0
0
0
0
0
0
4
0
0
0
0
0
0
0
0
0
0
0
0
6
0
0
0
0
0
0
0
0
0
0
0
0
3
0
0
0
1
0
0
0
0
0
0
0
0
3
0
0
0
0
0
0
0
0
0
0
0
0
4
0
0
0
1
0
0
0
0
0
0
0
0
1
0
0
0
0
0
0
0
0
0
0
0
0
4
0
0
0
0
0
0
0
0
0
0
0
0
3
0
0
0
1
0
0
0
0
0
0
0
0
5
0
0
0
2
0
0
0
0
0
0
0
0
5
0
0
0
1
0
0
0
0
0
0
0
0
3
0
0
0
0
0
0
0
0
0
0
0
0
6
0
0
0
3
0
0
0
0
0
0
0
0
7
0
0
0
0
0
0
0
0
0
0
0
0
5
0
0
0
0
0
0
0
0
0
0
0
0
4
0
0
0
1
0
0
0
0
0
0
0
0
4
0
0
0
0
0
0
0
0
0
0
0
0
3
0
0
0
2
0
0
0
0
0
0
0
0
7
0
0
0
0
0
0
0
0
0
0
0
0
5
0
0
0
0
0
0
0
0
0
0
0
0
3
0
0
0
0
0
0
0
0
0
0
0
0
4
0
0
0
0
0
0
0
0
0
0
0
0
0
0
0
0
0
0
0
0
0
0
0
0
0
5
0
0
0
2
0
0
0
0
0
0
0
0
2
0
0
0
2
0
0
0
0
0
0
0
0
6
0
0
0
1
0
0
0
0
0
0
0
0
2
0
0
0
0
0
0
0
0
0
0
0
0
2
0
0
0
0
0
0
0
0
0
0
0
0
4
0
0
0
1
0
0
0
0
0
0
0
0
3
0
0
0
1
0
0
0
0
0
0
0
0
5
0
0
0
0
0
0
0
0
0
0
0
0
6
0
0
0
0
0
0
0
0
0
0
0
0
3
0
0
0
1
0
0
0
0
0
0
0
0
4
0
0
0
0
0
0
0
0
0
0
0
0
5
0
0
0
0
0
0
0
0
0
0
0
0
5
0
0
0
0
0
0
0
0
0
0
0
0
6
0
0
0
1
0
0
0
0
0
0
0
0
7
0
0
0
4
0
0
0
0
0
0
0
0
4
0
0
0
0
0
0
0
0
0
0
0
0
4
0
0
0
1
0
0
0
0
0
0
0
0
3
0
0
0
0
0
0
0
0
0
0
0
0
2
0
0
0
2
0
0
0
0
0
0
0
0
5
0
0
0
0
0
0
0
0
0
0
0
0
6
0
0
0
0
0
0
0
0
0
0
0
0
2
0
0
0
0
0
0
0
0
0
0
0
0
4
0
0
0
1
0
0
0
0
0
0
0
0
4
0
0
0
0
0
0
0
0
0
0
0
0
2
0
0
0
1
0
0
0
0
0
0
0
0
4
0
0
0
1
0
0
0
0
0
0
0
0
7
0
0
0
1
0
0
0
0
0
0
0
0
3
0
0
0
0
0
0
0
0
0
0
0
0
5
0
0
0
0
0
0
0
0
0
0
0
0
3
0
0
0
0
0
0
0
0
0
0
0
0
4
0
0
0
1
0
0
0
0
0
0
0
0
7
0
0
0
0
0
0
0
0
0
0
0
0
4
0
0
0
0
0
0
0
0
0
0
0
0
3
0
0
0
0
0
0
0
0
0
0
0
0
6
0
0
0
0
0
0
0
0
0
0
0
0
2
0
0
0
1
0
0
0
0
0
0
0
0
5
0
0
0
0
0
0
0
0
0
0
0
0
4
0
0
0
0
0
0
0
0
0
0
0
0
5
0
0
0
0
0
0
0
0
0
0
0
0
6
0
0
0
2
0
0
0
0
0
0
0
0
3
0
0
0
0
0
0
0
0
0
0
0
0
7
0
0
0
0
0
0
0
0
0
0
0
0
4
0
0
0
1
0
0
0
0
0
0
0
0
4
0
0
0
0
0
0
0
0
0
0
0
0
6
0
0
0
1
0
0
0
0
0
0
0
0
5
0
0
0
0
0
0
0
0
0
0
0
0
4
0
0
0
0
0
0
0
0
0
0
0
0
7
0
0
0
0
0
0
0
0
0
0
0
0
7
0
0
0
0
0
0
0
0
0
0
0
0
4
0
0
0
0
0
0
0
0
0
0
0
0
3
0
0
0
0
0
0
0
0
0
0
0
0
4
0
0
0
0
0
0
0
0
0
0
0
0
1
0
0
0
0
0
0
0
0
0
0
0
0
2
0
0
0
2
0
0
0
0
0
0
0
0
4
0
0
0
4
0
0
0
0
0
0
0
0
6
0
0
0
2
0
0
0
0
0
0
0
0
1
0
0
0
0
0
0
0
0
0
0
0
0
5
0
0
0
2
0
0
0
0
0
0
0
0
4
0
0
0
1
0
0
0
0
0
0
0
0
2
0
0
0
1
0
0
0
0
0
0
0
0
3
0
0
0
0
0
0
0
0
0
0
0
0
3
0
0
0
0
0
0
0
0
0
0
0
0
7
0
0
0
1
0
0
0
0
0
0
0
0
2
0
0
0
0
0
0
0
0
0
0
0
0
5
0
0
0
0
0
0
0
0
0
0
0
0
6
0
0
0
0
0
0
0
0
0
0
0
0
3
0
0
0
2
0
0
0
0
0
0
0
0
1
0
0
0
0
0
0
0
0
0
0
0
0
4
0
0
0
0
0
0
0
0
0
0
0
0
6
0
0
0
0
0
0
0
0
0
0
0
0
6
0
0
0
3
0
0
0
0
0
0
0
0
5
0
0
0
1
0
0
0
0
0
0
0
0
7
0
0
0
0
0
0
0
0
0
0
0
0
4
0
0
0
1
0
0
0
0
0
0
0
0
2
0
0
0
0
0
0
0
0
0
0
0
0
5
0
0
0
2
0
0
0
0
0
0
0
0
4
0
0
0
2
0
0
0
0
0
0
0
0
5
0
0
0
0
0
0
0
0
0
0
0
0
3
0
0
0
0
0
0
0
0
0
0
0
0
4
0
0
0
1
0
0
0
0
0
0
0
0
4
0
0
0
0
0
0
0
0
0
0
0
0
2
0
0
0
0
0
0
0
0
0
0
0
0
4
0
0
0
0
0
0
0
0
0
0
0
0
3
0
0
0
0
0
0
0
0
0
0
0
0
4
0
0
0
1
0
0
0
0
0
0
0
0
6
0
0
0
1
0
0
0
0
0
0
0
0
7
0
0
0
0
0
0
0
0
0
0
0
0
4
0
0
0
2
0
0
0
0
0
0
0
0
5
0
0
0
0
0
0
0
0
0
0
0
0
5
0
0
0
1
0
0
0
0
0
0
0
0
6
0
0
0
3
0
0
0
0
0
0
0
0
6
0
0
0
0
0
0
0
0
0
0
0
0
6
0
0
0
0
0
0
0
0
0
0
0
0
4
0
0
0
0
0
0
0
0
0
0
0
0
4
0
0
0
0
0
0
0
0
0
0
0
0
4
0
0
0
2
0
0
0
0
0
0
0
0
3
0
0
0
0
0
0
0
0
0
0
0
0
2
0
0
0
3
0
0
0
0
0
0
0
0
8
0
0
0
1
0
0
0
0
0
0
0
0
5
0
0
0
2
0
0
0
0
0
0
0
0
5
0
0
0
0
0
0
0
0
0
0
0
0
3
0
0
0
0
0
0
0
0
0
0
0
0
4
0
0
0
0
0
0
0
0
0
0
0
0
6
0
0
0
4
0
0
0
0
0
0
0
0
3
0
0
0
1
0
0
0
0
0
0
0
0
3
0
0
0
0
0
0
0
0
0
0
0
0
5
0
0
0
0
0
0
0
0
0
0
0
0
3
0
0
0
0
0
0
0
0
0
0
0
0
7
0
0
0
1
0
0
0
0
0
0
0
0
6
0
0
0
6
0
0
0
0
0
0
0
0
4
0
0
0
0
0
0
0
0
0
0
0
0
1
0
0
0
0
0
0
0
0
0
0
0
0
5
0
0
0
3
0
0
0
0
0
0
0
0
7
0
0
0
0
0
0
0
0
0
0
0
0
7
0
0
0
1
0
0
0
0
0
0
0
0
4
0
0
0
2
0
0
0
0
0
0
0
0
4
0
0
0
0
0
0
0
0
0
0
0
0
7
0
0
0
2
0
0
0
0
0
0
0
0
3
0
0
0
1
0
0
0
0
0
0
0
0
6
0
0
0
0
0
0
0
0
0
0
0
0
3
0
0
0
1
0
0
0
0
0
0
0
0
4
0
0
0
0
0
0
0
0
0
0
0
0
5
0
0
0
0
0
0
0
0
0
0
0
0
5
0
0
0
0
0
0
0
1
0
0
0
0
3
0
0
0
0
0
0
0
0
0
0
0
0
4
0
0
0
2
0
0
0
0
0
0
0
0
6
0
0
0
2
0
0
0
0
0
0
0
0
4
0
0
0
1
0
0
0
0
0
0
0
0
4
0
0
0
0
0
0
0
0
0
0
0
0
5
0
0
0
1
0
0
0
0
0
0
0
0
7
0
0
0
0
0
0
0
0
0
0
0
0
2
0
0
0
0
0
0
0
0
0
0
0
0
6
0
0
0
1
0
0
0
0
0
0
0
0
7
0
0
0
1
0
0
0
0
0
0
0
0
3
0
0
0
3
0
0
0
0
0
0
0
0
4
0
0
0
0
0
0
0
0
0
0
0
0
4
0
0
0
2
0
0
0
0
0
0
0
0
2
0
0
0
2
0
0
0
0
0
0
0
0
7
0
0
0
1
0
0
0
0
0
0
0
0
3
0
0
0
0
0
0
0
0
0
0
0
0
2
0
0
0
2
0
0
0
0
0
0
0
0
6
0
0
0
2
0
0
0
0
0
0
0
0
3
0
0
0
0
0
0
0
0
0
0
0
0
7
0
0
0
0
0
0
0
0
0
0
0
0
5
0
0
0
5
0
0
0
0
0
0
0
0
4
0
0
0
0
0
0
0
0
0
0
0
0
4
0
0
0
3
0
0
0
0
0
0
0
0
5
0
0
0
1
0
0
0
0
0
0
0
0
6
0
0
0
0
0
0
0
0
0
0
0
0
4
0
0
0
0
0
0
0
0
0
0
0
0
4
0
0
0
1
0
0
0
0
0
0
0
0
3
0
0
0
2
0
0
0
0
0
0
0
0
4
0
0
0
1
0
0
0
0
0
0
0
0
3
0
0
0
1
0
0
0
0
0
0
0
0
2
0
0
0
1
0
0
0
0
0
0
0
0
6
0
0
0
1
0
0
0
0
0
0
0
0
1
0
0
0
1
0
0
0
0
0
0
0
0
6
0
0
0
0
0
0
0
0
0
0
0
0
6
0
0
0
2
0
0
0
0
0
0
0
0
3
0
0
0
0
0
0
0
0
0
0
0
0
3
0
0
0
1
0
0
0
0
0
0
0
0
6
0
0
0
2
0
0
0
0
0
0
0
0
4
0
0
0
1
0
0
0
0
0
0
0
0
6
0
0
0
0
0
0
0
0
0
0
0
0
4
0
0
0
0
0
0
0
0
0
0
0
0
3
0
0
0
1
0
0
0
0
0
0
0
0
1
0
0
0
3
0
0
0
0
0
0
0
0
2
0
0
0
1
0
0
0
2
0
0
0
0
1
0
0
0
1
0
0
0
0
0
0
0
0
6
0
0
0
0
0
0
0
0
0
0
0
0
6
0
0
0
2
0
0
0
0
0
0
0
0
3
0
0
0
1
0
0
0
0
0
0
0
0
4
0
0
0
1
0
0
0
0
0
0
0
0
4
0
0
0
0
0
0
0
0
0
0
0
0
3
0
0
0
2
0
0
0
0
0
0
0
0
7
0
0
0
2
0
0
0
0
0
0
0
0
3
0
0
0
0
0
0
0
0
0
0
0
0
4
0
0
0
0
0
0
0
0
0
0
0
0
6
0
0
0
2
0
0
0
0
0
0
0
0
4
0
0
0
1
0
0
0
0
0
0
0
0
7
0
0
0
0
0
0
0
0
0
0
0
0
5
0
0
0
2
0
0
0
0
0
0
0
0
5
0
0
0
0
0
0
0
0
0
0
0
0
6
0
0
0
1
0
0
0
0
0
0
0
0
4
0
0
0
2
0
0
0
0
0
0
0
0
4
0
0
0
0
0
0
0
0
0
0
0
0
5
0
0
0
4
0
0
0
0
0
0
0
0
5
0
0
0
3
0
0
0
0
0
0
0
0
3
0
0
0
0
0
0
0
0
0
0
0
0
6
0
0
0
0
0
0
0
0
0
0
0
0
3
0
0
0
2
0
0
0
0
0
0
0
0
1
0
0
0
1
0
0
0
0
0
0
0
0
6
0
0
0
5
0
0
0
0
0
0
0
0
4
0
0
0
0
0
0
0
0
0
0
0
0
6
0
0
0
0
0
0
0
0
0
0
0
0
4
0
0
0
0
0
0
0
0
0
0
0
0
4
0
0
0
0
0
0
0
0
0
0
0
0
7
0
0
0
0
0
0
0
0
0
0
0
0
5
0
0
0
0
0
0
0
0
0
0
0
0
2
0
0
0
0
0
0
0
0
0
0
0
0
1
0
0
0
3
0
0
0
0
0
0
0
0
3
0
0
0
0
0
0
0
0
0
0
0
0
3
0
0
0
0
0
0
0
0
0
0
0
0
5
0
0
0
1
0
0
0
0
0
0
0
0
5
0
0
0
1
0
0
0
0
0
0
0
0
5
0
0
0
0
0
0
0
0
0
0
0
0
5
0
0
0
3
0
0
0
0
0
0
0
0
1
0
0
0
0
0
0
0
0
0
0
0
0
5
0
0
0
1
0
0
0
1
0
0
0
0
6
0
0
0
0
0
0
0
0
0
0
0
0
3
0
0
0
0
0
0
0
0
0
0
0
0
6
0
0
0
1
0
0
0
0
0
0
0
0
3
0
0
0
0
0
0
0
0
0
0
0
0
2
0
0
0
1
0
0
0
0
0
0
0
0
3
0
0
0
0
0
0
0
0
0
0
0
0
4
0
0
0
0
0
0
0
0
0
0
0
0
4
0
0
0
0
0
0
0
0
0
0
0
0
6
0
0
0
0
0
0
0
0
0
0
0
0
3
0
0
0
1
0
0
0
0
0
0
0
0
5
0
0
0
0
0
0
0
0
0
0
0
0
3
0
0
0
1
0
0
0
0
0
0
0
0
4
0
0
0
0
0
0
0
1
0
0
0
0
4
0
0
0
1
0
0
0
0
0
0
0
0
3
0
0
0
1
0
0
0
0
0
0
0
0
6
0
0
0
0
0
0
0
0
0
0
0
0
5
0
0
0
1
0
0
0
0
0
0
0
0
3
0
0
0
0
0
0
0
0
0
0
0
0
1
0
0
0
0
0
0
0
0
0
0
0
0
5
0
0
0
0
0
0
0
0
0
0
0
0
4
0
0
0
1
0
0
0
0
0
0
0
0
3
0
0
0
0
0
0
0
0
0
0
0
0
5
0
0
0
3
0
0
0
0
0
0
0
0
5
0
0
0
2
0
0
0
0
0
0
0
0
5
0
0
0
1
0
0
0
0
0
0
0
0
5
0
0
0
0
0
0
0
0
0
0
0
0
0
0
0
0
2
0
0
0
0
0
0
0
0
2
0
0
0
0
0
0
0
0
0
0
0
0
3
0
0
0
0
0
0
0
0
0
0
0
0
4
0
0
0
0
0
0
0
0
0
0
0
0
4
0
0
0
0
0
0
0
0
0
0
0
0
5
0
0
0
0
0
0
0
0
0
0
0
0
3
0
0
0
5
0
0
0
0
0
0
0
0
4
0
0
0
0
0
0
0
0
0
0
0
0
4
0
0
0
0
0
0
0
0
0
0
0
0
5
0
0
0
0
0
0
0
0
0
0
0
0
5
0
0
0
0
0
0
0
1
0
0
0
0
3
0
0
0
2
0
0
0
0
0
0
0
0
7
0
0
0
0
0
0
0
0
0
0
0
0
4
0
0
0
0
0
0
0
0
0
0
0
0
3
0
0
0
0
0
0
0
0
0
0
0
0
6
0
0
0
0
0
0
0
0
0
0
0
0
5
0
0
0
0
0
0
0
0
0
0
0
0
3
0
0
0
1
0
0
0
0
0
0
0
0
2
0
0
0
1
0
0
0
0
0
0
0
0
4
0
0
0
1
0
0
0
0
0
0
0
0
2
0
0
0
4
0
0
0
0
0
0
0
0
3
0
0
0
2
0
0
0
0
0
0
0
0
5
0
0
0
0
0
0
0
0
0
0
0
0
4
0
0
0
0
0
0
0
0
0
0
0
0
5
0
0
0
1
0
0
0
0
0
0
0
0
3
0
0
0
0
0
0
0
0
0
0
0
0
7
0
0
0
0
0
0
0
0
0
0
0
0
2
0
0
0
0
0
0
0
0
0
0
0
0
4
0
0
0
4
0
0
0
0
0
0
0
0
6
0
0
0
3
0
0
0
0
0
0
0
0
4
0
0
0
0
0
0
0
0
0
0
0
0
4
0
0
0
0
0
0
0
0
0
0
0
0
1
0
0
0
2
0
0
0
0
0
0
0
0
4
0
0
0
3
0
0
0
0
0
0
0
0
5
0
0
0
1
0
0
0
0
0
0
0
0
0
0
0
0
0
0
0
0
0
0
0
0
0
3
0
0
0
0
0
0
0
0
0
0
0
0
5
0
0
0
0
0
0
0
0
0
0
0
0
5
0
0
0
0
0
0
0
0
0
0
0
0
5
0
0
0
1
0
0
0
0
0
0
0
0
2
0
0
0
1
0
0
0
0
0
0
0
0
5
0
0
0
2
0
0
0
0
0
0
0
0
7
0
0
0
0
0
0
0
0
0
0
0
0
2
0
0
0
0
0
0
0
0
0
0
0
0
3
0
0
0
2
0
0
0
0
0
0
0
0
3
0
0
0
2
0
0
0
0
0
0
0
0
1
0
0
0
1
0
0
0
0
0
0
0
0
5
0
0
0
1
0
0
0
0
0
0
0
0
3
0
0
0
1
0
0
0
0
0
0
0
0
3
0
0
0
0
0
0
0
0
0
0
0
0
4
0
0
0
0
0
0
0
0
0
0
0
0
3
0
0
0
0
0
0
0
0
0
0
0
0
5
0
0
0
0
0
0
0
0
0
0
0
0
3
0
0
0
2
0
0
0
0
0
0
0
0
2
0
0
0
0
0
0
0
0
0
0
0
0
3
0
0
0
1
0
0
0
0
0
0
0
0
3
0
0
0
1
0
0
0
0
0
0
0
0
2
0
0
0
0
0
0
0
0
0
0
0
0
1
0
0
0
0
0
0
0
0
0
0
0
0
3
0
0
0
0
0
0
0
0
0
0
0
0
5
0
0
0
0
0
0
0
0
0
0
0
0
4
0
0
0
0
0
0
0
0
0
0
0
0
4
0
0
0
1
0
0
0
0
0
0
0
0
4
0
0
0
2
0
0
0
0
0
0
0
0
4
0
0
0
0
0
0
0
0
0
0
0
0
2
0
0
0
2
0
0
0
0
0
0
0
0
5
0
0
0
0
0
0
0
0
0
0
0
0
5
0
0
0
2
0
0
0
0
0
0
0
0
6
0
0
0
0
0
0
0
0
0
0
0
0
4
0
0
0
0
0
0
0
0
0
0
0
0
4
0
0
0
0
0
0
0
0
0
0
0
0
5
0
0
0
1
0
0
0
0
0
0
0
0
4
0
0
0
0
0
0
0
0
0
0
0
0
2
0
0
0
0
0
0
0
0
0
0
0
0
4
0
0
0
0
0
0
0
0
0
0
0
0
6
0
0
0
2
0
0
0
0
0
0
0
0
5
0
0
0
0
0
0
0
0
0
0
0
0
5
0
0
0
0
0
0
0
0
0
0
0
0
3
0
0
0
0
0
0
0
0
0
0
0
0
2
0
0
0
0
0
0
0
0
0
0
0
0
1
0
0
0
1
0
0
0
0
0
0
0
0
3
0
0
0
0
0
0
0
0
0
0
0
0
3
0
0
0
0
0
0
0
0
0
0
0
0
4
0
0
0
2
0
0
0
0
0
0
0
0
5
0
0
0
1
0
0
0
0
0
0
0
0
4
0
0
0
2
0
0
0
0
0
0
0
0
6
0
0
0
0
0
0
0
0
0
0
0
0
6
0
0
0
0
0
0
0
0
0
0
0
0
4
0
0
0
2
0
0
0
0
0
0
0
0
5
0
0
0
3
0
0
0
0
0
0
0
0
3
0
0
0
0
0
0
0
0
0
0
0
0
5
0
0
0
0
0
0
0
0
0
0
0
0
6
0
0
0
0
0
0
0
0
0
0
0
0
1
0
0
0
1
0
0
0
0
0
0
0
0
1
0
0
0
1
0
0
0
0
0
0
0
0
6
0
0
0
0
0
0
0
0
0
0
0
0
2
0
0
0
0
0
0
0
0
0
0
0
0
5
0
0
0
0
0
0
0
0
0
0
0
0
4
0
0
0
3
0
0
0
0
0
0
0
0
3
0
0
0
0
0
0
0
0
0
0
0
0
6
0
0
0
0
0
0
0
0
0
0
0
0
4
0
0
0
0
0
0
0
0
0
0
0
0
8
0
0
0
2
0
0
0
0
0
0
0
0
3
0
0
0
3
0
0
0
0
0
0
0
0
4
0
0
0
2
0
0
0
0
0
0
0
0
4
0
0
0
1
0
0
0
0
0
0
0
0
5
0
0
0
0
0
0
0
0
0
0
0
0
6
0
0
0
1
0
0
0
0
0
0
0
0
4
0
0
0
0
0
0
0
0
0
0
0
0
9
0
0
0
1
0
0
0
0
0
0
0
0
5
0
0
0
0
0
0
0
0
0
0
0
0
8
0
0
0
0
0
0
0
0
0
0
0
0
4
0
0
0
2
0
0
0
0
0
0
0
0
2
0
0
0
0
0
0
0
0
0
0
0
0
4
0
0
0
0
0
0
0
0
0
0
0
0
4
0
0
0
1
0
0
0
0
0
0
0
0
3
0
0
0
0
0
0
0
0
0
0
0
0
2
0
0
0
1
0
0
0
0
0
0
0
0
4
0
0
0
0
0
0
0
0
0
0
0
0
4
0
0
0
3
0
0
0
0
0
0
0
0
3
0
0
0
0
0
0
0
0
0
0
0
0
4
0
0
0
0
0
0
0
0
0
0
0
0
4
0
0
0
0
0
0
0
0
0
0
0
0
4
0
0
0
4
0
0
0
0
0
0
0
0
1
0
0
0
0
0
0
0
0
0
0
0
0
4
0
0
0
2
0
0
0
0
0
0
0
0
7
0
0
0
0
0
0
0
0
0
0
0
0
7
0
0
0
0
0
0
0
0
0
0
0
0
5
0
0
0
3
0
0
0
0
0
0
0
0
3
0
0
0
0
0
0
0
0
0
0
0
0
3
0
0
0
1
0
0
0
0
0
0
0
0
5
0
0
0
0
0
0
0
0
0
0
0
0
4
0
0
0
2
0
0
0
0
0
0
0
0
6
0
0
0
1
0
0
0
0
0
0
0
0
2
0
0
0
0
0
0
0
0
0
0
0
0
5
0
0
0
2
0
0
0
0
0
0
0
0
4
0
0
0
0
0
0
0
0
0
0
0
0
3
0
0
0
0
0
0
0
0
0
0
0
0
7
0
0
0
2
0
0
0
0
0
0
0
0
5
0
0
0
1
0
0
0
0
0
0
0
0
6
0
0
0
0
0
0
0
0
0
0
0
0
7
0
0
0
2
0
0
0
0
0
0
0
0
4
0
0
0
0
0
0
0
0
0
0
0
0
4
0
0
0
0
0
0
0
0
0
0
0
0
3
0
0
0
0
0
0
0
0
0
0
0
0
5
0
0
0
1
0
0
0
0
0
0
0
0
4
0
0
0
1
0
0
0
0
0
0
0
0
2
0
0
0
0
0
0
0
0
0
0
0
0
5
0
0
0
0
0
0
0
0
0
0
0
0
4
0
0
0
0
0
0
0
0
0
0
0
0
8
0
0
0
0
0
0
0
0
0
0
0
0
4
0
0
0
2
0
0
0
0
0
0
0
0
5
0
0
0
0
0
0
0
0
0
0
0
0
6
0
0
0
0
0
0
0
0
0
0
0
0
1
0
0
0
1
0
0
0
0
0
0
0
0
5
0
0
0
0
0
0
0
0
0
0
0
0
2
0
0
0
1
0
0
0
0
0
0
0
0
5
0
0
0
0
0
0
0
0
0
0
0
0
1
0
0
0
0
0
0
0
0
0
0
0
0
5
0
0
0
0
0
0
0
0
0
0
0
0
3
0
0
0
0
0
0
0
0
0
0
0
0
4
0
0
0
0
0
0
0
0
0
0
0
0
4
0
0
0
1
0
0
0
0
0
0
0
0
4
0
0
0
3
0
0
0
1
0
0
0
0
5
0
0
0
1
0
0
0
0
0
0
0
0
6
0
0
0
0
0
0
0
0
0
0
0
0
6
0
0
0
0
0
0
0
0
0
0
0
0
3
0
0
0
0
0
0
0
0
0
0
0
0
7
0
0
0
0
0
0
0
0
0
0
0
0
4
0
0
0
0
0
0
0
0
0
0
0
0
7
0
0
0
0
0
0
0
0
0
0
0
0
4
0
0
0
0
0
0
0
0
0
0
0
0
2
0
0
0
4
0
0
0
0
0
0
0
0
6
0
0
0
0
0
0
0
0
0
0
0
0
2
0
0
0
0
0
0
0
0
0
0
0
0
1
0
0
0
2
0
0
0
0
0
0
0
0
3
0
0
0
1
0
0
0
0
0
0
0
0
2
0
0
0
0
0
0
0
0
0
0
0
0
5
0
0
0
0
0
0
0
0
0
0
0
0
2
0
0
0
1
0
0
0
0
0
0
0
0
1
0
0
0
0
0
0
0
0
0
0
0
0
5
0
0
0
1
0
0
0
0
0
0
0
0
2
0
0
0
0
0
0
0
0
0
0
0
0
3
0
0
0
0
0
0
0
0
0
0
0
0
3
0
0
0
0
0
0
0
0
0
0
0
0
2
0
0
0
1
0
0
0
0
0
0
0
0
3
0
0
0
3
0
0
0
0
0
0
0
0
2
0
0
0
0
0
0
0
0
0
0
0
0
4
0
0
0
0
0
0
0
0
0
0
0
0
6
0
0
0
0
0
0
0
0
0
0
0
0
3
0
0
0
4
0
0
0
0
0
0
0
0
3
0
0
0
0
0
0
0
0
0
0
0
0
5
0
0
0
0
0
0
0
0
0
0
0
0
3
0
0
0
1
0
0
0
0
0
0
0
0
5
0
0
0
0
0
0
0
0
0
0
0
0
2
0
0
0
0
0
0
0
0
0
0
0
0
2
0
0
0
1
0
0
0
0
0
0
0
0
6
0
0
0
0
0
0
0
1
0
0
0
0
1
0
0
0
2
0
0
0
0
0
0
0
0
7
0
0
0
0
0
0
0
0
0
0
0
0
2
0
0
0
0
0
0
0
0
0
0
0
0
2
0
0
0
1
0
0
0
0
0
0
0
0
5
0
0
0
1
0
0
0
0
0
0
0
0
3
0
0
0
1
0
0
0
0
0
0
0
0
4
0
0
0
1
0
0
0
0
0
0
0
0
5
0
0
0
0
0
0
0
0
0
0
0
0
2
0
0
0
3
0
0
0
0
0
0
0
0
3
0
0
0
0
0
0
0
0
0
0
0
0
5
0
0
0
3
0
0
0
0
0
0
0
0
6
0
0
0
0
0
0
0
0
0
0
0
0
7
0
0
0
0
0
0
0
0
0
0
0
0
3
0
0
0
1
0
0
0
0
0
0
0
0
4
0
0
0
0
0
0
0
0
0
0
0
0
4
0
0
0
0
0
0
0
0
0
0
0
0
4
0
0
0
0
0
0
0
0
0
0
0
0
3
0
0
0
0
0
0
0
0
0
0
0
0
4
0
0
0
0
0
0
0
0
0
0
0
0
4
0
0
0
0
0
0
0
0
0
0
0
0
4
0
0
0
2
0
0
0
0
0
0
0
0
5
0
0
0
0
0
0
0
0
0
0
0
0
4
0
0
0
0
0
0
0
0
0
0
0
0
6
0
0
0
2
0
0
0
0
0
0
0
0
5
0
0
0
3
0
0
0
0
0
0
0
0
6
0
0
0
0
0
0
0
0
0
0
0
0
4
0
0
0
1
0
0
0
0
0
0
0
0
6
0
0
0
0
0
0
0
0
0
0
0
0
6
0
0
0
0
0
0
0
0
0
0
0
0
8
0
0
0
0
0
0
0
0
0
0
0
0
3
0
0
0
0
0
0
0
0
0
0
0
0
4
0
0
0
0
0
0
0
0
0
0
0
0
8
0
0
0
1
0
0
0
0
0
0
0
0
6
0
0
0
0
0
0
0
0
0
0
0
0
5
0
0
0
1
0
0
0
0
0
0
0
0
5
0
0
0
0
0
0
0
0
0
0
0
0
3
0
0
0
0
0
0
0
0
0
0
0
0
8
0
0
0
0
0
0
0
0
0
0
0
0
3
0
0
0
3
0
0
0
0
0
0
0
0
4
0
0
0
0
0
0
0
0
0
0
0
0
5
0
0
0
0
0
0
0
0
0
0
0
0
3
0
0
0
0
0
0
0
0
0
0
0
0
4
0
0
0
2
0
0
0
0
0
0
0
0
4
0
0
0
0
0
0
0
0
0
0
0
0
3
0
0
0
0
0
0
0
0
0
0
0
0
1
0
0
0
0
0
0
0
0
0
0
0
0
2
0
0
0
0
0
0
0
0
0
0
0
0
5
0
0
0
0
0
0
0
0
0
0
0
0
1
0
0
0
0
0
0
0
0
0
0
0
0
2
0
0
0
0
0
0
0
0
0
0
0
0
8
0
0
0
0
0
0
0
0
0
0
0
0
0
0
0
0
0
0
0
0
0
0
0
0
0
4
0
0
0
0
0
0
0
0
0
0
0
0
6
0
0
0
3
0
0
0
0
0
0
0
0
4
0
0
0
0
0
0
0
0
0
0
0
0
4
0
0
0
0
0
0
0
0
0
0
0
0
6
0
0
0
0
0
0
0
0
0
0
0
0
3
0
0
0
0
0
0
0
0
0
0
0
0
8
0
0
0
1
0
0
0
0
0
0
0
0
5
0
0
0
0
0
0
0
0
0
0
0
0
4
0
0
0
1
0
0
0
0
0
0
0
0
4
0
0
0
2
0
0
0
0
0
0
0
0
4
0
0
0
1
0
0
0
0
0
0
0
0
5
0
0
0
0
0
0
0
0
0
0
0
0
4
0
0
0
0
0
0
0
0
0
0
0
0
7
0
0
0
0
0
0
0
0
0
0
0
0
3
0
0
0
1
0
0
0
0
0
0
0
0
7
0
0
0
1
0
0
0
0
0
0
0
0
3
0
0
0
0
0
0
0
0
0
0
0
0
4
0
0
0
0
0
0
0
0
0
0
0
0
5
0
0
0
0
0
0
0
0
0
0
0
0
3
0
0
0
0
0
0
0
0
0
0
0
0
1
0
0
0
0
0
0
0
0
0
0
0
0
8
0
0
0
2
0
0
0
0
0
0
0
0
7
0
0
0
0
0
0
0
0
0
0
0
0
7
0
0
0
0
0
0
0
0
0
0
0
0
5
0
0
0
2
0
0
0
0
0
0
0
0
4
0
0
0
0
0
0
0
0
0
0
0
0
3
0
0
0
0
0
0
0
0
0
0
0
0
3
0
0
0
1
0
0
0
0
0
0
0
0
6
0
0
0
0
0
0
0
0
0
0
0
0
4
0
0
0
0
0
0
0
0
0
0
0
0
4
0
0
0
0
0
0
0
0
0
0
0
0
7
0
0
0
0
0
0
0
0
0
0
0
0
6
0
0
0
1
0
0
0
0
0
0
0
0
4
0
0
0
1
0
0
0
0
0
0
0
0
4
0
0
0
3
0
0
0
0
0
0
0
0
4
0
0
0
0
0
0
0
0
0
0
0
0
2
0
0
0
2
0
0
0
0
0
0
0
0
5
0
0
0
2
0
0
0
0
0
0
0
0
3
0
0
0
4
0
0
0
0
0
0
0
0
5
0
0
0
0
0
0
0
0
0
0
0
0
1
0
0
0
3
0
0
0
0
0
0
0
0
3
0
0
0
0
0
0
0
0
0
0
0
0
4
0
0
0
1
0
0
0
0
0
0
0
0
3
0
0
0
0
0
0
0
0
0
0
0
0
5
0
0
0
1
0
0
0
0
0
0
0
0
3
0
0
0
1
0
0
0
0
0
0
0
0
5
0
0
0
0
0
0
0
0
0
0
0
0
3
0
0
0
0
0
0
0
0
0
0
0
0
4
0
0
0
0
0
0
0
0
0
0
0
0
4
0
0
0
2
0
0
0
0
0
0
0
0
5
0
0
0
1
0
0
0
0
0
0
0
0
3
0
0
0
0
0
0
0
0
0
0
0
0
1
0
0
0
0
0
0
0
0
0
0
0
0
3
0
0
0
0
0
0
0
0
0
0
0
0
2
0
0
0
1
0
0
0
0
0
0
0
0
5
0
0
0
0
0
0
0
0
0
0
0
0
4
0
0
0
829
1828
2828
3828
4828
5828
6828
7828
0
4
0
0
0
0
0
0
0
0
