0
47000
0
0
0
194
791
0
1
0
0
2016
0
1
997
0
479
523
0
998
0
0
1001
0
1001
0
0
958
44
0
0
0
0
996
0
0
0
0
0
1006
0
1000
0
995
525
475
1000
0
190
814
0
0
0
995
0
0
0
1005
0
998
0
0
998
1002
2610
1387
1000
946
1054
0
0
1000
0
0
0
1002
0
1001
0
998
1002
232
1073
0
844
684
741
1007
0
997
999
176
1038
0
984
985
997
1001
999
1001
999
1001
998
1000
16997
5395
5605
1000
1001
0
0
999
1004
0
0
996
0
0
0
1003
1002
0
1996
999
1000
0
961
40
398
601
1
1000
0
3999
0
0
0
1000
0
0
0
1003
0
1000
0
999
0
1000
0
1000
0
1000
0
387
617
0
1
993
1002
352
1646
1000
844
166
991
1002
1002
996
1002
999
999
1716
1282
10000
1000
0
3000
1000
0
1000
0
2001
999
0
3000
0
0
1000
0
399
605
506
1096
0
394
1002
0
0
0
1001
0
0
1001
1000
1001
1001
998
331
991
1005
999
1041
447
1518
1486
0
996
1004
1000
999
1000
999
1004
998
999
1000
1000
997
999
42000
1000
0
2002
0
998
0
1001
1000
0
0
999
0
1004
997
1
998
1000
1001
0
999
0
0
549
457
0
0
1
993
0
0
0
2005
2995
705
296
0
365
0
1
634
0
0
159
1
1
190
652
0
0
0
0
996
0
0
1071
928
998
0
0
0
0
1000
0
0
0
0
0
0
1004
0
1002
271
988
176
989
1039
1071
1935
0
1783
0
283
1003
998
1002
1000
1002
1494
503
1000
999
1002
1002
998
1002
1998
38998
1000
5000
3000
1000
1001
0
0
1000
0
1003
0
3640
1356
0
1000
0
0
0
1003
0
1000
0
0
998
1001
998
0
1001
0
1001
0
0
0
999
0
1
1002
0
0
0
373
630
0
0
250
747
0
997
1323
1
676
0
0
99
905
0
0
0
0
996
0
0
0
1002
0
0
0
0
1002
0
0
0
0
0
998
0
0
1002
999
740
994
1004
1000
998
999
1402
0
999
4000
2440
8560
1000
1001
4999
1000
0
1001
3999
0
0
640
365
0
0
0
0
4995
0
800
202
0
0
0
0
998
0
0
3573
1427
0
0
0
1000
0
0
0
0
1005
0
0
0
472
207
171
1000
1003
877
995
90
1024
0
1004
1000
263
998
999
1004
1002
997
1001
1000
1001
116
990
1003
1002
1000
998
1003
997
1000
1003
997
930
990
1005
1002
1001
999
1000
999
999
922
959
1038
1036
964
1733
1695
0
532
971
318
182
999
1002
0
1002
1000
1003
995
1002
1000
640
1004
0
999
999
1000
1001
0
1001
999
1000
1001
1001
1002
251
46
1005
0
999
1001
999
1000
998
1040
959
2783
349
586
483
800
946
75
1916
122
963
808
327
489
968
1278
287
955
1362
1446
0
385
752
998
1000
1004
999
1034
997
968
1031
1000
780
2385
0
0
2282
0
1409
1149
0
370
646
1006
0
1001
999
1000
644
1006
0
1113
1000
1000
5630
0
0
0
0
0
1246
2557
0
0
1324
1241
1
1002
2197
0
840
967
995
2577
0
2223
0
1238
0
962
553
649
996
1227
772
1718
0
1078
2658
0
0
678
2983
0
0
1162
1185
0
993
1010
1002
995
1036
962
1036
1107
1280
1066
0
1041
0
1034
966
1783
2147
0
646
382
1011
989
2395
0
1144
1593
0
1075
0
299
1729
1478
0
993
898
31
1000
3553
0
0
2433
0
1021
0
1000
1032
1902
1177
0
880
1041
1033
1001
1167
1083
895
3204
0
0
1037
0
1074
964
1003
1000
1256
1155
813
1808
0
1993
0
1192
1275
0
922
1112
1038
1589
709
825
1534
0
1080
2291
0
0
1532
1397
0
780
1078
922
2040
0
1117
0
1115
0
1087
615
2220
0
1311
0
1402
1327
273
2477
0
0
843
1032
999
1001
1122
1362
1312
205
959
1042
1086
1104
768
1781
1700
0
1293
302
922
1148
889
1041
1071
893
1268
692
1031
1375
0
888
1038
1111
1218
1064
1316
1546
0
1421
1237
0
992
1011
1000
1034
989
1005
999
1037
964
1109
926
926
2808
0
1283
0
543
639
961
1044
1034
1590
1407
0
926
1037
973
1027
973
1027
1000
1001
1017
1198
784
1003
1031
969
1507
791
1658
1248
0
754
2276
0
725
1002
1034
1072
889
2127
0
1532
0
995
1029
977
1001
998
1017
1019
965
998
1107
871
997
999
2604
0
1400
0
997
1003
1000
1001
1000
1000
1071
959
967
1000
1004
998
999
1036
997
966
1006
994
1036
999
965
1000
1001
999
1000
1000
1001
999
999
1000
1001
1000
999
1000
1001
1002
1036
1398
644
918
1001
1004
1087
1910
0
997
1076
928
1000
1000
1002
998
1001
998
1034
1437
1191
561
2448
0
1005
0
998
1004
1001
1000
1032
1000
967
1032
968
1000
1032
1031
969
968
1908
91
999
998
1004
1001
1002
999
1096
1015
581
459
469
2844
0
1161
0
996
1005
998
1001
1047
2942
0
0
1103
0
956
1005
1059
936
1079
33
999
1002
1002
1002
1076
955
1823
1000
2611
0
0
216
166
1205
0
998
1006
997
1001
1001
1000
998
1208
826
963
999
1003
999
999
1000
1001
999
1001
999
999
1001
1000
1000
999
1001
1000
1000
1001
1001
998
1000
999
1001
1000
1000
999
1001
1001
1001
997
1001
1000
1000
999
1001
1000
1000
999
1001
1000
1000
999
1001
1000
1000
999
1001
1000
1000
999
1001
1000
1000
999
1001
1000
1000
1000
1002
998
1000
563
893
1005
0
1001
1000
999
1000
1001
1000
998
1001
1001
998
1000
1001
1001
999
1000
1004
998
999
1001
1000
1002
997
1000
1000
1001
999
1000
1001
1003
997
999
1000
1003
998
998
1001
1001
1000
999
1000
1001
1000
998
1002
1000
1000
998
1001
1000
1001
999
999
1000
1001
999
1000
1000
1002
999
999
1001
1000
999
1000
1000
1001
1000
1000
999
1001
1000
999
1039
997
964
1000
1002
998
1001
999
1002
999
1000
1000
1000
1000
1001
1000
999
1000
1000
1001
999
1000
1000
1002
998
1000
1000
1000
1001
1000
1000
1001
999
1001
998
1000
1003
998
1000
1000
1000
999
1793
1205
0
1008
0
998
1000
1070
998
932
1000
1032
1037
964
969
999
1002
1068
962
999
1001
967
1036
965
1000
1001
1000
993
2297
0
714
995
999
1000
1000
1001
1000
999
1000
1001
1031
1037
1037
1529
386
137
797
612
390
622
1506
0
1058
1227
1458
0
1503
1546
0
1417
1082
0
1008
0
999
1000
1001
999
999
1002
999
1000
1004
997
999
1000
1000
1001
999
1000
1000
1001
999
1000
1286
715
999
1000
1001
1000
999
1000
1001
1000
999
1003
1028
1043
957
1198
589
772
1041
0
968
1002
998
1030
998
973
997
1001
1001
1000
1029
1004
995
1002
967
1000
1062
969
708
1037
1640
0
1007
0
1000
1031
969
1001
998
1000
1046
985
1624
1896
0
1098
1350
0
994
1008
997
1001
1002
1000
997
1001
1000
1002
997
1001
1000
1031
1023
1003
1656
1125
1110
0
1040
0
998
968
1033
999
1544
1101
0
995
1682
1738
0
873
711
342
959
1005
1037
1031
921
1079
0
962
1000
940
1007
0
1036
965
1033
1203
764
999
1000
1031
970
999
1005
995
1036
965
1030
1037
933
998
1001
1000
1002
1032
997
1036
1443
892
633
959
1036
972
998
1001
999
1002
998
999
1000
1000
1001
999
1001
999
1000
1000
1001
999
1000
1001
1000
999
1000
1000
1002
997
1000
1003
999
998
1004
997
1000
999
1000
1001
1000
999
1000
1001
1000
1000
1000
1000
999
1000
1000
1001
999
1000
1000
1001
1001
998
1000
1000
1000
1000
1001
1000
1000
1002
1000
999
999
1000
1000
1000
1002
1034
965
998
1486
1495
1012
0
1038
805
1356
0
1353
1322
0
397
319
1037
0
969
1464
1008
1263
1262
0
1661
1263
79
999
995
1007
1301
698
1000
1040
1222
1083
906
724
590
1054
2449
0
0
992
1006
1002
1001
998
1001
999
1002
998
1003
1021
1047
1419
1214
1412
0
948
987
2805
0
0
1549
0
1373
87
997
997
1007
998
1886
1770
0
1192
1278
0
866
1298
1401
1202
0
916
548
789
1179
0
1000
1007
1001
998
1001
1000
999
1000
1001
1000
999
1001
999
1000
999
999
1002
1000
998
1001
999
1000
1000
1000
1001
999
1000
1000
1002
1000
998
1000
999
1000
1002
998
1000
1001
1000
999
1000
1002
998
1000
1000
1002
999
999
1000
1002
999
999
1001
1000
1000
1000
1001
998
1000
1002
997
1000
1000
1000
1000
1001
1002
997
1002
999
1000
1000
1001
998
1002
999
999
1000
1002
998
1000
1001
1001
999
999
1003
998
1000
999
1002
999
1000
1000
1000
1002
998
999
1001
1000
1000
999
1002
335
994
1003
1000
1001
1000
999
1000
1001
1000
999
1000
1001
1000
999
1002
1001
998
999
1001
71
990
1001
1002
1002
999
1250
0
997
101
991
1002
1001
1000
999
1002
1002
997
999
1000
1002
1000
1000
998
1001
1000
999
1003
999
999
1002
999
1000
1001
998
1001
1000
1000
999
1001
1000
1000
999
1001
1000
1000
999
1001
1000
1000
999
1000
1001
999
999
1000
1001
999
1000
1002
1000
999
1000
1000
1001
998
1000
1000
1001
1000
1000
1000
1001
1001
999
999
1001
998
1002
999
1001
52
1118
0
997
1004
999
1001
1000
1000
999
1001
1000
1000
999
1000
1001
1000
999
1000
1000
1001
1000
999
1002
1000
999
999
1002
999
1001
998
1001
999
1000
1001
999
1000
1001
999
1000
1002
998
1000
1001
999
1000
1000
1002
999
999
1001
999
1000
1000
1001
999
1000
1001
998
1001
999
1000
1000
1002
999
999
1000
1001
999
1001
999
1000
1000
1002
998
1002
1000
998
1000
1002
999
1000
1000
999
1001
1001
998
1000
1001
999
999
1002
1054
0
999
151
994
1004
998
1001
999
1000
97
993
1001
1003
1000
154
994
1004
1000
1001
1000
998
1000
999
1000
127
1179
1156
0
998
25
994
1001
1002
1000
98
997
1000
99
993
1001
1002
1000
1000
999
1000
1000
1000
1000
1000
1000
1000
1076
0
999
1002
1000
1000
1000
1000
1001
1001
998
1000
1000
1000
1001
1000
999
1000
1001
1000
1000
1000
999
1000
1001
1001
998
1000
1000
1001
1000
999
1002
999
999
1001
1001
998
1000
1000
1001
1001
998
1001
1001
998
1000
1001
1000
1000
1000
1000
1000
1000
999
1000
1002
998
1001
1001
999
999
1001
999
1001
1000
1000
1000
1001
1000
999
999
1000
1001
137
996
1003
1013
0
1000
713
843
996
1004
998
645
993
1052
0
794
996
1003
487
993
33
992
1004
1001
998
1001
255
992
1004
998
1002
998
1000
1001
178
145
996
1004
1002
998
999
1002
1001
997
1000
460
994
412
994
1001
1003
1000
31
993
517
994
1004
967
317
999
1003
1000
998
1002
1000
999
1002
999
1001
999
999
485
993
1001
1003
999
598
993
536
570
994
1003
999
331
992
59
991
1002
1001
1003
999
477
993
922
994
1008
13
327
998
1003
1000
1001
998
1001
1001
638
994
163
994
452
993
720
226
997
1002
1000
1001
1000
1001
1000
1000
1001
1000
999
999
1000
1000
999
200
992
1002
1002
1094
0
998
1003
13
999
999
1001
1001
1000
1000
1000
1132
0
997
1171
0
997
1005
1001
999
999
1001
1000
1000
999
1001
1000
1000
1000
1000
1000
1000
999
1001
1000
1000
999
1001
1000
1000
999
1001
1137
0
997
1015
0
999
1000
24
1113
0
997
1005
1000
1001
998
1001
1000
1000
999
1001
1000
1000
999
1001
1000
1000
999
1003
998
1000
999
1001
1000
1000
999
1001
1000
1000
999
1001
1000
1000
999
1001
1000
1000
999
1002
999
1000
999
1004
996
1001
999
1000
1001
1000
999
1000
1000
1001
999
1000
999
1001
1001
1001
998
1002
997
1000
1000
1002
998
1000
1001
1000
999
1001
999
1001
999
1000
1002
999
999
1001
1001
998
1000
1002
1000
999
999
1000
1002
999
999
1001
1001
999
999
1000
1003
1106
9
998
1004
1000
999
1000
1002
997
1000
1001
1001
998
1001
1000
1001
998
1000
1002
1000
998
1002
1000
1000
998
1004
999
999
999
1001
998
1002
998
1001
1002
999
999
1001
998
1002
998
1001
999
1002
999
39
994
1001
1001
1001
963
992
1003
1002
998
1004
996
1000
118
991
1002
69
995
1005
998
530
249
997
1000
596
992
1004
117
992
420
994
1002
1001
1000
1001
1001
998
1001
1002
997
1000
566
993
1003
1000
1001
1003
997
999
1001
1001
134
995
1004
1000
1005
175
1000
1004
999
1001
524
989
1002
749
994
1005
998
1001
1002
999
997
1001
405
993
1000
1003
999
1000
999
1000
1001
321
174
506
641
467
998
1002
1002
1000
999
1001
1002
997
999
1003
1000
998
999
1003
1001
998
998
1001
1002
998
999
1003
1000
998
999
1003
1000
998
999
1002
206
992
1001
1002
1002
998
999
1108
0
1041
0
998
1005
998
999
1004
144
992
1001
1001
1001
999
999
1001
1001
999
999
1001
1001
1002
998
999
1001
999
1002
999
1000
1000
999
1000
1003
997
1000
1002
999
999
1000
1002
998
1000
1001
999
1001
999
1001
1000
1167
0
999
1002
1002
998
1000
1001
999
1000
1001
999
1000
1110
0
999
1002
1000
1000
1000
1000
1000
1000
1000
1000
1000
1000
1001
1001
1000
998
103
44
1000
1000
1002
1001
999
1002
999
999
1001
1001
998
1000
1001
999
1001
1000
999
1000
1001
1000
999
1000
1001
999
1001
999
1001
1000
999
1000
1002
998
1000
1002
998
1000
1002
998
1000
1000
1001
1000
999
1001
1000
999
1002
999
998
1000
1000
1000
1000
1000
1000
1000
1000
1000
1000
1000
1000
1000
1000
1000
1000
999
1000
1001
999
1000
1000
1001
999
1000
1000
1001
999
1000
1000
1324
1000
1000
1001
1000
1000
999
1001
999
1000
1000
1001
999
1000
1000
1001
999
1000
1000
1001
999
1000
1000
1001
999
1000
996
1005
999
1000
1000
1001
999
1000
1000
1001
999
1001
999
1001
999
1000
1000
1001
999
1000
1000
1001
999
1000
1000
1001
999
1000
1000
1001
999
1000
1000
1001
999
1000
1000
1001
0
0
279
533
742
932
916
415
1795
1765
1846
1816
1512
1482
2941
2911
2881
2522
325
1164
1134
6733
6703
6673
6643
6613
6583
6553
0
0
21784
21754
21724
21694
21664
21634
21604
21574
21544
21514
21484
21454
21424
21394
21364
21334
21304
21274
21244
21214
21184
21154
15790
411
0
21946
21916
21886
21856
21826
21796
21766
21736
21706
21676
21646
21616
21586
21556
21526
21496
21466
21436
21406
21376
21346
21316
25823
25793
25763
25733
25703
17516
17486
17456
14201
1166
1136
4960
4930
4900
4870
4840
21333
21303
21273
21243
21213
21183
21153
21123
21093
21063
21033
21003
20973
20943
20913
20883
20853
20823
16819
16789
16759
16729
16699
16669
16639
16609
16579
16549
16519
16489
16459
16429
16399
16369
16339
13452
13422
3347
5886
5856
5826
5796
5766
5736
5504
5474
5444
3990
3960
3930
3900
3870
8579
8549
8519
8489
8459
8429
8399
8369
8339
34040
34010
33980
33950
33920
33890
33860
33830
33800
33770
33740
33710
33680
33650
33620
33590
33560
33530
33500
33470
33440
33410
33380
33350
33320
33290
33260
33230
33200
33170
33140
33110
33080
33050
33020
27442
27412
27382
27352
27322
27292
27262
27232
27202
27172
27142
27112
27082
27052
27022
26992
26962
26932
26902
26872
26842
26812
25355
25325
25295
21385
21355
21325
21295
21265
21235
7661
9832
9802
9772
25114
25084
25054
25024
24994
24964
24934
24904
24874
24844
24814
24784
24754
24724
24694
24664
24634
24604
17470
17440
17410
17326
17296
17266
17236
17206
17176
29297
29267
29237
29207
29177
29147
29117
29087
29057
29027
28997
28967
28937
21766
21736
28959
28929
28899
28869
28839
28809
28779
28749
28719
28689
28659
28629
28599
28569
28539
28509
44922
44892
44862
44832
44802
44772
44742
44712
44682
44652
44622
44592
44562
44532
44502
44472
44442
44412
44382
44352
44322
44292
44262
44232
44202
44172
44142
44112
44082
44052
44022
43992
43962
43932
43902
43872
43842
43812
43782
43752
43722
43692
43662
43632
43602
45672
45642
45612
46129
46099
46069
46039
46009
45979
45949
45919
39559
39529
39499
39469
41695
41665
41635
41605
41575
41545
41515
41485
41455
41425
41395
32439
32409
32379
32349
25359
0
88021
87991
87961
87931
87901
87871
87841
87811
87781
87751
87721
87691
87661
87631
87601
87571
87541
87511
87481
87451
87421
87391
87361
87331
87301
87271
87241
87211
87181
87151
87121
87091
87061
87031
87001
86971
86941
86911
86881
86851
86821
86791
86761
86731
86701
86671
86641
86611
86581
86551
86521
86491
86461
86431
86401
86371
86341
86311
86281
86251
86221
86191
86161
86131
86101
86071
86041
86011
85981
85951
85921
85891
85861
85831
85801
85771
85741
85711
85681
85651
85621
85591
85561
85531
85501
85471
85441
85411
85381
59071
140628
140598
140568
140538
140508
140478
140448
140418
140388
140358
140328
140298
140268
140238
140208
140178
140148
140118
140088
140058
140028
139998
139968
139938
139908
139878
139848
139818
139788
139758
139728
139698
139668
139638
139608
139578
139548
139518
139488
139458
139428
139398
139368
139338
139308
139278
139248
139218
139188
139158
139128
139098
139068
139038
139008
138978
138948
138918
138888
138858
138828
138798
138768
138738
138708
138678
138648
138618
138588
138558
138528
138498
138468
138438
138408
138378
138348
138318
138288
138258
138228
129198
133111
133081
133051
132229
132233
132203
132173
132143
132113
132083
132053
131957
126833
129140
129110
129080
129050
129020
128990
128960
128930
128900
120020
112664
112634
112604
112574
112544
112514
112484
112454
112424
112394
112364
112334
118333
118303
118273
118243
118213
118183
118153
118123
120660
120661
120662
120663
120664
120665
120666
120667
120668
120669
120670
120671
120672
120673
120674
120835
121835
142880
142881
142882
142883
142884
142885
142886
142887
142888
142889
142890
142891
142892
142893
142894
142895
142896
142897
142898
142899
142900
143835
144835
145835
146835
147835
148835
149835
150835
151835
152835
153835
154835
155835
156835
157835
158835
159835
160835
161835
162835
163835
164835
165835
166835
167835
168835
169835
170835
171835
172835
173835
174835
175835
176835
177835
178835
179835
180835
181835
182835
183835
184835
185835
186835
187835
188835
189835
190835
191835
192835
193835
194835
195835
196835
197835
198835
199835
200835
201835
202835
203835
204835
205835
206835
207835
208835
209835
210835
211835
212835
213835
214835
215835
216835
217835
218835
219835
220835
221835
222835
223835
224835
225835
226835
227835
228835
229835
230835
231835
232835
233835
234835
223404
224404
225404
241856
241857
241858
241859
241860
241861
241862
241863
241864
241865
241866
241867
241868
241869
241870
241871
242404
243404
244404
245404
246404
247404
248404
249404
250404
251404
252404
253404
254404
255404
256404
257404
258404
259404
260404
261404
262404
263404
264404
265404
266404
267404
268404
269404
270404
271404
272404
273404
274404
275404
276404
277404
278404
279404
280404
281404
282404
283404
284404
285404
286404
287404
288404
289404
290404
291404
292404
293404
294404
295404
296404
297404
298404
299404
300404
301404
302404
303404
304404
305404
306404
307404
308404
309404
310404
311404
312404
313404
314404
315404
316404
317404
318404
319404
320404
321404
322404
323404
324404
325404
326404
327404
328404
329404
330404
331404
332404
333404
334404
335404
336404
337404
338404
339404
340404
341404
342404
343404
344404
345404
346404
347404
348404
349404
350404
351404
352404
353404
354404
355404
356404
357404
358404
359404
360404
361404
362404
363404
364404
365404
366404
367404
368404
369404
370404
371404
372404
373404
374404
375404
376404
377404
378404
379404
380404
381404
382404
383404
384404
385404
386404
387404
388404
389404
390404
391404
392404
393404
394404
395404
396404
397404
398404
399404
400404
401404
402404
403404
404404
405404
406404
407404
408404
409404
410404
411404
412404
398587
400495
400462
401431
417038
417039
417040
417041
417042
417043
417044
417045
417046
417047
417048
417049
417050
417051
417052
424027
424028
424029
424030
424031
424032
424033
424431
425431
426431
427431
428431
429431
430431
431431
432431
433431
434431
435431
436431
437431
438431
439431
440431
441431
442431
443431
444431
445431
446431
447431
448431
449431
450431
451431
452431
453431
454431
455431
456431
457431
458431
459431
460431
461431
462431
463431
464431
465431
466431
467431
468431
469431
470431
471431
472431
473431
458714
459714
