5.14342
3.84
4.96
4.32
4.32
4.72
4.96
3.68
4.48
2.72
5.04
4.48
4.32
3.84
4.8
3.36
2.4
2.56
4
6.08
3.52
4.96
3.52
5.76
4.64
4
3.84
4.8
4
2.56
5.92
5.6
5.28
6.4
4.32
1.44
4.48
5.28
3.36
4.16
3.84
5.28
5.28
4.64
3.68
4.48
5.12
4
4.48
5.76
4.96
5.76
4.8
4.48
2.72
2.4
2.72
5.12
5.28
3.2
5.6
2.08
5.28
6.4
4.64
5.76
3.2
7.04
3.04
4
4.64
5.28
3.04
3.68
2.4
6.88
4
5.28
3.52
4.8
3.2
3.36
4.96
3.68
4.48
3.68
3.52
3.84
6.08
4.8
4.48
3.04
5.12
5.76
1.6
4.96
5.14824
4
6.02667
4
6.56
5.17333
5.86667
6.56
4.96
5.12
4.8
4.8
3.52
7.04
5.76
1.76
6.56
5.12
4.16
5.76
5.92
4
7.68
4.16
3.36
4.48
5.44
3.84
3.04
5.92
4
3.52
2.72
4.64
4.48
4
5.12
4.96
5.44
3.04
4.64
5.76
4.48
4.16
4.16
3.84
5.12
4.98286
3.84
4.32
4.64
6.24
4.88
3.68
7.04
5.76
4.96
4.8
5.92
5.44
4.32
4.32
4.8
1.12
6.08
5.44
2.24
5.6
5.28
3.52
3.36
4
3.04
6.08
3.36
3.2
4.8
4.32
4.32
4.8
4.64
3.84
3.36
1.76
5.6
4.32
4.96
4.16
3.84
5.12
4.48
4.96
3.68
4.48
4.9269
5.12
5.28
5.28
4.96
5.2
4.32
4.64
4.48
4.8
3.2
5.6
5.12
4.96
4.8
2.72
5.12
4.64
3.84
6.88
4.64
5.92
4
4.8
5.6
4.32
3.52
7.2
4.16
5.6
3.68
3.84
2.88
3.68
4.32
4.8
3.84
4.16
4.8
3.68
3.36
5.12
3.04
3.04
5.44
3.2
4
4.8
3.68
4.48
4.32
3.68
3.52
4
3.84
3.52
4.48
4
4.64
3.84
4.48
5.2
4.48
4.61793
6.32
4.32
5.52
6.56
3.84
3.36
4.8
4.96
4.32
4.24
2.08
5.92
5.92
4.8
5.12
4.8
2.72
7.36
6.24
3.2
4.48
5.6
4.08
4.8
5.44
2.88
5.12
3.68
4
4.64
2.88
5.28
4.16
3.52
4.8
3.84
4
3.2
4.48
3.52
4.16
4.48
5.12
4.16
4.64
3.84
2.88
3.36
4.64
4
4.48
4.64
6.56
4.64
4.8
4.86
6.72
3.52
2.88
4.32
4.64
6.24
4.64
4.72
6.88
2.88
4.58667
5.12
4.64
8.16
2.88
3.52
3.04
3.68
5.12
5.12
3.2
5.28
4.64
3.52
4.64
4.96
5.28
3.04
6.08
4.96
4.32
6.08
3.84
3.52
4.64
1.76
4.64
3.52
3.84
3.84
4.8
5.28
3.36
3.52
4.32
3.2
3.68
4.48
4.32
3.04
4
4.16
5.28
3.04
4
2.88
3.04
3.52
3.52
3.84
5.28
4
3.04
2.88
3.2
3.68
4.64
3.04
3.36
3.36
3.36
3.36
3.84
5.6
2.4
3.2
4.64
3.84
4
3.52
4.32
2.88
3.2
4.48
4.8
4.32
3.52
5.28
3.36
3.68
3.36
2.56
3.2
3.84
2.24
4.64
3.2
4.32
4
4.32
4.16
4.64
3.36
4.8
4
2.88
2.72
2.88
3.52
4
4
4.16
2.08
3.04
3.68
3.68
4.8
3.52
4.64
3.84
4.64
4.32
3.68
4.32
3.52
3.2
4.48
3.2
3.68
3.52
4
5.12
2.08
4.96
4
3.68
4.48
2.88
3.36
4.96
3.36
4.8
3.68
3.76
3.84
3.36
3.84
4.16
4
3.84
2.56
3.84
4.48
3.52
3.52
3.04
3.36
4.16
2.56
3.84
3.84
4.16
4.16
3.2
3.36
4
4.16
3.36
3.2
4.16
2.08
2.88
4
3.84
3.68
3.68
3.2
4.16
3.68
3.68
3.52
4.32
4.8
3.36
4.8
3.68
4
2.56
4
3.2
4.16
4.48
3.68
3.52
3.2
3.68
3.68
2.56
3.2
4.16
4.48
3.36
3.52
4
4.32
4
4
4
3.68
2.88
4
4.16
3.36
3.84
4.48
4.16
4.16
3.36
3.68
3.68
3.36
4
3.2
3.52
3.68
3.84
4
4.8
1.92
3.36
4.96
3.52
3.36
3.52
5.44
3.52
4.32
3.52
3.52
3.36
4
3.36
3.68
2.72
3.52
4.32
4
3.36
3.04
3.2
4.32
3.68
3.84
3.68
4.48
3.68
3.36
3.84
3.84
3.36
3.84
3.68
4.16
4
3.36
3.36
3.04
2.56
2.88
4.96
4
4.16
3.52
4
3.84
4.64
3.68
3.52
4.8
4.48
3.52
3.84
3.52
4.64
3.52
3.68
3.52
1.6
3.04
4
4
4.8
3.52
4.32
4.48
4.8
4.8
3.68
3.68
4.32
4
3.04
3.36
4.64
4
4.48
2.72
4.16
4.32
4.48
4.8
4.48
3.68
5.76
3.84
4.16
4.48
4.48
3.84
4.32
4
3.68
4.48
5.28
3.52
4.48
2.56
3.68
3.52
4.32
4
4.96
5.12
3.68
5.28
4.8
3.68
4.16
4.32
4.64
3.68
3.2
5.12
5.76
4
3.68
3.68
4.8
4.32
4.32
3.04
4.64
4.16
4.64
3.52
4
3.84
5.28
4
4.96
5.76
5.28
4.8
4.48
5.44
2.56
4.96
4.96
4.16
4.32
4.8
4.96
4.48
4.96
5.28
4.16
5.28
5.92
4.64
4.96
6.56
6.4
4.48
5.44
3.52
7.2
6.24
5.76
6.56
4.16
4.16
4.8
4.32
4.48
4.96
4.32
4.48
5.44
4.8
4
4.16
2.72
3.68
3.52
2.4
4.64
6.24
4.64
5.6
5.76
4.8
3.68
4.64
4.8
4.48
4.32
4
3.68
4.64
4.96
4.64
3.52
4.32
1.44
5.44
3.6
4.32
4.8
3.84
5.44
4.64
4.8
4.96
3.52
5.12
5.6
4.96
4.8
4.64
4.96
4.48
5.44
2.88
7.36
4.8
5.44
5.28
4.32
7.04
5.28
4.8
4.16
4.8
4.16
4.32
4.32
4.16
5.44
4.96
5.6
4.48
3.04
4.96
4.8
4.32
4.64
4
5.28
4.16
4.96
4.96
4.32
4.16
3.68
4
5.76
5.12
4
4.8
5.28
3.2
6.72
4.48
4.72
4
5.44
5.28
6.4
5.6
6.4
5.12
5.92
6.56
6.56
5.44
6.24
6.08
5.76
5.28
5.92
5.44
4.16
5.44
4.16
6.08
5.6
5.44
6.88
5.6
5.44
6.08
5.44
5.28
5.28
3.52
5.76
5.76
3.04
5.76
4.16
4.48
4.48
5.12
5.92
5.28
5.28
6.56
5.92
5.92
5.44
5.92
5.12
4
4.48
5.6
2.88
6.24
5.6
4.48
5.28
4.64
5.44
5.92
4.96
5.92
6.4
5.76
6.08
5.76
5.28
6.24
5.92
6.4
5.76
2.4
5.6
7.36
5.76
5.28
6.4
5.28
5.28
5.6
7.04
6.4
5.76
5.92
6.24
5.92
4.96
5.28
6.56
5.6
4.8
6.24
6.08
6.72
6.24
6.24
5.44
6.08
5.12
5.44
5.44
5.12
6.4
5.44
5.6
5.28
4.8
6.24
5.44
5.92
3.84
6.08
5.6
4.64
7.04
6.08
6.08
6.56
7.04
5.76
5.6
4.96
5.76
4.8
5.6
5.92
5.6
5.76
5.76
2.88
6.08
5.92
5.76
6.56
5.44
6.08
5.76
6.72
5.6
5.6
5.28
6.72
6.56
6.72
6.24
6.08
4.96
4.16
6.08
3.2
6.24
6.56
6.4
6.72
6.4
6.88
5.92
5.44
6.4
5.28
5.28
5.28
6.08
6.72
7.52
6.08
5.76
5.76
3.04
7.2
5.44
5.6
6.24
7.36
6.4
5.28
4.64
7.36
7.52
5.12
6.88
6.08
6.24
6.72
6.72
6.24
6.08
6.56
3.36
5.92
6.72
6.08
4.48
6.72
6.56
6.72
5.44
6.4
6.88
6.72
6.88
5.6
6.56
6.24
4.64
4.8
5.92
3.52
6.4
7.2
8.16
7.04
7.52
6.88
4.8
5.6
6.56
5.76
5.6
6.56
6.72
5.76
6.08
5.76
6.72
5.92
5.28
2.72
6.88
5.6
5.12
7.04
6.56
6.88
5.6
4.48
6.08
5.12
7.68
6.88
5.76
5.44
6.56
6.88
6.24
7.04
3.68
7.2
8
6.08
6.56
7.04
6.4
5.76
6.24
6.24
6.72
7.36
6.88
6.4
7.04
7.68
7.36
7.36
4.96
5.28
3.84
7.36
5.92
6.88
6.72
6.08
5.44
7.04
6.4
7.04
6.72
6.88
4.96
5.44
8
6.72
7.2
6.4
2.88
7.68
7.52
6.08
9.44
6.56
4.8
5.44
5.6
5.12
5.44
7.2
7.52
6.24
6.24
7.36
5.92
4.8
4.8
4.48
3.68
4.96
8.16
6.72
5.76
5.6
5.6
6.88
6.08
5.6
6.72
6.24
6.72
6.4
6.08
5.76
4.96
8.48
5.92
3.84
6.4
6.72
7.2
6.56
6.72
7.2
6.56
6.88
8
6.88
6.56
5.6
6.24
7.04
7.84
5.76
4.8
8.96
4.96
3.52
8.8
6.08
8.32
6.72
8.16
6.56
6.24
5.12
7.04
6.08
7.68
5.92
4.96
7.52
6.24
7.36
6.72
6.56
2.88
6.4
5.28
6.4
5.44
8.16
5.6
4.16
5.12
7.2
6.56
6.72
4.96
5.76
7.04
7.04
4.96
5.92
4.8
6.4
3.52
5.76
5.28
8.96
7.04
4.8
8.8
6.24
6.72
5.76
6.08
5.92
7.36
6.4
4.8
5.12
5.44
5.6
5.76
3.2
6.56
6.24
6.72
6.08
5.6
8.16
7.2
4.16
6.72
4.64
6.72
7.04
6.72
7.36
6.56
6.4
6.24
5.28
7.52
3.84
7.52
8
7.04
5.92
6.56
5.12
4.16
5.6
6.72
5.76
6.72
7.36
6.24
5.28
6.72
6.24
6.4
5.92
3.52
7.52
6.24
5.76
6.4
7.68
5.76
7.68
5.92
7.2
5.76
6.72
6.4
4.64
6.72
6.56
6.08
6.24
5.44
3.52
2.24
3.84
6.08
8.64
5.44
5.6
6.88
5.44
7.84
6.08
5.92
4.8
4.64
4.96
5.44
3.84
6.24
6.88
4.64
3.2
6.88
6.72
7.84
6.88
6.4
6.4
6.56
5.6
4.8
5.92
6.72
7.36
4.96
8
7.2
7.52
4.8
7.2
4.96
4.8
6.08
7.2
6.56
5.12
5.76
6.4
5.28
5.92
5.28
6.08
7.2
5.92
5.44
6.56
5.44
7.84
5.6
5.76
4.8
6.56
6.24
5.44
5.44
5.92
6.24
6.56
5.28
6.24
6.08
5.6
6.08
5.76
6.24
7.36
5.44
6.08
6.88
7.2
4.48
4.96
7.04
6.24
4.64
5.44
5.28
8
3.2
5.92
5.28
6.72
6.4
4.64
5.76
7.68
7.2
6.72
5.44
3.04
7.04
5.44
6.4
7.04
6.4
7.36
4.96
6.24
6.08
7.36
6.24
6.56
5.92
6.72
5.44
6.08
6.24
6.88
7.36
6.16
8.16
8.8
6.08
7.04
7.04
6.88
7.04
6.24
6.56
5.28
6.08
4.64
4.32
5.6
6.56
7.52
6.4
4.64
5.92
6.88
6.72
6.56
5.44
8.64
7.2
6.56
7.84
6.24
7.04
5.44
7.36
6.24
5.28
7.68
8
8.16
8.48
4.48
6.4
7.04
7.04
8.96
7.84
7.84
7.68
7.04
7.68
6.56
7.68
7.04
9.28
6.72
7.52
8.64
7.36
6.24
4.64
8.8
7.84
5.28
6.56
7.2
5.6
6.08
6.88
8.48
6.88
7.04
5.44
5.6
5.28
5.28
4.96
5.44
5.92
6.88
4.48
7.2
4.48
6.24
4.48
4.64
7.2
6.08
5.44
5.76
7.36
4.96
7.52
7.52
8
6.56
4.16
5.92
5.6
2.88
5.92
6.24
6.4
7.68
7.2
5.76
6.24
5.44
9.12
6.88
5.92
5.12
6.88
5.6
5.76
7.2
6.4
6.08
7.04
4
6.4
7.04
6.56
6.72
5.6
6.72
4.96
6.24
6.88
5.6
5.92
5.92
6.08
8.16
6.72
6.08
8.32
4.64
3.04
7.68
5.44
5.12
7.68
6.24
5.6
5.6
5.92
6.4
5.44
5.6
5.92
6.4
7.36
8.64
6.56
6.72
7.04
5.76
4.64
7.04
7.36
8.48
5.28
6.24
7.36
5.92
5.28
6.24
5.28
5.92
7.36
7.04
5.76
5.44
7.04
5.76
6.08
3.68
6.56
7.36
6.72
6.56
5.92
6.08
6.88
8
6.4
6.08
7.68
8.16
4.64
5.92
7.04
6.72
5.44
5.12
5.44
3.36
5.76
6.4
6.56
8.16
6.08
6.08
5.92
6.88
6.56
7.04
5.76
6.24
6.4
7.04
6.56
8
8
6.08
4.48
6.24
5.76
7.36
8.96
9.6
6.4
6.72
6.88
5.44
6.4
7.36
6.24
6.08
6.56
7.04
7.36
7.36
6.72
6.08
4.8
6.56
5.6
6.24
7.68
10.08
7.52
6.24
7.84
7.2
7.36
7.2
6.56
7.52
7.68
6.88
7.84
6.88
7.2
4.48
8
7.52
7.68
7.04
7.84
7.04
9.12
8.64
7.68
6.72
6.56
8.32
7.84
9.28
6.88
6.56
7.84
6.88
7.04
2.4
8.16
9.76
8.32
8.32
7.36
8.48
7.52
8.96
8.16
7.2
7.2
9.92
6.72
7.2
6.4
5.76
8.32
7.04
3.52
9.12
7.68
6.4
6.88
8.32
7.52
6.24
6.56
7.84
6.56
5.92
7.2
7.2
7.84
8.16
5.76
4.8
6.56
7.36
4.96
6.88
5.76
7.36
5.92
5.44
7.84
6.56
5.28
8
6.08
5.92
5.44
4.64
8.48
5.92
5.76
7.84
5.92
5.44
6.88
8.16
6.56
5.6
6.24
4.96
5.76
5.76
6.56
8.32
6.08
8
6.72
5.76
7.2
7.52
6.08
6.4
7.84
4.48
7.84
6.88
8.32
5.44
6.88
6.88
7.68
7.36
7.52
7.68
6.88
6.72
7.2
8.16
6.4
6.72
8
7.52
2.72
7.04
6.56
6.88
8.64
7.2
7.2
5.44
7.84
5.6
7.52
6.56
5.44
7.84
5.92
4.8
7.68
7.04
4.8
6.08
4.64
5.44
5.76
5.44
6.72
6.56
6.24
5.44
4.96
5.92
6.24
5.76
6.08
5.92
6.88
4.8
5.44
6.88
7.04
3.68
5.44
7.2
5.28
5.12
5.76
5.76
6.4
5.92
6.88
5.6
7.36
7.68
5.76
7.36
7.36
6.56
6.08
7.68
6.08
4.32
5.92
5.92
6.56
5.76
6.08
6.56
6.08
5.92
6.4
5.92
5.92
6.08
6.56
7.36
6.56
5.92
6.72
5.92
3.52
6.24
7.2
5.76
4.96
5.76
4.8
6.24
6.24
5.92
6.72
6.72
6.56
8
6.56
7.52
5.92
6.56
6.88
7.52
5.12
7.36
7.2
7.36
8.48
6.72
7.52
7.36
7.52
7.52
7.68
7.2
4.64
8.48
6.08
7.36
8.32
7.2
8.16
2.88
8
8.32
8.48
8.48
6.24
8.48
8.96
7.68
8.16
6.56
7.68
5.92
7.68
6.88
7.2
6.4
8.64
7.68
6.4
5.12
7.2
5.92
8.48
7.04
6.56
7.04
9.12
7.36
8.64
7.04
6.24
8.96
6.72
9.76
7.52
8
8.16
7.04
6.08
7.68
7.52
7.52
7.04
7.52
8.48
5.92
9.12
6.88
9.92
7.36
6.72
7.84
8.96
7.52
8.96
7.52
7.84
8.32
5.28
7.2
9.6
7.2
7.68
6.72
9.12
7.36
7.04
8.16
7.04
9.6
7.52
9.12
7.84
8
7.2
8.32
7.52
4.48
9.12
6.72
7.2
7.68
8.8
8.8
6.88
8.32
6.72
7.04
8.16
7.2
7.36
6.72
6.56
6.08
6.56
6.88
6.4
5.44
6.56
6.88
6.4
6.88
7.2
6.56
7.04
6.4
6.72
6.08
6.72
7.84
5.76
6.24
6.72
5.44
6.72
7.36
3.52
8.8
6.88
5.28
8
7.68
7.68
7.36
6.08
8.8
6.4
6.4
7.2
6.88
7.52
7.84
7.84
6.08
7.36
6.88
5.12
7.52
5.44
6.72
5.28
6.24
7.04
6.56
7.36
6.24
7.68
8.16
6.88
7.04
7.52
6.88
6.88
8.48
6.72
4.8
8.96
6.88
6.56
6.88
7.52
7.68
7.04
7.84
7.68
7.68
7.04
6.24
7.36
6.08
8.16
8
6.56
6.88
7.84
5.76
6.72
7.04
7.04
7.2
7.52
7.04
7.2
8.64
6.72
7.04
7.52
6.88
7.2
8.16
7.2
7.04
8
6.4
5.12
8.8
6.56
7.2
7.36
7.52
7.2
8.16
6.56
7.84
7.2
7.2
6.08
7.36
8.16
6.24
7.68
8.48
7.84
7.36
5.76
8
7.36
7.04
8.32
5.6
6.56
6.72
6.56
6.72
5.92
7.36
6.4
6.56
6.08
6.72
7.68
7.52
7.2
4.8
7.84
5.76
6.24
7.52
6.72
6.4
7.04
6.72
5.76
6.24
6.24
6.72
7.04
7.04
5.6
6.72
6.56
6.88
7.2
4.48
7.36
7.2
7.52
6.4
7.52
8.16
7.52
8.96
7.52
6.4
7.2
7.52
7.68
8.48
6.4
5.6
6.24
6.88
4.8
6.24
6.72
7.52
6.08
6.08
7.04
5.44
6.72
5.28
7.04
6.08
6.88
7.68
5.92
7.04
6.24
6.4
5.28
6.4
5.44
4.96
5.92
5.76
6.56
6.56
5.28
6.24
6.08
7.36
7.04
6.4
7.2
6.72
5.6
6.72
6.56
6.24
6.56
5.76
8
7.68
8
8.64
7.84
6.08
7.2
6.56
7.52
8
8.48
8.16
7.52
6.88
7.68
10.4
6.56
8.16
7.2
5.12
8.16
8
6.72
8.32
6.24
7.2
7.2
8
8.8
6.56
7.04
5.44
7.04
8.32
7.2
6.72
8.32
7.2
5.76
8.48
7.68
7.52
7.36
8.32
7.04
6.72
6.88
7.36
9.28
8
5.6
6.56
6.4
5.12
6.72
7.68
6.72
6.4
4.64
5.12
6.72
7.2
6.88
5.92
6.4
7.68
6.72
8
6.08
6.4
8.16
6.08
6.88
8
6.56
7.36
7.36
3.36
7.36
5.76
7.2
5.76
5.6
8.16
5.92
7.52
6.08
6.24
6.24
7.04
5.6
6.08
5.76
6.72
6.24
6.24
5.92
4.96
5.92
5.76
5.6
6.4
5.92
7.2
5.76
6.08
6.72
5.92
5.44
5.92
6.24
6.72
4.64
6.24
7.04
5.12
4.48
6.56
6.24
5.6
6.72
4.48
6.24
5.28
5.6
6.88
6.72
6.4
5.92
4.16
5.76
4.64
4.8
4.96
4.96
4.64
3.36
6.24
4.16
4.64
4.64
4.32
5.28
5.28
3.84
4.32
4.64
5.76
4.8
4.8
4.8
5.6
5.76
4.96
5.76
3.84
7.36
5.92
5.76
5.28
5.28
6.24
7.04
5.76
5.44
5.76
5.12
7.84
5.12
6.72
6.72
5.92
5.6
6.08
6.08
4.8
6.08
6.08
5.44
6.24
6.56
6.4
5.6
6.72
5.92
5.44
6.88
6.88
5.92
6.24
5.92
7.2
5.92
6.24
4.32
6.4
5.92
5.44
7.2
5.6
4.32
6.56
6.4
5.12
5.92
6.56
5.28
5.6
5.92
5.92
6.08
5.28
6.72
6.24
4.64
5.6
5.76
6.4
5.6
5.12
5.92
5.28
6.72
5.28
6.24
6.08
5.6
5.92
6.72
5.28
5.92
5.6
6.88
4.32
7.52
6.24
6.72
6.08
6.72
6.88
6.4
6.4
5.76
6.72
5.28
5.6
6.72
6.56
5.44
4.48
5.12
5.28
6.4
3.52
6.72
5.28
4
5.12
4.96
4.8
5.12
4.8
4.96
4.8
3.84
2.88
4.16
2.88
3.84
3.52
3.68
4
2.4
4
2.88
3.04
3.36
3.04
3.68
4
2.88
4.8
3.36
4.32
3.52
4
3.68
3.36
4
2.24
2.4
3.52
2.56
3.68
4.32
3.04
4.48
3.68
2.88
4.48
3.2
3.68
4.16
3.68
4
3.2
3.84
2.56
2.88
3.36
3.84
2.24
4
4
2.72
4.8
3.84
4.48
2.56
2.72
3.68
3.04
3.68
4.48
3.68
4
3.04
4.48
3.2
3.52
3.84
2.56
3.84
3.84
3.68
3.36
4.8
2.88
4.48
3.68
2.88
3.36
3.52
4
12.96
13.12
13.28
12
9.28
12.96
5.76
11.52
11.68
9.76
13.92
11.52
15.68
14.4
15.36
18.4
15.2
14.88
14.72
14.88
15.04
8.32
8.48
11.68
14.88
15.2
5.6
10.56
15.84
14.4
9.44
13.12
16.32
13.76
15.2
12.16
15.52
13.28
14.08
17.12
14.72
17.6
17.12
15.52
15.04
7.84
17.6
15.04
16.8
14.4
14.88
12.96
12.96
13.6
12.64
11.52
14.24
16.96
15.68
16.64
16.64
14.24
12.64
12.32
13.44
8.16
15.52
15.68
16.8
15.84
17.12
16.32
17.44
16.16
14.24
18.56
13.92
16.16
14.88
16.32
17.44
13.28
11.68
13.6
5.76
10.08
8
8.48
14.4
14.4
10.64
8
11.36
10.24
11.2
13.28
12.16
9.92
14.08
15.04
12.96
16.16
15.36
8.32
16.32
16
15.52
14.72
13.28
14.08
15.04
15.52
15.84
14.24
14.56
13.6
12.8
14.88
12.8
13.12
17.44
14.56
8.64
16.96
16
15.68
11.36
15.84
16.64
14.24
12.16
16
18.56
17.76
15.36
16.64
14.88
17.28
18.08
18.4
16.16
13.76
6.72
15.04
16.64
16.16
16.8
15.52
16.96
13.44
13.12
15.04
12.8
14.4
15.2
13.92
14.72
15.04
10.08
10.72
12.64
4.64
12.96
14.88
16.64
14.08
18.08
18.08
17.12
15.2
15.36
14.08
11.84
13.28
14.4
15.2
10.56
12.96
16.96
14.4
17.12
7.2
12.16
14.4
8.64
8.32
8.48
7.04
13.12
12.96
10.4
10.88
8
8.64
11.04
13.12
10.72
14.4
10.56
12.16
5.28
11.84
11.36
9.76
12.32
9.76
11.52
15.84
18.4
17.92
16.64
16.8
17.28
17.28
17.28
18.08
17.44
15.68
9.6
11.04
5.6
10.56
11.68
13.6
13.92
13.28
11.68
11.2
11.2
12.64
12
12.48
13.12
11.52
12.48
14.08
14.24
12
12.16
7.04
14.56
14.24
14.24
12
14.08
14.88
12
11.04
14.4
13.12
12.96
11.04
16.48
10.56
14.24
15.2
10.24
9.76
9.92
7.04
9.92
10.88
7.68
13.92
10.88
11.04
12.16
14.4
11.36
10.24
12.32
13.44
11.04
12.2667
7.28
8.8
7.04
11.84
7.84
9.6
9.76
12.8
8.64
11.2
6.56
8.64
6.72
5.28
6.08
7.84
6.72
6.08
6.72
10.24
4.64
9.28
11.36
10.8267
10.88
8.58667
10.72
8.32
11.04
8.8
3.2
7.36
7.84
13.76
11.84
8.96
9.28
13.52
9.12
9.12
11.2
9.92
10.1333
10.24
8.48
8.48
11.52
8.64
11.2
15.4133
13.92
14.4
12
12.16
11.36
11.52
6.08
4.96
5.92
5.92
3.68
10.08
9.12
10.24
9.28
12.96
12.64
12.48
18.56
11.36
12.32
13.76
9.12
8.48
13.12
15.52
15.84
16.16
14.88
5.6
12.16
8.96
8.8
8.32
12.48
7.04
12.76
15.52
17.76
18.08
18.08
17.6
17.6
12.4844
6.08
6.88
5.28
7.84
7.68
4.8
9.76
7.2
8.8
8.48
7.168
9.44
9.28
8.16
10.08
10.88
9.12
9.12
5.6
5.92
8.32
6.24
6.72
9.28
6.08
9.6
12.64
12.32
8.8
14.24
12.8
16.5569
17.92
19.04
18.72
18.72
18.72
16.96
17.92
16.96
17.76
18.4
17.12
18.72
13.28
15.04
12.64
9.76
8.48
12.16
16.16
16.8
15.84
16
17.92
15.2
17.44
17.6
14.88
18.4
16.8
17.76
18.56
18.72
19.2
17.6
18.72
9.44
16.8
19.2
18.72
18.88
18.56
19.2
19.2
19.2
19.2
19.2
18.4
17.76
18.4
18.08
17.44
17.28
18.08
18.4
13.28
8.68923
6.32163
4.32
4
4.48
3.84
3.2
4.32
2.24
3.84
4.16
4.64
5.76
4
5.28
4.96
3.68
3.84
3.36
5.92
4.48
2.24
2.84
2.4
2.08
2.8
2.56
1.96
1.33333
1.70667
1.97333
2.08
4.32
3.2
4.8
3.84
4.16
3.36
2.56
3.84
4.8
3.68
1.96
2.34667
2.82667
1.44
6.4
8
8.8
11.68
9.44
10.56
10.4
8.52
8.64
7.36
11.2
12.16
11.36
8.32
9.28
7.28
12.64
2.88485
1.76
2.24
2.88
2.88
2.98667
3.04
1.6
2.61333
1.68
1.6
8.72
9.6
12.8
11.36
16.16
14.56
12.8
13.6
12.96
11.52
13.28
6.56
14.24
13.28
16.32
16.16
13.6
17.6
17.28
4.8
2.56
2.88
4.32
4.16
2.24
3.68
2.88
2.88
3.2
3.68
3.52
2.08
4.32
3.2
3.2
3.52
3.36
3.68
3.68
3.2
2.88
3.36
3.2
3.04
4
2.88
3.84
5.6
3.36
4.64
2.72
4.48
3.68
3.36
5.12
4.32
3.04
3.52
3.52
3.04
3.2
2.88
2.56
2.56
3.04
3.84
2.56
3.04
3.84
3.36
2.4
3.2
2.72
2.88
3.36
1.92
2.24
2.88
2.56
2.08
2.88
2.4
3.84
1.76
1.12
3.68
2.56
3.36
3.36
1.28
2.4
2.88
2.08
2.88
1.76
2.08
2.72
1.6
1.76
2.88
2.88
3.04
2.08
3.36
2.24
2.08
2.4
3.04
2.56
1.12
2.72
2.56
3.04
2.24
2.08
3.36
1.44
1.92
1.76
3.2
1.76
1.92
2.72
2.24
1.76
3.2
1.28
1.92
2.4
2.24
2.08
2.56
2.24
2.4
2.72
2.24
2.24
2.56
1.44
2.56
2.24
2.4
1.28
2.24
2.4
3.36
3.2
3.2
2.08
2.24
2.72
2.88
2.08
3.68
0.8
2.88
3.2
2.72
2.08
2.4
1.92
1.92
2.24
2.88
2.88
1.28
1.92
2.08
2.08
2.24
2.4
1.28
3.04
2.08
2.4
1.92
3.36
2.88
2.56
2.24
3.52
2.88
2.08
3.52
1.76
2.4
0.8
1.6
3.04
1.92
2.08
2.24
2.72
2.56
2.24
3.04
2.56
2.08
2.56
2.08
2.56
1.76
2.56
2.08
1.44
2.08
1.76
1.92
2.08
2.4
1.6
2.08
1.76
1.92
2.56
2.88
1.6
1.92
2.24
1.76
2.08
2.4
2.08
2.24
2.08
1.12
1.76
2.24
1.76
2.56
2.4
3.04
1.44
1.92
3.84
2.88
2.4
2.08
2.08
3.36
1.76
2.08
1.76
1.6
2.4
2.4
1.76
2.4
2.88
3.2
2.88
2.72
3.84
1.6
1.6
1.6
2.4
1.12
2.24
1.92
1.92
2.72
1.6
2.24
1.28
1.76
3.04
3.2
2.4
2.88
1.76
2.4
1.44
1.92
2.88
2.24
2.56
2.88
2.56
1.6
1.12
1.28
1.12
2.24
1.44
3.2
2.08
2.24
2.4
2.56
2.72
2.56
3.04
3.2
2.4
3.2
2.4
1.92
3.2
2.4
2.72
2.56
3.04
1.6
3.68
2.56
2.56
2.88
2.56
1.76
1.92
2.4
3.04
2.4
3.36
2.08
1.76
2.56
3.04
2.24
2.88
2.56
2.56
2.4
0.96
2.08
2.24
1.92
1.6
2.56
1.76
1.44
2.24
2.24
2.72
3.36
2.08
2.08
2.24
1.92
1.92
3.04
1.6
3.84
3.52
2.08
3.52
2.4
2.24
2.56
2.24
2.08
2.56
2.72
2.88
2.56
2.56
1.76
2.4
1.6
2.24
0.96
1.92
1.6
2.56
2.4
2.72
1.76
1.92
1.12
2.72
3.36
3.2
1.6
2.56
2.56
1.76
2.24
2.08
2.56
2.24
1.92
2.08
3.68
1.92
2.08
3.36
2.72
1.92
1.6
1.92
2.88
2.56
3.04
2.4
1.92
1.92
2.24
3.36
2.08
2.24
1.92
3.04
1.44
2.72
2.08
2.08
3.52
2.56
3.84
1.92
1.44
3.68
2.56
2.56
3.04
2.08
2.72
2.4
2.4
1.6
3.2
1.76
