0
52000
2000
0
0
0
1000
0
0
1004
0
1000
0
0
751
1
243
0
0
5
997
0
0
0
0
0
0
1003
0
0
0
0
1002
0
1000
0
0
0
995
0
0
0
0
0
1003
0
0
0
0
0
1002
0
0
0
0
999
1859
1136
0
2002
0
0
0
0
998
0
0
0
0
0
1004
1996
0
1000
0
0
1001
0
1004
1004
1995
0
1003
0
1000
1001
1000
1000
999
1000
999
1003
996
773
998
1002
1005
2991
1000
0
1000
1003
0
999
1000
1003
998
1998
998
1000
1002
0
1001
1002
1025
1001
0
1003
811
1000
2002
0
998
1001
1001
0
999
1003
607
998
2999
0
736
267
1109
42
999
1248
752
1000
439
471
994
1004
0
999
999
1001
1001
998
946
1054
0
42
624
1247
0
359
313
997
1004
1930
533
1031
1003
0
1001
1046
1000
1001
999
1001
0
286
996
1002
999
999
1002
1000
1001
997
1001
1003
999
1000
996
1001
1000
999
1001
999
1002
1004
996
427
1002
0
1001
2001
0
1997
0
1004
1996
0
1000
1003
822
1175
1000
1002
0
1006
999
26
1001
0
1003
735
995
806
995
511
995
2716
998
0
194
997
1003
1335
0
1009
0
994
1000
1005
0
203
762
1001
417
1989
0
1002
0
1003
999
997
1001
1003
998
1001
1555
200
286
1070
1000
664
300
1103
0
1005
1995
0
1000
1001
0
2003
996
1000
576
341
994
2000
0
1003
0
1002
998
1001
998
1003
998
2002
0
1228
765
675
1000
681
267
1002
1000
0
288
1999
0
667
1001
999
558
16
210
798
992
1204
310
1000
999
1224
72
300
261
1100
0
1078
0
252
252
983
1008
998
999
999
997
1002
1001
997
1000
1000
1003
998
1002
1000
999
999
1003
1002
999
1000
1000
998
1001
1000
999
698
978
1008
1002
999
999
998
1001
1001
1001
997
1001
1000
1161
0
1008
0
1002
999
999
776
983
1009
1003
996
1003
997
1001
1000
1002
997
1001
1001
1001
997
1001
1001
1001
997
1001
1001
1001
1032
1008
0
1004
997
1000
1003
1000
997
1000
1002
1189
0
1010
0
1000
1000
998
1002
1001
998
1000
1002
999
999
999
1004
999
999
999
1001
1000
1000
1000
1001
1000
998
1005
304
583
617
681
995
1005
1002
998
999
1003
998
1000
141
985
994
1008
1001
1000
1000
999
1000
1090
1000
1010
0
1002
999
999
1000
1003
998
999
1000
1001
1000
999
1000
1292
0
1010
0
1001
1001
999
999
1001
999
999
1000
1003
999
999
1004
1001
994
1001
1001
1002
997
1000
1000
1003
995
1002
1000
1003
995
1002
1000
1003
995
1002
1001
1002
996
1001
998
1008
993
1002
997
1006
995
1002
997
1007
995
1002
996
1006
995
1002
997
1006
996
1001
997
1006
995
1003
997
1005
996
1000
999
1005
995
1001
1000
1004
995
1001
999
72
987
1010
0
1001
999
1001
999
1000
1000
1001
1000
999
1001
999
999
1002
1000
1001
997
1000
1002
999
1001
998
1004
998
998
1000
1003
998
1000
999
1002
999
830
200
987
1330
0
1011
0
999
1000
999
1002
999
999
1000
1002
1000
998
1000
1002
999
1275
0
1010
0
1001
998
1001
1000
1000
1000
998
1002
1001
999
1001
999
1004
997
998
1002
1001
998
999
1000
1001
999
1000
1000
1003
997
1004
997
1000
999
999
1000
1003
1000
1001
998
1001
1002
996
1001
1000
1002
999
999
1000
1002
998
1001
1001
999
999
1000
1001
1000
998
1001
1000
1001
999
1000
1000
1001
998
1002
999
1003
996
1000
1000
1000
1000
1000
1001
999
1000
1001
999
1000
1001
1000
999
1001
1000
1000
1001
999
1001
999
999
1001
1000
1002
997
1147
0
1009
0
1002
1000
1000
998
1001
1000
1000
999
1001
1001
999
1002
1000
998
1000
999
1002
999
1000
1000
1002
998
1000
999
1001
1000
1000
999
1000
999
1002
999
1000
999
1002
999
1000
1000
1001
999
1000
1000
1001
999
1001
999
1001
1001
999
1000
1000
999
1001
1277
0
1010
0
1000
1001
998
1001
999
1001
1001
997
1002
999
1000
999
1002
1000
1001
997
1003
1000
998
999
1002
1001
998
999
1001
1000
139
1093
0
1009
0
1001
999
1000
1000
999
1004
997
1002
997
1001
1000
1001
1000
1002
998
1001
1000
998
1001
999
1001
1001
1001
999
998
1000
1003
999
998
1000
1001
1001
1000
998
1005
997
998
1196
0
1009
0
1001
1001
1001
998
999
1002
1000
1002
996
1003
1002
995
1000
1005
997
999
999
1001
1001
999
1000
1002
999
998
1000
1002
1000
999
999
1003
999
998
1000
1003
999
998
999
1001
1002
999
998
1002
1001
1000
998
1001
1001
293
986
995
1012
999
997
1003
1003
996
998
1000
1004
998
998
1000
1002
1001
997
1001
1003
999
996
1002
1002
1000
996
1002
1001
1001
296
1211
0
1011
0
999
1001
1001
997
1001
1002
998
1000
1000
1002
999
1000
999
1002
998
1000
1000
1002
1000
998
1004
1000
997
999
1001
999
999
1001
1002
998
1001
999
1002
999
1000
1000
999
1000
1001
1001
999
1000
1000
1000
999
1257
0
1211
0
1011
0
1001
998
1000
1001
1000
999
1001
1000
1000
999
1000
1002
999
1001
999
1000
1000
999
1000
1005
997
998
1000
1000
999
1000
1000
1002
998
1002
998
1003
996
1005
997
1003
995
1002
1000
1003
995
1006
996
1003
997
273
986
991
1007
1003
1003
999
995
1002
1001
1002
998
999
998
1006
995
1002
997
1006
995
1002
997
1006
995
1002
998
1006
994
1003
996
1007
998
999
996
1007
994
1003
996
1006
998
998
999
1006
994
1001
999
1005
995
1001
999
1003
999
1001
1001
998
999
1001
999
999
1001
1001
999
999
1001
1000
999
1000
1002
999
999
1000
1002
999
999
1000
1002
999
999
1000
1002
999
1000
328
988
993
1182
0
1010
0
1000
1001
1000
999
999
1000
1003
998
999
1000
1002
999
1002
997
1003
998
1001
998
1000
1001
1000
999
1002
999
1000
999
999
1002
1000
1000
998
1002
1000
1000
999
1002
999
1001
998
156
272
80
1063
0
1010
0
999
1003
999
999
999
1001
1000
1001
998
1001
1001
999
1000
999
1004
998
642
1368
0
1009
0
1002
1000
998
1000
1001
1000
999
1000
1000
1002
998
1001
999
1002
999
1000
999
1000
1001
1002
998
1000
134
986
1010
0
1000
1001
1000
998
1001
1002
998
999
1001
1002
999
998
1002
1001
998
999
295
986
1009
0
1003
1000
998
999
1001
1002
998
999
1001
1002
998
999
1001
1002
998
999
1002
1001
998
1000
1001
1001
998
1000
1000
1002
998
999
1002
1001
999
998
1000
1001
1233
0
1012
0
997
1183
0
1008
0
1002
999
1000
999
1000
1002
996
1003
1000
998
999
1002
999
998
1001
999
1000
1003
996
1004
996
1309
0
878
130
995
999
1002
999
26
1000
1002
0
1001
999
1000
1002
998
1001
999
1000
1000
1000
1000
1179
1000
0
0
0
0
0
9
0
0
0
0
4
0
0
0
0
2
0
0
5
0
0
0
0
7
0
0
0
0
5
0
0
0
0
5
0
0
8
0
0
0
0
7
0
0
0
0
8
0
0
0
0
5
0
0
0
0
0
0
0
5
0
0
0
0
4
0
0
0
0
4
0
0
0
0
3
0
0
11
0
2
0
0
8
0
0
0
0
9
0
0
0
0
3
0
0
0
0
2
0
0
8
0
0
0
0
5
0
0
0
0
7
0
0
0
0
5
0
0
5
0
3
0
0
7
0
1
0
0
6
0
0
0
0
7
0
0
0
0
5
0
0
10
0
0
0
0
7
0
4
0
0
11
0
2
0
0
7
0
0
5
0
0
0
0
8
0
0
0
0
5
0
0
0
0
5
0
0
0
0
2
0
0
9
0
0
0
0
7
0
0
0
0
7
0
0
0
0
4
0
0
8
0
0
0
0
10
0
2
0
0
10
0
0
0
0
7
0
1
0
0
0
0
0
9
0
0
0
0
5
0
0
0
0
7
0
0
0
0
7
0
0
9
0
0
0
0
9
0
0
0
0
9
0
0
0
0
5
0
0
0
0
3
0
0
4
0
0
0
0
8
0
0
0
0
11
0
0
0
0
6
0
0
8
0
1
0
0
3
0
0
0
0
6
0
0
0
0
9
0
0
0
0
3
0
0
11
0
1
0
0
9
0
0
0
0
9
0
0
0
0
6
0
0
10
0
0
0
0
5
0
0
0
0
7
0
0
0
0
12
0
0
0
0
5
0
0
7
0
1
0
0
4
0
0
0
0
8
0
0
0
0
2
0
0
11
0
0
0
0
7
0
2
0
0
7
0
0
0
0
7
0
0
0
0
0
0
0
11
0
4
0
0
8
0
1
0
0
7
0
0
0
0
6
0
0
12
0
0
0
0
4
0
1
0
0
9
0
0
0
0
9
0
0
0
0
4
0
0
7
0
0
0
0
6
0
0
0
0
6
0
0
0
0
6
0
0
12
0
0
0
0
7
0
4
0
0
7
0
0
0
0
10
0
0
0
0
2
0
0
11
0
0
0
0
10
0
0
0
0
4
0
0
0
0
8
0
0
12
0
5
0
0
12
0
2
0
0
5
0
0
0
0
7
0
0
0
0
1
0
0
8
0
2
0
0
5
0
1
0
0
8
0
0
0
0
2
0
0
15
0
1
0
0
10
0
0
0
0
6
0
0
0
0
2
0
0
0
0
8
0
0
10
0
0
0
0
7
0
0
0
0
4
0
0
0
0
1
0
0
9
0
3
0
0
8
0
0
0
0
6
0
0
0
0
1
0
0
0
0
0
0
0
6
0
2
0
0
9
0
0
0
0
5
0
0
0
0
2
0
0
11
0
0
0
0
10
0
0
0
0
6
0
0
0
0
4
0
0
0
0
0
0
0
8
0
0
0
0
8
0
0
0
0
5
0
0
0
0
1
0
0
10
0
0
0
0
7
0
0
0
0
9
0
0
0
0
8
0
0
0
0
2
0
0
7
0
3
0
0
9
0
0
0
0
7
0
0
0
0
4
0
0
10
0
0
0
0
9
0
0
0
0
4
0
0
0
0
7
0
0
0
0
6
0
0
12
0
1
0
0
4
0
0
0
0
3
0
0
0
0
5
0
0
9
0
1
0
0
12
0
0
0
0
9
0
0
0
0
3
0
0
0
0
4
0
0
10
0
0
0
0
7
0
0
0
0
5
0
0
0
0
2
0
0
9
0
2
0
0
9
0
0
0
0
10
0
0
0
0
8
0
0
0
0
1
0
0
8
0
1
0
0
6
0
0
0
0
8
0
0
0
0
4
0
0
7
0
0
0
0
10
0
1
0
0
9
0
0
0
0
3
0
0
0
0
2
0
0
6
0
0
0
0
9
0
0
0
0
6
0
0
0
0
1
0
0
12
0
6
0
0
8
0
0
0
0
6
0
0
0
0
1
0
0
0
0
0
0
0
9
0
4
0
0
6
0
0
0
0
5
0
0
0
0
0
0
0
8
0
1
0
0
10
0
0
0
0
5
0
0
0
0
7
0
0
0
0
0
0
0
8
0
5
0
0
8
0
0
0
0
2
0
0
0
0
0
0
0
11
0
1
0
0
6
0
0
0
0
5
0
0
0
0
1
0
0
0
0
0
0
0
10
0
0
0
0
9
0
0
0
0
8
0
0
0
0
0
0
0
13
0
0
0
0
8
0
0
0
0
8
0
0
0
0
1
0
0
0
0
3
0
0
7
0
2
0
0
11
0
0
0
0
8
0
0
0
0
0
0
0
10
0
6
0
0
10
0
0
0
0
6
0
0
0
0
1
0
0
0
0
1
0
0
10
0
1
0
0
11
0
2
0
0
2
0
0
0
0
5
0
0
11
0
0
0
0
8
0
0
0
0
8
0
0
0
0
3
0
0
0
0
0
0
0
6
0
1
0
0
10
0
1
0
0
2
0
0
0
0
4
0
0
11
0
6
0
0
7
0
0
0
0
5
0
0
0
0
1
0
0
0
0
6
0
0
12
0
2
0
0
4
0
0
0
0
4
0
0
0
0
3
0
0
10
0
3
0
0
13
0
0
0
0
4
0
0
0
0
3
0
0
0
0
2
0
0
7
0
0
0
0
9
0
0
0
0
4
0
0
0
0
4
0
0
8
0
0
0
0
6
0
0
0
0
2
0
0
0
0
5
0
0
0
0
3
0
0
8
0
0
0
0
3
0
4
0
0
4
0
0
0
0
8
0
0
14
0
0
0
0
3
0
2
0
0
8
0
0
0
0
6
0
0
0
0
4
0
0
8
0
0
0
0
8
0
0
0
0
7
0
0
0
0
5
0
0
12
0
3
0
0
8
0
0
0
0
5
0
0
0
0
2
0
0
0
0
1
0
0
5
0
0
0
0
4
0
0
0
0
6
0
1
0
0
3
0
0
7
0
0
0
0
7
0
0
0
0
9
0
0
0
0
8
0
0
0
0
0
0
0
10
0
0
0
0
8
0
2
0
0
7
0
2
0
0
2
0
0
11
0
3
0
0
4
0
0
0
0
4
0
0
0
0
9
0
0
0
0
6
0
0
9
0
1
0
0
9
0
0
0
0
6
0
0
0
0
3
0
0
13
0
5
0
0
12
0
0
0
0
6
0
0
0
0
4
0
0
0
0
0
0
0
10
0
0
0
0
7
0
0
0
0
2
0
0
0
0
6
0
0
7
0
3
0
0
7
0
2
0
0
8
0
0
0
0
5
0
0
0
0
3
0
0
13
0
0
0
0
6
0
0
0
0
5
0
0
0
0
1
0
0
13
0
10
0
0
9
0
0
0
0
5
0
0
0
0
2
0
0
0
0
3
0
0
11
0
0
0
0
9
0
0
0
0
3
0
0
0
0
2
0
0
11
0
1
0
0
8
0
4
0
0
7
0
2
0
0
3
0
0
0
0
0
0
0
6
0
0
0
0
4
0
0
0
0
3
0
0
0
0
8
0
0
8
0
2
0
0
9
0
0
0
0
6
0
0
0
0
5
0
0
0
0
4
0
0
8
0
0
0
0
9
0
0
0
0
4
0
0
0
0
6
0
0
8
0
5
0
0
11
0
0
0
0
8
0
0
0
0
4
0
0
0
0
6
0
0
11
0
1
0
0
10
0
0
0
0
3
0
0
0
0
4
0
0
7
0
0
0
0
8
0
1
0
0
4
0
0
0
0
3
0
0
0
0
2
0
0
8
0
1
0
0
7
0
0
0
0
9
0
0
0
0
2
0
0
8
0
0
0
0
7
0
2
0
0
9
0
0
0
0
7
0
0
0
0
1
0
0
13
0
0
0
0
4
0
0
0
0
9
0
0
0
0
5
0
0
11
0
0
0
0
11
0
0
0
0
9
0
0
0
0
3
0
0
0
0
2
0
0
9
0
0
0
0
10
0
0
0
0
7
0
0
0
0
1
0
0
7
0
0
0
0
7
0
0
0
0
5
0
0
0
0
7
0
0
0
0
1
0
0
8
0
0
0
0
4
0
1
0
0
2
0
0
0
0
0
0
0
14
0
0
0
0
8
0
0
0
0
6
0
0
0
0
4
0
0
0
0
0
0
0
8
0
0
0
0
6
0
0
0
0
5
0
0
0
0
4
0
0
12
0
2
0
0
12
0
0
0
0
4
0
0
0
0
2
0
0
0
0
5
0
0
5
0
0
0
0
6
0
0
0
0
7
0
0
0
0
6
0
0
8
0
0
0
0
5
0
3
0
0
9
0
0
0
0
3
0
0
0
0
0
0
0
10
0
0
0
0
4
0
0
0
0
5
0
0
0
0
1
0
0
11
0
3
0
0
4
0
0
0
0
3
0
0
0
0
1
0
0
0
0
1
0
0
9
0
4
0
0
13
0
0
0
0
0
0
0
0
0
2
0
0
7
0
0
0
0
5
0
0
0
0
3
0
0
0
0
2
0
0
0
0
5
0
0
10
0
0
0
0
10
0
0
0
0
3
0
0
0
0
2
0
0
8
0
0
0
0
9
0
0
0
0
6
0
0
0
0
6
0
0
0
0
2
0
0
7
0
1
0
0
8
0
0
0
0
1
0
0
0
0
4
0
0
9
0
3
0
0
6
0
0
0
0
9
0
0
0
0
5
0
0
0
0
2
0
0
6
0
0
0
0
6
0
4
0
0
3
0
0
0
0
2
0
0
9
0
4
0
0
11
0
0
0
0
3
0
0
0
0
1
0
0
0
0
3
0
0
11
0
0
0
0
5
0
0
0
0
4
0
0
0
0
5
0
0
8
0
0
0
0
11
0
0
0
0
5
0
0
0
0
3
0
0
0
0
0
0
0
6
0
0
0
0
7
0
2
0
0
8
0
0
0
0
2
0
0
9
0
0
0
0
11
0
0
0
0
1
0
0
0
0
3
0
0
0
0
0
0
0
12
0
0
0
0
4
0
0
0
0
3
0
0
0
0
1
0
0
9
0
2
0
0
11
0
0
0
0
4
0
0
0
0
6
0
0
0
0
0
0
0
8
0
2
0
0
4
0
0
0
0
1
0
0
0
0
4
0
0
13
0
0
0
0
8
0
0
0
0
6
0
0
0
0
6
0
0
0
0
3
0
0
8
0
0
0
0
8
0
4
0
0
4
0
0
0
0
4
0
0
10
0
1
0
0
7
0
1
0
0
0
0
0
0
0
5
0
0
0
0
1
0
0
10
0
0
0
0
3
0
0
0
0
1
0
0
0
0
3
0
0
11
0
3
0
0
10
0
0
0
0
11
0
0
0
0
4
0
0
0
0
0
0
0
16
0
3
0
0
5
0
1
0
0
7
0
0
0
0
2
0
0
14
0
1
0
0
7
0
0
0
0
4
0
3
0
0
2
0
0
0
0
2
0
0
14
0
1
0
0
8
0
2
0
0
1
0
0
0
0
4
0
0
8
0
1
0
0
6
0
1
0
0
7
0
0
0
0
3
0
0
0
0
0
0
0
11
0
0
0
0
5
0
0
0
0
8
0
0
0
0
2
0
0
13
0
4
0
0
6
0
0
0
0
1
0
0
0
0
1
0
0
0
0
5
0
0
10
0
0
0
0
9
0
2
0
0
5
0
0
0
0
0
0
0
8
0
4
0
0
14
0
2
0
0
8
0
0
0
0
5
0
0
0
0
0
0
0
11
0
3
0
0
7
0
0
0
0
6
0
0
0
0
4
0
0
12
0
0
0
0
9
0
0
0
0
6
0
0
0
0
3
0
0
0
0
1
0
0
6
0
0
0
0
8
0
0
0
0
3
0
0
0
0
2
0
0
12
0
2
0
0
12
0
0
0
0
8
0
2
0
0
1
0
0
0
0
1
0
0
9
0
0
0
0
7
0
0
0
0
4
0
0
0
0
1
0
0
7
0
0
0
0
9
0
0
0
0
7
0
0
0
0
6
0
0
0
0
0
0
0
10
0
0
0
0
4
0
0
0
0
1
0
0
0
0
7
0
0
11
0
1
0
0
8
0
0
0
0
7
0
0
0
0
3
0
0
0
0
3
0
0
12
0
0
0
0
5
0
0
0
0
5
0
0
0
0
6
0
0
10
0
0
0
0
8
0
2
0
0
4
0
0
0
0
3
0
0
0
0
4
0
0
6
0
0
0
0
12
0
0
0
0
2
0
0
0
0
855
1855
2855
3855
4855
5855
6855
7855
449
789
12
0
0
3
0
0
0
0
326
1323
2323
2339
3093
3929
4888
5888
6888
7888
8888
8863
9863
