0
46000
445
555
1000
0
0
1001
0
1001
841
158
999
0
0
337
1
302
0
363
0
0
999
0
0
0
1003
0
0
805
144
0
1
0
1046
0
0
999
0
0
0
0
0
1003
0
0
0
0
0
1004
0
0
0
0
0
999
999
995
4000
1000
0
1000
0
0
0
1001
0
1002
0
0
0
999
0
1002
1990
9
1000
1003
0
1001
1002
1002
995
1002
224
1003
0
1791
1207
0
1001
0
6999
0
1000
0
0
0
0
1002
0
1003
999
1000
999
347
998
2999
1000
0
1000
1003
0
1001
0
1000
2001
0
305
1002
0
1000
1998
1000
836
169
1000
1004
997
999
2000
0
4000
0
0
1
999
1003
0
1002
777
1001
0
942
1003
997
1000
1
1000
1000
1000
1001
0
1
1000
1001
1003
996
239
1005
0
1000
998
999
1002
243
3997
1000
0
1000
1002
998
0
1000
1001
1001
998
1000
1002
0
1002
999
999
1000
1002
1132
0
1002
998
1000
1003
0
1002
4652
346
0
1000
0
0
1002
0
1001
998
1000
1000
1000
1002
0
502
15
377
1487
2644
93
263
1000
1000
1000
1003
865
1132
1000
664
338
123
887
2990
1000
0
1002
0
999
1001
679
323
560
1005
0
999
1057
1000
1001
0
1002
1000
999
558
1426
3000
0
1000
0
1003
1997
0
1000
1001
0
2001
753
1000
314
2552
0
1001
0
1002
1002
1122
0
2757
1
1243
0
0
1006
0
1001
994
1003
0
327
1004
996
1001
0
317
3000
0
0
2002
998
1
364
1078
1000
1389
469
133
1
1000
1000
1005
999
996
1000
1002
999
1000
601
74
993
999
1003
998
1003
1001
998
999
1001
998
1002
998
1002
998
1001
1000
999
1000
1000
1001
999
1000
299
704
957
685
1319
0
1004
0
1001
997
1000
1000
1000
999
1001
327
1005
0
998
1001
157
64
1004
0
1002
1000
163
269
1009
0
1000
996
1000
998
1002
999
1001
1000
999
999
374
994
1003
340
53
1004
0
1002
999
1000
1000
1002
997
1002
999
1000
999
358
989
1006
1001
1002
999
998
999
1000
1001
999
999
1003
998
1001
1000
1002
999
1000
999
1003
997
1001
1000
1001
1000
1000
1000
1000
999
999
1000
1001
999
1000
1001
1001
998
1001
999
1000
1000
1144
0
1007
0
73
1007
0
1000
1000
1001
999
1000
1129
0
1008
0
1000
999
1001
1001
998
1000
1001
1001
999
1002
999
1000
999
1000
999
1003
998
1001
999
1001
999
1000
999
1002
998
1001
999
1002
998
1001
999
1002
998
1002
999
1002
997
1002
999
1002
997
1006
995
1002
997
1002
999
1002
997
1002
1000
1002
997
1001
999
1004
997
1000
1000
1004
997
1000
999
1004
997
1002
63
996
948
1066
0
1010
0
1001
999
1003
997
1002
998
1004
997
1002
998
1224
0
1009
0
1005
997
1001
998
1003
997
1002
997
1004
997
109
985
997
1007
1002
997
1004
997
1002
997
180
1011
0
999
1004
997
1001
1000
1000
999
1000
999
1000
1000
1000
999
1001
1000
959
1125
0
1010
0
1000
1002
997
1001
1001
1000
1028
1009
0
1001
1065
0
907
1081
18
915
1092
0
1009
0
1002
1002
998
1000
1001
999
998
1001
1000
1000
999
1001
1000
1000
999
1001
1000
1000
999
1001
1000
1000
999
1001
1030
0
998
1172
0
1010
0
1000
1000
1002
999
999
1001
1000
999
1001
998
1004
998
999
999
1002
999
1099
0
1009
0
1002
1000
999
998
1002
999
1001
998
1002
999
1001
998
1002
999
1003
996
1003
999
1000
999
1002
999
1001
297
1184
862
1230
0
1009
0
1001
999
1001
999
1000
1000
1002
998
1000
1000
1002
998
999
1001
1001
1000
999
1000
1001
1000
999
1000
1002
999
1000
999
1003
998
999
1024
0
1023
1009
0
1000
1001
1000
1001
998
1001
1000
1000
999
1001
1000
1000
999
1001
1000
999
1000
1000
90
983
1007
1001
1122
0
999
10
1002
1000
1134
0
1010
0
1000
1003
997
1001
999
1000
1001
1000
998
1000
1002
1000
998
1000
1003
999
997
1001
1003
999
997
1002
64
255
1162
0
1011
0
998
1001
1003
998
998
1004
998
999
1000
1000
1001
999
1000
1000
1001
999
1000
1000
1001
999
1000
1000
1001
999
1000
1000
19
999
999
77
1009
0
1001
1001
1001
998
1000
1120
0
713
791
1504
0
1011
0
999
1002
999
1000
1001
1001
997
1001
1000
1001
997
1001
1000
1025
0
1108
0
1009
0
1003
999
1000
997
1003
999
1000
998
1003
1050
0
1011
0
999
1000
999
1002
999
1001
997
1003
1138
0
1011
0
1000
999
998
1003
999
1000
998
1003
999
1000
998
1003
999
1000
1158
0
1011
0
997
1003
1001
1000
996
1002
1000
1000
999
1003
998
1127
0
1010
0
1000
1000
1001
1000
1000
998
1001
1000
1000
998
1002
1001
998
999
1002
1001
998
999
1002
1001
1201
0
1011
0
998
1000
1002
1001
998
999
1001
1001
998
1000
1001
66
980
1008
1001
1003
997
998
1130
0
1008
0
1004
999
999
1020
0
997
1001
999
1002
999
1001
998
166
985
84
993
998
1007
1001
998
1311
0
1010
0
1001
1000
1109
0
1010
0
1003
998
999
1000
1003
999
1000
1000
1209
0
1010
0
1003
998
1000
999
1002
997
1001
999
1003
998
999
1000
1189
0
1032
1010
0
1000
999
1000
1003
998
999
1000
1003
998
999
1000
1003
998
999
1000
1087
0
1009
0
1003
999
1000
998
1003
999
999
1000
1002
998
1013
0
1010
0
1001
999
1003
1037
0
56
29
54
1002
997
1010
997
1001
998
1004
997
1001
998
1004
997
1004
995
1004
997
1001
998
24
978
1007
1002
1034
0
999
1001
1003
998
1001
998
1004
997
1001
998
1002
998
1001
998
1002
998
1001
999
1002
998
1001
999
1002
1030
1008
0
1209
0
63
816
1214
0
1014
0
1000
999
1001
1000
1000
999
1001
1000
1000
999
1001
1000
1001
999
1001
999
1002
999
1000
1001
999
1000
1000
1000
1000
1000
1000
1000
1000
1000
1000
1000
1000
1000
1000
1000
1000
1000
1000
1000
1000
999
1001
999
1001
999
1001
999
1001
999
1001
999
1001
999
1141
0
1009
0
1002
999
1000
1000
1001
1000
1091
0
1010
0
1001
1001
1176
0
1010
0
1001
1070
1000
1011
0
1000
1055
0
1010
0
1001
1000
1000
999
1000
1000
1001
999
1000
1000
1001
999
1109
0
1010
0
1001
1000
1055
0
1009
0
1001
1002
998
1000
1001
1000
997
1240
0
1009
0
1001
1002
999
998
1000
1001
12
1001
997
1001
1002
999
999
999
1002
1001
998
1001
1000
1000
1000
94
988
992
1030
1009
0
1000
999
1001
1002
998
999
1001
999
1001
1194
0
1009
0
1000
1002
998
1000
999
1001
999
1001
999
1001
999
1001
1000
999
1000
1263
0
1008
0
85
1008
0
999
1002
999
999
1002
1000
999
1000
1015
16
1005
0
1003
1000
1001
998
999
1001
1000
150
987
1006
1000
1000
1000
999
1001
1001
1016
0
1000
1001
998
1001
1234
0
1006
0
1002
1011
0
999
1001
1000
997
1001
1001
13
1160
0
1005
0
1199
0
1004
0
1001
17
998
999
1001
999
1009
0
999
65
40
84
1037
1000
1004
0
1001
25
1006
0
998
1000
1000
80
956
51
784
1342
0
849
881
1045
1000
1003
0
999
1000
1001
1000
999
1000
1001
1025
1001
0
1002
1000
1068
0
1003
0
999
1000
1001
1000
999
1000
1001
1000
1133
0
1001
0
1000
1001
1001
203
1000
1001
0
1000
1000
1000
1002
999
999
1000
1002
1225
0
1003
0
998
1000
1001
999
1001
999
1001
999
1000
934
1066
1000
1000
1001
1000
0
0
0
0
5
0
0
0
0
0
0
0
0
7
0
0
0
5
0
0
0
0
0
0
0
0
8
0
0
0
7
0
0
0
0
0
0
0
0
9
0
0
0
0
0
0
0
0
0
0
0
0
9
0
0
0
4
0
0
0
4
0
0
0
0
4
0
0
0
0
0
0
0
0
0
0
0
0
8
0
0
0
8
0
0
0
0
0
0
0
0
8
0
0
0
6
0
0
0
3
0
0
0
0
11
0
0
0
0
0
0
0
3
0
0
0
0
8
0
0
0
5
0
0
0
4
0
0
0
0
3
0
0
0
8
0
0
0
1
0
0
0
0
11
0
0
0
7
0
0
0
0
0
0
0
0
13
0
0
0
6
0
0
0
0
0
0
0
0
7
0
0
0
1
0
0
0
5
0
0
0
3
9
0
0
0
9
0
0
0
0
0
0
0
0
8
0
0
0
6
0
0
0
3
0
0
0
1
8
0
0
0
1
0
0
0
0
0
0
0
0
14
0
0
0
8
0
0
0
1
0
0
0
0
4
0
0
0
2
0
0
0
4
0
0
0
0
10
0
0
0
6
0
0
0
4
0
0
0
0
12
0
0
0
6
0
0
0
5
0
0
0
0
7
0
0
0
3
0
0
0
6
0
0
0
0
11
0
0
0
6
0
0
0
4
0
0
0
0
7
0
0
0
10
0
0
0
3
0
0
0
0
6
0
0
0
4
0
0
0
0
0
0
0
0
10
0
0
0
8
0
0
0
5
0
0
0
3
6
0
0
0
0
0
0
0
5
0
0
0
0
12
0
0
0
7
0
0
0
2
0
0
0
0
6
0
0
0
7
0
0
0
0
0
0
0
0
10
0
0
0
3
0
0
0
4
0
0
0
0
7
0
0
0
1
0
0
0
0
0
0
0
0
8
0
0
0
4
0
0
0
2
0
0
0
0
5
0
0
0
3
0
0
0
0
0
0
0
0
10
0
0
0
4
0
0
0
3
0
0
0
0
10
0
0
0
5
0
0
0
4
0
0
0
0
9
0
0
0
7
0
0
0
0
0
0
0
0
6
0
0
0
7
0
0
0
0
0
0
0
0
9
0
0
0
3
0
0
0
6
0
0
0
0
12
0
0
0
6
0
0
0
0
0
0
0
0
5
0
0
0
8
0
0
0
4
0
0
0
0
7
0
0
0
7
0
0
0
0
0
0
0
0
11
0
0
0
4
0
0
0
0
0
0
0
0
9
0
0
0
10
0
0
0
1
0
0
0
0
10
0
0
0
6
0
0
0
1
0
0
0
0
8
0
0
0
4
0
0
0
2
0
0
0
0
10
0
0
0
6
0
0
0
0
0
0
0
0
10
0
0
0
9
0
0
0
0
0
0
0
0
9
0
0
0
4
0
0
0
0
0
0
0
0
10
0
0
0
1
0
0
0
0
0
0
0
0
16
0
0
0
3
0
0
0
0
0
0
0
0
7
0
0
0
2
0
0
0
0
0
0
0
0
13
0
0
0
2
0
0
0
0
0
0
0
0
5
0
0
0
4
0
0
0
4
0
0
0
0
15
0
0
0
3
0
0
0
1
0
0
0
0
6
0
0
0
2
0
0
0
3
0
0
0
0
7
0
0
0
3
0
0
0
0
0
0
0
0
8
0
0
0
12
0
0
0
0
0
0
0
0
11
0
0
0
5
0
0
0
4
0
0
0
0
8
0
0
0
2
0
0
0
0
0
0
0
0
12
0
0
0
4
0
0
0
0
0
0
0
0
7
0
0
0
8
0
0
0
7
0
0
0
0
10
0
0
0
6
0
0
0
0
0
0
0
0
7
0
0
0
4
0
0
0
0
0
0
0
0
6
0
0
0
2
0
0
0
0
0
0
0
0
10
0
0
0
6
0
0
0
0
0
0
0
0
14
0
0
0
6
0
0
0
0
0
0
0
0
5
0
0
0
3
0
0
0
1
0
0
0
0
6
0
0
0
8
0
0
0
0
0
0
0
1
8
0
0
0
4
0
0
0
0
0
0
0
0
11
0
0
0
5
0
0
0
3
0
0
0
0
8
0
0
0
4
0
0
0
0
0
0
0
0
8
0
0
0
4
0
0
0
2
0
0
0
0
10
0
0
0
5
0
0
0
0
0
0
0
0
13
0
0
0
0
0
0
0
2
0
0
0
0
9
0
0
0
2
0
0
0
5
0
0
0
0
9
0
0
0
8
0
0
0
1
0
0
0
0
11
0
0
0
4
0
0
0
0
0
0
0
1
11
0
0
0
10
0
0
0
0
0
0
0
0
8
0
0
0
5
0
0
0
3
0
0
0
0
5
0
0
0
3
0
0
0
0
0
0
0
0
8
0
0
0
3
0
0
0
1
0
0
0
0
8
0
0
0
0
0
0
0
4
0
0
0
0
11
0
0
0
3
0
0
0
3
0
0
0
0
12
0
0
0
8
0
0
0
0
0
0
0
0
4
0
0
0
7
0
0
0
2
0
0
0
0
10
0
0
0
4
0
0
0
3
0
0
0
0
8
0
0
0
6
0
0
0
0
0
0
0
0
6
0
0
0
4
0
0
0
0
0
0
0
0
7
0
0
0
9
0
0
0
3
0
0
0
0
7
0
0
0
3
0
0
0
2
0
0
0
0
11
0
0
0
3
0
0
0
2
0
0
0
0
8
0
0
0
4
0
0
0
0
0
0
0
0
8
0
0
0
2
0
0
0
0
0
0
0
0
7
0
0
0
1
0
0
0
2
0
0
0
0
8
0
0
0
5
0
0
0
0
0
0
0
0
9
0
0
0
6
0
0
0
0
0
0
0
0
8
0
0
0
7
0
0
0
2
0
0
0
0
13
0
0
0
1
0
0
0
0
0
0
0
3
3
0
0
0
2
0
0
0
4
0
0
0
0
9
0
0
0
6
0
0
0
0
0
0
0
0
14
0
0
0
5
0
0
0
3
0
0
0
1
8
0
0
0
2
0
0
0
2
0
0
0
0
8
0
0
0
0
0
0
0
0
0
0
0
0
10
0
0
0
5
0
0
0
0
0
0
0
0
13
0
0
0
0
0
0
0
1
0
0
0
0
3
0
0
0
1
0
0
0
3
0
0
0
2
7
0
0
0
7
0
0
0
3
0
0
0
0
9
0
0
0
4
0
0
0
0
0
0
0
0
8
0
0
0
4
0
0
0
1
0
0
0
0
6
0
0
0
4
0
0
0
8
0
0
0
0
6
0
0
0
1
0
0
0
0
0
0
0
0
10
0
0
0
3
0
0
0
0
0
0
0
0
3
0
0
0
5
0
0
0
0
0
0
0
0
12
0
0
0
1
0
0
0
0
0
0
0
0
8
0
0
0
6
0
0
0
1
0
0
0
0
13
0
0
0
7
0
0
0
0
0
0
0
0
10
0
0
0
5
0
0
0
5
0
0
0
1
6
0
0
0
6
0
0
0
4
0
0
0
0
5
0
0
0
6
0
0
0
1
0
0
0
0
13
0
0
0
5
0
0
0
2
0
0
0
0
12
0
0
0
4
0
0
0
3
0
0
0
0
8
0
0
0
2
0
0
0
3
0
0
0
0
9
0
0
0
3
0
0
0
0
0
0
0
0
4
0
0
0
5
0
0
0
0
0
0
0
0
3
0
0
0
4
0
0
0
1
0
0
0
0
7
0
0
0
5
0
0
0
1
0
0
0
0
10
0
0
0
4
0
0
0
0
0
0
0
2
10
0
0
0
7
0
0
0
2
0
0
0
0
11
0
0
0
5
0
0
0
0
0
0
0
0
10
0
0
0
6
0
0
0
4
0
0
0
0
13
0
0
0
5
0
0
0
0
0
0
0
0
6
0
0
0
5
0
0
0
2
0
0
0
0
10
0
0
0
2
0
0
0
0
0
0
0
0
8
0
0
0
3
0
0
0
0
0
0
0
0
12
0
0
0
1
0
0
0
3
0
0
0
0
8
0
0
0
5
0
0
0
0
0
0
0
1
5
0
0
0
0
0
0
0
0
0
0
0
0
11
0
0
0
3
0
0
0
4
0
0
0
0
7
0
0
0
6
0
0
0
0
0
0
0
0
11
0
0
0
6
0
0
0
0
0
0
0
0
10
0
0
0
0
0
0
0
0
0
0
0
0
12
0
0
0
3
0
0
0
0
0
0
0
0
5
0
0
0
1
0
0
0
6
0
0
0
0
10
0
0
0
3
0
0
0
6
0
0
0
1
13
0
0
0
4
0
0
0
0
0
0
0
0
11
0
0
0
8
0
0
0
3
0
0
0
0
8
0
0
0
7
0
0
0
0
0
0
0
0
11
0
0
0
4
0
0
0
0
0
0
0
0
5
0
0
0
3
0
0
0
1
0
0
0
0
7
0
0
0
3
0
0
0
1
0
0
0
0
5
0
0
0
4
0
0
0
0
0
0
0
0
5
0
0
0
2
0
0
0
0
0
0
0
0
8
0
0
0
3
0
0
0
0
0
0
0
0
5
0
0
0
2
0
0
0
4
0
0
0
0
8
0
0
0
6
0
0
0
0
0
0
0
0
7
0
0
0
1
0
0
0
0
0
0
0
2
5
0
0
0
4
0
0
0
0
0
0
0
0
10
0
0
0
4
0
0
0
1
0
0
0
0
8
0
0
0
7
0
0
0
1
0
0
0
0
11
0
0
0
4
0
0
0
0
0
0
0
0
10
0
0
0
2
0
0
0
2
0
0
0
0
10
0
0
0
4
0
0
0
0
0
0
0
0
10
0
0
0
2
0
0
0
5
0
0
0
0
8
0
0
0
4
0
0
0
0
0
0
0
1
11
0
0
0
6
0
0
0
3
0
0
0
0
6
0
0
0
8
0
0
0
0
0
0
0
0
9
0
0
0
2
0
0
0
0
0
0
0
0
7
0
0
0
8
0
0
0
3
0
0
0
0
13
0
0
0
0
0
0
0
0
0
0
0
0
12
0
0
0
5
0
0
0
0
0
0
0
0
11
0
0
0
0
0
0
0
3
0
0
0
0
13
0
0
0
2
0
0
0
0
0
0
0
0
8
0
0
0
6
0
0
0
0
0
0
0
0
8
0
0
0
0
0
0
0
0
0
0
0
0
9
0
0
0
2
0
0
0
0
0
0
0
0
8
0
0
0
3
0
0
0
5
0
0
0
0
7
0
0
0
4
0
0
0
0
0
0
0
0
9
0
0
0
8
0
0
0
0
0
0
0
0
6
0
0
0
0
0
0
0
0
0
0
0
0
15
0
0
0
5
0
0
0
0
0
0
0
0
9
0
0
0
5
0
0
0
0
0
0
0
0
7
0
0
0
1
0
0
0
2
0
0
0
0
11
0
0
0
5
0
0
0
4
0
0
0
0
4
0
0
0
4
0
0
0
3
0
0
0
0
5
0
0
0
0
184
274
0
0
0
0
0
0
8
0
0
0
3
0
0
0
1
0
0
0
0
14
0
0
0
5
0
0
0
0
0
0
0
0
8
0
0
0
3
0
0
0
0
0
0
0
0
6
0
0
0
0
0
0
0
4
0
0
0
0
6
0
0
0
11
0
0
0
6
0
0
0
0
12
0
0
0
7
0
0
0
0
0
0
0
0
11
0
0
0
5
0
0
0
2
0
0
0
0
12
0
0
0
2
0
0
0
2
0
0
0
0
12
0
0
0
8
0
0
0
4
0
0
0
0
12
0
0
0
3
0
0
0
0
0
0
0
0
13
0
0
0
7
0
0
0
1
0
0
0
0
8
0
0
0
10
0
0
0
5
0
0
0
1
6
0
0
0
6
0
0
0
0
0
0
0
0
13
0
0
0
6
0
0
0
6
0
0
0
0
9
0
0
0
4
0
0
0
5
0
0
0
0
10
0
0
0
6
0
0
0
0
0
0
0
2
7
0
0
0
3
0
0
0
2
0
0
0
0
5
0
0
0
8
0
0
0
0
0
0
0
0
10
0
0
0
8
0
0
0
6
0
0
0
0
8
0
0
0
4
0
0
0
1
0
0
0
0
15
0
0
0
6
0
0
0
5
0
0
0
0
5
0
0
0
8
0
0
0
7
0
0
0
0
7
0
0
0
6
0
0
0
5
0
0
0
0
11
0
0
0
10
0
0
0
0
0
0
0
0
10
0
0
0
5
0
0
0
0
0
0
0
0
4
0
0
0
7
0
0
0
0
0
0
0
0
6
0
0
0
2
0
0
0
0
0
0
0
0
7
0
0
0
9
0
0
0
0
0
0
0
2
8
0
0
0
2
0
0
0
6
0
0
0
0
7
0
0
0
9
0
0
0
3
0
0
0
0
6
0
0
0
7
0
0
0
0
0
0
0
1
8
0
0
0
9
0
0
0
1
0
0
0
2
5
0
0
0
5
0
0
0
0
0
0
0
2
5
0
0
0
3
0
0
0
3
0
0
0
0
15
0
0
0
5
0
0
0
1
0
0
0
0
10
0
0
0
11
0
0
0
2
0
0
0
1
9
0
0
0
0
0
0
0
4
0
0
0
0
2
0
0
0
2
0
0
0
0
0
0
0
0
10
0
0
0
3
0
0
0
0
0
0
0
0
9
0
0
0
7
0
0
0
0
0
0
0
0
5
0
0
0
3
0
0
0
0
0
0
0
0
8
0
0
0
11
0
0
0
1
0
0
0
0
11
0
0
0
6
0
0
0
4
0
0
0
0
11
0
0
0
4
0
0
0
6
0
0
0
0
7
0
0
0
2
0
0
0
0
0
0
0
0
8
0
0
0
6
0
0
0
0
0
0
0
1
11
0
0
0
2
0
0
0
0
0
0
0
0
18
145
228
0
5
0
0
0
0
0
0
0
0
11
0
0
0
8
0
0
0
6
0
0
0
62
499
0
0
0
0
0
0
0
0
0
0
0
0
5
0
0
0
7
0
0
0
0
0
0
0
0
5
0
0
0
2
0
0
0
0
0
0
0
0
14
0
0
0
7
0
0
0
0
0
0
15
0
8
0
0
0
0
0
0
0
0
0
0
0
0
8
0
0
0
0
0
0
0
0
0
0
0
0
5
0
0
0
3
0
0
0
0
0
0
0
0
5
0
0
0
0
0
0
0
0
0
0
0
0
5
0
0
0
0
0
0
0
0
564
131
0
0
9
0
0
0
1
0
0
0
8
0
0
0
0
3
0
0
0
11
0
0
0
8
0
0
0
0
10
0
0
0
5
0
0
0
0
0
0
0
0
13
0
0
0
4
0
0
0
3
0
0
0
0
3
0
0
0
6
0
0
0
7
0
0
0
0
10
0
0
0
3
0
0
0
1
0
0
0
0
6
0
0
0
8
0
0
0
0
0
0
0
2
5
0
0
0
6
0
0
0
0
0
0
0
0
13
0
0
0
5
0
0
0
0
0
0
0
0
11
0
0
0
4
0
0
0
2
0
0
0
0
12
0
0
0
4
0
0
0
0
0
0
0
0
8
0
0
0
3
0
0
0
2
0
0
0
0
6
0
0
0
8
0
0
0
2
0
0
0
0
9
0
0
0
5
0
0
0
0
0
0
0
1
16
0
0
0
2
0
0
0
0
0
0
0
0
6
0
0
0
3
0
0
0
4
0
0
0
0
8
0
0
0
5
0
0
0
0
0
0
0
0
9
0
0
0
7
0
0
0
4
0
0
0
0
10
0
0
0
4
0
0
0
2
0
0
0
0
11
0
0
0
0
0
0
0
0
0
0
0
0
12
0
0
0
4
0
0
0
4
0
0
0
0
11
0
0
0
5
0
0
0
0
0
0
0
0
6
0
0
0
2
0
0
0
7
0
0
0
0
10
0
0
0
1
0
0
0
4
0
0
0
0
13
0
0
0
7
0
0
0
4
0
0
0
0
4
0
0
0
4
0
0
0
1
0
0
0
0
4
0
0
0
4
0
0
0
5
0
0
0
0
3
0
0
0
4
0
0
0
255
0
233
1259
1208
384
329
1541
1490
58
0
0
0
0
0
0
0
0
5
0
0
0
0
0
0
0
0
0
0
0
0
10
0
0
0
6
0
0
0
0
0
0
0
0
5
0
0
0
0
0
0
0
0
0
0
0
1
9
0
0
0
2
0
0
0
0
0
0
0
0
7
0
0
0
0
0
0
0
0
0
0
0
0
5
0
0
0
5
0
0
0
0
0
0
0
0
7
0
0
0
2
0
0
0
0
0
0
0
0
9
0
0
0
7
0
0
0
0
0
0
0
0
1
0
0
0
0
0
0
0
0
0
0
0
0
6
0
287
1282
2282
3282
4282
5282
55
16
0
0
0
8
0
0
0
0
0
0
0
0
2
1002
2002
3002
20
