3.5798
4.32
2.4
2.4
2.8
3.328
2.88
2.88
3.52
3.52
2.56
4.48
1.92
4.48
3.04
2.88
2.88
3.04
3.2
2.56
2.72
2.72
4.16
2.08
3.04
3.52
3.36
2.24
2.88
3.04
2.88
4.64
3.52
3.52
3.84
2.64
4.32
5.12
2.88
0.96
3.36
3.04
1.76
3.2
5.92
3.36
3.04
2.24
2.72
4.16
2.88
4.32
3.36
4.96
5.44
4.64
4
5.44
3.52
2.72
5.44
2.72
2.56
4.8
5.44
4.8
5.6
4.16
2.4
4.64
4.96
4.64
4.32
5.6
3.68
3.04
3.84
3.04
4.64
5.12
1.92
5.92
4.16
4.96
3.84
4.8
4.96
5.92
3.36
4.64
4.96
5.6
4.96
3.2
4.32
5.44
3.04
6.56
2.72
3.2
4.48
4.96
4.4
4.48
7.04
2.88
3.36
4.16
6.24
5.28
4.64
3.84
4.32
4.48
4
4.64
4.96
4.8
2.88
5.28
4.8
5.28
5.28
4.48
3.68
6.56
3.2
3.52
5.76
4.8
5.44
3.52
4.72
5.92
3.84
3.2
5.92
4.8
3.2
4
7.52
6.4
3.84
4.8
4.16
6.08
3.36
3.84
6.24
4
6.08
3.84
5.6
3.2
2.4
4
3.52
5.12
3.36
3.52
4.64
3.04
4.96
5.12
5.44
4.16
2.72
4.96
3.84
3.52
5.12
6.88
3.84
3.52
5.28
4.64
3.04
5.6
3.36
6.08
3.52
2.56
5.76
3.52
5.92
4.64
3.68
3.52
8.16
2.56
6.88
2.88
4
2.08
5.6
6.24
4.48
3.04
6.16
2.24
5.76
4.8
5.6
3.68
4.48
5.44
4.32
3.04
2.4
5.44
6.72
1.12
3.2
3.84
6.4
3.68
6.08
2.72
5.12
4.32
4.48
6.56
4
4.32
5.6
4.16
4.8
4
5.28
5.12
5.6
1.76
3.36
4.32
2.72
6.08
3.36
5.6
3.68
6.24
3.52
4.32
4.8
3.2
4
6.56
3.84
5.44
1.76
7.84
4.16
3.36
7.52
3.36
6.24
3.36
6.72
3.52
4.32
4.8
4.8
5.92
3.52
3.2
3.2
5.12
5.44
6.24
1.76
4.16
3.52
3.52
4.96
7.36
3.2
2.4
4
4
5.68
4.96
6.08
5.6
3.2
4.64
3.52
4.8
4.8
3.68
5.28
6.24
3.2
6.56
3.04
4
2.72
7.36
5.12
3.84
4
5.6
2.72
3.68
3.52
3.2
3.68
3.04
5.44
5.44
3.84
3.36
4.64
5.92
4.48
3.2
6.24
4.96
2.88
4.64
3.68
4.16
3.68
4.64
3.04
2.72
4.16
3.68
4.64
3.2
4.32
3.52
3.68
4.48
4
3.36
5.12
4.16
3.68
4.48
4.8
2.24
4.48
4.32
5.28
1.76
3.36
4
4
4
3.2
3.52
4.32
4.32
3.36
3.84
4.64
4.96
3.36
4.16
3.04
4
2.56
2.88
1.76
2.88
3.04
3.52
3.2
3.2
3.04
2.24
3.04
4
3.2
2.88
4
2.88
3.52
3.52
3.36
2.88
3.04
3.52
3.04
3.52
3.2
3.2
3.04
3.2
3.04
3.04
2.4
2.88
3.84
3.2
3.68
3.52
4.16
3.36
3.36
3.2
3.52
1.6
4.16
2.88
2.88
3.36
3.04
2.88
3.84
3.04
3.52
4.32
3.04
2.56
2.88
3.04
3.2
2.88
2.72
2.4
3.36
2.56
3.36
3.2
2.56
3.68
2.56
3.2
3.04
3.2
3.2
3.04
3.52
2.88
3.04
3.2
3.52
1.6
2.88
2.4
1.76
3.2
2.24
3.04
2.56
2.88
2.72
1.92
2.88
2.24
1.92
2.56
2.56
2.24
3.04
1.44
2.4
1.76
1.76
1.76
1.44
2.72
1.6
2.24
1.92
2.56
1.28
1.92
1.92
1.92
1.92
1.44
2.24
1.12
1.92
1.6
1.92
2.56
1.76
1.76
2.08
1.6
1.76
2.24
2.24
1.6
1.92
1.12
1.76
0.96
1.6
0.8
1.28
0.8
0.96
1.12
1.6
1.12
0.96
1.28
0.96
0.64
1.12
0.96
1.12
1.28
1.12
0.96
1.28
1.44
1.6
1.44
0.96
1.92
0.96
1.44
0.96
1.76
1.92
1.44
1.44
1.12
1.92
1.76
1.44
1.44
1.6
1.44
1.12
1.12
1.44
1.28
1.76
1.92
1.44
0.8
1.12
1.76
1.44
1.44
1.44
1.44
1.44
1.6
1.12
1.44
1.28
1.6
1.12
1.6
1.44
1.6
1.28
1.6
1.76
1.28
1.76
1.44
1.44
1.92
1.28
1.76
1.44
1.44
1.44
2.08
1.76
1.12
1.6
1.28
1.28
1.76
1.12
0.96
1.76
1.12
0.64
0.8
1.12
0.8
0.96
0.96
0.96
1.44
0.88
1.6
0.8
0.8
1.28
1.44
0.96
0.8
1.44
0.96
1.12
0.8
0.64
0.64
1.2
1.12
0.96
0.48
0.96
0.8
0.64
1.12
0.64
0.96
0.64
0.32
0.64
0.64
0.8
0.96
0.64
1.12
1.28
0.8
1.12
0.96
1.28
1.28
1.12
0.48
0.96
0.96
1.28
1.44
0.96
0.96
1.12
0.96
0.96
0.96
0.96
0.8
0.48
0.32
0.8
0.32
1.12
1.28
1.44
0.64
0.48
0.48
0.96
1.28
0.8
0.96
1.12
0.8
1.12
0.16
0.64
0.48
0.8
0.64
0.32
0.48
0.48
0.8
0.48
0.32
0.48
0.8
0.96
0.16
0.64
0.64
0.8
0.8
0.48
0.8
0.8
0.32
0.32
0.48
0.64
0.48
0.32
0.8
0.8
0.8
0.48
0.16
0.32
0.96
0.48
0.32
0.64
0.8
1.12
1.12
0.8
0.8
0.8
0.48
0.64
0.8
0.96
0.64
0.64
0.96
1.12
0.8
1.28
0.8
0.64
0.8
1.92
0.96
0.8
1.28
1.12
0.96
0.48
0.8
0.96
0.48
0.8
0.64
0.64
0.96
1.12
0.48
0.64
0.8
0.32
0.8
0.8
0.48
0.48
0.96
0.8
0.8
0.32
0.8
0.8
0.8
0.48
0.16
0.48
0.48
0.48
0.32
0.48
0.64
0.48
0.16
0.32
0.32
0.24
0.32
0.48
0.16
0.24
0.16
0.16
0
0.48
0.64
0.64
0.16
0.32
0.16
0.32
0.48
0.48
0.32
0.32
0.08
0.24
0.32
0.04
0.32
0.0533333
0.48
0.32
0.96
0.16
0.16
0.16
0.32
0.32
0.48
0.8
0.32
0.16
0.48
0.48
0.16
0.16
0.32
0.48
0.16
0.16
0.24
0.8
0.48
0.64
0.48
0.32
0.08
0.32
0.32
0.32
0.48
0.48
0.32
0.0266667
0.32
0.08
0.16
0.16
0.106667
0.16
0.16
0
0.08
0.0533333
0.16
0.08
0.032
0.032
0.04
0.08
0.0266667
0.0177778
0.04
0.32
0.08
0.08
0.0228571
0.08
0.08
0.16
0.04
0.04
0.08
0.064
0.0177778
0.16
0.106667
0.16
0.0145455
0.0533333
0.064
0.02
0.32
0.08
0.0457143
0.02
0.32
0.16
0.0533333
0.32
0.0177778
0.16
0.16
0.08
0.08
0.032
0.08
0.16
0
0.32
0.08
0.00615385
0.0533333
0.32
0.16
0.16
0.08
0.16
0.16
0.48
0.16
0.24
0.16
0.16
0.16
0
0.32
0.64
0.16
0.096
0.32
0.32
0.16
0.064
0.064
0.04
0.08
0.08
0.08
0.04
0.08
0.08
0.08
0.0133333
0.004
0.0533333
0.02
0.16
0.16
0.32
0.16
0.32
0.16
0.16
0.32
0.48
0.16
0.32
0.16
0.16
0.16
0.16
0.48
0.106667
0.32
0.16
0.64
0.16
0.32
0.08
0.08
0.08
0.32
0.32
0.64
0.04
0.0533333
0.16
0.08
0.16
0.16
0.48
0.16
0.08
0.16
0.08
0.0533333
0.16
0.08
0.04
0.16
0.16
0.0533333
0.16
0.0177778
0.16
0.16
0.08
0.08
0.032
0.08
0.16
0.16
0.0533333
0.00615385
0.0533333
0.32
0.16
0.16
0.08
0.16
0.16
0.48
0.16
0.266667
0.00457143
0.16
0
1.12
0.16
0.48
0.08
1.92
0.8
0.0533333
0.16
0.48
0.48
1.12
0.96
1.76
0.96
1.12
0.32
0.64
0.8
0.24
0.48
0.16
0.16
0.32
0.8
0.0457143
0.8
0.32
0.48
0.48
0.16
0.213333
0.32
0
0.32
0
0.16
0.0533333
0.08
0.16
0
0
0.48
0.16
0.48
0
0
0.32
0.32
0.64
0.4
0
0
0
0.64
0.96
0.48
0.8
1.12
0.96
0.64
0.64
0.64
0.48
0.32
0
0.48
0
0.48
0.16
0.48
0.64
0.32
0.24
0.32
0.16
0.16
0.48
0.48
1.12
2.08
1.6
1.44
2.24
2.88
2.88
2.88
1.92
2.56
2.72
3.04
2.4
3.36
1.28
1.6
3.04
3.68
3.68
2.24
3.04
4.16
4.96
3.2
3.68
3.68
4.96
1.76
5.44
4
4
4.96
4.8
2.4
3.2
3.2
2.24
4.8
4.96
5.28
4.32
4.32
4.32
4.48
4.96
7.2
5.92
4.64
4.16
3.84
4.64
4.8
3.04
3.68
4.8
5.92
4.8
6.56
2.4
4.48
4.64
5.12
5.6
4.16
5.28
4.48
4.64
4.32
4.16
4.16
4
6.08
3.68
6.4
4
4.64
4.32
5.76
6.72
3.52
2.24
4
4.32
5.44
6.08
6.24
3.84
4.96
4.8
5.76
4.48
4.96
5.44
4.8
4.8
3.84
4.32
4.96
4
3.36
4.16
5.76
7.68
6.88
4.64
6.4
4.32
3.84
4
4.16
4.64
2.4
4
4.48
4.32
5.28
5.44
4.96
5.28
8.16
8.64
7.36
4.8
3.68
7.04
3.52
5.12
9.28
7.2
6.4
6.4
2.08
7.2
6.56
11.04
12.8
12.8
9.28
11.68
8.64
7.04
4.8
6.4
4.8
9.28
15.2
9.44
5.28
8.16
11.36
8
13.6
10.56
11.36
12.32
16
13.28
11.2
15.52
13.6
11.84
11.52
12.32
13.28
11.52
9.12
12.64
11.36
12.64
13.28
4.8
13.28
15.2
11.36
13.28
10.72
12.32
6.08
6.24
8.96
9.28
6.08
4.96
3.2
4.64
4.32
3.84
5.12
7.68
4.96
11.68
9.44
8.48
7.52
9.12
7.2
9.12
12.16
12.96
12.8
10.72
11.52
4.32
7.36
7.52
11.84
13.44
11.36
11.68
8.16
11.52
9.76
8.8
8.16
8.48
4.64
5.12
5.76
2.56
4
8.32
9.12
7.52
9.76
8.8
10.88
11.04
9.6
6.56
13.44
12.16
12.48
11.52
9.12
8.32
11.36
9.76
13.92
10.72
12.32
10.56
10.72
10.24
10.24
10.88
11.52
12.8
11.2
8.64
10.56
11.52
9.92
9.92
8.32
8.16
8.48
8.48
8.8
10.08
8.8
9.44
11.68
6.88
7.68
8.96
10.72
8.48
4.48
10.88
7.2
7.2
12.48
6.88
7.68
12.32
15.52
16.16
12.16
10.4
12
10.4
12.16
7.68
11.68
8.16
8.64
6.24
4.96
8.48
8.8
6.4
11.04
14.72
12
12.64
12
12.64
13.28
14.4
14.88
13.6
13.6
14.88
15.36
13.28
14.56
8
18.24
14.4
16
13.92
14.56
15.04
14.24
13.76
18.08
17.44
17.76
16.48
15.68
16.64
16.64
16.64
13.92
15.68
14.4
7.52
17.28
17.92
13.28
12.96
8
8.64
7.84
9.6
9.12
9.6
8.32
8.96
14.56
11.36
7.68
10.88
9.28
7.2
9.76
8.64
9.28
10.4
11.36
16.64
14.4
13.12
12.64
13.76
11.36
8.16
11.68
13.28
13.76
17.84
16.32
17.28
8.48
14.24
15.36
13.76
16.96
14.96
17.6
17.6
18.24
9.28
12.32
16.96
14.16
14.4
12
7.04
10.08
5.28
11.68
14.4
11.04
10.8
12.2667
14.72
13.92
11.36
12.48
10.88
13.12
10.24
5.76
8.16
8.16
11.04
16.48
18.08
18.08
16.48
16.8
16.32
18.24
16.24
16.32
19.04
17.44
18.4
18.88
18.08
7.68
16.8
15.84
16.64
17.44
17.32
18.4
15.52
19.12
17.76
18.4
17.12
14.4533
16.32
16.32
16
16.16
15.36
17.68
18.4
19.2
18.24
17.44
18.08
16.928
15.6267
15.36
18.24
11.2
6.08
12.8
14.16
12
13.6
12.96
12.32
12.48
9.92
11.84
13.28
10.88
6.24
15.68
9.28
9.6
8.8
10.88
11.36
10.08
9.6
10.4
7.52
9.76
9.76
8.64
8.16
10.4
5.44
8.16
8.64
3.04
8.32
4.96
4.32
3.36
1.92
7.04
6.24
2.56
2.88
2.56
3.84
3.68
3.36
0.16
0.64
0.32
0.48
0.16
0.32
1.12
0.64
0.64
0.16
0.48
0.32
0.48
0.32
0.64
0.8
0.64
1.28
0.64
0.8
0.48
0.48
0.8
0.8
0.64
0.48
0.96
0.48
0.8
0.16
0.32
0.48
0.64
0
0.48
1.12
0.8
0.32
0.48
0.48
0.32
0.48
0.32
0.32
0.32
0.32
0.64
0.16
0.32
0.64
0.48
0.16
0.48
0.48
0.32
0.56
0.0290909
0
0.0266667
0.0177778
0
0.008
0.0177778
0.00941176
0.00941176
0
0.04
0.00914286
0
0.02
0.00432432
0.032
0.0114286
0.01
0.0145455
0.00372093
0
0.0177778
0.008
0
0.0246154
0.0106667
0
0.00695652
0.00444444
