5.16493
4.8
2.08
4.96
3.84
3.36
4.8
3.52
5.12
4.76
5.52
6.08
5.44
5.12
4.48
6.4
3.2
3.04
5.76
4.16
4.32
6.56
3.68
5.92
4.48
2.4
7.04
4.8
4.32
4.32
2.08
4.16
5.12
3.36
5.6
4.64
4
4.96
3.68
4.32
4
4
5.6
4.48
4
6.08
5.12
6.56
4.8
6.88
4.16
5.12
5.28
3.68
4.64
1.76
8.8
3.2
4
4.64
6.08
5.44
4.8
5.28
6.72
5.28
4.64
6.4
5.76
6.24
3.2
5.44
7.84
2.72
6.4
2.72
5.6
4.96
3.52
4.64
4.48
6.56
6.56
5.44
2.56
4.8
4.96
5.44
6.72
7.52
3.2
4.8
8
4.8
1.92
5.28
5.6
6.4
5.44
4
4.16
3.68
4.16
8.64
3.84
4
4.8
3.04
6.4
6.24
4.32
4.24
3.52
5.44
4.48
8.32
3.04
8
4.96
4.32
6.08
6.08
4.8
5.12
4.8
5.28
4.8
6.88
5.44
1.92
6.08
4.48
6.4
4.16
4
4.48
4.32
5.12
5.92
6.72
6.4
3.84
5.68
6.08
5.6
5.44
4.8
4.48
3.84
5.44
3.68
4.96
5.92
4.96
6.08
5.44
6.24
6.56
4.48
6.24
5.44
4.48
4.8
5.12
7.04
4.96
3.2
4.48
4.64
5.76
6.72
5.44
7.04
4.96
4.16
5.28
7.68
4.32
5.92
5.12
4.8
4.96
5.92
2.56
5.6
6.72
2.08
5.92
5.44
6.4
5.28
6.56
4.8
8.48
3.52
4.16
5.12
4.48
4.16
4.8
7.68
3.68
5.44
3.92
7.2
4.16
4.96
6.4
9.44
4.64
4.8
4.64
8
6.72
3.04
6.4
5.12
5.44
4
4.96
5.92
4.64
5.44
1.76
6.08
3.84
4.96
5.28
3.84
5.12
8.96
5.12
6.32
6.24
7.36
6.08
2.56
7.52
3.2
6.56
4
5.6
4
4.96
4.64
7.2
4.16
7.04
6.24
5.28
10.08
7.04
4.16
5.76
9.28
4.16
4.48
3.36
4.48
7.2
3.84
5.92
5.12
7.36
7.68
4.8
5.44
5.6
7.68
4.32
5.12
6.56
4.48
3.68
7.52
6.56
3.36
3.68
7.2
4.96
3.36
5.44
8.64
5.76
4.96
3.36
8.48
3.52
4.8
3.04
6.4
4.32
5.6
4.16
7.36
4.8
1.92
4.16
4.48
5.44
4.16
4.8
4.64
4.32
5.6
3.2
4.8
4.32
4.16
3.84
5.12
4.32
3.52
3.52
3.36
1.92
4.64
3.36
5.76
3.2
3.68
4.48
3.84
3.68
4.48
3.52
3.68
4.96
2.72
3.2
4.48
4.64
3.52
3.04
3.36
2.88
3.84
3.84
3.84
3.04
4.48
4.16
4.8
4.48
2.88
5.12
2.88
3.04
4.32
4.64
4.64
3.04
3.68
4.64
3.04
4
3.36
2.88
4.16
3.04
3.84
4
2.88
3.52
3.84
3.04
3.36
4.16
3.68
4
3.04
3.68
3.04
4.48
1.76
6.56
5.6
3.52
6.72
4.8
5.28
3.52
6.88
5.6
4.8
4.16
7.84
5.92
4.16
3.84
4.96
4.48
2.24
3.04
5.6
3.52
3.68
5.44
5.76
3.52
4.32
4.48
6.08
3.68
3.84
5.44
3.84
4.96
4
4.16
4
4.8
4.8
1.28
4.16
3.04
3.84
2.88
2.56
4.48
5.28
3.52
2.88
4.64
4.32
4.64
2.88
5.52
5.28
4.96
3.04
1.92
3.68
3.36
2.56
4
3.2
4.32
2.72
5.28
3.04
3.2
2.4
4.48
4.96
4.48
3.68
4
2.88
4.16
3.68
1.92
2.56
2.88
3.36
3.36
4.48
4.96
4.16
4.8
5.12
4.8
4.96
5.76
4.8
4.96
4.48
5.6
4
4.32
3.52
4.16
4.48
4.96
3.36
3.68
2.88
3.52
3.84
3.36
4.32
4.48
3.84
3.2
4
3.04
3.84
3.52
3.36
3.68
2.56
2.24
2.4
3.36
4.16
3.2
2.72
4
2.4
3.2
3.2
4.8
4
2.72
3.36
3.04
2.72
2.88
3.04
2.08
3.36
4.32
2.08
2.88
3.68
4
3.52
3.04
3.68
3.04
4.16
4
3.2
3.68
3.04
4
3.2
3.04
4.16
2.24
3.52
4.16
3.68
3.36
3.36
3.52
5.28
3.52
2.72
3.68
3.52
2.56
3.36
3.2
4.48
4.48
2.56
4
3.04
3.36
4.48
4
4.48
3.84
2.72
3.04
4.8
4.16
5.28
4.64
4.96
4.16
3.2
3.84
3.68
3.52
3.2
5.12
3.2
3.68
3.2
3.52
3.52
3.84
3.04
4.32
3.84
3.68
3.84
3.36
4.32
3.84
3.52
2.88
3.2
4.32
3.2
2.72
4.16
4.16
2.88
2.56
3.68
2.88
4
3.36
3.2
4
3.52
3.36
4.32
3.52
3.36
3.68
2.4
3.04
2.88
2.56
3.04
3.68
3.36
3.04
3.2
5.12
3.36
3.2
3.2
2.88
4
4
3.52
2.24
4.16
3.52
4.16
3.52
3.04
1.92
4
2.4
2.88
3.36
3.04
2.72
2.08
2.56
1.6
2.88
3.2
3.2
3.52
3.04
2.72
2.08
2.4
3.36
2.56
2.56
3.84
3.2
3.52
2.08
3.2
3.36
3.68
3.2
4.64
2.88
2.88
3.04
2.4
3.04
2.4
3.36
2.72
2.24
2.4
3.2
3.52
4.16
2.08
2.24
2.88
2.88
3.36
3.2
3.84
3.68
2.72
3.04
3.68
3.2
2.24
2.72
2.56
1.76
3.68
3.52
4.8
3.36
2.88
3.68
1.92
2.72
4
4
4
3.36
2.08
2.08
2.72
3.84
1.76
3.04
1.6
1.76
2.24
3.04
2.24
3.52
2.72
2.4
2.56
2.24
2.08
3.04
2.88
2.56
1.92
2.08
1.44
1.76
2.56
0.96
1.92
2.4
1.76
1.6
1.44
2.08
3.04
2.4
2.72
2.08
1.92
3.36
3.52
1.92
2.4
2.08
2.56
1.92
2.88
2.08
1.6
2.08
2.24
1.6
2.88
1.28
1.76
2.56
1.92
2.4
2.4
2.88
1.44
1.6
2.08
1.76
1.92
2.4
2.72
2.08
2.72
2.4
1.6
1.76
1.76
2.4
2.4
2.08
2.88
2.24
2.24
2.88
1.44
2.56
2.4
3.52
2.24
1.44
2.08
2.24
0.64
2.88
2.08
1.44
1.6
1.92
2.56
2.24
1.76
1.44
1.6
1.76
1.44
2.24
2.88
1.92
2.88
1.6
1.76
0.96
2.72
0.96
2.4
2.72
2.24
1.92
2.88
1.76
2.56
2.72
2.4
1.92
1.28
1.76
2.4
1.92
2.88
2.08
1.6
3.04
2.08
2.4
1.92
3.68
1.28
1.6
2.72
0.8
2.24
3.2
3.36
2.72
3.36
2.24
2.4
2.56
2.72
2.24
2.24
2.72
3.52
1.92
3.2
2.4
3.84
4.64
2.4
3.52
3.84
2.56
3.04
3.36
2.08
4
2.4
2.24
2.72
3.2
3.04
1.28
3.2
2.56
1.6
3.68
3.36
3.04
2.88
2.88
2.72
2.88
2.88
3.04
2.72
2.72
2.4
2.08
1.76
2.24
2.4
1.92
0.96
1.28
2.56
1.44
2.08
3.2
3.68
1.92
2.56
2.4
1.6
2.72
1.6
1.92
2.4
1.44
3.36
2.4
2.08
2.08
1.92
2.24
2.4
3.04
2.08
1.76
3.2
2.4
3.36
2.08
1.76
1.92
2.56
1.6
1.6
2.24
1.44
2.4
3.04
2.4
1.92
2.4
1.76
2.4
3.04
2.72
3.36
2.08
2.4
2.72
1.92
2.4
3.52
3.04
3.04
1.92
2.56
3.2
1.44
2.4
2.4
2.08
2.56
3.04
2.08
2.56
2.24
2.88
3.2
2.56
2.72
3.04
1.28
2.4
1.44
2.4
1.12
2.56
1.76
1.76
2.72
3.52
1.6
2.24
1.76
2.08
2.24
3.68
2.08
2.08
3.36
2.88
1.6
1.12
1.92
2.08
2.72
2.88
2.72
1.76
1.12
1.76
0.96
2.08
2.4
1.92
3.2
2.4
1.76
3.52
2.4
2.72
1.6
1.28
2.72
2.4
1.44
3.36
2.24
0.8
3.52
2.24
2.4
2.08
1.6
3.52
1.76
0.32
3.2
1.76
2.4
3.2
1.76
2.56
1.92
2.72
2.24
1.92
2.24
0.96
1.6
1.92
2.4
2.88
1.92
1.28
3.2
1.6
1.6
2.56
2.24
2.24
0.8
1.76
1.92
1.6
2.08
2.24
1.6
1.6
2.24
2.4
1.92
2.72
2.24
1.76
2.08
1.92
2.24
2.72
1.28
1.12
1.6
1.44
2.72
1.76
2.56
1.92
2.72
2.24
2.56
2.56
1.6
2.88
2.4
2.08
2.72
1.92
1.28
1.92
2.24
1.6
2.24
1.92
2.4
2.4
1.12
2.08
1.76
1.92
2.08
2.72
2.24
2.4
3.04
2.4
1.76
2.24
2.24
1.76
2.56
1.6
1.76
1.28
2.72
2.24
3.04
2.08
2.4
2.72
3.2
2.4
2.72
2.72
1.92
2.08
2.08
1.76
2.24
2.72
1.92
1.44
3.04
2.24
2.24
2.24
1.6
2.72
1.76
2.08
2.56
2.72
1.6
2.24
1.76
1.76
2.72
1.6
3.04
1.76
1.28
1.92
2.08
2.56
2.08
1.6
2.72
1.6
2.24
2.08
2.24
1.76
0.96
2.4
2.08
2.88
2.56
3.04
2.08
1.44
2.4
1.44
3.04
2.24
2.72
2.88
1.76
1.44
2.4
2.4
1.6
1.76
1.44
1.92
1.6
1.28
1.92
2.56
2.56
1.76
1.92
1.44
2.56
2.08
1.44
2.4
2.24
2.08
1.76
2.08
2.4
1.6
1.6
2.24
2.4
3.04
2.08
2.08
1.28
2.72
2.24
2.72
2.08
2.56
3.68
1.76
2.4
1.28
2.4
3.04
1.76
3.52
2.72
2.56
2.24
4.16
2.24
1.6
1.92
3.04
2.56
2.88
1.76
2.88
2.08
1.44
3.2
2.72
4.16
2.24
3.2
4
2.24
2.4
1.92
1.92
3.36
1.44
3.68
2.56
1.76
1.76
2.56
2.24
4.32
3.04
2.56
2.08
2.56
1.28
1.92
2.08
2.4
1.76
3.2
1.76
1.28
1.92
2.72
2.88
1.6
1.92
1.92
1.92
1.76
2.72
2.08
1.6
2.4
2.24
1.6
1.76
1.92
3.2
0.96
1.92
1.76
2.08
1.76
2.56
2.56
2.08
1.76
2.4
1.76
2.4
2.24
1.44
3.36
2.4
1.6
2.88
2.24
1.92
1.76
1.28
2.24
2.24
2.56
1.6
2.24
1.44
2.24
1.76
3.04
1.76
1.76
2.08
3.2
2.08
2.72
2.08
2.56
1.12
1.6
1.76
2.72
2.88
3.2
1.6
2.4
2.24
2.4
2.4
2.56
2.72
3.68
1.44
2.08
2.56
1.92
2.56
1.92
2.08
0.8
1.44
2.56
2.56
2.88
1.92
1.6
3.2
2.08
2.24
1.6
2.56
2.08
2.24
2.4
2.56
1.6
2.24
1.76
2.4
0.64
2.24
2.4
1.76
1.12
2.4
2.08
2.24
2.4
2.24
2.24
2.4
2.88
1.92
2.4
2.24
2.08
1.92
2.24
1.92
1.28
2.24
1.6
2.24
1.92
2.24
2.88
2.88
3.2
3.2
3.36
4.32
4.16
3.36
2.08
3.04
2.56
2.24
2.4
1.76
1.6
1.76
2.56
2.72
2.56
3.2
3.84
4.48
4.48
2.4
3.68
2.24
3.2
3.2
3.84
2.88
2.72
3.04
2.24
3.2
4
2.56
1.92
4.16
2.24
2.4
2.24
3.68
2.4
3.2
2.72
3.2
2.88
1.76
1.76
2.24
2.08
3.2
1.6
1.44
1.76
1.92
1.6
1.76
1.92
2.88
1.44
1.6
3.04
2.56
3.52
1.92
2.08
1.28
1.92
1.76
1.6
1.76
4.16
4.48
4.96
4.48
5.6
2.24
1.92
3.2
4
4.32
5.44
5.6
5.76
6.56
8.64
6.56
7.84
7.84
6.88
6.24
8
7.68
5.76
6.24
2.72
2.72
6.4
8.64
8.16
5.44
5.6
5.92
4.64
4.16
3.68
3.68
4.96
3.04
2.24
5.44
4.16
4
3.36
4.85333
5.12
4.32
4.64
5.6
5.44
5.28
3.52
5.92
7.52
7.52
4
3.36
2.4
4.32
3.68
4.64
3.2
3.52
4
4.32
6.08
5.65333
7.04
7.2
5.76
5.76
6.4
5.76
5.6
2.56
6.24
5.6
4.96
4.32
5.12
3.84
3.52
5.44
5.28
2.56
4.96
4.48
3.68
4.16
2.4
4.32
3.12
3.52
3.04
2.56
2.88
2.56
1.6
3.36
3.68
3.68
3.52
4.16
3.2
2.56
2.24
1.6
1.76
2.56
3.04
3.2
1.44
2.08
2.08
2.56
2.56
3.04
1.92
3.04
2.56
4
3.84
4.48
3.04
2.4
4
2.4
2.24
2.72
2.4
2.56
2.56
2.08
2.56
1.76
2.56
2.4
1.92
2.72
2.4
7.04
5.12
3.68
3.52
2.88
3.36
2.72
3.36
2.24
5.92
5.44
1.76
4.16
3.52
3.84
2.72
4.48
4.48
5.76
4.32
5.44
4.48
4.96
3.52
2.56
3.52
3.04
4.32
8.32
4
4.48
2.4
4.48
3.84
4.32
4.8
3.84
4.16
6.4
4.48
5.44
4.64
8.48
4.32
6.08
12.16
11.84
9.44
3.68
4.64
1.76
4.8
6.24
4.64
8.8
11.68
13.44
9.6
9.76
15.2
15.2
9.76
8.16
8.96
8.96
11.2
11.36
9.92
11.04
6.56
6.08
7.36
9.76
15.52
11.68
8.8
10.08
11.68
12.48
11.68
8.64
7.68
9.12
9.12
3.52
4.8
4.32
8
3.2
3.52
2.72
5.12
5.28
5.76
4.48
5.12
6.24
4.16
5.44
5.28
3.84
4.48
4.8
4.8
3.68
4.16
3.52
3.52
2.56
4.64
3.52
3.84
7.36
4
4.64
4.32
6.4
4.64
3.84
4
6.24
5.76
5.92
6.24
7.84
5.92
5.76
4.64
10.4
11.36
3.84
4.64
3.84
8.48
11.2
13.92
12
12.64
8.64
5.44
6.72
5.92
4.96
4.96
5.6
4.8
4.16
3.2
3.68
4.96
4.48
4.16
7.04
9.28
7.68
8.96
7.52
7.68
8.32
8.48
8
7.04
7.36
8
4.48
3.68
2.08
9.92
4.72
8.96
6.72
8
7.36
7.68
9.92
8.32
8.16
9.76
7.52
7.2
6.24
6.88
6.24
8
8.8
4.8
10.08
8.96
10.08
10.56
9.44
10.08
8.8
12.48
9.44
10.88
14.72
12.48
14.08
9.28
8.96
10.88
5.12
10.56
4.8
10.72
10.72
11.36
13.92
13.44
7.52
14.24
13.12
11.68
7.52
5.12
4.48
3.84
7.68
8.48
4.64
4.48
4.8
5.92
2.4
4.48
5.12
9.44
11.68
3.2
3.84
4.96
4.96
4.48
4.48
6.72
10.08
10.4
11.36
10.08
5.12
6.24
7.36
4.16
13.6
6.64
6.88
6.88
7.04
7.84
10.72
10.88
11.68
7.68
8.8
7.52
6
8.48
6.4
8
10.72
7.2
8.64
9.44
8
8.8
8.4
6.72
8.32
6.56
6.72
8.32
9.92
5.6
10.24
11.2
9.28
8.96
9.6
10.08
10.56
7.84
11.04
10.72
10.56
12.8
13.44
10.24
12
9.92
9.28
9.6
8.48
5.28
8.96
8.16
8.64
6.88
6.08
5.6
7.2
8
7.36
8.64
9.44
9.28
8.64
6.08
5.44
5.6
10.24
9.76
4.48
10.08
9.28
11.2
9.12
9.12
9.12
10.4
9.28
7.04
6.56
7.36
4.48
8.96
7.04
9.12
6.88
7.68
6.08
4.48
2.24
6.72
5.6
8.32
8.32
9.6
8.16
10.08
11.04
9.44
8
10.4
12.64
9.44
5.44
13.92
11.68
7.2
11.68
8
10.88
6.4
6.08
8
5.44
4
5.12
5.12
6.88
7.52
8.8
13.6
14.24
13.92
10.24
13.28
13.76
14.88
3.36
5.92
8.8
12.64
12.8
10.88
7.36
11.68
9.28
11.2
10.88
11.52
9.76
11.68
9.28
8.32
8.64
8.16
9.76
6.08
9.44
9.28
8.8
8.32
11.2
9.6
10.24
8.48
11.04
11.04
5.92
5.44
3.84
4.48
4.48
6.24
2.72
4
5.44
2.88
4.64
4.16
5.12
3.52
4.16
6.56
8.96
6.88
5.92
6.08
5.12
6.72
9.28
7.36
11.2
8.48
7.84
7.36
4.32
14.56
11.36
7.84
7.36
8.16
5.92
5.44
4.32
5.04
8.96
10.72
8.16
8.48
6.56
9.6
12
10.4
13.44
5.28
8.48
6.24
7.04
8.48
8.32
6.24
5.76
4.16
4.16
3.68
3.2
6.4
12
4.64
10.24
13.12
12.32
15.36
6.56
15.52
13.6
5.92
10.72
10.72
6.56
4.16
3.36
3.68
5.12
3.68
4.48
3.68
4.16
4.8
4.16
6.4
9.6
5.6
3.36
6.08
15.52
12
5.76
9.12
8.48
3.84
4.16
3.68
4
3.52
4.64
4.32
3.28
3.84
4
3.84
1.6
3.04
5.12
3.52
9.12
10.72
14.08
17.92
13.76
12.64
6.24
14.88
11.52
8.16
7.36
7.84
11.04
10.24
12
6.4
4.8
11.52
12.48
8.8
7.04
10.72
4.48
11.04
7.94667
11.04
7.52
5.6
7.68
13.44
8.32
11.04
5.12
9.92
5.44
9.44
10.88
10.24
13.28
7.44
7.28
7.84
6.4
7.84
8.8
3.68
3.36
2.72
4.96
5.36
7.92
5.76
7.52
9.25333
7.12
10.4
7.136
3.68
10.32
11.52
12.8
10.24
12
11.52
7.2
5.92
4.32
8.48
5.92
5.76
4.96
5.76
8
7.84
11.36
8.48
9.04
8
7.52
11.36
9.04
8.8
12.4267
10.96
14.24
12.96
10.08
7.04
4.32
6.08
11.68
11.04
8.64
10.4
8.16
10.24
7.73333
7.68
9.76
6.64
8
11.04
5.6
10.56
12.48
8.48
10.08
7.36
14.08
13.76
12.2057
15.04
10.88
13.12
11.04
6.4
11.36
10.88
10.56
9.18857
7.6
6.24
6.88
6.08
4.48
7.52
6.08
5.12
4.8
6.24
6.88
3.04
5.6
6.08
6.08
7.04
7.28
4.8
5.92
9.76
7.04
8.64
6.4
8.56
8.4
9.24
8.8
13.28
10.88
7.52
7.04
11.52
10.56
13.28
6.08
13.76
6.4
10.32
9.44
10.08
7.6
7.36
6.8
11.04
12.32
9.76
7.52
4.32
2.72
7.04
6.72
7.52
4.48
6.24
8.16
5.76
7.84
8.64
7.2
8.6
9.92
7.6
9.2
11.2533
12.72
12.24
15.28
7.8
7.04
9.12
16.64
17.6
16.032
17.44
16.48
15.84
18
17.28
14.72
14.08
9.76
16.32
14.24
13.92
14.24
10.24
13.12
13.6
14.24
12.8
13.76
12.96
9.6
9.76
9.76
16.16
8.8
6.08
10.88
8.96
9.28
9.6
6.56
8.16
10.24
7.84
7.44
9.44
5.92
6.08
5.92
4.48
3.84
5.12
3.36
4.48
2.88
7.2
12.32
13.6
15.52
14.76
14.88
12.16
16
12.64
14.32
14.08
14.4
11.2
14.08
12.96
12.32
15.2
15.84
8.64
17.6
16.32
15.8933
15.2
15.04
16.8
15.52
12.8
10.4
13.28
9.92
16
11.68
14
12.16
7.68
11.36
12.96
10.08
11.04
10.08
11.2
12.48
11.84
11.04
12.64
16.32
12.32
14.08
13.44
15.52
11.84
16
14.88
14.56
9.7
6.88
5.28
4
4.96
4.8
5.76
4.64
3.52
3.2
5.92
16.96
9.6
18.88
16.64
14.24
15.36
12.96
16.48
14.56
3.584
3.84
2.72
2.56
2.88
3.36
3.36
3.04
1.12
2.24
4.64
4.64
4.32
4.64
4.8
4.32
5.76
2.24
2.88
3.2
3.04
2.72
2.56
2.56
2.24
2.88
2.88
1.6
2.72
4.32
2.56
2.4
2.56
2.72
3.04
3.04
2.4
1.76
2.4
3.2
2.4
2.56
3.84
3.36
2.72
2.56
2.4
2.08
3.52
2.56
2.24
2.88
3.2
3.04
2.88
3.36
2.72
2.72
2.72
4
1.6
2.4
2.88
3.04
2.56
3.04
2.4
3.2
2.08
2.88
2.88
1.28
1.92
2.56
2.4
1.6
3.52
2.56
1.92
1.92
2.24
2.72
2.4
2.56
3.04
1.6
2.56
1.6
2.24
1.6
2.08
1.92
1.44
1.6
2.24
2.24
3.04
2.72
2.08
1.44
1.44
1.12
2.56
1.92
2.72
1.12
1.6
1.6
2.08
1.92
1.92
2.72
1.92
1.92
2.4
2.08
2.56
2.88
2.88
1.92
1.6
2.08
2.4
2.4
2.24
1.76
2.72
1.12
2.08
2.4
1.28
3.2
2.4
2.08
2.72
1.92
1.76
2.4
1.28
2.72
1.92
1.92
2.56
2.56
1.92
2.24
2.72
2.4
2.72
2.4
1.28
1.92
3.2
2.56
1.28
1.12
2.4
2.24
2.24
1.76
2.4
2.72
2.56
2.56
1.12
2.4
1.44
1.12
3.04
2.24
2.24
1.76
1.92
2.4
2.24
1.92
2.24
2.24
1.44
3.04
1.76
2.56
1.92
1.28
2.88
1.28
2.88
1.92
2.08
1.76
1.92
0.8
1.6
1.6
2.4
1.6
1.6
2.08
1.6
2.88
3.2
1.44
1.6
1.76
3.04
2.56
1.92
2.56
1.92
1.44
2.08
2.72
2.56
2.4
2.72
2.08
2.56
2.08
1.6
2.24
1.28
4
2.08
2.08
2.4
1.76
1.92
1.92
1.92
1.28
1.76
1.92
2.24
1.28
1.92
2.4
2.4
1.76
2.88
2.4
2.08
2.4
1.44
2.24
2.4
2.08
2.24
1.6
2.24
1.44
1.92
2.72
1.28
2.4
3.04
1.28
2.24
2.08
1.6
1.76
2.72
1.12
2.72
3.04
1.76
1.76
2.72
2.56
1.76
3.2
1.76
2.08
2.24
2.24
2.24
2.88
1.28
2.24
1.76
1.6
2.72
1.44
2.4
2.4
2.24
1.28
1.92
2.56
0.96
2.88
2.72
1.92
2.24
2.56
2.56
1.6
1.76
1.6
1.92
2.24
1.6
1.92
2.08
1.6
2.56
2.4
1.12
1.12
2.56
1.76
1.28
1.6
2.08
2.08
2.72
1.28
1.28
1.76
3.36
1.6
2.08
3.2
1.92
2.56
2.4
1.6
2.88
1.6
2.4
1.28
2.08
3.2
1.76
2.56
2.4
2.24
1.76
2.24
1.76
1.76
2.24
1.44
2.24
2.72
2.4
2.4
2.24
2.24
2.4
2.88
1.6
1.92
1.12
2.24
1.76
2.72
1.92
2.56
1.76
0.8
1.6
1.92
1.44
2.24
1.76
2.88
2.72
1.44
2.08
2.08
2.72
2.88
3.2
2.08
1.6
2.4
2.24
1.44
1.28
1.44
1.44
2.4
1.92
2.24
1.76
2.56
2.72
2.72
