0
50000
0
0
1000
961
1
0
588
1
0
451
1000
0
0
0
0
0
0
998
0
0
1006
996
0
0
2000
0
0
2002
0
0
0
0
996
0
951
55
0
995
0
0
0
1001
0
0
0
1000
0
1273
0
726
1001
877
122
0
0
1000
455
548
0
997
0
0
1000
0
0
0
0
0
772
0
0
0
0
1233
0
1007
0
442
467
1000
1002
0
1000
1001
999
1000
999
1001
1000
1001
1000
16
1000
1005
0
998
1458
999
1001
0
1680
320
1000
210
795
996
1002
999
1001
619
382
69
998
853
1005
0
996
1002
998
1003
0
1002
355
1000
2757
0
1244
0
999
1003
0
37
1002
0
767
1004
0
999
999
999
1001
0
1002
1000
1002
904
705
1005
999
0
2001
1831
168
1001
0
1001
0
999
1005
998
997
1000
94
836
1003
0
998
999
1
1001
1002
2998
1000
0
2001
999
1001
0
999
0
776
1226
0
3302
695
0
1001
0
1001
999
1001
1001
1000
1001
999
1001
0
1002
998
1003
997
1002
0
10
996
1003
779
3000
1000
1000
811
1189
654
297
691
359
1000
1000
0
2002
0
998
2002
0
998
1001
0
1000
1002
1002
0
1703
296
1044
0
352
1161
0
1006
999
995
1000
1001
464
2581
419
0
1001
0
2002
997
1000
1002
0
89
616
386
1000
1001
0
629
992
1004
999
998
1039
1003
1997
1000
0
1001
0
1002
998
1001
1000
998
2000
0
1002
1000
998
1000
1004
1997
999
0
427
576
757
442
999
1004
0
2996
0
200
802
1006
0
996
999
1000
1002
0
2000
998
1000
366
637
1997
1000
1002
0
1001
999
1000
999
1000
1000
161
1000
1
1003
1001
1000
997
3000
0
1
999
1003
1001
0
478
845
999
1003
1000
841
1000
1001
999
1000
1005
5995
1000
763
238
0
0
0
1000
0
0
1003
1000
997
571
585
1491
510
1003
0
828
1019
1002
0
999
1003
997
995
215
996
1002
2000
997
836
366
636
998
339
995
1001
1002
1000
251
999
1000
3000
0
1
999
1002
0
1000
1000
140
1001
0
401
305
703
1005
0
998
1000
333
999
1002
998
1002
1000
1004
995
68
1000
740
997
1002
1002
1001
996
1001
0
1001
1002
782
1007
0
290
548
463
990
1004
998
1001
999
999
1891
1109
0
781
222
1156
0
1003
0
1001
215
1007
0
804
996
1003
764
1091
0
1005
0
1003
1000
1001
1040
989
1005
1036
1070
852
2064
0
970
1037
1001
1478
890
995
462
659
922
1060
0
996
999
971
1030
970
1000
999
1002
998
1000
998
1000
1000
999
999
999
1001
1000
999
1000
1001
999
999
1000
1002
1000
999
999
1001
1001
999
999
1001
1000
1000
999
1000
999
1001
999
1001
999
1001
999
1001
999
1000
1000
1003
997
1000
267
995
1001
1003
998
1000
998
1001
1001
1001
1000
871
997
611
994
1005
1000
999
999
1000
665
58
997
351
994
1003
1000
998
1000
1001
724
1000
1001
1002
329
995
1002
1001
1000
1006
995
998
999
1003
998
1001
1000
247
474
997
1003
997
1004
839
989
1003
1003
996
463
123
997
1002
1001
881
992
1002
1001
998
1002
998
1002
1001
1001
1003
580
990
1003
1002
1003
999
996
999
1000
641
911
995
1019
0
1004
1002
1003
996
1001
997
1001
999
436
992
1005
1000
494
1031
0
1002
1003
263
994
1003
1001
999
1000
1002
999
374
990
1003
1005
998
1003
997
999
665
989
1006
998
998
1000
1001
1003
1000
573
985
1007
998
998
1001
1001
997
1001
999
1001
999
1000
1001
1002
1002
999
1003
997
1002
1000
995
1000
999
1001
999
1000
1001
1001
601
173
322
997
1000
1005
1001
997
519
652
989
1008
996
127
989
1005
1002
996
1001
1000
1002
998
1001
1000
857
993
1007
998
639
987
1005
999
918
990
27
249
994
820
1006
0
272
992
1003
631
990
1005
999
1001
997
621
993
1003
999
1001
1001
1004
639
984
1007
998
999
1002
997
1001
999
609
991
1005
1003
997
1000
1000
1000
214
991
107
989
1004
1001
1001
999
1000
999
999
1002
1000
1000
873
992
1005
1002
997
1000
870
658
992
1008
1001
998
998
1000
999
1000
999
1001
827
989
1007
1001
999
999
1002
998
999
1000
1001
1000
1001
996
1002
1001
1001
160
990
1006
352
986
870
982
1012
994
1001
999
1001
996
1001
999
1000
999
1003
1000
999
999
1000
1001
1000
1000
1000
1000
313
991
1004
1001
1136
0
996
1005
1000
1000
1000
1000
998
1001
1000
1000
1000
1000
1000
1000
436
989
1004
999
1000
1001
1001
680
988
625
741
996
1006
1001
996
1001
1000
999
999
387
29
27
997
1003
1001
1001
1000
1000
999
1000
999
1000
1001
999
1000
1000
501
190
996
224
991
940
991
1008
997
1001
1001
1000
1000
1001
1001
1000
998
1001
999
1006
995
1004
996
1004
997
1002
996
1005
997
1004
994
1005
997
1004
995
1004
998
1003
995
1003
998
1003
995
1065
964
1460
1362
1178
0
961
1212
1335
937
1230
1323
0
961
843
985
1007
1003
993
383
78
997
1001
1003
1000
1000
999
1000
999
1002
999
1000
1000
1000
214
1000
999
1000
1001
1001
998
1002
999
1000
1000
446
996
1002
999
1001
999
251
998
1005
1000
999
998
1001
171
561
578
996
1003
1001
290
996
1001
1001
1001
1000
999
1000
1000
1002
999
999
1000
1000
999
1184
0
998
1004
1000
1001
1000
998
999
1001
1000
1000
1001
1000
1001
1000
998
30
991
1002
1000
156
996
1002
999
1001
1001
652
993
1004
1002
86
993
1001
1001
1001
999
1002
1000
1000
999
999
1001
1001
997
1000
1002
1000
1001
1002
998
1000
998
1001
1000
1001
999
1000
999
1000
1000
1001
999
1000
1000
1001
999
1001
1001
1002
997
1001
999
1002
998
1001
999
1002
998
1001
999
1002
998
1001
999
1002
998
1000
1000
1002
998
1000
1000
1002
999
999
999
1003
1000
999
999
1002
1000
998
999
1003
1000
999
999
1002
1000
999
999
1002
1000
999
999
1002
1000
999
999
1002
1000
999
999
1002
1000
999
999
1002
999
1001
999
1001
1001
999
999
1001
1001
1000
998
1001
116
985
1005
626
844
991
1009
999
1003
999
1719
1268
2200
0
0
812
1000
1158
843
998
1001
1202
799
997
1002
996
1001
997
1000
1000
999
1001
999
1000
1002
999
999
1001
1001
999
999
1001
1001
999
999
1001
1001
999
999
1001
1001
999
999
1002
634
991
1002
1001
1001
602
615
996
1006
998
999
1001
1001
999
219
28
995
1004
1001
1000
1002
796
991
1006
1000
999
999
999
1000
1001
1000
999
1001
1001
999
1001
1000
1000
1000
1000
1000
1000
1000
1000
1000
1000
1000
1000
1000
1000
1000
1000
1000
1000
1000
1000
1000
1000
1000
1000
1000
1000
1000
1000
1000
1000
999
1000
1001
1000
999
1000
1001
1000
999
1000
1001
1000
999
1000
1001
1000
999
1000
1001
1000
999
1000
1001
1000
998
1001
1000
1000
1000
1000
1000
1000
1000
1001
999
1000
1000
1000
1000
1000
1000
1000
1000
1000
1000
1000
1000
1000
1000
1001
999
1001
999
1002
1036
0
1005
1001
998
1002
998
1003
998
1001
999
1000
1000
1001
1000
999
1000
1002
1000
999
998
1002
1000
999
570
642
997
1006
647
187
993
1007
999
1003
999
999
1000
1000
999
1000
79
991
1005
1004
998
1000
999
998
1002
633
810
993
1009
998
1000
1000
1001
997
1002
998
1001
997
1000
999
1001
998
1001
1003
1000
996
1002
998
1002
1000
1055
0
994
1007
1001
999
997
999
1002
1001
998
1000
1000
181
47
992
1002
1002
1002
1000
999
999
1002
1001
998
999
1000
75
809
997
1005
1001
998
1000
999
387
994
433
52
994
1008
1002
993
1000
1000
1000
1000
467
992
1004
1002
999
1003
996
1001
999
1002
997
1000
600
995
1004
997
1000
1004
999
1000
101
989
1006
998
706
994
1003
999
999
153
550
997
1005
235
996
76
845
997
1002
1004
680
991
1003
286
84
995
1004
130
989
1003
1005
998
998
997
1004
998
1001
998
727
286
993
1006
1001
998
1001
1101
0
994
1004
1000
1001
1002
1001
996
1000
1002
998
135
1184
0
596
995
1102
107
997
1137
0
815
995
1004
1005
997
996
1001
1000
1001
1001
1000
1001
996
201
991
1327
0
425
1118
0
1129
0
998
81
95
998
1006
996
1003
79
990
999
1007
997
230
109
318
348
419
1333
0
997
1007
995
999
529
782
431
844
152
1002
936
998
1123
151
1016
0
1000
1005
1002
997
1003
1001
997
1000
1000
999
654
316
654
85
1096
0
108
1103
54
1001
1002
80
990
813
991
1006
386
988
1005
1002
998
89
990
1004
1001
999
295
992
1005
30
991
1005
1001
998
1002
1000
1001
999
999
999
1002
1001
999
998
1000
1000
1000
1001
1000
1000
999
1000
1000
1000
1002
1000
1002
1000
1105
0
995
1005
1001
998
1000
1000
1000
1000
1000
1000
1002
998
1001
1001
999
1001
999
1001
1000
1001
999
1000
1002
999
1000
998
999
1000
1000
1142
0
996
1004
1001
1000
29
993
1001
1003
1002
999
1000
1000
999
1000
891
993
538
696
995
1004
1001
1000
1001
1010
6
997
517
65
996
819
990
1006
1003
1072
0
996
379
986
1005
1001
11
997
998
1000
1000
1000
998
1000
1001
999
1000
1000
1000
1069
0
1000
1002
1000
630
995
1003
1198
0
998
1003
1001
837
991
1004
1001
1000
251
993
89
6
998
1002
208
1137
0
542
143
748
44
996
326
994
771
111
43
7
57
998
160
166
667
538
690
959
997
1002
1001
997
999
1136
0
995
252
191
217
997
1000
1005
997
34
991
1003
1001
1002
999
541
507
998
736
995
1005
998
1000
1000
1001
1000
997
1000
1001
1000
364
713
996
1006
999
998
1001
999
217
1148
0
997
1005
999
64
995
1002
1001
999
1001
999
998
180
994
1000
1004
1000
547
993
1098
780
288
324
998
207
992
691
993
234
992
1000
66
995
418
103
188
136
205
998
999
1004
999
1000
999
1001
999
1000
1000
1001
1000
1000
1000
1001
1000
999
1000
999
1021
0
1001
1004
1099
0
997
1004
999
1002
997
1001
999
1004
999
1002
995
1000
1001
1000
1000
999
903
991
1006
997
1002
997
912
995
1152
0
999
1006
998
1002
998
998
1000
1001
1000
1000
999
895
994
1006
997
1002
998
1000
1003
233
995
1002
999
1000
1000
366
205
996
331
994
1211
0
998
1002
1003
998
1000
1001
1000
999
1002
1001
997
999
1002
1000
911
994
638
38
311
238
1081
0
998
26
989
1003
1001
1000
999
536
92
843
75
995
1003
1001
249
133
998
999
1003
386
183
997
419
840
266
1000
1003
999
1000
1000
1000
999
428
744
997
1004
1000
998
1001
295
776
997
1149
0
994
1006
16
995
1004
1000
263
415
1132
0
998
1003
154
566
1000
1001
1004
998
1001
999
1000
999
1000
781
995
1004
197
630
993
1004
999
1090
0
997
1004
1002
242
993
999
1002
1002
998
1001
215
993
32
992
1004
1000
997
1002
511
995
1133
0
999
714
992
297
992
1006
999
1000
998
1000
248
991
1002
287
418
543
606
1047
0
427
998
328
992
1004
1000
1000
1275
0
999
1004
1001
1000
1002
996
1001
999
1186
0
996
1004
498
213
1136
0
999
664
144
996
1003
999
1002
1117
0
998
1002
1001
1001
397
718
1188
0
59
996
1005
395
1151
0
996
1004
1000
217
993
354
117
265
1000
999
1001
1004
997
1000
1068
0
52
998
946
185
999
187
994
82
987
1004
999
90
414
37
51
1000
1002
1000
1001
1001
1001
997
201
995
798
1009
0
10
1060
1102
0
101
952
106
999
1004
1000
999
1000
174
995
1001
1002
1001
999
999
720
996
1003
999
1003
533
636
220
183
198
997
1002
939
160
1002
254
574
352
1125
0
998
397
994
1002
1002
465
993
807
575
643
999
1001
7
615
1466
0
998
638
440
1001
999
1002
1000
543
545
1002
1001
1000
999
1000
464
1014
0
1000
731
997
497
1247
0
1000
1002
998
1003
1373
900
290
999
684
720
1179
0
562
1459
0
999
635
444
96
999
38
257
122
997
427
1009
1000
0
627
997
1001
999
1035
0
419
785
240
580
326
353
712
417
101
160
88
997
1000
1002
1001
1999
0
998
1003
1000
1643
0
1000
424
885
826
586
557
512
783
875
874
96
1073
261
1000
1002
998
797
950
125
1000
1001
610
391
1184
1166
0
998
201
994
1000
1001
1002
1000
999
998
1001
1624
46
1002
1000
1000
1001
997
1001
1001
999
1000
998
1003
1000
997
1001
1002
998
998
1003
494
997
1000
333
192
49
998
999
1002
246
994
1136
0
999
320
997
999
1003
999
1076
0
7
999
1000
242
996
1001
846
841
998
183
994
1001
1003
999
999
998
1001
1002
999
625
818
835
306
12
999
1000
1002
1000
186
1039
37
1002
327
1032
1099
736
1205
0
999
1002
1001
998
999
1003
1477
10
1000
509
1425
0
1000
1002
2001
0
237
998
1000
1002
1488
1231
0
1000
724
618
325
1004
1326
0
611
1455
1107
0
691
998
895
210
1000
1001
1384
618
426
999
88
997
690
722
998
1006
0
1000
1001
1839
1050
0
999
1296
0
999
1002
1001
65
997
999
1003
1000
998
393
81
999
1001
1002
998
1002
998
999
103
996
67
999
1000
1001
178
131
1206
188
686
1137
1019
41
1001
1000
1010
0
1002
478
822
76
999
1000
1002
285
393
826
640
405
1001
887
1294
0
1000
1024
285
741
999
1061
1173
0
1000
243
996
1001
1213
35
999
236
72
1072
284
714
847
1280
0
1000
1002
999
999
1002
1689
310
999
1000
1001
1000
626
420
1000
1001
1001
999
1046
0
999
1003
998
1000
1002
998
1001
999
1001
999
1000
1000
1001
999
1000
1000
1002
50
998
1000
1001
1001
1000
999
1000
1000
1000
1000
1000
1003
122
998
1002
999
1000
1000
1000
1029
0
1083
0
999
1034
0
1002
999
1001
999
1000
1001
999
1000
1000
1000
1000
1000
1000
1029
0
1035
0
1000
1001
1001
999
1000
1001
999
1000
1001
999
1000
1000
1000
1001
999
1000
155
998
1001
999
1000
1000
1000
1000
1000
1000
1000
1201
999
1000
1001
999
1000
1000
1000
1000
1001
999
1000
1000
1000
1000
1000
1000
1000
1000
1000
1001
999
1001
999
1001
999
1001
999
1000
1000
1000
1000
1000
1000
1000
0
327
0
302
561
96
766
426
0
294
1684
1654
623
544
977
1454
862
11
953
1931
1901
1005
564
88
1551
1521
1964
1934
4855
4825
4795
4765
694
811
1802
1772
904
574
3500
3470
3440
3410
6468
6438
6408
6378
6348
6318
6288
2598
2568
2538
2458
2428
2398
7922
7892
7862
7832
7802
7772
7742
7712
7289
13126
13096
13066
13036
13006
12976
12946
12916
12886
12856
12826
6627
6597
1734
1704
1523
1493
4383
4353
4323
4293
4263
14882
14852
14822
14792
14762
14732
14702
14672
14642
14612
14582
14552
14522
14492
14462
12152
27894
27864
27834
27804
27774
27744
27714
27684
27654
27624
27594
27564
27534
27504
27474
27444
27414
27384
27354
27324
27294
27264
27234
27204
27174
27144
27114
27084
29265
29235
29205
29175
32808
32778
32748
32718
32688
32658
32628
32598
32568
32538
24690
24660
24630
24600
24570
24540
24510
17076
17046
17016
16986
16956
16926
15171
15141
15111
15081
15051
10767
10737
10707
10677
10647
10617
10587
10557
10527
10497
10467
47562
47532
47502
47472
47442
47412
47382
47352
47322
47292
47262
47232
47202
47172
47142
47112
47082
47052
47022
46992
46962
46932
46902
46872
46842
46812
46782
46752
46722
46692
46662
46632
46602
46572
46542
46512
46482
46452
46422
46392
46362
46332
46302
46272
32982
50904
50874
50844
50814
50784
50754
50724
50694
50664
50634
50604
50574
50544
50514
50484
50454
50424
58415
58385
58355
58325
58295
58265
58235
58205
58175
58234
58204
58174
58144
74590
74560
74530
74500
74470
74440
74410
74380
74350
74320
74290
74260
74230
74200
74170
74140
74110
68164
68134
68104
75001
74971
74941
74911
74881
74851
74821
74791
74761
74731
74701
74671
74641
74611
74581
74551
74521
74491
74461
74431
74401
89999
89969
89939
89909
89879
89849
89819
89789
89759
89729
89699
89669
89639
89609
89579
89549
89519
89489
89459
89429
89399
89369
89339
89309
89279
89249
89219
89189
89159
89129
120301
120271
120241
120211
120181
120151
120121
120091
120061
120031
120001
119971
119941
119911
119881
119851
119821
119791
119761
119731
119701
119671
119641
119611
119581
119551
119521
119491
119461
119431
119401
119371
119341
119311
119281
119251
119221
119191
119161
119131
119101
119071
106694
106664
106634
125683
128979
128949
128919
128889
128859
128829
128799
128769
128739
128709
128679
128649
128619
128589
128559
128529
128499
128469
128439
128409
128379
128349
128319
128289
128259
128229
128199
128169
128139
128109
128079
128049
128019
127989
127959
127929
108699
162298
162268
162238
162208
162178
162148
162118
162088
162058
162028
161998
161968
161938
161908
161878
161848
161818
161788
161758
161728
161698
161668
161638
161608
161578
161548
161518
161488
161458
161428
161398
161368
161338
161308
161278
161248
161218
161188
161158
161128
161098
161068
161038
161008
160978
160948
160918
160888
160858
160828
160798
160768
160738
174031
174001
173971
173941
173911
173881
173851
173821
173791
173761
173731
173701
173671
173641
173611
173581
173551
173521
173491
173461
173431
173401
173371
177041
177011
176981
176951
176921
176891
176861
176831
176801
176771
178184
178154
178124
178094
178064
178034
178004
183250
183220
183190
183160
183130
183100
183070
183040
183010
182980
182950
182920
182890
182860
182830
182800
182770
182740
182710
181140
181110
181080
192612
192582
192552
192522
192492
192462
192432
192402
192372
192342
192312
192282
192252
192222
192192
192162
192132
192102
192072
191712
186930
186900
186870
186840
186810
186780
186750
186720
186690
186660
186630
186600
186570
186540
186510
186480
186450
186420
186390
186360
186330
186300
186270
186240
186210
186180
165442
165412
165382
165352
183587
183557
183527
183497
183467
183437
183407
183377
183347
183317
183287
183257
183227
183197
183167
183137
183107
183077
183047
183017
182987
182957
182927
182897
182867
182837
232809
232779
232749
232719
232689
232659
232629
232599
232569
232539
232509
232479
232449
232419
232389
232359
232329
232299
232269
232239
232209
232179
232149
232119
232089
232059
232029
231999
231969
231939
231909
231879
231849
231819
231789
231759
231729
231699
231669
231639
231609
231579
231549
231519
231489
231459
231429
231399
231369
231339
231309
231279
231249
231219
231189
231159
231129
231099
231069
231039
231009
230979
230949
230919
230889
230859
230829
230799
230769
230739
230709
230679
230649
230619
230589
230559
230529
230499
230469
230439
249761
249731
249701
249671
249641
249611
249581
249551
249521
249491
249461
249431
249401
249371
249341
249311
249281
249251
249221
249191
249161
249131
249101
249071
249041
261586
261556
261526
261496
261466
261436
261406
261376
261346
261316
261286
261256
261226
261196
257476
261136
261106
261076
261046
261016
260986
260956
260926
260896
260866
260836
260806
260776
260746
260716
260686
260656
260626
260596
260566
260536
260506
260476
260446
260416
260386
260356
260326
260296
260266
260236
260206
260176
260146
250867
250837
250206
250176
250146
250116
250086
250056
257887
257857
257827
257797
257767
257737
257707
257677
257647
257617
257587
257557
257527
257497
257467
257437
257407
257377
257347
257317
257287
257257
247672
247642
247612
247582
247552
247522
247492
247462
247432
247402
247372
247342
247312
233362
275001
274971
274941
274911
274881
274851
274821
274791
274761
274731
274701
274671
274641
274611
274581
274551
274521
274491
274461
274431
274401
274371
274341
274311
274281
274251
274221
274191
274161
274131
274101
274071
274041
274011
273981
273951
273921
273891
273861
273831
273801
273771
273741
273711
273681
273651
273621
273591
273561
273531
273501
273471
273441
273411
273381
273351
273321
273291
273261
273231
273201
273171
273141
273111
273081
273051
273021
272991
272961
272931
272901
272871
264171
268764
268734
268704
268674
257484
316121
316091
316061
316031
316001
315971
315941
315911
315881
315851
315821
315791
315761
315731
315701
315671
315641
315611
315581
315551
315521
315491
315461
315431
315401
315371
315341
315311
315281
315251
315221
315191
315161
315131
315101
315071
315041
315011
314981
314951
314921
314891
314861
314831
314801
314771
314741
314711
314681
314651
314621
314591
314561
314531
314501
314471
314441
314411
308651
308621
308591
310214
310184
310154
310124
310094
310064
310034
310004
309974
309944
309914
309884
309854
309824
309794
309764
309734
346394
346364
346334
346304
346274
346244
346214
346184
346154
346124
346094
346064
346034
346004
345974
345944
345914
345884
345854
345824
345794
345764
345734
345704
345674
345644
345614
345584
345554
345524
345494
345464
345434
345404
345374
345344
345314
345284
345254
345224
345194
345164
345134
319964
337534
337504
337474
337444
337414
337384
337354
337324
337294
337264
337234
337204
337174
337144
337114
337084
337054
332547
332517
332487
332457
332427
332397
332367
373015
372985
372955
372925
372895
372865
372835
372805
372775
372745
372715
372685
372655
372625
372595
372565
372535
372505
372475
372445
372415
372385
372355
372325
372295
372265
372235
372205
372175
372145
372115
372085
372055
372025
371995
371965
371935
371905
371875
371845
371815
371785
371755
374033
374003
373973
373943
373913
373883
373853
373823
370711
370681
370651
370621
370591
370561
370531
351721
389685
389655
389625
394277
394247
394217
394187
394157
394127
394097
394067
394037
394007
393977
393947
393917
393887
393857
393827
393797
393767
393737
393707
393677
393647
393617
393587
393557
393527
393497
393467
393437
393407
393377
393347
393317
393287
393257
393227
393197
393167
393137
396342
396312
396282
396252
396222
396192
396162
396132
396102
396072
396042
396012
390877
390847
390817
390787
390757
390727
390697
394189
394159
394129
394099
394069
394039
394009
393979
393949
393919
393889
393859
393829
393799
393769
393739
393709
393679
393649
393619
414133
414103
414073
414043
414013
413983
413953
413923
413893
413863
413833
413803
413773
413743
413713
413683
413653
413623
413593
413563
413533
413503
413473
415558
415528
415498
415468
427591
427561
427531
427501
427471
427441
427411
427381
427351
427321
427291
427261
427231
425881
425851
425821
425791
425761
434441
434411
434381
434351
434321
434291
434261
434231
434201
434171
434141
434111
434081
434051
423281
425770
425740
414367
414337
414307
428555
428525
428495
428465
428435
428405
428375
428345
428315
428285
428255
428225
428195
428165
428135
428105
428075
403348
403318
403288
474400
474401
474402
474403
474404
474405
474406
474407
474408
474409
474410
474411
474412
474413
474414
474415
474416
474417
474418
474419
474420
474421
474422
474423
474424
474425
474426
474427
474428
474429
474430
474431
474432
474433
474434
474435
474436
474437
474438
474439
474440
474441
474442
474443
474444
474445
474446
474447
474448
474449
474450
474451
474452
474453
474454
474455
474456
474457
474458
474459
474460
474461
474462
474463
474464
474465
474466
474467
474468
474469
474470
474471
474472
474473
474474
474475
474476
491948
491949
491950
491951
491952
491953
491954
491955
491956
491957
491958
491959
491960
491961
491962
491963
491964
491965
500016
500017
500018
500019
500020
500021
500022
500023
538072
538073
538074
538075
538076
538077
538078
538079
538080
538081
538082
538083
538084
538085
538086
538087
538088
538089
538090
538091
538092
538093
538094
538095
538096
538097
538098
538099
538100
538101
538102
538103
538104
538105
538106
538107
538108
538109
541604
541605
541606
573445
573446
573447
573448
573449
573450
573451
573452
573453
573454
573455
573456
573457
573458
573459
573460
573461
573462
573463
573464
573465
573466
573467
573468
573469
573470
573471
573472
573473
573474
573475
573476
573635
577164
577165
577166
577635
578635
579635
580635
581635
582635
583635
584635
585635
586635
587635
588635
589635
590635
591635
592635
593635
594635
595635
596635
597635
598635
599635
600635
601635
602635
603635
604635
605635
606635
607635
608635
609635
610635
611635
612635
613635
614635
615635
616635
617635
618635
619635
620635
621635
622635
623635
624635
625635
626635
627635
628635
629635
630635
631635
632635
633635
634635
635635
636635
637635
638635
639635
640635
641635
642635
643635
644635
645635
646635
647635
648635
649635
650635
651635
652635
653635
654635
655635
656635
657635
658635
659635
660635
661635
662635
663635
664635
665635
666635
667635
668635
669635
670635
671635
672635
673635
674635
675635
676635
677604
678604
679604
680604
681604
682604
683604
684604
685604
686604
687604
688604
689604
690604
691604
692604
693604
694604
695604
696573
697573
698573
699573
700573
701573
702573
703573
704573
705573
706573
707573
708573
709573
710573
711573
712573
713573
714573
715573
716573
717573
718573
719573
720573
721573
722573
723573
724573
725573
726573
727573
728573
729573
730573
731573
732573
733418
734387
735201
736201
737108
738015
738891
739736
740736
741736
742736
743736
744736
745705
746674
747643
748612
749550
750457
751457
752271
753271
754209
755147
756054
756961
757775
758682
759651
760620
761558
762527
763496
764465
765465
