0
51000
0
0
0
0
2958
1
452
580
1009
0
0
0
1000
1004
0
0
997
0
593
409
0
0
0
983
20
0
0
994
0
0
1003
247
755
995
0
0
725
0
0
1
0
0
0
1278
0
0
0
996
0
1007
537
0
457
1001
0
998
0
0
1003
0
0
1
999
0
0
0
0
0
0
1000
0
1003
0
1
994
0
1003
1001
999
1000
1001
998
1001
0
1004
1000
996
1000
1002
999
1001
1004
0
999
998
1000
1004
1002
0
122
993
1005
997
999
2029
0
1000
1005
0
1997
998
1000
810
192
998
1004
997
999
8
95
1001
0
1001
1000
2000
0
1002
1002
0
1003
0
1001
67
1994
999
1002
0
1002
0
1003
999
8
996
117
887
2996
0
1000
1003
0
1000
1000
999
1002
997
1720
282
999
499
1106
0
1004
998
0
999
1001
1002
2996
0
105
898
2000
1489
370
738
400
1000
1002
999
999
1002
1003
1000
819
553
451
1003
3997
260
741
0
0
2999
0
1
999
1002
0
1002
1000
1004
995
437
5
499
1004
2996
1000
0
1000
0
1002
0
1001
999
999
1001
999
1002
503
2997
303
347
590
661
1001
0
1002
998
1001
1000
1004
0
1003
998
999
997
1002
998
1001
1002
1003
0
1004
1994
999
1001
1
1000
1001
998
1180
823
75
996
1001
1003
23
1003
0
1000
2997
0
1000
1003
0
348
997
1004
592
1002
0
2000
0
1001
0
1001
430
1294
1000
2001
0
386
616
857
1001
1000
0
1002
0
1001
1000
1004
996
999
338
321
1000
1002
999
1337
0
1004
999
0
1003
0
1000
998
1999
1000
696
309
2004
0
996
1001
0
1320
1000
624
385
868
997
1002
468
997
1000
1001
999
1002
0
1000
999
1002
997
1004
1000
997
1000
1001
997
1001
1004
997
999
1000
999
1001
1002
2003
331
669
0
289
1006
0
997
1001
998
75
1000
1003
0
1001
117
1000
1004
0
540
313
259
997
111
995
1000
1003
1002
998
998
1000
1000
1004
430
157
420
593
684
996
1004
1002
997
1001
999
536
789
426
1007
0
1001
1000
999
1000
1000
998
1003
999
998
1001
1003
998
998
1001
1001
1000
999
999
1001
999
1002
998
1000
1000
999
1000
1001
999
999
1002
1032
772
1000
2519
0
0
933
1500
1091
0
1040
0
1019
990
1031
993
1073
1074
1296
0
1075
0
1552
853
1519
2795
0
0
1245
0
1010
0
1004
997
1041
1022
1001
1086
951
929
1037
1012
2191
0
0
1899
0
981
963
1008
997
1071
962
1215
762
1031
1641
423
82
1007
949
1040
1072
929
1040
980
976
1040
1062
1011
925
998
983
1018
1038
929
1036
1034
1115
887
998
1358
857
299
441
1086
999
1185
0
1948
0
287
774
992
1011
999
999
999
1000
999
1037
965
1029
967
1002
1030
969
1035
964
1096
974
1116
706
1051
2117
0
1294
0
1006
0
1000
1001
1588
407
454
428
1003
0
1069
963
967
1033
989
1012
1036
1184
854
426
101
1004
0
1070
964
1292
359
884
1255
759
965
1069
930
1001
1033
967
1001
1000
999
1000
1001
999
1000
1002
998
999
1000
1000
1001
999
1000
1000
1001
998
1001
1000
24
1004
0
179
1003
0
1035
1127
911
1155
0
2555
0
1387
0
994
1038
999
1033
1502
1425
2102
0
0
935
967
1000
1069
1842
1512
0
564
966
496
616
586
343
3783
0
0
0
1006
0
1035
1033
963
1777
134
1002
0
1055
1098
885
1033
964
312
2188
0
330
709
995
1001
1000
1003
1000
1254
950
959
1525
1272
0
2459
0
954
1487
101
1004
0
1001
1002
1067
966
997
1163
1408
1002
1111
281
17
1045
0
995
967
1032
1039
1033
520
1769
0
991
1412
945
1316
1534
0
922
1092
1441
1058
0
124
1002
0
1007
997
999
1001
1001
998
1000
1001
1070
1011
598
660
997
1807
1687
0
1078
1239
0
1008
0
1000
999
1000
1031
970
999
1000
1000
1001
1033
1108
1034
625
1565
0
988
1188
839
1510
0
994
1008
998
1001
1001
999
999
1038
994
999
1000
1004
997
1004
174
1976
0
324
43
48
1016
0
1015
975
1030
970
1012
988
1002
998
1030
971
253
317
1041
0
1003
1030
965
1657
0
1424
108
960
1045
0
1001
1211
971
554
1529
0
886
453
1
1123
982
685
672
573
2905
0
0
1008
0
1065
964
2886
0
0
1154
0
1010
0
1030
1001
1001
1831
194
2075
0
1036
0
1041
960
1000
1147
511
2371
0
1126
0
1047
0
994
997
1036
1000
1001
1052
348
504
4466
0
0
0
1032
0
1012
999
1028
999
1136
826
2049
0
2691
0
1985
0
1310
0
1185
0
1295
960
1286
1000
2856
0
0
1514
0
1384
1283
0
1007
0
1035
1034
1000
1108
806
888
2859
0
1358
0
254
829
1443
0
717
2088
0
1791
0
1033
963
1037
966
2996
0
0
596
933
1394
1355
0
2047
0
685
998
1000
1035
1025
1009
1184
691
400
3843
0
0
0
1008
0
998
1142
951
1058
3428
0
0
0
832
1007
1002
1029
1023
1010
929
1000
1000
4617
0
0
0
1191
197
996
998
893
1759
1170
0
358
400
1096
0
786
1154
0
950
1820
1328
0
1
2068
0
2138
0
913
615
1076
827
2160
0
0
1780
1676
0
1430
0
225
1134
1276
0
1148
0
481
1708
0
1407
0
1582
2714
0
0
2184
0
1207
0
1111
0
1118
743
350
1852
0
1632
0
3888
0
0
0
815
848
1008
1031
2516
0
0
1475
0
1338
1000
3138
0
0
0
902
726
939
1115
1000
475
2260
0
3750
0
0
0
2347
0
0
912
1002
1000
1334
943
465
369
1000
3664
0
0
0
1374
0
1037
0
1111
1064
369
3816
0
0
0
1406
0
462
769
833
727
2623
0
0
1352
1189
460
426
5907
0
0
0
0
0
1221
0
1009
0
999
1002
1000
999
1035
993
972
1151
1669
1516
0
1744
0
785
799
1449
1777
0
1381
0
1075
850
1189
540
755
289
6156
0
0
0
0
0
1176
0
1010
0
1000
1000
1000
1001
998
1000
1034
1038
992
1000
721
3843
0
0
0
1447
0
1011
0
1001
1027
1003
1004
1032
1139
491
1348
1324
0
1595
1265
0
2200
0
956
1379
1134
0
1042
0
100
1575
1187
1221
0
1121
894
2747
0
0
1293
0
1018
1044
0
997
1004
2204
0
0
1659
210
1046
0
1618
1434
0
946
1078
1036
1000
3381
0
0
0
1017
4384
0
0
0
1227
0
1010
0
999
1035
966
1027
1038
1050
1435
2301
0
2343
0
0
1010
0
1039
991
1005
242
2264
0
186
3234
0
0
1239
913
899
1051
633
806
992
1150
999
366
116
5503
0
0
0
0
0
805
1002
1000
1000
1000
1001
1000
999
1029
973
1064
966
1034
971
1139
1021
1460
1458
0
879
1074
926
2541
0
659
493
953
987
1015
888
1036
1038
1036
963
1969
0
2626
0
0
1032
1203
1205
0
1074
0
425
1793
0
1277
1170
0
1043
0
967
1027
1004
1005
1041
1546
1213
0
1
1111
987
942
1107
1255
1211
1425
0
1002
1008
925
1005
995
999
974
1174
891
1531
439
257
1012
0
999
1041
990
1002
1030
963
1005
1035
1000
1034
926
1000
1004
997
1000
1004
1035
959
973
1028
1003
984
985
1027
973
999
1031
991
980
1031
969
1001
999
999
1001
1027
1000
972
1032
996
972
999
1001
1001
998
1001
999
1001
1028
1001
1001
970
1033
996
1003
1000
999
997
1037
963
1004
997
971
1000
1034
964
1003
999
1101
928
1114
961
1072
1085
778
994
1025
1009
1094
870
1038
995
970
998
1100
568
443
400
999
1125
875
1220
1386
0
1037
0
971
1001
1000
1001
998
1001
1000
1001
998
1030
971
1029
1000
999
1005
967
998
1034
997
1004
2265
0
0
779
706
1008
0
1001
1031
1000
998
970
1001
998
1029
972
1032
1003
993
1004
969
1027
972
1065
1097
743
1038
0
1001
996
1112
893
335
754
1004
0
1035
1029
1007
1001
996
1068
896
1036
929
2371
0
1161
1149
1355
0
1009
0
1030
1002
966
1001
999
1001
999
1001
1000
999
1000
1002
999
998
1001
1002
999
998
1002
999
1001
998
1001
1000
1001
998
1001
999
1002
1002
999
998
1000
1000
999
999
1000
999
1000
1000
1000
1000
1000
1000
1000
1000
1000
1000
1000
1000
1001
1002
999
998
1000
1001
1000
999
1000
1001
998
1001
1000
1001
24
1004
0
1002
1001
997
1002
1001
996
1002
1000
999
999
1001
1002
999
999
1000
999
1001
1000
77
1003
0
1001
1002
996
1002
1000
1002
996
1001
1001
1000
998
1001
1002
999
998
1001
1001
1000
998
1001
1001
1001
999
999
1001
1000
1000
1000
1000
1001
998
1002
999
1001
999
1000
1000
1001
997
1002
1001
1000
997
1001
1001
1000
998
1001
1001
1002
997
1000
1001
1000
1000
999
1000
1000
1001
0
1001
1000
1000
1001
999
1000
1001
0
1000
1000
1000
1001
1001
1000
998
1001
1001
1000
998
1001
1001
1000
998
1001
1001
1000
998
1001
1001
1001
997
1001
1001
1000
999
1000
1001
1001
997
1001
1001
1001
999
999
1001
1000
1000
52
1002
0
999
1001
1001
1000
998
1001
1001
1000
998
1001
1001
999
999
1000
1000
1001
999
1002
998
1001
999
1001
999
1002
999
1000
999
1002
999
1000
1000
1002
997
1001
999
1002
998
1002
999
1001
998
1001
999
1002
998
1001
999
36
1001
1001
0
1002
999
1000
999
1002
998
109
1001
0
1000
1001
999
1002
998
1001
1000
1001
1000
1000
1001
0
1000
1000
1001
0
1000
1000
1001
999
999
1000
1000
1000
1000
1000
1000
1000
1000
1000
1000
1000
1000
1001
999
1000
738
1122
1142
998
1000
1000
1000
1000
1000
1000
1000
1000
1000
1000
1000
1000
1000
1000
1000
1000
1000
1000
1000
1000
1000
1000
1000
1000
1000
1000
1000
1000
1000
1000
1000
1000
1000
1000
1000
1000
1000
1000
1000
1000
1000
1000
1000
1000
1000
1000
1000
1000
1000
962
930
1108
1000
1000
1000
1000
1000
1000
1000
1000
1000
1001
999
1000
1000
1000
1000
1000
1000
1000
1000
1000
1000
1000
1000
1000
1000
1000
1000
1000
1000
1000
1000
1000
1000
1000
1000
1000
1000
1000
1000
1000
1000
1000
1000
1000
1000
1000
1000
1000
1001
999
1000
1000
1000
1000
1000
1000
1000
1000
1000
146000
1000
1000
1000
1000
1000
1000
1000
1000
1000
1000
1000
1000
1000
1000
1000
1000
1000
1000
1000
1000
1000
1000
1000
1000
1000
975
1025
1000
1000
1000
1000
1000
1000
1000
0
1000
0
1001
0
1000
0
1000
0
1000
0
1000
0
1000
0
1000
0
1000
0
1000
0
1000
0
1000
0
1000
0
1000
0
869
132
926
72
1001
0
999
0
1001
0
1000
0
1000
0
1001
0
999
0
1000
0
1000
0
1000
0
1000
0
1000
0
1000
0
1000
0
1001
0
999
0
1000
0
1000
0
1000
0
1000
0
1000
0
1000
0
1000
0
1000
0
1000
0
1000
0
1000
0
1000
0
1000
0
1000
0
1000
0
1000
0
1000
0
1000
0
1000
0
1000
0
1000
0
1000
0
1000
0
1000
0
1000
0
1000
0
1000
0
1000
0
1000
0
1000
0
1000
0
1000
0
1000
0
1000
0
1000
0
1000
0
1000
0
1000
0
1000
0
1000
0
1001
0
999
0
1000
0
1000
0
1000
0
1000
0
1000
0
1000
0
1000
0
1000
0
1000
0
1000
0
1000
0
1000
0
1000
0
1000
0
1000
0
1000
0
1000
0
1000
0
1000
0
1000
0
1000
0
945
56
999
0
999
0
1001
0
1000
0
1000
0
1000
0
1000
0
921
63
1015
0
1000
0
1001
0
1000
0
1000
0
1000
0
1000
0
1000
0
831
171
853
1
1143
0
726
275
851
98
1051
0
999
0
966
36
998
0
1001
0
1000
0
1000
0
1000
0
1001
0
999
0
1000
0
1000
0
1001
0
999
0
1000
0
1000
0
1001
0
999
0
1000
0
1000
0
1001
0
999
0
1000
0
1000
0
1001
0
999
0
1000
0
1000
1001
0
1000
1000
999
1000
1000
1000
1000
1000
1000
1000
1000
1000
1000
1000
1000
1000
1000
900
1023
1076
933
733
898
989
1073
1201
1174
1000
1000
1000
1000
1000
1000
1000
1000
1000
1000
1000
878
1021
1101
1000
1000
1001
999
1000
1000
1000
1000
1000
810
1190
1000
1000
1000
1000
1001
922
1077
1000
1000
1000
1000
1000
1000
1000
1000
1000
1000
1000
1000
1000
1000
1000
1000
1000
1001
999
1000
787
1213
1000
1000
1000
1000
1000
902
1098
1000
1000
1000
1000
1000
1000
1000
1000
1000
1000
1000
1000
1000
1000
1000
1000
1000
1000
1000
1000
1000
1000
1000
1000
1000
1000
1000
1000
1000
1000
1000
1000
1000
1000
1000
1000
1000
1000
1000
1000
1000
1000
1000
1000
1000
1000
1000
1000
1000
1000
1000
1000
1000
1001
999
1000
1000
1000
1000
1000
1000
1000
1000
1000
1000
1000
1000
1000
1000
1000
1000
1000
1000
1000
1000
1000
1000
1000
1000
1000
1000
1000
1000
1000
1000
1000
1000
1000
1000
1000
1000
1000
1000
1000
1000
1000
1000
1000
1000
1000
1000
1000
1000
1000
1000
1000
1000
1000
1000
1000
1000
1000
1000
1000
1000
1000
1000
1000
1000
1000
1000
1000
1000
1000
1000
1000
1000
1000
1000
1000
900
1100
1000
1000
1000
1001
999
1000
1000
1000
1000
1000
1000
1000
1000
1000
1000
1000
1000
1000
1000
1000
1000
1000
1000
1000
1000
1000
1000
1000
1000
1000
1000
865
1135
1000
1000
1000
1000
1000
1000
1000
1000
1000
1000
1000
1000
1000
1000
1000
1000
944
1056
1000
1000
920
1080
1000
1000
1000
1000
1000
1000
1000
1000
1000
1000
1000
1000
1000
1000
975
975
1050
1000
915
1085
1000
1000
1000
1000
871
983
1146
1000
1000
1000
1000
1000
1000
1000
1000
1000
1000
1000
1000
1000
1000
1000
1000
1000
1000
1000
1000
1000
1000
1000
1000
1000
1000
0
0
0
0
0
749
826
839
1013
973
3778
3738
3698
3658
359
479
835
33
30
0
0
0
0
4
1921
1881
515
630
0
4342
4302
4262
4222
4182
2965
2925
2885
2765
0
11200
11160
11120
11080
11040
11000
10960
10920
10880
10840
10800
10760
0
19312
19272
19232
19192
19152
19112
19072
19032
18992
18952
18912
18872
18832
18792
18752
18712
18672
18632
18592
18552
11292
11252
11212
11172
11132
11092
11052
11012
10972
10932
10892
10852
9755
9715
9675
9635
9595
9555
9515
9475
9435
9395
315
27633
27593
27553
27513
27473
27433
27393
27353
27313
27273
27233
27193
27153
27113
27073
27033
26993
26953
26913
26873
26833
26793
26753
26713
26673
26633
26593
26553
15989
15949
15909
15869
36338
36298
36258
36218
36178
36138
36098
36058
36018
35978
35938
35898
35858
35818
35778
35738
35698
35658
35618
35578
35538
35498
35458
35418
35378
35338
35298
35258
35218
35178
35138
35098
35058
35018
34978
34938
34898
10578
0
0
89356
89316
89276
89236
89196
89156
89116
89076
89036
88996
88956
88916
88876
88836
88796
88756
88716
88676
88636
88596
88556
88516
88476
88436
88396
88356
88316
88276
88236
88196
88156
88116
88076
88036
87996
87956
87916
87876
87836
87796
87756
87716
87676
87636
87596
87556
87516
87476
87436
87396
87356
87316
87276
87236
87196
87156
87116
87076
87036
86996
86956
86916
86876
86836
86796
86756
86716
86676
86636
86596
86556
86516
86476
86436
86396
86356
86316
86276
86236
86196
86156
86116
86076
86036
85996
85956
85916
85876
85836
85796
65081
30140
30100
30060
30020
29980
33498
33458
33418
34244
34204
34164
34124
34084
34044
34004
29895
29662
29261
26600
14670
14630
14590
14550
14510
10449
10535
8507
6515
1685
1645
1957
1917
3106
3066
1821
1781
3891
3851
3811
3771
851
1837
1797
618
284
4948
4908
4868
4828
4788
4921
730
398
751
1604
1564
509
108
0
0
0
0
0
0
0
0
0
3
0
0
10
0
4
0
0
3
0
0
0
0
1
0
0
0
0
5
0
0
13
0
5
0
0
9
0
0
0
0
6
0
0
0
0
5
0
0
0
0
0
0
0
481
572
357
658
874
355
43
0
7
761
259
1087
1047
0
3780
3740
3700
3660
583
651
527
1444
1404
1914
1874
623
140
1833
1793
0
1073
1033
0
895
5
29
6
0
0
0
0
3
0
0
0
0
0
0
0
0
0
0
0
0
7
0
0
0
0
6
0
0
0
0
1
0
0
0
0
0
0
0
0
0
2
0
0
5
0
0
0
0
1
0
0
0
0
1
0
0
293
580
764
605
0
1611
1571
2699
2659
2619
3
0
8822
8782
8742
8702
8662
8622
8582
8542
8502
2566
357
901
5363
5323
5283
5243
5203
5163
950
315
871
76
0
0
0
0
2
0
0
0
0
5
0
0
0
0
0
0
0
0
0
4
0
0
8
0
0
0
0
6
0
0
0
0
4
0
0
0
0
4
0
0
12
0
0
0
0
0
0
0
0
0
6
0
0
0
0
5
0
0
0
0
3
0
0
10
0
0
0
0
7
0
0
0
0
6
0
0
0
0
5
0
0
12
0
1
0
0
6
0
0
0
0
6
0
0
0
0
3
0
0
0
0
4
0
0
8
0
2
0
0
8
0
3
0
0
8
0
0
0
0
4
0
0
15
0
0
0
0
5
0
0
0
0
6
0
0
0
0
1
0
0
0
0
0
0
0
2
0
0
0
0
3
0
0
0
0
2
0
0
0
0
2
0
0
6
0
0
0
0
5
0
0
0
0
7
0
0
0
0
0
0
0
0
0
0
0
0
6
0
0
0
0
0
0
0
0
0
1
0
0
0
0
2
0
0
4
0
0
0
0
10
0
0
0
0
3
0
0
0
0
0
0
0
0
0
0
0
0
6
0
0
0
0
9
0
0
0
0
2
0
0
0
0
1
0
0
9
0
0
0
0
6
0
0
0
0
6
0
0
0
0
0
0
0
0
0
2
0
0
5
0
0
0
0
7
0
0
0
0
4
0
0
0
0
1
0
0
9
0
0
0
0
5
0
0
0
0
0
0
0
0
0
0
0
0
0
0
0
0
0
5
0
0
0
0
1
0
0
0
0
1
0
0
0
0
0
0
0
6
0
0
0
0
2
0
0
0
0
2
0
0
0
0
0
0
0
0
0
2
0
0
1
0
0
0
0
3
0
171
259
879
553
0
1147
1107
7
0
0
0
7
0
0
0
0
0
0
0
0
0
0
0
0
0
0
0
0
0
4
0
0
0
0
6
0
0
0
0
0
209
1
0
0
0
0
0
0
0
0
0
0
6
0
0
0
0
5
0
0
0
0
0
0
0
0
0
0
0
0
8
0
0
0
0
4
0
0
0
0
1
0
0
0
0
0
0
0
0
0
0
0
0
9
0
0
0
0
1
0
0
0
0
0
0
0
0
0
0
0
0
8
0
0
0
0
8
0
0
0
0
0
0
0
0
0
0
0
0
0
0
3
0
0
9
0
0
0
0
6
0
0
0
0
0
0
0
0
0
0
0
0
6
0
0
0
0
8
0
0
0
0
3
0
0
0
0
0
0
0
0
0
0
0
0
7
0
6
0
0
0
0
0
0
0
5
0
0
0
0
0
0
0
6
0
0
0
0
5
0
0
0
0
6
0
0
0
0
1
0
0
0
0
0
0
0
7
0
0
0
0
1
0
0
0
0
8
0
0
0
0
4
0
0
8
0
2
0
0
4
0
0
0
0
5
0
0
0
0
3
0
0
0
0
2
0
0
7
0
0
0
0
4
0
0
0
0
9
0
0
0
0
5
0
0
12
0
0
0
0
6
0
1
0
0
6
0
0
0
0
3
0
0
0
0
6
0
0
6
0
0
0
0
9
0
0
0
0
7
0
0
0
0
3
0
0
14
0
0
0
0
10
0
0
0
0
2
0
0
0
0
3
0
0
0
0
2
0
0
122
397
482
185
680
198
263
0
0
0
0
0
224
7
0
0
0
0
8
0
0
0
0
5
0
0
0
0
1
0
0
0
0
0
0
0
8
0
2
0
0
6
0
0
0
0
6
0
0
0
0
3
0
0
13
0
0
0
0
10
0
0
0
0
5
0
0
0
0
4
0
0
0
0
0
0
0
8
0
2
0
0
7
0
0
0
0
1
0
0
0
0
0
0
0
12
0
1
0
0
7
0
0
0
0
6
0
0
0
0
1
0
0
0
0
0
0
0
9
0
0
0
0
9
0
0
0
0
2
0
0
0
0
3
0
0
9
0
0
0
0
7
0
0
0
0
0
0
0
0
0
1
0
0
0
0
1
0
0
9
0
0
0
0
9
0
0
0
0
7
0
0
0
0
3
0
0
14
0
0
0
0
8
0
0
0
0
5
0
0
0
0
2
0
0
0
0
0
0
0
9
0
0
0
0
1
0
0
0
0
4
0
0
0
0
6
0
0
13
0
2
0
0
5
0
0
0
0
6
0
0
0
0
5
0
0
0
0
1
0
0
12
0
0
0
0
2
0
0
0
0
1
0
0
0
0
2
0
0
8
0
0
0
0
7
0
0
0
0
4
0
0
0
0
4
0
0
0
0
1
0
0
6
0
2
0
0
2
0
0
0
0
2
0
0
0
0
2
0
0
11
0
0
0
0
11
0
0
0
0
7
0
0
0
0
8
0
0
0
0
5
0
0
5
0
0
0
0
2
0
0
0
0
7
0
0
0
0
3
0
0
7
0
0
0
0
12
0
0
0
0
5
0
0
0
0
1
0
0
0
0
1
0
0
9
0
3
0
0
5
0
0
0
0
5
0
0
0
0
2
0
0
12
0
2
0
0
6
0
0
0
0
5
0
0
0
0
3
0
0
0
0
1
0
0
9
0
0
0
0
3
0
0
0
0
6
0
0
0
0
4
0
0
10
0
1
0
0
4
0
0
0
0
2
0
0
0
0
3
0
0
0
0
3
0
0
9
0
1
0
0
8
0
0
0
0
7
0
0
0
0
3
0
0
12
0
0
0
0
6
0
0
0
0
6
0
0
0
0
3
0
0
0
0
0
0
0
6
0
0
0
0
7
0
0
0
0
2
0
0
0
0
0
0
0
12
0
2
0
0
7
0
0
0
0
3
0
0
0
0
3
0
0
0
0
0
0
0
12
0
0
0
0
6
0
0
0
0
5
0
0
0
0
0
0
0
9
0
2
0
0
12
0
0
0
0
5
0
0
0
0
1
0
0
0
0
0
0
0
9
0
0
0
0
2
0
0
0
0
8
0
0
0
0
2
0
0
14
0
0
0
0
10
0
0
0
0
6
0
0
0
0
1
0
0
0
0
0
0
0
6
0
1
0
0
4
0
0
0
0
3
0
0
0
0
1
0
0
9
0
0
0
0
8
0
0
0
0
5
0
0
0
0
5
0
0
0
0
1
0
0
7
0
0
0
0
8
0
0
0
0
2
0
0
0
0
3
0
0
9
0
0
0
0
9
0
2
0
0
3
0
0
0
0
1
0
0
0
0
0
0
0
7
0
0
0
0
5
0
0
0
0
7
0
0
0
0
5
0
0
6
0
0
0
0
6
0
0
0
0
8
0
0
0
0
0
0
0
0
0
0
0
0
7
0
0
0
0
5
0
0
0
0
3
0
0
0
0
3
0
0
12
0
0
0
0
3
0
0
0
0
3
0
0
0
0
4
0
0
0
0
0
0
0
6
0
0
0
0
4
0
0
0
0
2
0
0
0
0
1
0
0
7
0
2
0
0
7
0
0
0
0
1
0
0
0
0
4
0
0
0
0
0
0
0
7
0
0
0
0
7
0
0
0
0
7
0
0
0
0
0
0
0
10
0
0
0
0
5
0
0
0
0
0
0
0
0
0
5
0
0
0
0
0
0
0
12
0
0
0
0
9
0
0
0
0
5
0
0
0
0
4
0
0
12
0
0
0
0
2
0
0
0
0
6
0
0
0
0
1
0
0
0
0
0
0
0
9
0
2
0
0
5
0
0
0
0
1
0
0
0
0
0
0
0
5
0
0
0
0
4
0
0
0
0
1
0
0
0
0
2
0
0
0
0
0
0
0
8
0
0
0
0
7
0
0
0
0
7
0
0
0
0
0
0
0
6
0
0
0
0
3
0
0
0
129
250
335
0
187
0
1
0
0
0
0
0
0
0
658
1658
1797
2797
3018
2337
3296
2902
3903
4902
5902
5426
5525
6524
7196
8196
9196
10196
11196
12196
13196
14155
15114
13245
12973
13891
14891
15891
16891
17891
18891
19891
