0
52000
1000
0
1001
0
0
0
0
365
640
0
0
0
994
0
0
446
559
0
230
0
1
765
0
0
0
0
1000
0
0
0
0
0
0
1002
1004
994
0
218
782
0
999
1954
0
1
1047
0
998
0
0
0
1001
0
0
0
0
1003
0
0
0
0
0
0
1001
0
0
0
0
0
0
1002
0
998
999
999
998
1
1001
1002
1001
1000
997
832
1002
0
999
1001
999
1001
999
1000
2003
0
1002
1
998
1000
1000
133
37
861
996
1005
995
373
287
3000
0
0
420
583
1002
0
1002
998
1000
868
1000
462
1001
0
854
1001
0
1000
1001
1004
999
2995
0
1000
1002
1002
0
1003
0
335
669
998
1002
1997
999
350
451
997
1833
1166
1000
1002
641
1035
1002
0
1003
999
998
999
1280
442
1039
266
3000
0
397
604
0
241
999
465
1535
610
2153
1000
0
940
61
1003
0
1002
998
999
1000
433
1995
1000
1005
0
2995
0
1000
1001
1
1001
1002
0
636
827
1000
1001
999
1000
1000
821
183
1004
0
1001
0
345
618
723
802
1001
0
1000
1000
673
1004
1771
225
1001
0
1001
374
626
526
480
995
1004
998
1998
1550
0
640
362
1000
585
232
1000
1430
570
983
1000
1005
954
259
742
278
997
1003
1998
998
1000
1001
1602
397
1000
1001
0
1002
1002
998
1001
0
775
2001
0
1001
0
1001
1000
287
820
859
1002
0
907
1002
999
999
402
599
1000
1003
1000
999
765
996
1003
1002
0
999
1474
526
483
519
998
2000
0
1001
0
1001
1999
999
1000
1002
0
508
485
999
1001
0
999
198
2693
304
448
553
1000
268
771
996
1003
951
54
1002
0
1001
1001
997
1000
1000
748
683
1000
1002
0
1001
657
68
1000
301
216
1004
0
998
340
999
1002
221
994
1003
1000
171
619
865
1007
0
998
1000
1001
210
159
1007
0
1001
1000
1000
999
1001
1000
1001
1001
999
1000
1001
1000
1000
999
1004
997
1000
1000
1002
997
1000
1000
1002
999
1000
999
1001
1000
1000
1002
998
1002
1000
997
1003
998
1000
999
1002
1002
997
999
1002
1001
998
1002
1000
998
999
1001
1001
999
999
1001
1001
999
999
1029
973
999
999
1001
1001
999
999
1001
1001
1013
985
1001
1027
974
998
1033
997
974
1026
973
1030
971
1025
1038
936
1063
935
1028
1000
975
997
1002
1026
975
997
1033
999
970
1026
973
1028
973
999
999
1003
998
1000
1027
1000
973
1000
999
1003
998
1000
1035
963
1029
1000
970
1001
1000
1028
1001
1000
971
998
1001
1000
1000
1000
1030
970
1000
1034
966
1000
1001
1000
1000
1000
999
1003
996
1002
999
1005
996
1000
1000
1001
999
998
1001
1001
998
998
1001
1002
998
1001
999
1002
999
1000
999
1001
999
1001
999
1001
999
1001
999
1001
999
1001
1016
0
1003
1003
1000
999
1000
1002
998
1001
1000
1000
998
1001
1000
1001
1002
998
998
1002
998
1001
1001
1000
999
1000
1000
1002
999
1001
999
1001
1000
998
999
1001
999
1001
999
1001
999
1001
999
1002
999
1001
998
1003
1000
998
1000
1001
998
1002
999
1000
1000
1001
998
1002
999
1000
1003
1000
998
1002
996
1001
999
1002
999
1000
999
1003
997
1001
1000
1000
999
1003
997
1001
1001
1000
1000
999
999
1003
998
1000
999
1004
998
999
999
1002
998
1001
999
1004
1000
998
998
1002
1000
1000
998
1002
1000
999
999
1002
1000
1002
1133
0
998
1005
1002
999
998
1001
1000
1000
1000
999
1001
1000
1000
999
1001
1002
998
999
1001
1000
1000
999
1001
1000
1000
999
1001
1000
1000
999
1002
999
1000
999
1001
1002
999
999
1000
1000
1000
999
1001
1000
1000
115
711
997
1005
1000
1005
996
999
1000
1002
999
999
1000
1001
1000
1000
999
1002
999
1000
999
1001
1000
1000
999
1001
1000
1000
999
1001
1002
998
999
1001
1000
1000
999
1001
1001
999
999
1001
1000
1000
999
1001
999
1000
1000
1000
1000
1000
1000
1001
999
1003
997
1000
1000
1001
1000
999
1001
1001
1000
998
1000
205
990
1004
1004
999
999
1000
1000
1001
999
1000
1000
1000
1001
999
1000
1000
1000
1000
1000
1000
1000
1043
1153
666
880
1007
0
1000
1000
999
1001
1000
1000
999
1002
1000
999
1020
1011
1036
964
1000
970
999
1000
1068
967
1108
2222
0
0
817
967
1000
1000
1001
1031
1366
0
364
864
1041
0
1033
1000
1374
873
1801
0
881
1034
999
969
1003
1103
2082
0
0
1344
1406
0
999
1007
1003
1074
1520
958
769
1017
1057
870
727
1081
1157
1308
1082
0
962
1005
1010
1027
966
1030
1001
971
1028
1016
691
1616
1341
0
962
1105
934
1033
1037
1595
408
1147
0
1150
0
2757
0
0
1253
0
1010
0
1001
1039
997
994
1033
333
1863
0
2584
0
1233
0
989
1010
1030
969
1030
976
1024
1036
1038
572
1000
3878
0
0
1245
0
1038
0
973
1031
995
1001
1040
1098
1010
706
2468
0
1023
1043
0
996
1003
1809
1930
0
1277
0
685
915
973
2676
0
1295
1026
0
1008
1005
1099
962
1001
998
1457
309
365
4173
0
0
0
803
861
1001
1029
972
1028
1052
586
1715
0
702
1009
1068
2682
0
0
1297
0
892
1001
967
1034
998
1248
1059
765
1422
1348
3114
0
0
0
2846
0
655
385
434
134
1043
0
968
1021
1014
995
1001
1062
1008
1462
1359
244
5700
0
0
0
0
0
837
1413
1063
0
1011
0
998
1003
999
1001
997
1001
1036
1028
1004
1428
1252
2028
0
1287
0
1219
0
882
1149
0
342
1640
0
1948
0
724
996
1086
1197
1
1968
0
1472
1221
695
3287
0
0
1018
1009
0
1001
1001
999
999
1013
1016
1004
1036
1144
1536
489
1457
1505
0
1154
1749
0
900
967
1068
1458
928
1767
0
1284
0
963
889
851
1221
778
2697
0
1344
0
961
1038
1036
772
262
826
961
1071
969
995
924
1000
3865
0
0
0
862
1635
0
1011
0
998
1002
999
1000
1003
1039
958
1031
969
1068
1107
1358
411
1322
1343
0
924
1121
1063
816
2392
0
1288
0
989
1012
998
999
1002
998
1003
998
1001
998
1001
999
1032
997
1003
1095
906
968
1029
1003
1037
997
1098
863
1010
996
1070
926
1007
992
1000
1000
1000
1110
963
665
942
1008
1032
999
1070
898
1064
968
1034
998
1031
1103
730
849
1041
1092
907
1033
967
1000
997
1003
997
971
1024
1004
1004
413
484
621
764
1211
1215
1312
0
1009
0
1001
1001
998
1000
1001
1000
999
1000
1117
0
1009
0
1002
1000
998
1000
1002
1001
997
1000
1001
999
999
1000
1001
999
999
1000
1001
1000
999
1000
1001
1001
998
1000
1001
1000
999
1000
1002
1000
998
1001
1001
999
999
1001
1001
999
999
1000
1001
1001
999
999
1001
1001
998
1000
1001
1000
999
1000
1002
1001
997
1000
1003
1000
998
998
1003
1001
998
998
1003
998
1001
999
1001
999
1001
999
1001
999
1002
998
1001
999
1001
999
1001
999
1003
997
1004
997
1000
999
1003
997
1001
999
1001
998
1002
1002
999
997
1002
999
1001
999
1002
997
1003
999
999
999
1002
998
1001
999
1002
1000
1001
997
1001
998
1000
846
899
1040
922
858
1176
392
576
722
1000
1001
1000
1002
997
1001
999
1003
997
1001
999
1003
997
1001
999
1003
997
1001
999
1003
145
108
1001
1001
1001
999
999
1122
0
1002
0
1001
999
1001
999
1001
999
1001
999
1001
999
1001
999
1001
999
1001
999
1001
999
1001
999
1001
999
1001
999
1001
999
1001
999
1001
999
1001
999
1001
999
1001
999
1001
999
1001
999
1001
999
1001
999
1001
999
1001
999
1001
999
1001
999
1001
999
1001
1000
1000
999
1001
999
1001
999
1001
999
1001
999
1001
999
1001
88
1001
0
1002
999
1001
999
1001
999
1001
999
1001
1000
1000
1000
1002
999
1001
997
1004
997
1000
999
1003
997
1001
999
150
1368
0
1005
0
999
1000
999
1002
997
1001
999
1003
998
1000
999
1003
997
1004
998
1001
999
1001
997
1004
997
1000
1000
1002
997
1002
998
1002
999
1001
999
1001
998
1002
998
1002
998
1002
998
1002
998
1002
998
1002
999
1001
998
1002
998
1002
998
1002
998
1002
998
1002
998
1002
998
1002
998
1002
999
1002
997
1002
999
1001
998
1002
999
1001
998
1002
999
1001
998
1002
998
1002
998
1002
998
1002
998
1002
998
1002
998
1002
998
1001
998
1001
999
1002
998
1001
999
44
13
1000
1003
0
998
1001
999
1133
0
1001
0
1002
998
1001
999
1002
998
1001
999
1002
998
1001
999
1002
998
1004
997
1002
999
1000
1000
1000
1001
998
999
1001
999
17
26
1000
1002
0
999
1001
999
1001
6
1001
1002
0
999
1001
999
1001
999
1001
999
1001
999
1001
999
1001
999
1001
999
1001
5
1001
1002
0
999
1001
999
1001
999
1001
999
1001
999
1001
999
209
1260
0
1002
0
999
1001
999
1001
999
1002
998
1001
999
1001
999
1266
0
1002
0
1000
999
1001
999
1001
999
1001
999
1001
999
1001
999
1001
999
1001
999
1001
999
1001
999
1001
999
1001
999
1000
1000
1000
1000
1000
1000
1000
1000
1000
1000
1000
1000
1001
999
1001
999
1001
999
1001
999
1001
1000
1000
999
1001
999
1001
999
1001
999
1001
999
1001
999
1140
999
1000
1001
999
994
1006
1001
999
1001
1000
1000
999
1001
999
1001
999
1001
999
1001
999
1001
999
1001
999
1001
999
1001
999
1001
999
1001
999
1001
999
1001
999
1001
1000
1000
999
1001
999
1001
999
1001
999
1001
999
1001
999
1001
999
1001
999
1001
999
1001
999
1001
999
1001
999
1001
999
1001
999
1001
999
1001
999
727
1274
999
1000
1001
999
1001
999
1001
999
1001
0
824
1176
0
1001
0
1001
999
1001
999
1001
999
1001
999
1001
34
1000
1002
0
999
1001
999
1001
999
1001
999
289
1002
0
1000
1001
999
1001
999
1001
999
1001
999
1001
999
1001
999
1001
999
1001
999
1002
1000
1000
1000
999
1000
1000
999
1001
999
1001
1000
1000
999
1001
999
1002
252
1001
0
1002
1000
1000
999
1001
999
1001
29
1000
1003
0
999
1001
999
1001
999
1003
999
999
999
1001
999
1001
999
1001
999
1001
1127
1000
1003
0
999
1003
997
1001
999
1001
999
1001
999
1001
999
1001
999
1001
999
1002
998
1001
999
1001
999
1002
998
1001
999
301
1000
1000
1003
0
999
1073
0
856
1126
0
1155
1000
1003
0
999
1001
999
1000
1000
1001
1001
998
1000
1000
1000
1000
1000
120
46
1000
1003
0
999
1000
1000
1001
999
1000
1000
1001
999
1000
1000
1001
999
1000
1000
1001
999
1000
1000
1001
999
117
998
1000
1000
1000
1000
1001
1000
999
1000
1001
999
1000
1000
1001
999
1000
1000
1001
999
1000
1000
1001
999
1000
1000
46
749
253
998
1000
1001
1000
1000
1001
999
1000
1000
1001
49
1001
0
1002
999
1000
16
1000
1002
0
1000
1001
999
1000
1000
1001
999
1000
1000
71
745
259
997
1000
1001
1000
1000
1001
999
1000
1000
1001
999
1000
1000
1001
999
1000
1000
1001
999
1000
1000
1001
999
1000
1000
1001
999
1000
1000
1001
999
1000
1000
1000
1000
1000
1000
1001
999
1001
999
1001
999
112
997
999
1187
0
1003
0
999
1001
999
1001
999
1001
1059
0
1003
0
999
1001
999
1001
999
1001
999
1001
999
1001
999
1001
999
1001
999
1001
999
1001
999
1001
999
1001
999
1001
999
1001
999
1001
999
1003
997
1002
1000
1001
997
1002
998
1001
999
1001
999
1001
999
1001
999
1001
999
1001
999
1001
999
1001
999
1001
999
1001
999
1001
999
1001
999
1001
999
1001
999
1001
999
1001
999
1001
999
1001
999
1001
1000
1000
999
1001
999
1001
998
1001
999
1000
1000
1235
1000
1001
0
1001
999
1000
1000
1001
999
1000
1000
1001
999
1000
1000
1001
999
1000
1000
1000
1000
1000
1000
1000
1000
1000
1000
1000
1000
1000
1000
1000
1000
1000
1000
1000
1000
1000
1000
1000
1000
1000
1000
1000
1000
1000
1000
1035
1001
0
1000
1000
1000
1000
1000
1000
1000
1000
1000
1000
1000
1000
1000
1000
1000
1000
1000
1000
1000
1000
1000
1000
1000
1000
1000
1000
1000
1000
1001
999
1000
1000
1001
999
1000
1000
1001
999
1000
1000
1001
999
1000
1000
1001
999
1000
770
1230
1000
1000
1000
1001
999
1000
1000
1001
999
1000
1000
1001
999
784
1025
1191
1000
1000
944
1056
1000
1000
1000
1001
999
768
0
0
0
0
6
0
634
384
887
126
9
0
0
0
0
2
0
0
0
0
0
10
0
0
0
0
7
0
0
0
0
890
743
741
288
765
0
0
5911
5857
5803
5749
5695
5641
11662
11608
11554
11500
11446
11392
11338
11284
3886
7922
7868
7814
7760
7706
7652
7598
7544
5187
6569
6515
183
773
2014
1960
1906
3768
3714
3660
3606
3021
2967
2913
2859
2702
2648
2594
0
0
0
0
0
17788
17734
17680
17626
17572
17518
17464
17410
17356
17302
17248
17194
17140
17086
17032
16978
16924
16870
9851
9797
9743
1461
1407
1873
1819
1276
1222
0
18570
18516
18462
18408
18354
18300
18246
18192
18138
18084
18030
17976
17922
17868
17814
17760
17706
17652
17598
234
900
541
3463
3409
3355
3301
2764
2710
2656
63
1774
1720
3720
3666
3612
3558
366
516
374
0
5629
5575
5521
5467
5413
5359
943
788
403
2011
1957
1903
1916
1862
73
0
3726
3672
3618
3564
4771
4717
4663
4609
4555
0
3063
3009
2955
2901
3478
3424
3370
3316
631
734
267
841
722
263
0
2010
1956
1902
0
0
0
0
0
9
0
0
135
236
4
0
0
0
0
0
8
0
0
0
0
3
0
174
666
1289
1235
927
520
751
323
195
66
465
318
0
1865
1811
282
552
373
517
828
148
285
98
0
0
2
8
0
0
0
0
2
0
0
0
0
0
4
0
0
0
0
4
0
0
0
0
0
10
0
0
0
0
6
0
0
0
0
0
9
0
0
0
0
7
0
0
0
0
3
9
0
0
0
1
4
0
0
0
0
0
5
0
0
0
0
7
0
0
0
0
0
9
0
0
0
2
8
0
0
0
0
0
9
0
0
0
0
8
0
0
0
0
0
13
0
0
0
0
1
0
0
0
0
5
10
0
0
0
0
8
0
0
0
0
2
13
0
0
0
0
8
0
0
0
0
0
7
0
0
0
0
4
0
0
0
0
3
6
0
0
0
0
3
0
0
0
0
0
8
0
0
0
0
6
0
0
0
0
0
10
0
0
0
0
0
0
0
0
0
0
13
0
0
0
0
7
0
0
0
0
0
9
0
0
0
0
2
0
0
0
0
0
5
0
0
0
0
1
0
0
0
0
1
6
0
0
0
0
3
0
0
0
0
0
9
0
0
0
0
5
0
0
0
0
0
12
0
0
0
0
7
0
0
0
0
0
5
0
0
0
0
4
0
0
0
0
0
6
0
0
0
0
7
0
0
0
0
0
11
0
0
0
0
3
0
0
0
0
0
8
0
0
0
0
4
0
0
0
0
1
11
0
0
0
0
4
0
0
0
0
0
7
0
0
0
0
5
0
0
0
0
0
9
0
0
0
0
5
0
0
0
0
3
4
0
0
0
0
3
0
0
0
0
7
10
0
0
0
0
3
0
0
0
0
1
7
0
0
0
0
10
0
0
0
0
0
19
0
0
0
0
5
0
0
0
0
2
5
0
0
0
0
4
0
0
0
0
0
13
0
0
0
0
5
0
0
0
0
0
11
0
0
0
0
3
0
0
0
0
0
7
0
0
0
0
5
0
0
0
0
1
9
0
0
0
0
8
0
0
0
0
0
12
0
0
0
0
4
0
0
0
0
0
9
0
0
0
0
3
0
0
0
0
0
8
0
0
0
0
9
0
0
0
0
0
7
0
0
0
0
3
0
0
0
0
2
9
0
0
0
0
2
0
0
0
0
0
9
0
0
0
0
3
0
0
0
0
0
9
0
0
0
0
6
0
0
0
0
0
12
0
0
0
0
3
0
0
0
0
1
5
0
0
0
0
7
0
0
0
0
4
10
0
0
0
0
4
0
0
0
0
0
15
0
0
0
0
11
0
0
0
0
0
13
0
0
0
0
0
0
0
0
0
0
9
0
0
0
0
11
0
0
0
0
0
12
0
0
0
0
9
0
0
0
0
0
14
0
0
0
0
4
0
0
0
0
2
13
0
0
0
3
13
0
0
0
0
3
10
0
0
0
0
1
0
0
0
0
2
13
0
0
0
1
5
0
0
0
0
6
11
0
0
0
0
6
0
0
0
0
4
9
0
0
0
0
8
0
0
0
0
7
8
0
0
0
0
11
0
0
0
0
3
8
0
0
0
0
10
0
0
0
0
0
9
0
0
0
0
11
0
0
0
0
1
8
0
0
0
0
9
0
0
0
0
0
6
0
0
0
0
7
0
0
0
0
0
8
0
0
0
5
3
0
0
0
0
1
10
0
0
0
0
3
0
0
0
0
0
5
0
0
0
0
6
0
0
0
0
0
8
0
0
0
0
4
0
0
0
0
4
10
0
0
0
1
6
0
0
0
0
0
11
0
0
0
0
7
0
0
0
0
0
10
0
0
0
0
2
0
0
0
0
5
12
0
0
0
0
11
0
0
0
0
4
9
0
0
0
0
5
0
0
0
0
3
12
0
0
0
0
5
0
0
0
0
1
11
0
0
0
1
3
0
0
0
0
1
15
0
0
0
0
7
0
0
0
0
0
12
0
0
0
0
5
0
0
0
0
2
14
0
0
0
0
6
0
0
0
0
0
9
0
0
0
0
9
0
0
0
0
0
14
0
0
0
0
13
0
0
0
0
0
11
0
0
0
0
5
0
0
0
0
0
8
0
0
0
0
12
0
0
0
0
5
5
0
0
0
0
5
0
0
0
0
0
11
0
0
0
0
0
0
0
0
0
3
8
0
0
0
0
4
0
0
0
0
0
12
0
0
0
0
3
0
0
0
0
7
16
0
0
0
0
6
0
0
0
0
2
11
0
0
0
0
3
0
0
0
0
3
11
0
0
0
0
8
0
0
0
0
3
14
0
0
0
0
5
0
0
0
0
1
8
0
0
0
0
4
0
0
0
0
1
12
0
0
0
0
5
0
0
0
0
0
16
0
0
0
0
9
0
0
0
0
0
4
0
0
0
0
7
0
0
0
0
2
13
0
0
0
0
6
0
0
0
0
7
9
0
0
0
0
4
0
0
0
0
9
12
0
0
0
0
0
0
0
0
0
0
9
0
0
0
0
7
0
0
0
0
4
11
0
0
0
0
2
0
0
0
0
0
9
0
0
0
0
12
0
0
0
0
5
16
0
0
0
0
12
0
0
0
0
0
8
0
0
0
0
5
0
0
0
0
7
9
0
0
0
0
1
0
0
0
0
0
10
0
0
0
0
7
0
0
0
0
0
11
0
0
0
0
3
0
0
0
0
0
14
0
0
0
0
4
0
0
0
0
0
14
0
0
0
0
4
0
0
0
0
4
10
0
0
0
0
7
0
0
0
0
3
10
0
0
0
0
0
0
0
0
0
0
9
0
0
0
0
1
0
0
0
0
2
6
0
0
0
1
5
0
0
0
0
5
7
0
0
0
0
8
0
0
0
0
0
9
0
0
0
0
4
0
0
0
0
0
9
0
0
0
0
11
0
0
0
0
0
12
0
0
0
0
8
0
0
0
0
3
9
0
0
0
0
3
0
0
0
0
0
6
0
0
0
0
7
0
0
0
0
0
14
0
0
0
3
3
0
0
0
0
0
4
0
0
0
0
7
0
0
0
0
4
11
0
0
0
0
4
0
0
0
0
1
13
0
0
0
1
8
0
0
0
0
2
14
0
0
0
0
6
0
0
0
0
1
7
0
0
0
2
9
0
0
0
0
0
14
0
0
0
0
4
0
0
0
0
0
14
0
0
0
0
5
0
0
0
0
3
17
0
0
0
0
1
0
0
0
0
1
12
0
0
0
0
10
0
0
0
0
0
14
0
0
0
0
6
0
0
0
0
1
9
0
0
0
1
14
0
0
0
0
5
11
0
0
0
1
1
0
0
0
0
4
9
0
0
0
0
7
0
0
0
0
2
15
0
0
0
0
6
0
0
0
0
0
12
0
0
0
0
8
0
0
0
0
0
9
0
0
0
0
4
0
0
0
0
1
10
0
0
0
0
4
0
0
0
0
4
8
0
0
0
0
10
0
0
0
0
1
11
0
0
0
0
2
0
0
0
0
4
14
0
0
0
0
10
0
0
0
0
4
15
0
0
0
0
8
0
0
0
0
1
9
0
0
0
0
11
0
0
0
0
0
9
0
0
0
0
7
0
0
0
0
6
14
0
0
0
0
6
0
0
0
0
1
8
0
0
0
0
6
0
0
0
0
1
9
0
0
0
0
5
0
0
0
0
0
10
0
0
0
0
6
0
0
0
0
0
13
0
0
0
0
7
0
0
0
0
0
10
0
0
0
0
0
0
0
0
0
3
11
0
0
0
0
4
0
0
0
0
0
8
0
0
0
0
6
0
0
0
0
0
13
0
0
0
0
3
0
0
0
0
0
10
0
0
0
2
5
0
0
0
0
0
16
0
0
0
0
2
0
0
0
0
0
15
0
0
0
0
7
0
0
0
0
0
8
0
0
0
0
1
0
0
0
0
0
9
0
0
0
0
7
0
0
0
0
2
16
0
0
0
0
9
0
0
0
0
3
12
0
0
0
0
5
0
0
0
0
0
14
0
0
0
0
6
0
0
0
0
1
11
0
0
0
0
8
0
0
0
0
0
15
0
0
0
0
3
0
0
0
0
8
7
0
0
0
1
5
0
0
0
0
5
16
0
0
0
0
0
0
0
0
0
5
13
0
0
0
0
4
0
0
0
0
0
16
0
0
0
0
1
0
0
0
0
1
12
0
0
0
0
3
0
0
0
0
0
11
0
0
0
0
5
0
0
0
0
4
10
0
0
0
0
9
0
0
0
0
1
12
0
0
0
0
2
0
0
0
0
0
9
0
0
0
0
5
0
0
0
0
1
5
0
0
0
0
15
0
0
0
0
2
13
0
0
0
0
7
0
0
0
0
0
15
0
0
0
0
6
0
0
0
0
3
14
0
0
0
1
3
0
0
0
0
0
5
0
0
0
0
5
0
0
0
0
3
11
0
0
0
0
9
0
0
0
0
0
5
0
0
0
0
9
0
0
0
0
1
17
0
0
0
0
2
0
0
0
0
0
11
0
0
0
0
4
0
0
0
0
0
5
0
0
0
0
0
0
0
0
0
2
11
0
0
0
0
4
0
0
0
0
0
10
0
0
0
0
1
0
0
0
0
3
10
0
0
0
0
13
0
0
0
0
3
9
0
0
0
0
1
0
0
0
0
1
14
0
0
0
0
7
0
0
0
0
1
9
0
0
0
0
5
0
0
0
0
0
7
0
0
0
0
9
0
0
0
0
1
10
0
0
0
0
3
0
0
0
0
0
12
0
0
0
0
8
0
0
0
0
5
13
0
0
0
0
12
0
0
0
0
2
10
0
0
0
0
4
0
0
0
0
3
9
0
0
0
0
7
0
0
0
0
0
17
0
0
0
3
1
0
0
0
0
0
10
0
0
0
0
10
0
0
0
0
7
7
0
0
0
0
9
0
0
0
0
4
12
0
0
0
0
5
0
0
0
0
0
12
0
0
0
0
10
0
0
0
0
0
7
0
0
0
0
9
0
0
0
0
0
13
0
0
0
0
9
0
0
0
0
2
12
0
0
0
0
6
0
0
0
0
3
7
0
0
0
0
3
0
0
0
0
0
4
0
0
0
3
9
0
0
0
0
0
17
0
0
0
0
5
0
0
0
0
0
9
0
0
0
0
7
0
0
0
0
0
9
0
0
0
0
8
0
0
0
0
0
10
0
0
0
0
9
0
0
0
0
0
12
0
0
0
0
7
0
0
0
0
0
11
0
0
0
0
11
0
0
0
0
1
10
0
0
0
0
7
0
0
0
0
8
9
0
0
0
0
6
0
0
0
0
0
11
0
0
0
0
3
0
0
0
0
0
11
0
0
0
3
7
0
0
0
0
0
7
0
0
0
0
8
0
0
0
0
0
14
0
0
0
0
2
0
0
0
0
0
13
0
0
0
3
15
0
0
0
0
0
12
0
0
0
0
2
0
0
0
0
2
8
0
0
0
0
3
0
0
0
0
4
11
0
0
0
0
0
0
0
0
0
0
11
0
0
0
0
7
0
0
0
0
5
12
0
0
0
0
5
0
0
0
0
3
16
0
0
0
0
8
0
0
0
0
0
12
0
0
0
0
7
0
0
0
0
1
11
0
0
0
0
9
0
0
0
0
2
11
0
0
0
0
6
0
0
0
0
1
17
0
0
0
0
7
0
0
0
0
0
15
0
0
0
0
6
0
0
0
0
2
7
0
0
0
0
8
0
0
0
0
0
6
0
0
0
0
0
0
0
0
0
0
7
0
0
0
0
7
0
0
0
0
1
11
0
0
0
0
9
0
0
0
0
0
9
0
0
0
0
7
0
0
0
0
3
10
0
0
0
0
4
0
0
0
0
0
11
0
0
0
0
0
0
0
0
0
0
8
0
0
0
0
6
0
0
0
0
0
13
0
0
0
0
6
0
0
0
0
0
8
0
0
0
0
7
0
0
0
0
3
12
0
0
0
2
9
0
0
0
0
3
9
0
0
0
0
10
0
0
0
0
8
14
0
0
0
0
4
0
0
0
0
2
8
0
0
0
0
5
0
0
0
0
0
13
0
0
0
0
8
0
0
0
0
1
10
0
0
0
0
6
0
0
0
0
0
12
0
0
0
0
10
0
0
0
0
0
8
0
0
0
0
14
0
0
0
0
6
12
0
0
0
4
0
0
0
0
0
0
10
0
0
0
0
0
0
0
0
0
6
9
0
0
0
0
9
0
0
0
0
0
9
0
0
0
1
2
0
0
0
0
2
13
0
0
0
0
10
0
0
0
0
0
18
0
0
0
0
10
0
0
0
0
2
16
0
0
0
0
11
0
0
0
0
2
10
0
0
0
0
9
0
0
0
0
3
13
0
0
0
0
4
0
0
0
0
0
11
0
0
0
0
9
0
0
0
0
0
13
0
0
0
0
6
0
0
0
0
0
8
0
0
0
0
10
0
0
0
0
1
13
0
0
0
0
3
0
0
0
0
0
8
0
0
0
0
7
0
0
0
0
4
13
0
0
0
0
1
0
0
0
0
0
9
0
0
0
0
7
0
0
0
0
5
15
0
0
0
0
6
0
0
0
0
2
10
0
0
0
0
4
0
0
0
0
4
14
0
0
0
0
3
0
0
0
0
1
10
0
0
0
0
15
0
0
0
0
4
9
0
0
0
0
11
0
0
0
0
0
13
0
0
0
0
8
0
0
0
0
0
10
0
0
0
0
7
0
0
0
0
0
18
0
0
0
0
7
0
0
0
0
0
10
0
0
0
0
5
0
0
0
0
1
16
0
0
0
0
4
0
0
0
0
0
12
0
0
0
0
8
0
0
0
0
3
14
0
0
0
0
3
0
0
0
0
2
11
0
0
0
0
7
0
0
0
0
0
8
0
0
0
0
2
0
0
0
0
2
5
0
0
0
0
4
0
0
0
0
1
9
0
0
0
0
2
0
0
0
0
3
12
0
0
0
0
7
0
0
0
0
2
14
0
0
0
0
9
0
0
0
0
4
14
0
0
0
0
4
0
0
0
0
0
17
0
0
0
0
9
0
0
0
0
8
15
0
0
0
0
13
0
0
0
0
3
14
0
0
0
0
2
0
0
0
0
4
14
0
0
0
0
5
0
0
0
0
0
12
0
0
0
0
3
0
0
0
0
7
15
0
0
0
0
6
0
0
0
0
0
9
0
0
0
0
0
0
0
0
0
4
8
0
0
0
0
0
0
0
0
0
2
12
0
0
0
0
4
0
0
0
0
3
7
0
0
0
0
8
0
0
0
0
2
12
0
0
0
0
9
0
0
0
0
1
14
0
0
0
2
6
0
0
0
0
2
9
0
0
0
0
7
0
0
0
0
0
7
0
0
0
0
7
0
0
0
0
0
11
0
0
0
0
7
0
0
0
0
0
11
0
0
0
0
4
0
0
0
0
0
10
0
0
0
0
7
0
0
0
0
0
7
0
0
0
0
8
0
0
0
0
0
12
0
0
0
0
2
0
0
0
0
1
4
0
0
0
0
6
0
0
0
0
9
14
0
0
0
0
1
0
0
0
0
0
12
0
0
0
0
10
0
0
0
0
3
16
0
0
0
0
8
0
0
0
0
0
13
0
0
0
0
11
0
0
0
0
1
5
0
0
0
0
6
0
0
0
0
2
11
0
0
0
0
10
0
0
0
0
2
7
0
0
0
0
6
0
0
0
0
3
11
0
0
0
0
6
0
0
0
0
3
9
0
0
0
0
3
0
0
0
0
1
12
0
0
0
0
3
0
0
0
0
1
11
0
0
0
0
5
0
0
0
0
5
17
0
0
0
0
6
0
0
0
0
0
15
0
0
0
0
3
0
0
0
0
0
17
0
0
0
0
7
0
0
0
0
7
15
0
0
0
1
5
0
0
0
0
1
14
0
0
0
0
0
0
0
0
0
2
8
0
0
0
0
9
0
0
0
0
1
14
0
0
0
1
8
0
0
0
0
0
12
0
0
0
0
5
0
0
0
0
1
8
0
0
0
0
3
0
0
0
0
0
10
0
0
0
0
11
0
0
0
0
0
9
0
0
0
0
8
0
0
0
0
0
9
0
0
0
1
3
0
0
0
0
0
12
0
0
0
0
4
0
0
0
0
2
14
0
0
0
0
10
0
0
0
0
0
11
0
0
0
0
9
0
0
0
0
1
11
0
0
0
0
6
0
0
0
0
0
13
0
0
0
0
4
0
0
0
0
4
16
0
0
0
0
6
0
0
0
0
0
10
0
0
0
0
10
0
0
0
0
4
12
0
0
0
0
6
0
0
0
0
0
11
0
0
0
0
5
0
0
0
0
0
10
0
0
0
0
6
0
0
0
0
0
13
0
0
0
0
6
0
0
0
0
2
14
0
0
0
0
0
0
0
0
0
2
14
0
0
0
0
8
0
0
0
0
2
11
0
0
0
0
10
0
0
0
0
0
17
0
0
0
0
6
0
0
0
0
0
8
0
0
0
0
5
0
0
0
0
7
17
0
0
0
0
5
0
0
0
0
2
8
0
0
0
0
7
0
0
0
0
1
11
0
0
0
0
1
0
0
0
0
5
9
0
0
0
0
8
0
0
0
0
6
10
0
0
0
0
3
0
0
0
0
0
13
0
0
0
0
5
0
0
0
0
1
14
0
0
0
0
11
0
0
0
0
1
13
0
0
0
0
6
0
0
0
0
7
11
0
0
0
0
2
0
0
0
0
2
8
0
0
0
0
14
0
0
0
0
0
12
0
0
0
0
1
0
0
0
0
0
12
0
0
0
0
8
0
0
0
0
2
3
0
0
0
0
0
0
0
0
0
0
11
0
0
0
0
5
0
0
0
0
1
13
0
0
0
0
5
0
0
0
0
2
14
0
0
0
0
4
0
0
0
0
0
11
0
0
0
0
10
0
0
0
0
6
13
0
0
0
3
1
0
0
0
0
0
14
0
0
0
0
2
0
0
0
0
4
14
0
0
0
0
3
0
0
0
0
0
13
0
0
0
0
12
0
0
0
0
3
8
0
0
0
0
7
0
0
0
0
0
5
0
0
0
0
6
0
0
0
0
0
11
0
0
0
0
1
0
0
0
0
0
14
0
0
0
1
4
0
0
0
0
1
9
0
0
0
0
2
0
0
0
0
3
7
0
0
0
0
10
0
0
0
0
7
12
0
0
0
0
7
0
0
0
0
1
12
0
0
0
0
17
0
0
0
0
0
6
0
0
0
0
4
0
0
0
0
4
9
0
0
0
0
7
0
0
0
0
1
14
0
0
0
0
8
0
0
0
0
9
11
0
0
0
0
10
0
0
0
0
0
10
0
0
0
0
2
0
0
0
0
1
13
0
0
0
0
8
0
0
0
0
0
16
0
0
0
0
2
0
0
0
0
0
13
0
0
0
0
0
0
0
0
0
3
13
0
0
0
0
1
0
0
0
0
0
8
0
0
0
0
9
0
0
0
0
0
8
0
0
0
0
3
0
0
0
0
1
12
0
0
0
0
10
0
0
0
0
2
8
0
0
0
0
8
0
0
0
0
0
7
0
0
0
0
5
0
0
0
0
0
7
0
0
0
0
5
0
0
0
0
2
15
0
0
0
0
8
0
0
0
0
0
17
0
0
0
0
1
0
0
0
0
0
9
0
0
0
0
7
0
0
0
0
3
12
0
0
0
0
8
0
0
0
0
2
11
0
0
0
4
15
0
0
0
0
1
8
0
0
0
0
4
0
0
0
0
4
9
0
0
0
0
3
0
0
0
0
0
8
0
0
0
0
4
0
0
0
0
5
7
0
0
0
0
2
0
0
0
0
0
10
0
0
0
0
8
0
0
0
0
2
13
0
0
0
0
2
0
0
0
0
0
14
0
0
0
2
6
0
0
0
0
0
16
0
0
0
0
6
0
0
0
0
0
7
0
0
0
2
11
0
0
0
0
0
9
0
0
0
0
3
0
0
0
0
7
11
0
0
0
0
7
0
0
0
0
0
16
0
0
0
0
0
0
0
0
0
0
15
0
0
0
0
11
0
0
0
0
0
11
0
0
0
0
3
0
0
0
0
1
13
0
0
0
0
7
0
0
0
0
0
12
0
0
0
0
5
0
0
0
0
10
12
0
0
0
0
4
0
0
0
0
0
12
0
0
0
1
12
0
0
0
0
5
12
0
0
0
5
10
0
0
0
0
0
12
0
0
0
0
7
0
0
0
0
1
14
0
0
0
0
3
0
0
0
0
0
14
0
0
0
1
5
0
0
0
0
2
11
0
0
0
0
5
0
0
0
0
0
8
0
0
0
0
7
0
0
0
0
4
16
0
0
0
0
7
0
0
0
0
3
9
0
0
0
0
2
0
0
0
0
0
14
0
0
0
0
4
0
0
0
0
5
7
0
0
0
1
6
0
0
0
0
3
12
0
0
0
0
6
0
0
0
0
2
14
0
0
0
0
11
0
0
0
0
4
13
0
0
0
0
9
0
0
0
0
2
11
0
0
0
0
8
0
0
0
0
5
12
0
0
0
0
7
0
0
0
0
5
10
0
0
0
0
11
0
0
0
0
1
12
0
0
0
0
5
0
0
0
0
0
15
0
0
0
0
6
0
0
0
0
3
10
0
0
0
2
7
0
0
0
0
0
11
0
0
0
0
4
0
0
0
0
1
12
0
0
0
0
9
0
0
0
0
0
12
0
0
0
0
9
0
0
0
0
0
10
0
0
0
0
8
0
0
0
0
0
12
0
0
0
0
9
0
0
0
0
6
13
0
0
0
0
12
0
0
0
0
3
4
0
0
0
0
5
0
0
0
0
2
13
0
0
0
0
4
0
0
0
0
5
4
0
0
0
0
5
0
0
0
0
8
9
0
0
0
0
6
0
0
0
0
0
7
0
0
0
3
9
0
0
0
0
7
11
0
0
0
0
9
0
0
0
0
0
10
0
0
0
0
4
0
0
0
0
0
18
0
0
0
0
9
0
0
0
0
0
13
0
0
0
0
4
0
0
0
0
0
10
0
0
0
0
4
0
0
0
0
1
16
0
0
0
0
7
0
0
0
0
1
14
0
0
0
0
3
0
0
0
0
0
12
0
0
0
0
9
0
0
0
0
5
8
0
0
0
0
7
0
0
0
0
3
13
0
0
0
0
8
0
0
0
0
0
9
0
0
0
0
5
0
0
0
0
0
16
0
0
0
0
6
0
0
0
0
0
8
0
0
0
0
8
0
0
0
0
5
16
0
0
0
0
12
0
0
0
0
0
10
0
0
0
0
8
0
0
0
0
0
8
0
0
0
0
8
0
0
0
0
0
17
0
0
0
0
12
0
0
0
0
0
13
0
0
0
0
6
0
0
0
0
6
15
0
0
0
0
8
0
0
0
0
2
22
0
0
0
0
3
0
0
0
0
0
13
0
0
0
0
12
0
0
0
0
1
11
0
0
0
0
2
0
0
0
0
6
15
0
0
0
0
12
0
0
0
0
4
11
0
0
0
0
7
0
0
0
0
6
17
0
0
0
0
4
0
0
0
0
2
13
0
0
0
0
1
0
0
0
0
1
14
0
0
0
0
7
0
0
0
0
0
8
0
0
0
0
10
0
0
0
0
5
11
0
0
0
0
7
0
0
0
0
1
8
0
0
0
0
3
0
0
0
0
3
8
0
0
0
0
5
0
0
0
0
0
15
0
0
0
0
6
0
0
0
0
0
10
0
0
0
0
7
0
0
0
0
0
16
0
0
0
0
3
0
0
0
0
1
13
0
0
0
0
10
0
0
0
0
2
15
0
0
0
1
7
0
0
0
0
5
15
0
0
0
0
5
0
0
0
0
0
12
0
0
0
0
5
0
0
0
0
0
9
0
0
0
0
5
0
0
0
0
3
15
0
0
0
0
4
0
0
0
0
0
11
0
0
0
0
6
0
0
0
0
0
10
0
0
0
0
3
0
0
0
0
2
15
0
0
0
0
5
0
0
0
0
3
12
0
0
0
0
6
0
0
0
0
0
7
0
0
0
0
7
0
0
0
0
0
8
0
0
0
0
11
0
0
0
0
4
11
0
0
0
0
5
0
0
0
0
0
11
0
0
0
0
18
0
0
0
0
3
7
0
0
0
0
6
0
0
0
0
4
18
0
0
0
0
6
0
0
0
0
0
16
0
0
0
0
6
0
0
0
0
0
11
0
0
0
0
7
0
0
0
0
4
10
0
0
0
0
4
0
0
0
0
0
14
0
0
0
0
8
0
0
0
0
5
15
0
0
0
0
5
0
0
0
0
0
12
0
0
0
0
8
0
0
0
0
6
3
0
0
0
0
6
0
0
0
0
0
12
0
0
0
0
9
0
0
0
0
0
4
0
0
0
0
3
0
0
0
0
5
15
0
0
0
0
4
0
0
0
0
0
13
0
0
0
0
3
0
0
0
0
0
11
0
0
0
0
7
0
0
0
0
3
11
0
0
0
0
8
0
0
0
0
3
12
0
0
0
0
3
0
0
0
0
2
9
0
0
0
0
11
0
0
0
0
0
9
0
0
0
0
6
0
0
0
0
0
12
0
0
0
0
7
0
0
0
0
4
11
0
0
0
0
6
0
0
0
0
1
13
0
0
0
0
8
0
0
0
0
1
7
0
0
0
0
6
0
0
0
0
0
12
0
0
0
0
4
0
0
0
0
2
8
0
0
0
0
7
0
0
0
0
2
11
0
0
0
0
5
0
0
0
0
0
9
0
0
0
2
8
0
0
0
0
0
12
0
0
0
0
1
0
0
0
0
4
13
0
0
0
0
4
0
0
0
0
0
6
0
0
0
0
4
0
0
0
0
2
10
0
0
0
0
4
0
0
0
0
3
6
0
0
0
0
6
0
0
0
0
0
10
0
0
0
0
7
0
0
0
0
0
4
0
0
0
0
6
0
0
0
0
0
11
0
0
0
0
8
0
0
0
0
4
11
0
0
0
0
8
0
0
0
0
2
10
0
0
0
4
9
0
0
0
0
0
9
0
0
0
0
3
0
0
0
0
7
13
0
0
0
0
0
0
0
0
0
0
11
0
0
0
2
7
0
0
0
0
0
10
0
0
0
0
8
0
0
0
0
0
6
0
0
0
0
10
0
0
0
0
0
11
0
0
0
0
0
0
0
0
0
0
13
0
0
0
0
10
0
0
0
0
5
5
0
0
0
0
0
0
0
0
0
0
7
0
0
0
2
7
0
0
0
0
2
14
0
0
0
0
0
0
0
0
0
1
9
0
0
0
0
8
0
0
0
0
3
11
0
0
0
0
8
0
0
0
0
0
12
0
0
0
0
6
0
0
0
0
2
10
0
0
0
0
3
0
0
0
0
7
11
0
0
0
0
6
0
0
0
0
4
13
0
0
0
0
2
0
0
0
0
3
12
0
0
0
0
6
0
0
0
0
1
10
0
0
0
0
2
0
0
0
0
4
18
0
0
0
0
7
0
0
0
0
0
8
0
0
0
0
5
0
0
0
0
3
10
0
0
0
0
7
0
0
0
0
2
9
0
0
0
0
7
0
0
0
0
0
14
0
0
0
0
5
0
0
0
0
0
9
0
0
0
0
3
0
0
0
0
4
16
0
0
0
0
5
0
0
0
0
0
10
0
0
0
0
8
0
0
0
0
0
12
0
0
0
0
7
0
0
0
0
2
6
0
0
0
0
9
0
0
0
0
3
9
0
0
0
0
9
0
0
0
0
5
12
0
0
0
0
7
0
0
0
0
0
17
0
0
0
0
9
0
0
0
0
2
10
0
0
0
0
3
0
0
0
0
1
10
0
0
0
0
3
0
0
0
0
7
15
0
0
0
0
8
0
0
0
0
0
8
0
0
0
0
7
0
0
0
0
2
15
0
0
0
2
9
0
0
0
0
0
10
0
0
0
0
4
0
0
0
0
3
15
0
0
0
0
9
0
0
0
0
1
9
0
0
0
0
5
0
0
0
0
0
17
0
0
0
0
9
0
0
0
0
0
11
0
0
0
0
1
0
0
0
0
5
9
0
0
0
0
5
0
0
0
0
3
7
0
0
0
0
6
0
0
0
0
7
10
0
0
0
0
7
0
0
0
0
2
13
0
0
0
0
8
0
0
0
0
0
16
0
0
0
0
11
0
0
0
0
1
14
0
0
0
0
4
0
0
0
0
0
8
0
0
0
0
6
0
0
0
0
0
16
0
0
0
0
5
0
0
0
0
5
12
0
0
0
0
9
0
0
0
0
0
9
0
0
0
2
5
0
0
0
0
5
11
0
0
0
0
1
0
0
0
0
0
5
0
0
0
0
12
0
0
0
0
6
8
0
0
0
0
0
0
0
0
0
0
4
0
0
0
1
5
0
0
0
0
0
12
0
0
0
0
6
0
0
0
0
0
9
0
0
0
0
6
0
0
0
0
7
7
0
0
0
0
7
0
0
0
0
0
10
0
0
0
0
4
0
0
0
0
0
16
0
0
0
0
4
0
0
0
0
0
10
0
0
0
2
5
0
0
0
0
8
12
0
0
0
0
9
0
0
0
0
1
6
0
0
0
0
5
0
0
0
0
4
11
0
0
0
0
4
0
0
0
0
1
15
0
0
0
0
4
0
0
0
0
0
8
0
0
0
0
6
0
0
0
0
6
7
0
0
0
0
0
0
0
0
0
5
12
0
0
0
0
9
0
0
0
0
0
9
0
0
0
0
4
0
0
0
0
6
5
0
0
0
0
3
0
0
0
0
3
8
0
0
0
0
12
0
0
0
0
0
9
0
0
0
0
0
0
0
0
0
5
13
0
0
0
0
9
0
0
0
0
0
7
0
0
0
0
7
0
0
0
0
5
11
0
0
0
0
7
0
0
0
0
1
6
0
0
0
0
12
0
0
0
0
0
15
0
0
0
0
4
0
0
0
0
0
6
0
0
0
0
6
0
0
0
0
3
9
0
0
0
0
6
0
0
0
0
0
8
0
0
0
0
5
0
0
0
0
0
12
0
0
0
0
4
0
0
0
0
0
6
0
0
0
0
8
0
0
0
0
0
18
0
0
0
0
7
0
0
0
0
0
9
0
0
0
0
9
0
0
0
0
1
14
0
0
0
0
8
0
0
0
0
0
11
0
0
0
2
7
0
0
0
0
0
11
0
0
0
0
3
0
0
0
0
0
5
0
0
0
0
5
0
0
0
0
0
12
0
0
0
0
9
0
0
0
0
2
13
0
0
0
0
8
0
0
0
0
6
15
0
0
0
0
13
0
0
0
0
3
10
0
0
0
0
8
0
0
0
0
10
12
0
0
0
0
8
0
0
0
0
6
7
0
0
0
2
6
0
0
0
0
0
10
0
0
0
0
1
0
0
0
0
0
11
0
0
0
0
9
0
0
0
0
0
12
0
0
0
0
6
0
0
0
0
0
10
0
0
0
0
8
0
0
0
0
0
10
0
0
0
0
8
0
0
0
0
1
9
0
0
0
0
3
0
0
0
0
0
6
0
0
0
0
5
0
0
0
0
2
12
0
0
0
0
8
0
0
0
0
6
2
0
0
0
0
10
0
0
0
0
2
11
0
0
0
0
9
0
0
0
0
0
7
0
0
0
0
8
0
0
0
0
0
16
0
0
0
0
3
0
0
0
0
0
7
0
0
0
0
7
0
0
0
0
1
11
0
0
0
0
11
0
0
0
0
2
9
0
0
0
0
9
0
0
0
0
0
11
0
0
0
0
5
0
0
0
0
3
5
0
0
0
0
11
0
0
0
0
0
14
0
0
0
2
5
0
0
0
0
7
13
0
0
0
0
9
0
0
0
0
0
14
0
0
0
0
0
0
0
0
0
1
6
0
0
0
0
0
0
0
0
0
1
11
0
0
0
0
9
0
0
0
0
2
9
0
0
0
0
11
0
0
0
0
0
6
0
0
0
0
0
0
0
0
0
3
13
0
0
0
0
9
0
0
0
0
0
13
0
0
0
0
3
0
0
0
0
0
18
0
0
0
0
6
0
0
0
0
0
13
0
0
0
0
8
0
0
0
0
2
12
0
0
0
2
3
0
0
0
0
6
10
0
0
0
0
5
0
0
0
0
1
7
0
0
0
0
4
0
0
0
0
1
14
0
0
0
0
7
0
0
0
0
1
8
0
0
0
0
10
0
0
0
0
0
10
0
0
0
0
15
0
0
0
0
1
11
0
0
0
0
6
0
0
0
0
2
15
0
0
0
0
10
0
0
0
0
0
8
0
0
0
0
3
0
0
0
0
2
5
0
0
0
0
5
0
0
0
0
5
14
0
0
0
0
1
0
0
0
0
0
12
0
0
0
0
9
0
0
0
0
9
15
0
0
0
0
3
0
0
0
0
0
10
0
0
0
0
9
0
0
0
0
1
12
0
0
0
0
6
0
0
0
0
0
3
0
0
0
0
2
0
0
0
0
0
16
0
0
0
0
7
0
0
0
0
1
11
0
0
0
1
1
0
0
0
0
8
14
0
0
0
0
4
0
0
0
0
0
5
0
0
0
0
10
0
0
0
0
4
10
0
0
0
0
5
0
0
0
0
0
8
0
0
0
0
6
0
0
0
0
0
9
0
0
0
0
4
0
0
0
0
6
12
0
0
0
0
7
0
0
0
0
2
8
0
0
0
0
5
0
0
0
0
0
12
0
0
0
0
8
0
0
0
0
0
7
0
0
0
0
0
0
0
0
0
1
11
0
0
0
0
5
0
0
0
0
1
11
0
0
0
0
3
0
0
0
0
0
13
0
0
0
0
8
0
0
0
0
0
15
0
0
0
0
6
0
0
0
0
0
13
0
0
0
0
6
0
0
0
0
4
11
0
0
0
0
2
0
0
0
0
0
12
0
0
0
0
2
0
0
0
0
2
13
0
0
0
0
8
0
0
0
0
0
7
0
0
0
0
7
0
0
0
0
0
7
0
0
0
0
6
0
0
0
0
0
9
0
0
0
0
9
0
0
0
0
1
11
0
0
0
0
6
0
0
0
0
4
8
0
0
0
0
2
0
0
0
0
6
7
0
0
0
0
8
0
0
0
0
2
12
0
0
0
0
2
0
0
0
0
1
14
0
0
0
0
12
0
0
0
0
2
12
0
0
0
0
0
0
0
0
0
3
9
0
0
0
0
4
0
0
0
0
1
9
0
0
0
0
0
0
0
0
0
3
11
0
0
0
0
13
0
0
0
0
1
17
0
0
0
0
2
0
0
0
0
4
15
0
0
0
0
8
0
0
0
0
4
16
0
0
0
0
4
0
0
0
0
0
10
0
0
0
0
10
0
0
0
0
0
12
0
0
0
0
0
0
0
0
0
0
12
0
0
0
0
4
0
0
0
0
2
13
0
0
0
0
7
0
0
0
0
2
14
0
0
0
0
6
0
0
0
0
2
10
0
0
0
0
2
0
0
0
0
5
14
0
0
0
0
7
0
0
0
0
2
4
0
0
0
0
9
0
0
0
0
1
11
0
0
0
0
3
0
0
0
0
4
8
0
0
0
0
5
0
0
0
1
4
11
0
0
0
0
8
0
0
0
0
0
8
0
0
0
0
4
0
0
0
0
3
11
0
0
0
0
7
0
0
0
0
0
7
0
0
0
0
14
0
0
0
0
9
11
0
0
0
1
5
0
0
0
0
0
3
0
0
0
0
12
0
0
0
0
2
6
0
0
0
0
4
0
0
0
0
0
6
0
0
0
0
5
0
0
0
0
0
12
0
0
0
0
8
0
0
0
0
0
11
0
0
0
0
7
0
0
0
0
0
14
0
0
0
2
8
0
0
0
0
0
11
0
0
0
3
5
0
0
0
0
8
11
0
0
0
0
7
0
0
0
0
2
18
0
0
0
0
2
0
0
0
0
0
15
0
0
0
0
6
0
0
0
0
2
8
0
0
0
0
6
0
0
0
0
1
12
0
0
0
0
2
0
0
0
0
2
10
0
0
0
0
10
0
0
0
0
0
13
0
0
0
0
0
0
0
0
0
0
18
0
0
0
0
5
0
0
0
0
3
16
0
0
0
0
7
0
0
0
0
8
10
0
0
0
0
11
0
0
0
0
0
9
0
0
0
0
4
0
0
0
0
0
16
0
0
0
0
6
0
0
0
0
0
11
0
0
0
0
8
0
0
0
0
2
11
0
0
0
0
9
0
0
0
0
2
8
0
0
0
1
3
0
0
0
0
0
10
0
0
0
0
6
0
0
0
0
0
15
0
0
0
0
5
0
0
0
0
0
13
0
0
0
0
8
0
0
0
0
8
17
0
0
0
0
13
0
0
0
0
7
8
0
0
0
0
0
0
0
0
0
7
16
0
0
0
0
6
0
0
0
0
7
12
0
0
0
0
4
0
0
0
0
1
9
0
0
0
0
5
0
0
0
0
6
15
0
0
0
0
8
0
0
0
0
6
15
0
0
0
0
8
0
0
0
0
3
8
0
0
0
0
11
0
0
0
0
1
8
0
0
0
0
5
0
0
0
0
0
9
0
0
0
0
2
0
0
0
0
0
10
0
0
0
0
4
0
0
0
0
0
5
0
0
0
0
7
0
0
0
0
0
7
0
0
0
2
11
0
0
0
0
0
10
0
0
0
0
4
0
0
0
0
6
9
0
0
0
0
11
0
0
0
0
4
11
0
0
0
0
5
0
0
0
0
0
10
0
0
0
0
4
0
0
0
0
0
10
0
0
0
0
6
0
0
0
0
0
17
0
0
0
0
9
0
0
0
0
0
11
0
0
0
0
1
0
0
0
0
5
8
0
0
0
0
8
0
0
0
0
0
9
0
0
0
0
5
0
0
0
0
0
10
0
0
0
0
5
0
0
0
0
4
8
0
0
0
0
5
0
0
0
0
1
12
0
0
0
0
4
0
0
0
0
0
6
0
0
0
0
4
0
0
0
0
0
13
0
0
0
0
4
0
0
0
0
0
21
0
0
0
0
4
0
0
0
0
0
14
0
0
0
0
7
0
0
0
0
2
13
0
0
0
0
7
0
0
0
0
0
11
0
0
0
0
1
0
0
0
0
3
6
0
0
0
0
3
0
0
0
0
4
13
0
0
0
0
5
0
0
0
0
0
8
0
0
0
0
7
0
0
0
0
3
11
0
0
0
0
0
0
0
0
0
3
7
0
0
0
0
7
0
0
0
0
3
12
0
0
0
0
1
0
0
0
0
0
10
0
0
0
0
4
0
0
0
0
0
9
0
0
0
0
0
0
0
0
0
0
12
0
0
0
0
8
0
0
0
0
0
4
0
0
0
0
4
0
0
0
0
0
14
0
0
0
0
8
0
0
0
0
1
7
0
0
0
0
2
0
0
0
0
2
15
0
0
0
0
4
0
0
0
0
4
11
0
0
0
0
4
0
0
0
0
2
7
0
0
0
1
7
0
0
0
0
0
11
0
0
0
0
5
0
0
0
0
5
3
0
0
0
0
2
0
0
0
0
7
14
0
0
0
0
11
0
0
0
0
2
9
0
0
0
0
9
0
0
0
0
3
11
0
0
0
0
12
0
0
0
0
6
13
0
0
0
0
8
0
0
0
0
3
12
0
0
0
0
7
0
0
0
0
6
17
0
0
0
0
0
0
0
0
0
0
8
0
0
0
0
10
0
0
0
0
4
18
0
0
0
0
8
0
0
0
0
0
12
0
0
0
0
1
0
0
0
0
10
18
0
0
0
0
7
0
0
0
0
0
9
0
0
0
0
1
0
0
0
0
4
8
0
0
0
0
2
0
0
0
0
2
13
0
0
0
0
6
0
0
0
0
2
13
0
0
0
0
7
0
0
0
0
0
10
0
0
0
0
1
0
0
0
0
0
6
0
0
0
0
3
0
0
0
0
0
12
0
0
0
0
5
0
0
0
0
0
11
0
0
0
0
7
0
0
0
0
6
9
0
0
0
0
4
0
0
0
0
0
5
0
0
0
0
7
0
0
0
0
2
17
0
0
0
0
11
0
0
0
0
0
9
0
0
0
0
10
0
0
0
0
0
10
0
0
0
0
7
0
0
0
0
0
8
0
0
0
0
5
0
0
0
0
2
14
0
0
0
0
6
0
0
0
0
3
8
0
0
0
0
8
0
0
0
0
0
14
0
0
0
0
1
0
0
0
0
0
10
0
0
0
1
9
0
0
0
0
0
15
0
0
0
5
5
0
0
0
0
3
9
0
0
0
0
10
0
0
0
0
5
8
0
0
0
0
3
0
0
0
0
2
10
0
0
0
0
3
0
0
0
0
0
6
0
0
0
0
4
0
0
0
0
0
15
0
0
0
0
4
0
0
0
0
3
12
0
0
0
0
6
0
0
0
0
2
18
0
0
0
0
2
0
0
0
0
7
10
0
0
0
0
3
0
0
0
0
6
7
0
0
0
0
6
0
0
0
0
6
8
0
0
0
0
9
0
0
0
0
3
9
0
0
0
0
8
0
0
0
0
0
9
0
0
0
0
6
0
0
0
0
0
12
0
0
0
0
8
0
0
0
0
0
13
0
0
0
0
3
0
0
0
0
3
11
0
0
0
0
5
0
0
0
0
1
8
0
0
0
0
5
0
0
0
0
0
10
0
0
0
0
11
0
0
0
0
0
8
0
0
0
0
4
0
0
0
0
0
13
0
0
0
0
5
0
0
0
0
3
10
0
0
0
0
17
0
0
0
0
5
5
0
0
0
0
9
0
0
0
0
1
8
0
0
0
0
11
0
0
0
0
0
17
0
0
0
0
4
0
0
0
0
0
15
0
0
0
0
10
0
0
0
0
7
11
0
0
0
0
4
0
0
0
0
4
10
0
0
0
0
6
0
0
0
0
1
12
0
0
0
0
6
0
0
0
0
0
7
0
0
0
0
1
0
0
0
0
4
11
0
0
0
0
6
0
0
0
0
0
11
0
0
0
0
11
0
0
0
0
0
11
0
0
0
0
6
0
0
0
0
1
8
0
0
0
0
0
0
0
0
0
1
6
0
0
0
0
3
0
0
0
0
7
11
0
0
0
0
1
0
0
0
0
7
8
0
0
0
0
1
0
0
0
0
1
15
0
0
0
0
2
0
0
0
0
4
12
0
0
0
0
6
0
0
0
0
7
9
0
0
0
0
1
0
0
0
0
1
8
0
0
0
0
4
0
0
0
0
8
14
0
0
0
0
4
0
0
0
0
0
9
0
0
0
0
5
0
0
0
0
0
12
0
0
0
2
6
0
0
0
0
0
8
0
0
0
5
0
0
0
0
0
4
17
0
0
0
0
8
0
0
0
0
0
9
0
0
0
0
3
0
0
0
0
3
13
0
0
0
0
9
0
0
0
0
2
9
0
0
0
0
6
0
0
0
0
0
15
0
0
0
0
9
0
0
0
0
5
15
0
0
0
0
5
0
0
0
0
1
18
0
0
0
0
9
0
0
0
0
2
11
0
0
0
0
1
0
0
0
0
1
14
0
0
0
0
11
0
0
0
0
0
17
0
0
0
0
2
0
0
0
0
0
9
0
0
0
0
5
0
0
0
0
1
11
0
0
0
0
10
0
0
0
0
1
9
0
0
0
0
8
0
0
0
0
2
8
0
0
0
0
7
0
0
0
0
0
10
0
0
0
0
11
0
0
0
0
0
4
0
0
0
0
6
0
0
0
0
0
12
0
0
0
0
7
0
0
0
0
0
7
0
0
0
0
8
0
0
0
0
0
8
0
0
0
0
8
0
0
0
0
0
11
0
0
0
0
6
0
0
0
0
0
15
0
0
0
0
1
0
0
0
0
5
13
0
0
0
0
8
0
0
0
0
0
8
0
0
0
0
2
0
0
0
0
1
12
0
0
0
0
8
0
0
0
0
1
10
0
0
0
0
3
0
0
0
0
6
7
0
0
0
0
3
0
0
0
0
0
16
0
0
0
0
5
0
0
0
0
0
14
0
0
0
0
12
0
0
0
0
5
14
0
0
0
0
7
0
0
0
0
0
10
0
0
0
0
5
0
0
0
0
0
8
0
0
0
0
4
0
0
0
0
0
12
0
0
0
0
7
0
0
0
0
0
9
0
0
0
0
8
0
0
0
0
0
11
0
0
0
0
1
0
0
0
0
0
11
0
0
0
0
8
0
0
0
0
0
12
0
0
0
0
8
0
0
0
0
4
12
0
0
0
0
8
0
0
0
0
0
8
0
0
0
0
7
0
0
0
0
0
15
0
0
0
0
5
0
0
0
0
0
15
0
0
0
0
5
0
0
0
0
0
13
0
0
0
0
4
0
0
0
0
0
11
0
0
0
0
5
0
0
0
0
4
12
0
0
0
0
4
0
0
0
0
3
17
0
0
0
0
6
0
0
0
0
2
14
0
0
0
0
6
0
0
0
0
0
12
0
0
0
0
1
0
0
0
0
3
16
0
0
0
0
9
0
0
0
0
0
14
0
0
0
0
0
0
0
0
0
3
16
0
0
0
0
8
0
0
0
0
1
9
0
0
0
0
5
0
0
0
0
0
12
0
0
0
0
5
0
0
0
0
0
12
0
0
0
0
5
0
0
0
0
0
11
0
0
0
0
4
0
0
0
0
2
16
0
0
0
0
6
0
0
0
0
1
14
0
0
0
0
4
0
0
0
0
1
9
0
0
0
0
2
0
0
0
0
0
18
0
0
0
0
13
0
0
0
0
0
16
0
0
0
0
7
0
0
0
0
0
13
0
0
0
0
7
0
0
0
0
7
12
0
0
0
0
3
0
0
0
0
3
11
0
0
0
0
12
0
0
0
0
0
11
0
0
0
0
3
0
0
0
0
0
8
0
0
0
0
8
0
0
0
0
3
11
0
0
0
0
9
0
0
0
0
4
8
0
0
0
0
7
0
0
0
0
0
12
0
0
0
0
4
0
0
0
0
1
13
0
0
0
0
6
0
0
0
0
0
12
0
0
0
0
14
0
0
0
0
1
17
0
0
0
0
6
0
0
0
0
0
11
0
0
0
0
5
0
0
0
0
0
13
0
0
0
0
7
0
0
0
0
0
11
0
0
0
2
1
0
0
0
0
4
13
0
0
0
0
8
0
0
0
0
0
10
0
0
0
0
8
0
0
0
0
1
9
0
0
0
0
8
0
0
0
0
0
8
0
0
0
0
7
0
0
0
0
3
17
0
0
0
0
4
0
0
0
0
0
9
0
0
0
0
2
0
0
0
0
4
5
0
0
0
0
10
0
0
0
0
2
9
0
0
0
0
6
0
0
0
0
7
7
0
0
0
0
9
0
0
0
0
0
9
0
0
0
0
5
0
0
0
0
1
9
0
0
0
0
6
0
0
0
0
0
13
0
0
0
1
6
0
0
0
0
0
12
0
0
0
0
3
0
0
0
0
1
9
0
0
0
3
5
0
0
0
0
0
13
0
0
0
0
7
0
0
0
0
0
10
0
0
0
0
7
0
0
0
0
0
10
0
0
0
2
7
0
0
0
0
0
13
0
0
0
0
9
0
0
0
0
2
10
0
0
0
0
11
0
0
0
0
3
12
0
0
0
0
4
0
0
0
0
0
12
0
0
0
0
5
0
0
0
0
5
10
0
0
0
0
5
0
0
0
0
0
12
0
0
0
0
4
0
0
0
0
0
11
0
0
0
0
9
0
0
0
0
6
7
0
0
0
0
5
0
0
0
0
5
12
0
0
0
0
3
0
0
0
0
0
9
0
0
0
0
7
0
0
0
0
1
12
0
0
0
2
9
0
0
0
0
1
14
0
0
0
0
6
0
0
0
0
0
11
0
0
0
0
6
0
0
0
0
0
15
0
0
0
0
4
0
0
0
0
3
8
0
0
0
0
4
0
0
0
0
1
8
0
0
0
0
4
0
0
0
0
1
12
0
0
0
0
6
0
0
0
0
0
11
0
0
0
0
5
0
0
0
0
0
8
0
0
0
0
4
0
0
0
0
0
9
0
0
0
0
5
0
0
0
0
0
9
0
0
0
0
1
0
0
0
0
6
11
0
0
0
0
5
0
0
0
0
0
9
0
0
0
0
2
0
0
0
0
1
8
0
0
0
0
9
0
0
0
0
0
11
0
0
0
0
6
0
0
0
0
0
12
0
0
0
0
2
0
0
0
0
0
14
0
0
0
0
12
0
0
0
0
0
8
0
0
0
1
5
0
0
0
0
7
14
0
0
0
0
5
0
0
0
0
0
8
0
0
0
0
3
0
0
0
0
1
17
0
0
0
0
4
0
0
0
0
0
18
0
0
0
0
3
0
0
0
0
1
9
0
0
0
0
13
0
0
0
0
0
7
0
0
0
0
8
0
0
0
0
2
17
0
0
0
1
7
0
0
0
0
3
9
0
0
0
0
0
0
0
0
0
0
11
0
0
0
1
8
0
0
0
0
0
13
0
0
0
0
10
0
0
0
0
0
16
0
0
0
0
3
0
0
0
0
6
7
0
0
0
2
7
0
0
0
0
0
9
0
0
0
0
8
0
0
0
0
0
8
0
0
0
0
8
0
0
0
0
0
12
0
0
0
0
8
0
0
0
0
0
13
0
0
0
0
9
0
0
0
0
2
9
0
0
0
0
4
0
0
0
0
0
10
0
0
0
0
9
0
0
0
0
0
13
0
0
0
0
9
0
0
0
0
0
10
0
0
0
1
4
0
0
0
0
7
7
0
0
0
0
13
0
0
0
0
0
11
0
0
0
0
3
0
0
0
0
4
6
0
0
0
0
7
0
0
0
0
0
14
0
0
0
0
8
0
0
0
0
0
6
0
0
0
0
3
0
0
0
0
5
13
0
0
0
0
0
0
0
0
0
6
13
0
0
0
0
4
0
0
0
0
1
15
0
0
0
0
10
0
0
0
0
0
13
0
0
0
0
7
0
0
0
0
7
15
0
0
0
0
5
0
0
0
0
0
13
0
0
0
0
1
0
0
0
0
4
13
0
0
0
0
5
0
0
0
0
0
14
0
0
0
0
1
0
0
0
0
0
16
0
0
0
0
11
0
0
0
0
4
11
0
0
0
0
2
0
0
0
0
0
11
0
0
0
0
1
0
0
0
0
2
13
0
0
0
0
9
0
0
0
0
0
11
0
0
0
0
6
0
0
0
0
2
10
0
0
0
0
3
0
0
0
0
0
11
0
0
0
0
4
0
0
0
0
0
13
0
0
0
0
3
0
0
0
0
3
15
0
0
0
0
6
0
0
0
0
0
10
0
0
0
0
3
0
0
0
0
2
8
0
0
0
0
10
0
0
0
0
5
13
0
0
0
0
3
0
0
0
0
6
14
0
0
0
0
5
0
0
0
0
0
6
0
0
0
0
9
0
0
0
0
0
11
0
0
0
0
10
0
0
0
0
0
6
0
0
0
0
6
0
0
0
0
2
13
0
0
0
0
5
0
0
0
0
0
7
0
0
0
0
8
0
0
0
0
3
12
0
0
0
0
7
0
0
0
0
0
11
0
0
0
0
13
0
0
0
0
0
11
0
0
0
0
11
0
0
0
0
0
12
0
0
0
0
7
0
0
0
0
2
15
0
0
0
0
6
0
0
0
0
6
13
0
0
0
0
6
0
0
0
0
6
12
0
0
0
0
11
0
0
0
0
0
15
0
0
0
0
2
0
0
0
0
2
13
0
0
0
0
0
0
0
0
0
2
12
0
0
0
0
3
0
0
0
0
2
9
0
0
0
0
5
0
0
0
0
2
17
0
0
0
0
15
0
0
0
0
0
13
0
0
0
0
4
0
0
0
0
0
7
0
0
0
0
7
0
0
0
0
1
8
0
0
0
0
10
0
0
0
0
2
8
0
0
0
0
8
0
0
0
0
0
8
0
0
0
0
6
0
0
0
0
2
9
0
0
0
0
3
0
0
0
0
2
9
0
0
0
0
3
0
0
0
0
0
15
0
0
0
0
4
0
0
0
0
0
8
0
0
0
0
11
0
0
0
0
4
11
0
0
0
0
6
0
0
0
0
1
9
0
0
0
1
12
0
0
0
0
0
11
0
0
0
0
6
0
0
0
0
2
14
0
0
0
4
5
0
0
0
0
0
11
0
0
0
0
2
0
0
0
0
3
11
0
0
0
1
6
0
0
0
0
0
13
0
0
0
0
1
0
0
0
0
3
12
0
0
0
0
2
0
0
0
0
3
17
0
0
0
0
9
0
0
0
0
4
8
0
0
0
0
4
0
0
0
0
2
10
0
0
0
0
9
0
0
0
0
2
13
0
0
0
0
1
0
0
0
0
2
17
0
0
0
0
6
0
0
0
0
4
18
0
0
0
0
2
0
0
0
0
0
12
0
0
0
0
9
0
0
0
0
3
16
0
0
0
0
5
0
0
0
0
0
9
0
0
0
0
5
0
0
0
0
0
10
0
0
0
0
3
0
0
0
0
0
8
0
0
0
0
6
0
0
0
0
1
14
0
0
0
1
5
0
0
0
0
0
7
0
0
0
0
7
0
0
0
0
1
12
0
0
0
0
11
0
0
0
0
0
10
0
0
0
0
6
0
0
0
0
0
13
0
0
0
0
4
0
0
0
0
2
6
0
0
0
0
6
0
0
0
0
2
4
0
0
0
0
5
0
0
0
0
0
13
0
0
0
0
8
0
0
0
0
0
13
0
0
0
0
8
0
0
0
0
1
8
0
0
0
0
14
0
0
0
0
0
11
0
0
0
0
6
0
0
0
0
0
10
0
0
0
0
7
0
0
0
0
0
12
0
0
0
0
3
0
0
0
0
0
18
0
0
0
0
5
0
0
0
0
3
7
0
0
0
0
4
0
0
0
0
4
13
0
0
0
0
7
0
0
0
0
3
11
0
0
0
0
2
0
0
0
0
0
9
0
0
0
0
7
0
0
0
0
0
10
0
0
0
0
4
0
0
0
0
1
10
0
0
0
0
1
0
0
0
0
0
11
0
0
0
0
3
0
0
0
0
4
9
0
0
0
0
9
0
0
0
0
0
12
0
0
0
0
7
0
0
0
0
0
14
0
0
0
0
4
0
0
0
0
3
3
0
0
0
0
6
0
0
0
0
0
11
0
0
0
0
7
0
0
0
0
0
5
0
0
0
0
6
0
0
0
0
3
15
0
0
0
0
7
0
0
0
0
0
12
0
0
0
0
8
0
0
0
0
6
12
0
0
0
0
0
0
0
0
0
4
9
0
0
0
0
7
0
0
0
0
2
12
0
0
0
0
3
0
0
0
0
0
4
0
0
0
0
4
0
0
0
0
0
12
0
0
0
0
7
0
0
0
0
0
6
0
0
0
0
5
0
0
0
0
0
13
0
0
0
0
12
0
0
0
0
0
11
0
0
0
0
5
0
0
0
0
1
14
0
0
0
0
5
0
0
0
0
4
12
0
0
0
0
6
0
0
0
0
3
9
0
0
0
0
3
0
0
0
0
6
10
0
0
0
0
7
0
0
0
0
3
13
0
0
0
0
5
0
0
0
0
0
15
0
0
0
0
6
0
0
0
0
0
9
0
0
0
0
2
0
0
0
0
7
10
0
0
0
0
9
0
0
0
0
2
10
0
0
0
0
4
0
0
0
0
4
14
0
0
0
0
10
0
0
0
0
0
10
0
0
0
0
1
0
0
0
0
0
10
0
0
0
0
5
0
0
0
0
0
12
0
0
0
0
3
0
0
0
0
0
20
0
0
0
0
7
0
0
0
0
0
13
0
0
0
4
0
0
0
0
0
0
7
0
0
0
0
9
0
0
0
0
0
9
0
0
0
0
6
0
0
0
0
1
5
0
0
0
0
6
0
0
0
0
2
12
0
0
0
0
8
0
0
0
0
0
9
0
0
0
0
3
0
0
0
0
3
18
0
0
0
0
5
0
0
0
0
1
13
0
0
0
0
4
0
0
0
0
1
11
0
0
0
0
3
0
0
0
0
0
12
0
0
0
0
4
0
0
0
0
2
13
0
0
0
0
6
0
0
0
0
1
10
0
0
0
0
9
0
0
0
0
1
8
0
0
0
0
11
0
0
0
0
1
13
0
0
0
0
9
0
0
0
0
0
13
0
0
0
0
7
0
0
0
0
0
15
0
0
0
0
9
0
0
0
0
0
15
0
0
0
0
4
0
0
0
0
1
16
0
0
0
0
3
0
0
0
0
1
12
0
0
0
0
6
0
0
0
0
0
11
0
0
0
0
7
0
0
0
0
3
9
0
0
0
0
3
0
0
0
0
3
12
0
0
0
0
5
0
0
0
0
0
12
0
0
0
0
10
0
0
0
0
1
10
0
0
0
0
10
0
0
0
0
0
16
0
0
0
0
4
0
0
0
0
0
11
0
0
0
0
4
0
0
0
0
2
8
0
0
0
0
11
0
0
0
0
0
7
0
0
0
0
12
0
0
0
0
5
16
0
0
0
0
10
0
0
0
0
0
13
0
0
0
0
5
0
0
0
0
0
15
0
0
0
0
5
0
0
0
0
0
9
0
0
0
0
5
0
0
0
0
2
9
0
0
0
0
7
0
0
0
0
0
11
0
0
0
0
5
0
0
0
0
0
15
0
0
0
0
10
0
0
0
0
2
8
0
0
0
0
5
0
0
0
0
0
12
0
0
0
0
10
0
0
0
0
0
11
0
0
0
0
4
0
0
0
0
0
11
0
0
0
1
5
0
0
0
0
2
9
0
0
0
0
5
0
0
0
0
3
12
0
0
0
0
4
0
0
0
0
0
12
0
0
0
0
5
0
0
0
0
0
15
0
0
0
0
2
0
0
0
0
0
15
0
0
0
0
8
0
0
0
0
3
17
0
0
0
0
2
0
0
0
0
3
10
0
0
0
4
5
0
0
0
0
2
10
0
0
0
0
0
0
0
0
0
8
8
0
0
0
0
4
0
0
0
0
0
10
0
0
0
0
7
0
0
0
0
3
8
0
0
0
0
10
0
0
0
0
0
13
0
0
0
0
6
0
0
0
0
0
8
0
0
0
0
4
0
0
0
0
0
5
0
0
0
0
11
0
0
0
0
3
8
0
0
0
0
8
0
0
0
0
3
15
0
0
0
0
2
0
0
0
0
0
9
0
0
0
0
7
0
0
0
0
3
17
0
0
0
1
6
0
0
0
0
2
11
0
0
0
0
6
0
0
0
0
3
10
0
0
0
4
5
0
0
0
0
0
9
0
0
0
0
6
0
0
0
0
2
9
0
0
0
0
7
0
0
0
0
0
14
0
0
0
0
4
0
0
0
0
0
16
0
0
0
0
8
0
0
0
0
3
12
0
0
0
0
4
0
0
0
0
0
13
0
0
0
0
9
0
0
0
0
0
13
0
0
0
0
2
0
0
0
0
0
9
0
0
0
0
1
0
0
0
0
5
16
0
0
0
0
4
0
0
0
0
0
8
0
0
0
0
3
0
0
0
0
3
12
0
0
0
0
8
0
0
0
0
2
15
0
0
0
0
5
0
0
0
0
0
10
0
0
0
1
4
0
0
0
0
5
13
0
0
0
0
4
0
0
0
0
0
8
0
0
0
4
6
0
0
0
0
0
9
0
0
0
0
8
0
0
0
0
2
6
0
0
0
0
3
0
0
0
0
0
17
0
0
0
0
8
0
0
0
0
0
5
0
0
0
0
5
0
0
0
0
0
9
0
0
0
0
8
0
0
0
0
0
10
0
0
0
0
1
0
0
0
0
2
6
0
0
0
0
1
0
0
0
0
0
8
0
0
0
0
1
0
0
0
0
0
9
0
0
0
0
5
0
0
0
0
6
14
0
0
0
0
5
0
0
0
0
1
7
0
0
0
1
6
0
0
0
0
4
16
0
0
0
0
6
0
0
0
0
4
11
0
0
0
0
5
0
0
0
0
2
12
0
0
0
3
1
0
0
0
0
2
9
0
0
0
0
3
0
0
0
0
1
8
0
0
0
0
7
0
0
0
0
0
14
0
0
0
0
11
0
0
0
0
0
11
0
0
0
0
2
0
0
0
0
0
10
0
0
0
0
12
0
0
0
0
1
9
0
0
0
0
1
0
0
0
0
0
16
0
0
0
0
1
0
0
0
0
0
15
0
0
0
0
4
0
0
0
0
1
15
0
0
0
0
2
0
0
0
0
0
8
0
0
0
0
3
0
0
0
0
0
12
0
0
0
0
2
0
0
0
0
0
9
0
0
0
0
4
0
0
0
0
1
13
0
0
0
0
3
0
0
0
0
3
15
0
0
0
0
2
0
0
0
0
4
11
0
0
0
0
5
0
0
0
0
0
11
0
0
0
0
6
0
0
0
0
1
8
0
0
0
0
5
0
0
0
0
2
6
0
0
0
0
5
0
0
0
0
0
8
0
0
0
0
5
0
0
0
0
0
10
0
0
0
1
4
0
0
0
0
2
7
0
0
0
0
4
0
0
0
0
0
8
0
0
0
0
4
0
0
0
0
3
16
0
0
0
0
7
0
0
0
0
0
7
0
0
0
0
0
0
0
0
0
0
12
0
0
0
0
8
0
0
0
0
0
6
0
0
0
0
8
0
0
0
0
6
11
0
0
0
1
6
0
0
0
0
0
12
0
0
0
0
7
0
0
0
0
5
11
0
0
0
0
7
0
0
0
0
0
10
0
0
0
0
6
0
0
0
0
0
18
0
0
0
1
5
0
0
0
0
3
3
0
0
0
0
6
0
0
0
0
0
7
0
0
0
0
5
0
0
0
0
0
19
0
0
0
0
7
0
0
0
0
4
15
0
0
0
0
3
0
0
0
0
4
12
0
0
0
0
2
0
0
0
0
0
13
0
0
0
0
2
0
0
0
0
0
14
0
0
0
0
9
0
0
0
0
3
9
0
0
0
0
12
0
0
0
0
3
7
0
0
0
0
3
0
0
0
0
0
7
0
0
0
0
6
0
0
0
0
0
10
0
0
0
0
6
0
0
0
0
0
10
0
0
0
0
1
0
0
0
0
0
11
0
0
0
0
6
0
0
0
0
5
13
0
0
0
0
0
0
0
0
0
0
14
0
0
0
0
11
0
0
0
0
8
13
0
0
0
0
0
0
0
0
0
0
10
0
0
0
0
6
0
0
0
0
3
16
0
0
0
0
7
0
0
0
0
0
14
0
0
0
0
1
0
0
0
0
0
7
0
0
0
0
2
0
0
0
0
3
13
0
0
0
0
5
0
0
0
0
4
12
0
0
0
0
7
0
0
0
0
0
12
0
0
0
0
3
0
0
0
0
0
10
0
0
0
0
3
0
0
0
0
2
12
0
0
0
0
6
0
0
0
0
0
10
0
0
0
0
10
0
0
0
0
3
11
0
0
0
0
0
0
0
0
0
1
10
0
0
0
0
9
0
0
0
0
2
11
0
0
0
0
7
0
0
0
0
0
10
0
0
0
0
9
0
0
0
0
1
12
0
0
0
0
3
0
0
0
0
0
7
0
0
0
0
8
0
0
0
0
0
12
0
0
0
0
0
0
0
0
0
0
8
0
0
0
0
6
0
0
0
0
2
11
0
0
0
0
8
0
0
0
0
0
10
0
0
0
0
10
0
0
0
0
1
13
0
0
0
0
1
0
0
0
0
0
15
0
0
0
0
7
0
0
0
0
2
13
0
0
0
0
5
0
0
0
0
2
12
0
0
0
0
1
0
0
0
0
0
11
0
0
0
0
7
0
0
0
0
3
10
0
0
0
0
7
0
0
0
0
0
7
0
0
0
0
8
0
0
0
0
7
7
0
0
0
0
10
0
0
0
0
0
10
0
0
0
0
12
0
0
0
0
0
17
0
0
0
0
5
0
0
0
0
0
17
0
0
0
5
7
0
0
0
0
5
12
0
0
0
0
10
0
0
0
0
2
6
0
0
0
0
4
0
0
0
0
0
17
0
0
0
0
10
0
0
0
0
2
13
0
0
0
0
2
0
0
0
0
3
14
0
0
0
0
7
0
0
0
0
2
7
0
0
0
0
7
0
0
0
0
0
14
0
0
0
0
5
0
0
0
0
3
10
0
0
0
0
7
0
0
0
0
0
7
0
0
0
0
9
0
0
0
0
0
12
0
0
0
0
6
0
0
0
0
3
7
0
0
0
0
12
0
0
0
0
0
15
0
0
0
0
5
0
0
0
0
0
8
0
0
0
0
11
0
0
0
0
6
12
0
0
0
0
5
0
0
0
0
0
10
0
0
0
0
5
0
0
0
0
1
23
0
0
0
0
5
0
0
0
0
2
12
0
0
0
0
5
0
0
0
0
11
13
0
0
0
0
9
0
0
0
0
0
16
0
0
0
0
8
0
0
0
0
6
17
0
0
0
0
9
0
0
0
0
0
18
0
0
0
4
4
0
0
0
0
0
11
0
0
0
0
8
0
0
0
0
5
9
0
0
0
0
5
0
0
0
0
0
14
0
0
0
0
9
0
0
0
0
6
7
0
0
0
0
6
0
0
0
0
4
11
0
0
0
0
13
0
0
0
0
0
13
0
0
0
0
4
0
0
0
0
0
8
0
0
0
0
7
0
0
0
0
0
9
0
0
0
0
7
0
0
0
0
2
12
0
0
0
0
3
0
0
0
0
0
10
0
0
0
0
2
0
0
0
0
0
8
0
0
0
0
3
0
0
0
0
0
11
0
0
0
0
5
0
0
0
0
3
12
0
0
0
0
3
0
0
0
0
7
10
0
0
0
0
4
0
0
0
0
0
14
0
0
0
0
2
0
0
0
0
0
18
0
0
0
0
5
0
0
0
0
8
8
0
0
0
0
10
0
0
0
0
4
15
0
0
0
0
8
0
0
0
0
0
11
0
0
0
0
4
0
0
0
0
0
16
0
0
0
0
13
0
0
0
0
0
10
0
0
0
0
8
0
0
0
0
0
13
0
0
0
0
15
0
0
0
0
0
11
0
0
0
0
9
0
0
0
0
1
10
0
0
0
0
7
0
0
0
0
0
16
0
0
0
0
6
0
0
0
0
0
12
0
0
0
0
1
0
0
0
0
3
13
0
0
0
0
3
0
0
0
0
3
11
0
0
0
0
4
0
0
0
0
3
8
0
0
0
3
7
0
0
0
0
0
9
0
0
0
0
3
0
0
0
0
0
12
0
0
0
3
2
0
0
0
0
0
9
0
0
0
0
4
0
0
0
0
0
10
0
0
0
0
6
0
0
0
0
0
8
0
0
0
0
3
0
0
0
0
0
10
0
0
0
0
8
0
0
0
0
0
12
0
0
0
0
4
0
0
0
0
2
9
0
0
0
0
6
0
0
0
0
1
8
0
0
0
0
11
0
0
0
0
0
12
0
0
0
0
9
0
0
0
0
3
13
0
0
0
0
1
0
0
0
0
0
14
0
0
0
0
7
0
0
0
0
1
13
0
0
0
0
5
0
0
0
0
0
11
0
0
0
0
8
0
0
0
0
0
7
0
0
0
0
7
0
0
0
0
0
7
0
0
0
0
9
0
0
0
0
6
16
0
0
0
0
9
0
0
0
0
1
5
0
0
0
0
8
0
0
0
0
0
17
0
0
0
0
6
0
0
0
0
0
14
0
0
0
0
8
0
0
0
0
1
11
0
0
0
0
5
0
0
0
0
3
14
0
0
0
2
6
0
0
0
0
4
12
0
0
0
0
5
0
0
0
0
3
9
0
0
0
1
9
0
0
0
0
2
16
0
0
0
0
3
0
0
0
0
2
12
0
0
0
0
1
0
0
0
1
8
18
0
0
0
0
0
0
0
0
0
0
10
0
0
0
0
1
0
0
0
0
5
11
0
0
0
0
5
0
0
0
0
3
14
0
0
0
0
6
0
0
0
0
1
10
0
0
0
0
4
0
0
0
0
0
10
0
0
0
0
4
0
0
0
0
0
9
0
0
0
0
7
0
0
0
0
0
14
0
0
0
1
6
0
0
0
0
0
8
0
0
0
0
7
0
0
0
0
0
13
0
0
0
0
4
0
0
0
0
0
8
0
0
0
0
9
0
0
0
0
0
11
0
0
0
0
9
0
0
0
0
0
11
0
0
0
0
8
0
0
0
0
0
10
0
0
0
0
4
0
0
0
0
0
11
0
0
0
0
5
0
0
0
0
0
5
0
0
0
0
4
0
0
0
0
5
6
0
0
0
0
11
0
0
0
0
0
10
0
0
0
0
2
0
0
0
0
4
8
0
0
0
0
10
0
0
0
0
0
18
0
0
0
0
3
0
0
0
0
2
10
0
0
0
0
5
0
0
0
0
2
9
0
0
0
0
1
0
0
0
0
0
15
0
0
0
0
14
0
0
0
0
0
11
0
0
0
0
10
0
0
0
0
0
14
0
0
0
1
2
0
0
0
0
6
9
0
0
0
0
1
0
0
0
0
0
12
0
0
0
0
1
0
0
0
0
1
11
0
0
0
0
1
0
0
0
0
2
8
0
0
0
0
4
0
0
0
0
0
8
0
0
0
0
9
0
0
0
0
0
11
0
0
0
0
7
0
0
0
0
0
9
0
0
0
0
3
0
0
0
0
0
7
0
0
0
0
6
0
0
0
0
9
10
0
0
0
0
9
0
0
0
0
0
10
0
0
0
0
5
0
0
0
0
0
7
0
0
0
0
5
0
0
0
0
0
8
0
0
0
1
8
0
0
0
0
0
10
0
0
0
0
6
0
0
0
0
0
13
0
0
0
0
2
0
0
0
0
6
4
0
0
0
4
6
0
0
0
0
5
10
0
0
0
0
2
0
0
0
0
4
12
0
0
0
0
11
0
0
0
0
2
8
0
0
0
0
11
0
0
0
0
0
10
0
0
0
0
7
0
0
0
0
1
11
0
0
0
0
6
0
0
0
0
0
11
0
0
0
0
3
0
0
0
0
0
13
0
0
0
0
12
0
0
0
0
0
11
0
0
0
0
8
0
0
0
0
1
16
0
0
0
0
6
0
0
0
0
0
16
0
0
0
0
3
0
0
0
0
6
14
0
0
0
0
8
0
0
0
0
1
9
0
0
0
0
6
0
0
0
0
1
14
0
0
0
0
3
0
0
0
0
5
9
0
0
0
0
4
0
0
0
0
3
11
0
0
0
0
4
0
0
0
0
0
11
0
0
0
0
7
0
0
0
0
1
14
0
0
0
0
1
0
0
0
0
2
14
0
0
0
0
2
0
0
0
0
0
12
0
0
0
0
5
0
0
0
0
4
14
0
0
0
0
10
0
0
0
0
3
9
0
0
0
0
8
0
0
0
0
0
9
0
0
0
3
9
0
0
0
0
0
14
0
0
0
0
1
0
0
0
0
0
14
0
0
0
0
5
0
0
0
0
0
13
0
0
0
0
0
0
0
0
0
1
14
0
0
0
0
6
0
0
0
0
2
11
0
0
0
0
7
0
0
0
0
3
11
0
0
0
1
6
0
0
0
0
2
7
0
0
0
6
4
0
0
0
0
8
6
0
0
0
0
6
0
0
0
0
0
13
0
0
0
0
5
0
0
0
0
2
11
0
0
0
0
2
0
0
0
0
0
10
0
0
0
0
9
0
0
0
0
4
12
0
0
0
0
7
0
0
0
0
0
19
0
0
0
0
8
0
0
0
0
9
11
0
0
0
0
5
0
0
0
0
3
8
0
0
0
0
11
0
0
0
0
1
14
0
0
0
0
2
0
0
0
0
0
8
0
0
0
0
7
0
0
0
0
1
13
0
0
0
0
4
0
0
0
0
4
11
0
0
0
0
9
0
0
0
0
5
7
0
0
0
0
4
0
0
0
0
0
8
0
0
0
0
3
0
0
0
0
4
8
0
0
0
0
8
0
0
0
0
0
8
0
0
0
0
4
0
0
0
0
2
15
0
0
0
0
5
0
0
0
0
2
12
0
0
0
0
7
0
0
0
0
0
13
0
0
0
0
3
0
0
0
0
7
11
0
0
0
2
8
0
0
0
0
1
16
0
0
0
0
0
0
0
0
0
3
12
0
0
0
3
4
0
0
0
0
0
15
0
0
0
0
8
0
0
0
0
0
7
0
0
0
0
8
0
0
0
0
0
8
0
0
0
0
0
0
0
0
0
6
9
0
0
0
0
6
0
0
0
0
0
13
0
0
0
0
0
0
0
0
0
1
19
0
0
0
0
5
0
0
0
0
2
14
0
0
0
0
7
0
0
0
0
0
10
0
0
0
0
11
0
0
0
0
0
9
0
0
0
0
4
0
0
0
0
7
10
0
0
0
0
9
0
0
0
0
0
7
0
0
0
0
0
0
0
0
0
3
13
0
0
0
0
4
0
0
0
0
1
12
0
0
0
0
0
0
0
0
0
5
6
0
0
0
0
5
0
0
0
0
2
12
0
0
0
0
8
0
0
0
0
0
10
0
0
0
0
6
0
0
0
0
1
11
0
0
0
0
8
0
0
0
0
2
13
0
0
0
0
3
0
0
0
0
0
18
0
0
0
0
7
0
0
0
0
2
13
0
0
0
0
3
0
0
0
0
0
12
0
0
0
0
9
0
0
0
0
2
10
0
0
0
0
7
0
0
0
0
1
8
0
0
0
0
7
0
0
0
0
2
5
0
0
0
1
1
0
0
0
0
0
13
0
0
0
0
11
0
0
0
0
6
13
0
0
0
0
8
0
0
0
0
0
13
0
0
0
0
4
0
0
0
0
6
12
0
0
0
0
7
0
0
0
0
3
14
0
0
0
0
8
0
0
0
1
0
11
0
0
0
0
6
0
0
0
0
0
17
0
0
0
0
8
0
0
0
0
0
11
0
0
0
0
4
0
0
0
0
3
11
0
0
0
0
6
0
0
0
0
1
12
0
0
0
0
9
0
0
0
0
3
11
0
0
0
0
3
0
0
0
0
3
6
0
0
0
0
7
0
0
0
0
0
14
0
0
0
0
8
0
0
0
0
3
3
0
0
0
0
6
0
0
0
0
0
13
0
0
0
0
6
0
0
0
0
4
15
0
0
0
0
6
0
0
0
0
0
17
0
0
0
3
8
0
0
0
0
2
8
0
0
0
0
6
0
0
0
0
0
16
0
0
0
3
7
0
0
0
0
0
9
0
0
0
0
7
0
0
0
0
0
13
0
0
0
0
0
0
0
0
0
2
5
0
0
0
0
10
0
0
0
0
4
11
0
0
0
0
7
0
0
0
0
5
6
0
0
0
0
8
0
0
0
0
1
10
0
0
0
0
10
0
0
0
0
0
8
0
0
0
0
4
0
0
0
0
5
16
0
0
0
0
9
0
0
0
0
0
15
0
0
0
0
6
0
0
0
0
0
8
0
0
0
1
5
0
0
0
0
0
6
0
0
0
0
2
0
0
0
0
1
8
0
0
0
0
3
0
0
0
0
1
9
0
0
0
0
2
0
0
0
0
1
7
0
0
0
0
4
0
0
0
0
2
5
0
0
0
0
10
0
0
0
0
10
17
0
0
0
0
6
0
0
0
0
0
18
0
0
0
0
8
0
0
0
0
7
13
0
0
0
0
4
0
0
0
0
0
13
0
0
0
0
3
0
0
0
0
5
12
0
0
0
0
7
0
0
0
0
0
14
0
0
0
0
7
0
0
0
0
1
8
0
0
0
0
4
0
0
0
0
5
12
0
0
0
0
3
0
0
0
0
2
12
0
0
0
0
4
0
0
0
0
1
7
0
0
0
0
4
0
0
0
0
0
11
0
0
0
0
9
0
0
0
0
3
8
0
0
0
0
7
0
0
0
0
0
11
0
0
0
0
6
0
0
0
0
0
5
0
0
0
0
3
0
0
0
0
0
17
0
0
0
0
12
0
0
0
0
5
10
0
0
0
0
9
0
0
0
0
1
15
0
0
0
0
8
0
0
0
0
7
10
0
0
0
0
12
0
0
0
0
0
13
0
0
0
0
6
0
0
0
0
0
8
0
0
0
0
5
0
0
0
0
0
11
0
0
0
0
4
0
0
0
0
1
4
0
0
0
0
0
0
0
0
0
3
11
0
0
0
0
9
0
0
0
0
0
12
0
0
0
0
6
0
0
0
0
1
10
0
0
0
0
4
0
0
0
0
2
8
0
0
0
0
1
0
0
0
0
0
12
0
0
0
0
8
0
0
0
0
0
8
0
0
0
0
0
0
0
0
0
1
11
0
0
0
0
5
0
0
0
0
0
7
0
0
0
0
4
0
0
0
0
1
10
0
0
0
1
9
0
0
0
0
3
12
0
0
0
0
10
0
0
0
0
0
11
0
0
0
0
9
0
0
0
0
0
9
0
0
0
0
11
0
0
0
0
2
4
0
0
0
0
8
0
0
0
0
0
10
0
0
0
0
12
0
0
0
0
0
14
0
0
0
0
6
0
0
0
0
7
12
0
0
0
0
10
0
0
0
0
1
13
0
0
0
0
5
0
0
0
0
0
12
0
0
0
3
6
0
0
0
0
1
12
0
0
0
0
4
0
0
0
0
6
15
0
0
0
0
2
0
0
0
0
3
20
0
0
0
0
1
0
0
0
0
1
17
0
0
0
0
3
0
0
0
0
0
10
0
0
0
0
5
0
0
0
0
2
19
0
0
0
0
6
0
0
0
0
6
8
0
0
0
0
2
0
0
0
0
4
11
0
0
0
0
12
0
0
0
0
2
15
0
0
0
0
2
0
0
0
0
3
7
0
0
0
0
1
0
0
0
0
3
13
0
0
0
0
10
0
0
0
0
0
13
0
0
0
0
6
0
0
0
0
0
11
0
0
0
0
6
0
0
0
0
4
9
0
0
0
0
7
0
0
0
0
1
8
0
0
0
0
0
0
0
0
0
5
12
0
0
0
0
6
0
0
0
0
0
9
0
0
0
0
7
0
0
0
0
7
10
0
0
0
0
4
0
0
0
0
0
10
0
0
0
0
9
0
0
0
0
3
16
0
0
0
0
6
0
0
0
0
3
7
0
0
0
0
7
0
0
0
0
8
9
0
0
0
0
7
0
0
0
0
0
6
0
0
0
0
6
0
0
0
0
2
13
0
0
0
0
9
0
0
0
0
0
9
0
0
0
0
10
0
0
0
0
8
9
0
0
0
0
8
0
0
0
0
0
11
0
0
0
0
11
0
0
0
0
2
11
0
0
0
0
6
0
0
0
0
3
3
0
0
0
0
15
0
0
0
0
4
11
0
0
0
0
4
0
0
0
0
0
5
0
0
0
1
5
0
0
0
0
2
7
0
0
0
0
5
0
0
0
0
3
6
0
0
0
0
8
0
0
0
0
9
9
0
0
0
0
8
0
0
0
0
0
12
0
0
0
0
1
0
0
0
0
0
9
0
0
0
0
7
0
0
0
0
0
8
0
0
0
0
7
0
0
0
0
0
12
0
0
0
2
3
0
0
0
0
0
10
0
0
0
0
0
0
0
0
0
0
11
0
0
0
0
10
0
0
0
0
5
12
0
0
0
0
4
0
0
0
0
1
14
0
0
0
0
8
0
0
0
0
0
8
0
0
0
0
5
0
0
0
0
2
9
0
0
0
0
5
0
0
0
0
0
6
0
0
0
0
6
0
0
0
0
4
18
0
0
0
0
8
0
0
0
0
0
10
0
0
0
0
8
0
0
0
0
0
16
0
0
0
1
5
0
0
0
0
0
4
0
0
0
0
10
0
0
0
0
3
22
0
0
0
0
3
0
0
0
0
0
8
0
0
0
0
8
0
0
0
0
1
12
0
0
0
0
11
0
0
0
0
0
9
0
0
0
0
9
0
0
0
0
4
13
0
0
0
0
0
0
0
0
0
2
13
0
0
0
0
4
0
0
0
0
0
12
0
0
0
0
3
0
0
0
0
0
6
0
0
0
0
6
0
0
0
0
3
11
0
0
0
2
6
0
0
0
0
7
13
0
0
0
0
7
0
0
0
0
3
9
0
0
0
0
2
0
0
0
0
2
12
0
0
0
0
8
0
0
0
0
3
10
0
0
0
0
4
0
0
0
0
4
15
0
0
0
0
8
0
0
0
0
1
9
0
0
0
0
7
0
0
0
0
6
10
0
0
0
0
8
0
0
0
0
4
8
0
0
0
0
3
0
0
0
0
5
7
0
0
0
0
5
0
0
0
0
0
5
0
0
0
0
7
0
0
0
0
0
11
0
0
0
5
2
0
0
0
0
0
6
0
0
0
0
8
0
0
0
0
2
7
0
0
0
0
6
0
0
0
0
2
12
0
0
0
0
8
0
0
0
0
1
12
0
0
0
0
7
0
0
0
0
2
6
0
0
0
0
12
0
0
0
0
0
13
0
0
0
0
0
0
0
0
0
0
10
0
0
0
0
10
0
0
0
0
0
9
0
0
0
0
5
0
0
0
0
0
19
0
0
0
0
6
0
0
0
0
1
12
0
0
0
0
1
0
0
0
0
2
11
0
0
0
0
11
0
0
0
0
1
9
0
0
0
0
2
0
0
0
0
2
19
0
0
0
0
7
0
0
0
0
2
15
0
0
0
0
5
0
0
0
0
1
11
0
0
0
0
8
0
0
0
0
2
7
0
0
0
0
4
0
0
0
0
3
14
0
0
0
1
5
0
0
0
0
0
9
0
0
0
0
2
0
0
0
0
1
15
0
0
0
0
3
0
0
0
0
0
13
0
0
0
0
5
0
0
0
0
10
12
0
0
0
0
5
0
0
0
0
0
10
0
0
0
0
1
0
0
0
0
2
12
0
0
0
0
5
0
0
0
0
0
10
0
0
0
0
4
0
0
0
0
0
8
0
0
0
0
6
0
0
0
0
0
12
0
0
0
0
4
0
0
0
0
0
11
0
0
0
0
4
0
0
0
0
9
15
0
0
0
0
8
0
0
0
0
0
9
0
0
0
0
8
0
0
0
0
2
11
0
0
0
0
2
0
0
0
0
0
5
0
0
0
0
8
0
0
0
0
0
8
0
0
0
0
13
0
0
0
0
0
9
0
0
0
0
17
0
0
0
0
2
7
0
0
0
0
7
0
0
0
0
0
10
0
0
0
0
10
0
0
0
0
0
8
0
0
0
0
2
0
0
0
0
0
18
0
0
0
0
6
0
0
0
0
0
10
0
0
0
0
6
0
0
0
0
2
10
0
0
0
0
4
0
0
0
0
0
16
0
0
0
0
5
0
0
0
0
5
7
0
0
0
0
3
0
0
0
0
8
13
0
0
0
0
8
0
0
0
0
0
8
0
0
0
0
9
0
0
0
0
1
9
0
0
0
0
10
0
0
0
0
0
12
0
0
0
0
9
0
0
0
0
0
8
0
0
0
0
8
0
0
0
0
2
11
0
0
0
0
7
0
0
0
0
0
12
0
0
0
0
3
0
0
0
0
0
11
0
0
0
2
2
0
0
0
0
0
16
0
0
0
0
7
0
0
0
0
0
11
0
0
0
0
8
0
0
0
0
2
8
0
0
0
0
0
0
0
0
0
0
10
0
0
0
0
13
0
0
0
0
0
8
0
0
0
0
13
0
0
0
0
2
5
0
0
0
0
7
0
0
0
0
0
10
0
0
0
1
9
0
0
0
0
0
6
0
0
0
0
6
0
0
0
0
0
15
0
0
0
0
8
0
0
0
0
1
13
0
0
0
0
8
0
0
0
0
0
11
0
0
0
0
4
0
0
0
0
1
13
0
0
0
0
0
0
0
0
0
3
12
0
0
0
0
10
0
0
0
0
0
10
0
0
0
2
1
0
0
0
0
0
21
0
0
0
0
5
0
0
0
0
4
12
0
0
0
0
3
0
0
0
0
0
11
0
0
0
0
5
0
0
0
0
0
8
0
0
0
1
7
0
0
0
0
0
12
0
0
0
0
4
0
0
0
0
0
4
0
0
0
0
2
0
0
0
0
0
6
0
0
0
0
7
0
0
0
0
0
9
0
0
0
0
2
0
0
0
0
0
11
0
0
0
0
9
0
0
0
0
3
11
0
0
0
0
13
0
0
0
0
3
15
0
0
0
0
0
0
0
0
0
0
11
0
0
0
0
4
0
0
0
0
1
16
0
0
0
0
7
0
0
0
0
0
8
0
0
0
0
6
0
0
0
0
5
8
0
0
0
0
4
0
0
0
0
0
13
0
0
0
0
6
0
0
0
0
2
15
0
0
0
0
3
0
0
0
0
0
7
0
0
0
0
5
0
0
0
0
2
13
0
0
0
0
10
0
0
0
0
0
14
0
0
0
0
7
0
0
0
0
2
15
0
0
0
0
1
0
0
0
0
1
11
0
0
0
0
6
0
0
0
0
0
12
0
0
0
0
2
0
0
0
0
0
10
0
0
0
1
2
0
0
0
0
3
8
0
0
0
0
6
0
0
0
0
1
8
0
0
0
0
5
0
0
0
0
0
7
0
0
0
0
6
0
0
0
0
1
10
0
0
0
0
12
0
0
0
0
4
7
0
0
0
0
3
0
0
0
0
0
8
0
0
0
6
6
0
0
0
0
3
10
0
0
0
0
8
0
0
0
0
2
7
0
0
0
0
10
0
0
0
0
0
11
0
0
0
0
10
0
0
0
0
2
13
0
0
0
0
10
0
0
0
0
0
9
0
0
0
0
5
0
0
0
0
9
12
0
0
0
0
10
0
0
0
0
0
8
0
0
0
1
2
0
0
0
0
3
16
0
0
0
0
4
0
0
0
0
0
9
0
0
0
0
7
0
0
0
0
1
10
0
0
0
0
5
0
0
0
0
2
7
0
0
0
0
10
0
0
0
0
1
15
0
0
0
0
8
0
0
0
0
0
14
0
0
0
0
7
0
0
0
0
2
11
0
0
0
0
10
0
0
0
0
0
6
0
0
0
0
9
0
0
0
0
4
12
0
0
0
0
5
0
0
0
0
1
6
0
0
0
0
14
0
0
0
0
0
9
0
0
0
0
6
0
0
0
0
0
10
0
0
0
0
1
0
0
0
0
0
13
0
0
0
0
5
0
0
0
0
0
12
0
0
0
8
7
0
0
0
0
3
10
0
0
0
0
16
0
0
0
0
0
18
0
0
0
0
5
0
0
0
0
0
12
0
0
0
0
8
0
0
0
0
0
13
0
0
0
0
8
0
0
0
0
0
6
0
0
0
0
8
0
0
0
0
0
16
0
0
0
0
2
0
0
0
0
0
3
0
0
0
0
0
0
0
0
0
3
14
0
0
0
0
8
0
0
0
0
0
9
0
0
0
0
9
0
0
0
0
2
15
0
0
0
2
8
0
0
0
0
0
8
0
0
0
0
8
0
0
0
0
0
16
0
0
0
0
12
0
0
0
0
0
10
0
0
0
0
4
0
0
0
0
2
15
0
0
0
0
12
0
0
0
0
2
18
0
0
0
1
1
0
0
0
0
2
14
0
0
0
0
10
0
0
0
0
3
10
0
0
0
0
8
0
0
0
0
0
14
0
0
0
0
1
0
0
0
0
0
13
0
0
0
0
6
0
0
0
0
0
7
0
0
0
0
3
0
0
0
0
0
8
0
0
0
0
7
0
0
0
0
0
10
0
0
0
0
6
0
0
0
0
3
10
0
0
0
0
10
0
0
0
0
0
11
0
0
0
0
5
0
0
0
0
1
12
0
0
0
1
4
0
0
0
0
2
8
0
0
0
0
6
0
0
0
0
0
14
0
0
0
0
6
0
0
0
0
0
6
0
0
0
0
3
0
0
0
0
4
14
0
0
0
0
4
0
0
0
0
0
8
0
0
0
0
4
0
0
0
0
6
14
0
0
0
0
4
0
0
0
0
0
4
0
0
0
0
6
0
0
0
0
0
14
0
0
0
0
3
0
0
0
0
0
10
0
0
0
0
4
0
0
0
0
4
11
0
0
0
0
2
0
0
0
0
4
9
0
0
0
0
8
0
0
0
0
1
12
0
0
0
0
6
0
0
0
0
6
11
0
0
0
0
12
0
0
0
0
0
14
0
0
0
0
3
0
0
0
0
1
11
0
0
0
3
3
0
0
0
0
6
10
0
0
0
0
4
0
0
0
0
6
13
0
0
0
0
8
0
0
0
0
4
13
0
0
0
0
3
0
0
0
0
4
8
0
0
0
0
4
0
0
0
0
0
12
0
0
0
0
9
0
0
0
0
0
14
0
0
0
0
10
0
0
0
0
0
17
0
0
0
0
9
0
0
0
0
0
10
0
0
0
0
8
0
0
0
0
0
11
0
0
0
0
10
0
0
0
0
0
10
0
0
0
0
7
0
0
0
0
0
13
0
0
0
0
6
0
0
0
0
1
9
0
0
0
0
6
0
0
0
0
0
19
0
0
0
0
5
0
0
0
0
2
19
0
0
0
0
4
0
0
0
0
6
10
0
0
0
0
5
0
0
0
0
8
10
0
0
0
0
5
0
0
0
0
4
8
0
0
0
0
6
0
0
0
0
8
14
0
0
0
0
10
0
0
0
0
0
11
0
0
0
0
6
0
0
0
0
7
11
0
0
0
0
13
0
0
0
0
0
12
0
0
0
0
9
0
0
0
0
0
12
0
0
0
0
10
0
0
0
0
0
10
0
0
0
0
13
0
0
0
0
2
11
0
0
0
0
8
0
0
0
0
2
10
0
0
0
0
8
0
0
0
0
1
11
0
0
0
0
7
0
0
0
0
0
11
0
0
0
0
6
0
0
0
0
2
12
0
0
0
0
9
0
0
0
0
0
12
0
0
0
0
11
0
0
0
0
4
9
0
0
0
0
5
0
0
0
0
2
7
0
0
0
0
1
0
0
0
0
0
9
0
0
0
0
10
0
0
0
0
0
10
0
0
0
0
8
0
0
0
0
0
14
0
0
0
0
9
0
0
0
0
3
9
0
0
0
0
9
0
0
0
0
0
7
0
0
0
0
7
0
0
0
0
1
11
0
0
0
0
6
0
0
0
0
5
8
0
0
0
0
5
0
0
0
0
5
8
0
0
0
0
6
0
0
0
0
4
14
0
0
0
0
5
0
0
0
0
3
13
0
0
0
0
6
0
0
0
0
0
12
0
0
0
0
1
0
0
0
0
3
13
0
0
0
0
7
0
0
0
0
0
10
0
0
0
0
2
0
0
0
0
0
14
0
0
0
0
7
0
0
0
0
0
13
0
0
0
0
12
0
0
0
0
2
8
0
0
0
1
3
0
0
0
0
5
11
0
0
0
0
12
0
0
0
0
4
8
0
0
0
0
8
0
0
0
0
1
11
0
0
0
3
3
0
0
0
0
3
14
0
0
0
0
10
0
0
0
0
2
13
0
0
0
1
3
0
0
0
0
3
9
0
0
0
0
5
0
0
0
0
4
13
0
0
0
0
3
0
0
0
0
2
13
0
0
0
0
1
0
0
0
0
0
11
0
0
0
0
9
0
0
0
0
0
9
0
0
0
0
2
0
0
0
0
0
14
0
0
0
0
7
0
0
0
0
1
16
0
0
0
0
6
0
0
0
0
1
9
0
0
0
0
8
0
0
0
0
0
9
0
0
0
0
8
0
0
0
0
0
13
0
0
0
0
8
0
0
0
0
0
11
0
0
0
0
7
0
0
0
0
0
8
0
0
0
0
7
0
0
0
0
1
9
0
0
0
0
7
0
0
0
0
1
10
0
0
0
0
3
0
0
0
0
2
13
0
0
0
0
7
0
0
0
0
0
9
0
0
0
0
12
0
0
0
0
0
11
0
0
0
0
4
0
0
0
0
2
12
0
0
0
0
9
0
0
0
0
0
12
0
0
0
0
4
0
0
0
0
0
13
0
0
0
1
10
0
0
0
0
3
10
0
0
0
0
3
0
0
0
0
4
8
0
0
0
0
9
0
0
0
0
4
13
0
0
0
0
8
0
0
0
0
8
12
0
0
0
0
5
0
0
0
0
2
10
0
0
0
0
7
0
0
0
0
0
11
0
0
0
0
5
0
0
0
0
4
9
0
0
0
0
7
0
0
0
0
1
13
0
0
0
0
6
0
0
0
0
0
15
0
0
0
3
1
0
0
0
0
0
11
0
0
0
0
3
0
0
0
0
4
13
0
0
0
0
7
0
0
0
0
2
12
0
0
0
0
12
0
0
0
0
0
8
0
0
0
0
10
0
0
0
0
2
11
0
0
0
0
6
0
0
0
0
0
10
0
0
0
0
7
0
0
0
0
3
8
0
0
0
0
4
0
0
0
0
1
12
0
0
0
0
10
0
0
0
0
0
7
0
0
0
0
4
0
0
0
0
5
15
0
0
0
0
8
0
0
0
0
0
13
0
0
0
1
3
0
0
0
0
1
11
0
0
0
0
9
0
0
0
0
1
13
0
0
0
0
2
0
0
0
0
1
10
0
0
0
0
6
0
0
0
0
3
11
0
0
0
0
1
0
0
0
0
0
12
0
0
0
3
3
0
0
0
0
2
12
0
0
0
0
2
0
0
0
0
0
11
0
0
0
0
0
0
0
0
0
3
7
0
0
0
0
7
0
0
0
0
3
12
0
0
0
0
6
0
0
0
0
0
17
0
0
0
0
3
0
0
0
0
4
15
0
0
0
0
6
0
0
0
0
0
11
0
0
0
0
4
0
0
0
0
0
8
0
0
0
0
4
0
0
0
0
0
4
0
0
0
0
7
0
0
0
0
2
14
0
0
0
0
8
0
0
0
0
0
9
0
0
0
0
4
0
0
0
0
0
13
0
0
0
1
3
0
0
0
0
0
7
0
0
0
0
5
0
0
0
0
2
6
0
0
0
0
0
0
0
0
0
0
8
0
0
0
0
6
0
0
0
0
1
16
0
0
0
0
3
0
0
0
0
2
18
0
0
0
0
4
0
0
0
0
0
9
0
0
0
0
12
0
0
0
0
1
13
0
0
0
0
7
0
0
0
0
0
15
0
0
0
0
4
0
0
0
0
0
13
0
0
0
0
3
0
0
0
0
0
11
0
0
0
0
5
0
0
0
0
2
15
0
0
0
0
6
0
0
0
0
0
10
0
0
0
0
8
0
0
0
0
4
12
0
0
0
0
5
0
0
0
0
0
9
0
0
0
0
4
0
0
0
0
0
9
0
0
0
0
2
0
0
0
0
2
14
0
0
0
0
3
0
0
0
0
0
11
0
0
0
0
6
0
0
0
0
0
13
0
0
0
0
7
0
0
0
0
0
14
0
0
0
0
4
0
0
0
0
1
12
0
0
0
0
13
0
0
0
0
6
8
0
0
0
0
5
0
0
0
0
2
19
0
0
0
0
8
0
0
0
0
0
8
0
0
0
0
2
0
0
0
0
3
1
0
0
0
2
8
0
0
0
0
0
16
0
0
0
0
6
0
0
0
0
0
13
0
0
0
0
12
0
0
0
0
1
8
0
0
0
0
10
0
0
0
0
0
16
0
0
0
0
4
0
0
0
0
3
14
0
0
0
0
4
0
0
0
0
0
6
0
0
0
1
4
0
0
0
0
0
12
0
0
0
0
6
0
0
0
0
5
12
0
0
0
0
14
0
0
0
0
0
13
0
0
0
0
3
0
0
0
0
4
16
0
0
0
0
10
0
0
0
0
6
8
0
0
0
0
5
0
0
0
0
6
10
0
0
0
0
14
0
0
0
0
5
9
0
0
0
0
5
0
0
0
0
3
13
0
0
0
0
3
0
0
0
0
0
9
0
0
0
0
5
0
0
0
0
5
11
0
0
0
0
6
0
0
0
0
0
11
0
0
0
0
0
0
0
0
0
0
15
0
0
0
0
6
0
0
0
0
0
12
0
0
0
0
6
0
0
0
0
8
16
0
0
0
0
7
0
0
0
0
7
7
0
0
0
0
4
0
0
0
0
3
13
0
0
0
1
3
0
0
0
0
0
15
0
0
0
1
3
0
0
0
0
10
10
0
0
0
0
6
0
0
0
0
0
8
0
0
0
0
4
0
0
0
0
2
6
0
0
0
0
5
0
0
0
0
0
17
0
0
0
0
8
0
0
0
0
0
9
0
0
0
0
5
0
0
0
0
2
14
0
0
0
0
6
0
0
0
0
0
15
0
0
0
0
3
0
0
0
0
0
8
0
0
0
0
5
0
0
0
0
5
11
0
0
0
0
6
0
0
0
0
0
16
0
0
0
0
8
0
0
0
0
2
7
0
0
0
0
7
0
0
0
0
8
7
0
0
0
0
8
0
0
0
0
4
7
0
0
0
0
6
0
0
0
0
0
10
0
0
0
0
12
0
0
0
0
0
10
0
0
0
0
2
0
0
0
0
0
15
0
0
0
0
1
0
0
0
0
0
13
0
0
0
0
5
0
0
0
0
0
11
0
0
0
0
2
0
0
0
0
0
15
0
0
0
0
4
0
0
0
0
2
9
0
0
0
0
6
0
0
0
0
1
14
0
0
0
0
10
0
0
0
0
0
11
0
0
0
0
0
0
0
0
0
0
12
0
0
0
0
0
0
0
0
0
0
12
0
0
0
0
0
0
0
0
0
1
13
0
0
0
0
5
0
0
0
0
2
12
0
0
0
0
1
0
0
0
0
4
14
0
0
0
0
4
0
0
0
0
3
5
0
0
0
0
3
0
0
0
0
0
12
0
0
0
0
3
0
0
0
0
0
14
0
0
0
0
6
0
0
0
0
3
5
0
0
0
0
7
0
0
0
0
1
11
0
0
0
0
5
0
0
0
0
0
10
0
0
0
0
3
0
0
0
0
2
14
0
0
0
0
3
0
0
0
0
0
6
0
0
0
0
10
0
0
0
0
2
9
0
0
0
0
8
0
0
0
0
4
5
0
0
0
0
7
0
0
0
0
0
9
0
0
0
0
11
0
0
0
0
0
12
0
0
0
0
2
0
0
0
0
0
10
0
0
0
0
4
0
0
0
0
0
16
0
0
0
0
2
0
0
0
0
0
15
0
0
0
0
4
0
0
0
0
0
14
0
0
0
0
4
0
0
0
0
3
17
0
0
0
4
2
0
0
0
0
8
8
0
0
0
0
8
0
0
0
0
4
8
0
0
0
0
4
0
0
0
0
1
9
0
0
0
0
4
0
0
0
0
9
10
0
0
0
0
5
0
0
0
0
5
12
0
0
0
0
2
0
0
0
0
7
12
0
0
0
0
3
0
0
0
0
0
11
0
0
0
0
11
0
0
0
0
3
9
0
0
0
0
13
0
0
0
0
1
15
0
0
0
0
5
0
0
0
0
1
9
0
0
0
0
5
0
0
0
0
0
6
0
0
0
0
10
0
0
0
0
2
11
0
0
0
0
4
0
0
0
0
1
9
0
0
0
0
7
0
0
0
0
3
9
0
0
0
0
2
0
0
0
0
0
11
0
0
0
0
9
0
0
0
0
1
10
0
0
0
0
7
0
0
0
0
0
14
0
0
0
0
7
0
0
0
0
0
9
0
0
0
0
3
0
0
0
0
4
11
0
0
0
0
1
0
0
0
0
0
12
0
0
0
0
7
0
0
0
0
1
12
0
0
0
0
4
0
0
0
0
0
12
0
0
0
0
2
0
0
0
0
0
14
0
0
0
0
4
0
0
0
0
0
11
0
0
0
0
4
0
0
0
0
7
11
0
0
0
0
5
0
0
0
0
0
7
0
0
0
0
5
0
0
0
0
0
12
0
0
0
0
4
0
0
0
0
0
16
0
0
0
0
15
0
0
0
0
5
9
0
0
0
0
8
0
0
0
0
0
18
0
0
0
0
8
0
0
0
0
0
14
0
0
0
0
7
0
0
0
0
0
7
0
0
0
0
0
0
0
0
0
0
10
0
0
0
0
5
0
0
0
0
5
14
0
0
0
0
6
0
0
0
0
1
11
0
0
0
0
6
0
0
0
0
2
8
0
0
0
0
4
0
0
0
0
1
11
0
0
0
0
9
0
0
0
0
4
10
0
0
0
0
6
0
0
0
0
2
7
0
0
0
0
11
0
0
0
0
0
12
0
0
0
0
6
0
0
0
0
0
10
0
0
0
0
2
0
0
0
0
2
14
0
0
0
0
10
0
0
0
0
0
12
0
0
0
0
6
0
0
0
0
0
10
0
0
0
0
8
0
0
0
0
6
7
0
0
0
0
5
0
0
0
0
0
12
0
0
0
1
4
0
0
0
0
0
5
0
0
0
0
0
0
0
0
0
5
13
0
0
0
0
11
0
0
0
0
8
12
0
0
0
0
4
0
0
0
0
0
12
0
0
0
0
13
0
0
0
0
1
12
0
0
0
0
2
0
0
0
0
3
15
0
0
0
0
10
0
0
0
0
1
13
0
0
0
0
9
0
0
0
0
2
10
0
0
0
0
3
0
0
0
0
0
14
0
0
0
0
10
0
0
0
0
0
13
0
0
0
0
5
0
0
0
0
0
19
0
0
0
0
3
0
0
0
0
0
10
0
0
0
0
2
0
0
0
0
5
7
0
0
0
0
6
0
0
0
0
4
13
0
0
0
0
3
0
0
0
0
1
10
0
0
0
0
8
0
0
0
0
6
12
0
0
0
0
2
0
0
0
0
0
7
0
0
0
0
8
0
0
0
0
4
10
0
0
0
0
4
0
0
0
0
0
11
0
0
0
0
2
0
0
0
0
1
13
0
0
0
0
8
0
0
0
0
3
14
0
0
0
0
5
0
0
0
0
1
13
0
0
0
0
6
0
0
0
0
2
12
0
0
0
0
5
0
0
0
0
0
12
0
0
0
0
8
0
0
0
0
0
13
0
0
0
0
8
0
0
0
0
0
7
0
0
0
0
6
0
0
0
0
0
16
0
0
0
0
2
0
0
0
0
2
9
0
0
0
0
8
0
0
0
0
0
12
0
0
0
0
6
0
0
0
0
0
7
0
0
0
0
9
0
0
0
0
0
10
0
0
0
0
5
0
0
0
0
0
8
0
0
0
0
9
0
0
0
0
0
9
0
0
0
0
8
0
0
0
0
5
11
0
0
0
0
2
0
0
0
0
2
7
0
0
0
0
2
0
0
0
0
0
11
0
0
0
0
5
0
0
0
0
4
11
0
0
0
0
5
0
0
0
0
9
12
0
0
0
0
7
0
0
0
0
4
15
0
0
0
0
3
0
0
0
0
4
11
0
0
0
0
10
0
0
0
0
5
13
0
0
0
0
6
0
0
0
0
3
7
0
0
0
0
5
0
0
0
0
0
10
0
0
0
0
10
0
0
0
0
1
9
0
0
0
2
6
0
0
0
0
0
10
0
0
0
0
7
0
0
0
0
0
15
0
0
0
2
5
0
0
0
0
3
10
0
0
0
0
0
0
0
0
0
4
10
0
0
0
0
7
0
0
0
0
0
12
0
0
0
0
6
0
0
0
0
1
8
0
0
0
0
6
0
0
0
0
3
10
0
0
0
3
8
0
0
0
0
0
12
0
0
0
0
6
0
0
0
0
0
16
0
0
0
0
5
0
0
0
0
7
10
0
0
0
0
11
0
0
0
0
2
13
0
0
0
0
2
0
0
0
0
1
14
0
0
0
0
3
0
0
0
0
0
6
0
0
0
0
2
0
0
0
0
0
9
0
0
0
0
5
0
0
0
0
3
14
0
0
0
0
3
0
0
0
0
0
14
0
0
0
0
5
0
0
0
0
1
10
0
0
0
0
3
0
0
0
0
0
13
0
0
0
0
6
0
0
0
0
0
4
0
0
0
0
5
0
0
0
0
3
9
0
0
0
0
4
0
0
0
0
0
14
0
0
0
0
6
0
0
0
0
1
11
0
0
0
0
6
0
0
0
0
2
10
0
0
0
0
6
0
0
0
0
0
9
0
0
0
0
9
0
0
0
0
0
13
0
0
0
1
7
0
0
0
0
0
14
0
0
0
0
2
0
0
0
0
4
6
0
0
0
0
5
0
0
0
0
0
11
0
0
0
0
8
0
0
0
0
0
4
0
0
0
0
8
0
0
0
0
3
9
0
0
0
0
9
0
0
0
0
3
11
0
0
0
0
10
0
0
0
0
0
13
0
0
0
0
6
0
0
0
0
2
9
0
0
0
2
6
0
0
0
0
0
14
0
0
0
0
9
0
0
0
0
0
13
0
0
0
0
4
0
0
0
0
0
14
0
0
0
0
2
0
0
0
0
8
11
0
0
0
0
4
0
0
0
0
0
6
0
0
0
0
11
0
0
0
0
4
14
0
0
0
0
6
0
0
0
0
3
15
0
0
0
0
1
0
0
0
0
6
13
0
0
0
0
12
0
0
0
0
3
10
0
0
0
0
6
0
0
0
0
5
9
0
0
0
0
0
0
0
0
0
0
5
0
0
0
0
5
0
0
0
0
0
11
0
0
0
0
1
0
0
0
0
0
13
0
0
0
0
12
0
0
0
0
4
10
0
0
0
0
4
0
0
0
0
0
13
0
0
0
0
8
0
0
0
0
5
8
0
0
0
0
8
0
0
0
0
0
16
0
0
0
2
3
0
0
0
0
0
8
0
0
0
0
0
0
0
0
0
0
13
0
0
0
0
8
0
0
0
0
1
13
0
0
0
0
10
0
0
0
0
3
14
0
0
0
0
4
0
0
0
0
0
12
0
0
0
0
10
0
0
0
0
0
6
0
0
0
0
6
0
0
0
0
0
12
0
0
0
0
2
0
0
0
0
3
10
0
0
0
0
12
0
0
0
0
1
11
0
0
0
0
5
0
0
0
0
0
12
0
0
0
0
10
0
0
0
0
0
13
0
0
0
0
10
0
0
0
0
0
10
0
0
0
0
10
0
0
0
0
0
9
0
0
0
0
6
0
0
0
0
0
11
0
0
0
0
4
0
0
0
0
1
11
0
0
0
0
5
0
0
0
0
7
11
0
0
0
0
8
0
0
0
0
0
14
0
0
0
0
9
0
0
0
0
6
17
0
0
0
0
7
0
0
0
0
0
13
0
0
0
2
5
0
0
0
0
4
13
0
0
0
0
11
0
0
0
0
0
11
0
0
0
0
7
0
0
0
0
1
11
0
0
0
0
7
0
0
0
0
0
7
0
0
0
2
10
0
0
0
0
0
13
0
0
0
0
6
0
0
0
0
0
8
0
0
0
0
6
0
0
0
0
0
10
0
0
0
1
7
0
0
0
0
0
12
0
0
0
0
10
0
0
0
0
2
11
0
0
0
0
3
0
0
0
0
0
10
0
0
0
2
6
0
0
0
0
0
11
0
0
0
0
3
0
0
0
0
5
15
0
0
0
0
4
0
0
0
0
0
13
0
0
0
0
4
0
0
0
0
2
13
0
0
0
0
3
0
0
0
0
2
14
0
0
0
0
5
0
0
0
0
0
16
0
0
0
0
10
0
0
0
0
8
13
0
0
0
0
6
0
0
0
0
0
13
0
0
0
0
8
0
0
0
0
0
12
0
0
0
0
2
0
0
0
0
2
5
0
0
0
0
7
0
0
0
0
0
12
0
0
0
0
6
0
0
0
0
0
16
0
0
0
0
3
0
0
0
0
2
10
0
0
0
0
4
0
0
0
0
0
11
0
0
0
0
9
0
0
0
0
0
10
0
0
0
0
2
0
0
0
0
7
15
0
0
0
0
6
0
0
0
0
2
10
0
0
0
0
8
0
0
0
0
0
15
0
0
0
0
4
0
0
0
0
0
11
0
0
0
0
7
0
0
0
0
3
12
0
0
0
0
2
0
0
0
0
2
17
0
0
0
0
9
0
0
0
0
5
10
0
0
0
2
5
0
0
0
0
0
6
0
0
0
0
8
0
0
0
0
0
21
0
0
0
0
2
0
0
0
0
0
3
0
0
0
0
12
0
0
0
0
6
9
0
0
0
0
10
0
0
0
0
0
8
0
0
0
1
2
0
0
0
0
1
12
0
0
0
0
9
0
0
0
0
2
5
0
0
0
0
11
0
0
0
0
5
14
0
0
0
3
6
0
0
0
0
0
15
0
0
0
0
4
0
0
0
0
0
18
0
0
0
0
0
0
0
0
0
4
10
0
0
0
1
4
0
0
0
0
0
10
0
0
0
0
8
0
0
0
0
4
11
0
0
0
1
4
0
0
0
0
2
11
0
0
0
0
10
0
0
0
0
0
15
0
0
0
0
5
0
0
0
0
0
10
0
0
0
0
2
0
0
0
0
4
12
0
0
0
0
3
0
0
0
0
3
7
0
0
0
0
1
0
0
0
0
1
20
0
0
0
0
7
0
0
0
0
4
16
0
0
0
0
2
0
0
0
0
6
14
0
0
0
1
7
0
0
0
0
6
10
0
0
0
0
4
0
0
0
0
0
14
0
0
0
0
6
0
0
0
0
5
7
0
0
0
0
9
0
0
0
0
0
4
0
0
0
0
6
0
0
0
0
7
12
0
0
0
0
5
0
0
0
0
4
13
0
0
0
0
5
0
0
0
0
0
10
0
0
0
0
8
0
0
0
0
3
8
0
0
0
0
13
0
0
0
0
0
10
0
0
0
0
4
0
0
0
0
3
12
0
0
0
0
5
0
0
0
0
0
14
0
0
0
2
10
0
0
0
0
0
13
0
0
0
0
5
0
0
0
0
5
13
0
0
0
0
6
0
0
0
0
7
8
0
0
0
0
1
0
0
0
0
5
9
0
0
0
0
8
0
0
0
0
1
5
0
0
0
0
3
0
0
0
0
0
9
0
0
0
0
9
0
0
0
0
2
11
0
0
0
0
3
0
0
0
0
0
10
0
0
0
0
7
0
0
0
0
0
9
0
0
0
0
3
0
0
0
0
1
13
0
0
0
0
6
0
0
0
0
0
11
0
0
0
0
8
0
0
0
0
4
7
0
0
0
0
5
0
0
0
0
3
14
0
0
0
0
2
0
0
0
0
4
9
0
0
0
0
3
0
0
0
0
0
11
0
0
0
0
5
0
0
0
0
2
13
0
0
0
0
5
0
0
0
0
0
19
0
0
0
0
4
0
0
0
0
2
13
0
0
0
0
4
0
0
0
0
1
7
0
0
0
0
9
0
0
0
0
0
10
0
0
0
0
6
0
0
0
0
0
9
0
0
0
0
18
0
0
0
0
2
9
0
0
0
0
6
0
0
0
0
0
8
0
0
0
0
5
0
0
0
0
0
16
0
0
0
0
5
0
0
0
0
0
13
0
0
0
0
9
0
0
0
0
0
11
0
0
0
0
8
0
0
0
0
0
8
0
0
0
0
4
0
0
0
0
0
8
0
0
0
0
8
0
0
0
0
0
15
0
0
0
0
10
0
0
0
0
0
13
0
0
0
1
2
0
0
0
0
1
12
0
0
0
0
14
0
0
0
0
5
11
0
0
0
0
9
0
0
0
0
1
16
0
0
0
0
1
0
0
0
0
2
7
0
0
0
0
4
0
0
0
0
0
11
0
0
0
0
11
0
0
0
0
0
12
0
0
0
0
11
0
0
0
0
4
4
0
0
0
0
4
0
0
0
0
0
13
0
0
0
0
7
0
0
0
0
1
5
0
0
0
0
6
0
0
0
0
0
8
0
0
0
0
4
0
0
0
0
0
14
0
0
0
0
7
0
0
0
0
0
9
0
0
0
0
10
0
0
0
0
5
10
0
0
0
0
8
0
0
0
0
0
14
0
0
0
0
1
0
0
0
0
0
10
0
0
0
0
0
0
0
0
0
8
16
0
0
0
0
5
0
0
0
0
0
9
0
0
0
2
5
0
0
0
0
1
11
0
0
0
0
8
0
0
0
0
2
9
0
0
0
0
3
0
0
0
0
2
8
0
0
0
0
14
0
0
0
0
4
10
0
0
0
0
6
0
0
0
0
2
10
0
0
0
0
1
0
0
0
0
3
8
0
0
0
0
6
0
0
0
0
3
14
0
0
0
0
3
0
0
0
0
0
6
0
0
0
0
10
0
0
0
0
0
13
0
0
0
0
4
0
0
0
0
0
9
0
0
0
0
10
0
0
0
0
3
12
0
0
0
0
13
0
0
0
0
0
13
0
0
0
0
8
0
0
0
0
0
14
0
0
0
1
2
0
0
0
0
5
7
0
0
0
1
4
0
0
0
0
0
10
0
0
0
0
9
0
0
0
0
1
10
0
0
0
0
6
0
0
0
0
0
13
0
0
0
0
7
0
0
0
0
0
10
0
0
0
0
8
0
0
0
0
0
11
0
0
0
0
6
0
0
0
0
4
8
0
0
0
0
12
0
0
0
0
0
21
0
0
0
0
2
0
0
0
0
5
14
0
0
0
4
9
0
0
0
0
1
13
0
0
0
0
6
0
0
0
0
2
15
0
0
0
0
6
0
0
0
0
0
12
0
0
0
0
3
0
0
0
0
0
13
0
0
0
0
9
0
0
0
0
1
11
0
0
0
0
3
0
0
0
0
0
10
0
0
0
0
8
0
0
0
0
7
7
0
0
0
0
3
0
0
0
0
1
7
0
0
0
0
5
0
0
0
0
4
5
0
0
0
0
4
0
0
0
0
4
9
0
0
0
0
6
0
0
0
0
4
8
0
0
0
0
10
0
0
0
0
0
8
0
0
0
0
6
0
0
0
0
0
10
0
0
0
0
4
0
0
0
0
2
12
0
0
0
0
4
0
0
0
0
1
9
0
0
0
0
9
0
0
0
0
1
14
0
0
0
0
3
0
0
0
0
0
10
0
0
0
0
8
0
0
0
0
7
9
0
0
0
0
10
0
0
0
0
0
17
0
0
0
0
4
0
0
0
0
2
12
0
0
0
0
6
0
0
0
0
3
11
0
0
0
0
14
0
0
0
0
1
10
0
0
0
0
1
0
0
0
0
4
9
0
0
0
0
11
0
0
0
0
3
14
0
0
0
0
5
0
0
0
0
0
13
0
0
0
0
9
0
0
0
0
5
17
0
0
0
0
10
0
0
0
0
1
17
0
0
0
0
6
0
0
0
0
0
7
0
0
0
0
6
0
0
0
0
0
13
0
0
0
0
4
0
0
0
0
0
9
0
0
0
0
7
0
0
0
0
3
13
0
0
0
0
9
0
0
0
0
0
13
0
0
0
0
9
0
0
0
0
0
13
0
0
0
0
9
0
0
0
0
0
9
0
0
0
0
11
0
0
0
0
2
14
0
0
0
0
8
0
0
0
0
8
12
0
0
0
0
6
0
0
0
0
4
10
0
0
0
0
8
0
0
0
0
0
11
0
0
0
0
6
0
0
0
0
3
13
0
0
0
0
3
0
0
0
0
0
11
0
0
0
0
2
0
0
0
0
0
6
0
0
0
0
11
0
0
0
0
3
13
0
0
0
0
13
0
0
0
0
3
9
0
0
0
0
7
0
0
0
0
2
17
0
0
0
0
11
0
0
0
0
0
14
0
0
0
0
8
0
0
0
0
0
9
0
0
0
0
10
0
0
0
0
4
6
0
0
0
0
5
0
0
0
0
1
5
0
0
0
0
10
0
0
0
0
0
12
0
0
0
0
3
0
0
0
0
0
8
0
0
0
0
6
0
0
0
0
4
7
0
0
0
0
5
0
0
0
0
0
6
0
0
0
0
8
0
0
0
0
4
11
0
0
0
0
10
0
0
0
0
2
13
0
0
0
0
5
0
0
0
0
0
6
0
0
0
0
7
0
0
0
0
2
8
0
0
0
0
6
0
0
0
0
0
13
0
0
0
0
6
0
0
0
0
0
11
0
0
0
0
4
0
0
0
0
2
9
0
0
0
0
11
0
0
0
0
0
8
0
0
0
0
5
0
0
0
0
0
10
0
0
0
1
3
0
0
0
0
2
13
0
0
0
0
2
0
0
0
0
4
10
0
0
0
0
7
0
0
0
0
5
8
0
0
0
0
5
0
0
0
0
0
7
0
0
0
0
5
0
0
0
0
0
11
0
0
0
0
5
0
0
0
0
0
11
0
0
0
0
6
0
0
0
0
4
12
0
0
0
1
4
0
0
0
0
0
14
0
0
0
0
10
0
0
0
0
0
7
0
0
0
0
4
0
0
0
0
3
13
0
0
0
0
8
0
0
0
0
1
7
0
0
0
0
7
0
0
0
0
0
12
0
0
0
3
7
0
0
0
0
3
16
0
0
0
0
6
0
0
0
0
0
14
0
0
0
0
6
0
0
0
0
3
14
0
0
0
0
7
0
0
0
0
0
10
0
0
0
0
7
0
0
0
0
3
12
0
0
0
0
9
0
0
0
0
0
7
0
0
0
0
12
0
0
0
0
1
8
0
0
0
0
9
0
0
0
0
0
15
0
0
0
0
4
0
0
0
0
0
11
0
0
0
0
14
0
0
0
0
9
16
0
0
0
0
4
0
0
0
0
0
16
0
0
0
0
8
0
0
0
0
2
8
0
0
0
0
12
0
0
0
0
1
10
0
0
0
0
7
0
0
0
0
0
16
0
0
0
1
5
0
0
0
0
1
10
0
0
0
0
8
0
0
0
0
1
10
0
0
0
0
6
0
0
0
0
4
14
0
0
0
0
4
0
0
0
0
1
15
0
0
0
0
2
0
0
0
0
1
7
0
0
0
0
4
0
0
0
0
0
12
0
0
0
0
8
0
0
0
0
0
7
0
0
0
0
7
0
0
0
0
0
15
0
0
0
2
6
0
0
0
0
1
12
0
0
0
0
6
0
0
0
0
0
7
0
0
0
0
5
0
0
0
0
3
9
0
0
0
0
10
0
0
0
0
0
11
0
0
0
0
3
0
0
0
0
8
19
0
0
0
0
5
0
0
0
0
4
14
0
0
0
0
10
0
0
0
0
0
7
0
0
0
0
6
0
0
0
0
0
15
0
0
0
0
7
0
0
0
0
0
11
0
0
0
0
3
0
0
0
0
2
12
0
0
0
0
6
0
0
0
0
10
8
0
0
0
0
8
0
0
0
0
4
10
0
0
0
0
4
0
0
0
0
0
15
0
0
0
0
4
0
0
0
0
0
5
0
0
0
0
8
0
0
0
0
0
12
0
0
0
0
5
0
0
0
0
0
13
0
0
0
0
6
0
0
0
0
2
9
0
0
0
0
6
0
0
0
0
0
13
0
0
0
0
8
0
0
0
0
2
12
0
0
0
0
6
0
0
0
0
0
16
0
0
0
0
5
0
0
0
0
0
15
0
0
0
0
6
0
0
0
0
3
10
0
0
0
1
4
0
0
0
0
0
12
0
0
0
0
4
0
0
0
0
0
12
0
0
0
0
5
0
0
0
0
2
14
0
0
0
0
4
0
0
0
0
0
6
0
0
0
0
5
0
0
0
0
3
11
0
0
0
3
8
0
0
0
0
1
14
0
0
0
0
8
0
0
0
0
0
8
0
0
0
0
3
0
0
0
0
4
12
0
0
0
3
5
0
0
0
0
5
11
0
0
0
2
4
0
0
0
0
2
16
0
0
0
0
0
0
0
0
0
6
11
0
0
0
2
3
0
0
0
0
0
13
0
0
0
0
3
0
0
0
0
0
9
0
0
0
0
2
0
0
0
0
4
11
0
0
0
0
3
0
0
0
0
0
12
0
0
0
0
6
0
0
0
0
0
13
0
0
0
0
0
0
0
0
0
1
9
0
0
0
0
6
0
0
0
0
3
7
0
0
0
0
7
0
0
0
0
1
12
0
0
0
0
5
0
0
0
0
0
13
0
0
0
0
6
0
0
0
0
0
12
0
0
0
0
3
0
0
0
0
2
13
0
0
0
0
6
0
0
0
0
0
13
0
0
0
0
11
0
0
0
0
0
9
0
0
0
0
4
0
0
0
0
5
11
0
0
0
0
7
0
0
0
0
0
17
0
0
0
0
8
0
0
0
0
0
16
0
0
0
0
5
0
0
0
0
0
14
0
0
0
0
3
0
0
0
0
4
7
0
0
0
0
8
0
0
0
0
2
11
0
0
0
0
4
0
0
0
0
0
10
0
0
0
0
10
0
0
0
0
3
12
0
0
0
0
7
0
0
0
0
3
17
0
0
0
0
7
0
0
0
0
5
8
0
0
0
0
5
0
0
0
0
0
18
0
0
0
0
13
0
0
0
0
3
13
0
0
0
0
1
0
0
0
0
0
11
0
0
0
0
9
0
0
0
0
3
16
0
0
0
0
6
0
0
0
0
3
10
0
0
0
0
0
0
0
0
0
0
14
0
0
0
0
5
0
0
0
0
0
8
0
0
0
0
5
0
0
0
0
3
16
0
0
0
0
1
0
0
0
0
3
11
0
0
0
0
2
0
0
0
0
0
5
0
0
0
0
7
0
0
0
0
7
12
0
0
0
0
0
0
0
0
0
4
8
0
0
0
0
9
0
0
0
0
0
12
0
0
0
0
5
0
0
0
0
5
11
0
0
0
0
1
0
