3.75476
3.2
3.2
1.44
4.064
2.08
3.68
4.192
3.36
2.72
2.32
3.04
2.72
2.88
2.24
2.4
3.52
4.16
3.36
3.2
3.52
3.52
2.56
2.24
3.84
3.84
2.72
3.52
4.8
3.2
4
5.12
1.28
3.52
4.8
3.68
3.84
2.88
2.72
5.92
5.12
2.24
3.36
5.12
3.36
4
1.92
2.88
2.4
3.84
4.48
2.88
2.08
4.64
3.52
3.36
5.44
4.64
4.16
4.48
4.64
4
3.84
3.84
4
5.12
4.32
4.32
4.64
4.32
4.96
3.2
4
6.08
4.64
5.12
5.28
6.24
3.68
4.16
5.92
4.32
5.28
6.08
3.2
5.28
5.76
5.6
3.52
6.08
4.64
5.28
3.2
3.36
4.96
4.32
6.4
4.64
1.76
3.52
4.96
5.76
4.48
5.6
4.96
2.72
4.48
6.4
4
3.36
2.72
4.16
5.28
3.84
5.44
4.32
4.48
4.48
4.48
4.96
4
4.48
4.32
4.4
3.68
6.24
5.12
3.84
4.32
3.04
4.64
4.96
4.64
4.48
3.84
4.48
4.16
4.8
4.8
5.12
4.96
4.96
4.16
7.36
4.32
4
5.92
4.8
1.92
4.16
3.36
4.16
5.28
5.28
5.28
3.52
4.4
5.28
4.8
5.28
5.92
6.72
3.04
5.76
3.84
5.28
4.64
2.56
7.68
4
4.64
5.6
4.32
5.92
5.44
4
3.04
5.28
5.6
4
5.12
3.84
4.64
4.64
6.08
3.04
1.44
4.48
3.52
4.64
6.4
2.88
6.08
4.64
3.2
5.12
4
4
4.96
4.64
4.16
5.28
4.48
4.16
4.64
3.2
3.52
3.04
3.68
4.96
5.44
4.16
5.44
4.16
4.8
5.12
5.28
5.2
4.32
4.32
4.32
5.28
5.92
7.04
1.44
3.2
4.64
5.44
4.48
3.68
5.28
3.52
4.64
3.84
4.64
4
4.96
4.16
3.2
4.96
4.48
5.76
6.08
6.08
3.04
5.28
3.84
4.64
4.64
3.36
4.32
6.08
5.12
3.84
6.4
2.4
4.64
4.16
4.96
4.8
4.32
5.44
3.84
2.88
6.08
5.28
4.96
4.96
4.8
5.12
4.32
4.48
5.44
4
4
6.24
4.96
4.64
4.48
4.64
4.96
4.32
5.28
1.76
3.68
5.28
5.28
5.28
4.48
2.72
7.68
3.52
2.72
6.4
3.04
4.16
5.44
3.68
4
5.36
6.72
1.28
2.88
5.28
4.16
5.44
4.48
4.16
5.44
6.08
3.52
6.72
3.84
4.96
7.04
3.36
5.28
3.36
4.8
4.48
4.8
3.68
5.6
2.72
4.32
4.64
5.76
2.72
4
8
5.12
3.36
4.48
5.04
4.16
5.6
3.52
3.2
5.76
2.88
3.52
5.44
5.76
4.48
4.16
2.56
4.48
4.8
6.4
4.64
3.36
3.68
5.12
5.28
5.76
3.36
5.44
3.36
5.12
1.92
5.44
4.32
4.48
4.8
3.84
3.36
4
4.64
4.16
6.08
5.12
3.36
5.76
5.6
6.72
4.48
3.68
3.68
3.6
4.8
6.72
4.16
3.36
4.24
4.32
5.6
4.48
4.96
4.96
2.24
5.44
4.16
3.36
4.96
3.84
4.32
2.4
3.68
3.84
4
3.2
3.84
3.52
4.32
3.68
4.16
3.36
3.36
3.36
3.2
3.2
4
3.84
3.36
3.04
2.08
4.16
4
4.32
3.52
3.68
4.16
4.32
3.92
3.84
3.52
3.68
4.64
3.68
2.88
4.16
3.04
4.16
3.36
2.72
4.16
3.52
3.52
3.2
4.48
3.52
4.16
3.2
3.2
3.84
4.32
3.04
4.16
2.24
4.8
4
2.08
4.32
2.56
4
4.16
3.2
4
4.48
3.84
4.32
3.36
3.04
4.16
3.2
2.72
3.04
3.68
4.48
3.36
3.2
2.56
3.52
3.68
3.04
3.04
3.52
3.2
3.36
3.36
3.52
3.36
3.04
3.84
4.16
3.36
4.48
3.36
3.52
3.84
2.08
4.8
3.36
3.52
3.84
3.68
3.2
4
3.68
4
3.84
3.68
3.04
4
3.52
4
3.84
3.52
2.72
3.84
1.92
4.16
3.68
3.04
3.68
5.12
3.84
3.04
4.16
4
3.2
3.36
4
3.36
4.16
2.72
4
3.36
2.4
2.88
3.84
4.32
4.48
3.36
4.32
3.84
4
4.48
4.32
2.56
3.52
3.04
3.2
4.32
3.2
3.04
5.12
4.32
2.24
3.68
3.36
3.36
4.32
4.16
3.68
3.2
3.52
2.88
4.16
4.32
3.2
3.68
4.64
3.84
3.52
3.84
4.48
2.72
3.68
4.16
3.68
3.04
4.64
3.68
3.68
4.16
3.68
4.32
3.52
4.8
4.32
5.12
3.52
4.8
3.04
5.92
4
2.88
4.32
4
3.04
4
4.32
4.64
3.84
4.48
3.84
4.48
4.48
4.32
3.52
4
4
4.96
3.36
4.32
1.76
4.48
3.52
3.52
4
4.48
4.16
5.12
4.96
4.96
4.48
4.16
4
4.64
4.64
5.28
5.44
4.64
3.84
4
1.6
3.36
4.32
4.32
3.52
4.16
3.2
4.96
3.84
4.32
5.44
4.48
4.96
4.96
5.76
4.96
6.08
6.72
5.12
2.24
5.12
4.16
5.44
5.44
5.76
6.08
5.44
5.28
5.76
5.6
5.92
5.28
4
4.8
4.96
6.08
5.6
6.24
6.56
3.2
5.28
6.24
6.56
4.64
5.12
6.24
5.28
5.92
6.08
7.52
5.92
5.76
7.2
5.92
6.88
6.24
6.4
5.12
4.48
5.76
4.96
6.24
5.28
5.92
7.36
6.56
5.76
6.24
6.72
6.72
7.52
6.72
6.24
6.24
6.08
5.6
7.04
6.24
3.36
7.84
7.04
5.92
5.92
5.28
5.92
5.12
5.92
5.44
6.72
6.08
5.44
4.8
4
4.32
4.96
4.48
5.12
2.56
6.24
6.4
6.08
4.96
4
3.52
5.92
5.6
5.92
4.64
5.76
5.92
5.6
5.44
5.12
4.32
4.96
3.68
4.96
2.72
6.24
5.12
4.32
5.28
5.28
4.64
5.44
6.4
4.32
4
4.96
5.76
6.08
4
4
3.52
5.6
4.32
2.56
4.32
6.08
4.8
4.8
5.76
4.8
5.12
4.64
4.32
4.32
3.84
4.32
4.32
5.12
4.32
5.76
4
4.64
5.28
3.04
3.36
5.44
2.72
5.28
4.8
5.92
5.12
3.84
3.2
5.28
3.2
4.48
5.92
4
4.8
4.48
5.12
4.8
2.56
4.32
4.32
3.68
4.16
3.84
4.64
3.52
6.4
4.64
5.44
5.76
5.76
5.6
4.32
5.44
5.76
7.2
6.08
5.44
4.32
6.56
4.48
5.44
5.92
6.4
5.76
5.6
5.76
6.88
4.16
6.72
5.6
5.12
5.44
4.8
5.6
5.76
5.28
2.4
3.36
5.44
5.44
4.96
4.16
5.28
4.96
5.76
6.56
5.76
7.52
6.4
5.6
5.12
4.32
4.64
5.28
5.28
3.2
4.32
6.4
5.12
5.76
4.16
6.4
4.32
4.8
5.76
7.04
4.64
4.8
4.48
4.96
5.44
7.2
4.48
6.08
7.2
3.36
4.8
4.8
5.12
5.28
5.76
4.8
6.72
6.08
5.76
6.08
4.8
4.48
6.56
4.96
5.28
5.44
5.28
5.76
5.28
4.96
6.4
4.16
4.96
7.52
6.4
5.44
5.92
5.44
5.28
5.92
6.88
5.28
4.96
6.24
5.44
4.96
6.56
6.24
3.2
6.56
5.76
4.96
6.08
4.96
6.56
5.76
6.56
6.72
5.92
6.56
5.6
4.64
5.12
5.92
5.6
4.48
6.56
5.76
4.32
5.12
6.24
6.08
5.44
4.16
6.08
5.92
5.6
5.92
5.92
6.08
5.92
5.44
5.6
4.96
6.56
5.6
7.04
3.84
6.08
5.6
5.76
6.08
6.08
5.28
7.2
7.36
4.8
5.28
5.92
6.4
5.44
5.6
6.72
6.4
6.24
6.08
5.44
2.56
6.24
5.6
6.56
5.44
6.88
6.24
6.56
7.04
5.28
5.92
5.12
5.76
5.92
6.24
6.4
5.92
4.64
6.08
3.68
3.52
5.6
6.08
6.24
5.44
5.44
4.64
5.76
7.84
5.28
6.56
6.08
4.8
4.8
5.6
5.44
4.96
7.52
3.68
5.44
5.28
4.32
6.72
6.24
5.6
5.12
3.84
4.48
6.08
5.92
4.64
6.4
4.96
6.24
6.72
6.4
7.04
2.88
4.8
4.48
3.68
5.12
6.08
7.68
6.24
5.6
5.6
4
8.16
6.24
5.92
6.24
5.44
4.8
5.36
4.64
3.68
5.76
6.24
8.32
3.84
6.88
6.24
6.24
5.6
4.48
5.44
5.28
5.28
6.08
5.28
5.28
7.36
3.52
6.72
4.32
6.08
6.72
6.24
4.8
6.72
7.52
4.96
6.72
4.8
6.56
4.8
5.6
5.76
6.08
7.52
5.6
6.4
7.36
6.24
2.88
5.28
6.56
6.72
7.2
5.76
5.44
6.24
6.88
5.6
4.8
4.64
5.92
7.68
4.48
5.76
7.52
5.44
6.08
2.08
5.2
5.92
8.48
5.6
7.2
5.76
6.56
5.6
6.88
4.96
6.56
7.2
4.48
6.56
6.24
6.56
4.48
6.24
4.16
5.12
4.8
5.6
7.04
4.8
6.88
5.28
4.8
5.12
7.52
7.04
5.12
8.8
5.6
5.44
7.84
4.48
2.4
7.2
6.4
7.76
5.6
4.96
8.16
6.56
5.92
5.44
7.36
7.52
7.52
5.6
6.4
4.64
5.28
4.96
6.88
3.04
6.88
7.2
4.8
7.52
7.68
7.04
5.92
6.24
8.32
8
6.4
7.52
6.24
8.32
7.36
6.88
8
5.6
4
4.8
7.84
7.84
6.4
6.24
8.8
8.32
7.04
7.84
5.44
8.48
6.08
6.08
7.84
6.88
7.68
8.32
6.56
7.68
4.96
8
8.32
7.04
5.28
7.04
8.64
5.28
7.52
8
8.32
7.04
7.2
6.4
5.12
6.4
6.88
3.84
3.84
6.4
4.64
6.88
7.04
8.8
7.04
6.56
6.88
8.48
6.4
5.92
5.6
7.52
7.52
6.72
7.36
6.72
5.76
5.12
2.4
4.8
7.04
7.52
5.6
11.36
9.44
7.2
8.64
6.72
7.84
9.12
7.36
7.84
5.92
8.32
7.84
6.72
7.36
4.16
8.48
8.32
7.84
7.36
8.16
6.4
7.36
8.64
8.8
8
9.12
7.84
7.36
4.32
8
6.88
6.88
5.92
8.96
6.08
8.8
6.08
9.92
8.64
7.52
6.24
9.28
8.48
7.84
7.84
8
7.68
8.32
7.2
7.68
8.8
9.44
9.12
5.12
9.76
8.96
8.96
9.92
9.28
7.52
8.48
8.8
8.48
9.92
8.32
8.64
9.28
8.16
10.88
8.48
10.24
7.68
8.16
5.76
10.4
9.6
8.32
9.76
8
7.68
9.92
9.12
7.04
7.2
8.48
8
7.84
9.12
8
9.44
8
7.84
3.84
7.52
8.16
8
9.12
8.16
8.48
7.52
7.84
7.68
8.32
7.84
7.68
9.12
8.32
7.52
8.64
7.52
7.84
8.16
4.8
8.32
8
9.28
9.28
8.16
7.52
8.8
8.16
6.4
6.24
7.84
9.44
9.44
8.32
8
7.84
9.12
7.36
5.76
8
8.8
8.64
8
7.36
8
9.12
7.84
8.64
7.84
9.28
7.2
8.48
9.12
8.8
7.84
10.24
8.8
8.48
5.6
9.76
8.96
8.48
7.04
8.96
9.12
8.16
8.64
9.28
9.12
8
8.48
7.68
8.32
8.48
8.16
7.36
9.28
5.12
9.92
8.64
9.12
8.64
8.8
8.96
9.6
8
9.12
8.32
8.32
10.88
9.12
9.76
8.8
9.12
8.8
8.96
8.8
5.6
9.6
8.64
9.12
10.4
9.44
8.32
9.76
9.12
8.96
9.28
9.76
9.12
8.96
7.68
8.32
9.76
10.08
9.44
3.36
8.64
8.96
8.64
9.28
10.4
9.92
8.96
8.48
9.12
10.24
7.84
9.44
7.84
8.96
7.68
8.64
6.88
7.36
7.52
4.64
8.64
8
7.84
8.32
9.6
6.56
8.16
6.24
6.4
6.4
7.04
6.24
5.92
6.4
6.72
5.44
7.2
5.28
4.16
6.72
6.4
5.76
5.6
6.4
6.88
5.76
6.88
5.6
5.28
5.12
6.56
4.96
7.36
4.8
6.24
6.56
6.72
6.24
4.16
6.88
6.56
6.08
5.28
5.44
6.24
6.08
4.48
4.96
4.8
5.6
5.12
5.12
6.56
4.32
4.32
5.44
4.96
2.56
6.88
5.12
4.96
6.08
5.44
4.96
5.44
6.08
5.44
6.72
4.48
4.32
4.96
5.44
4.96
5.12
5.44
5.44
4.8
4.48
5.76
5.28
5.6
4.32
5.28
5.28
5.76
5.12
6.4
4.48
5.76
4
4.8
4
4.48
5.76
5.28
5.6
2.88
7.36
5.92
5.76
5.44
5.12
4.96
4.16
5.6
4.96
5.92
4.96
6.24
4.8
4.64
5.12
5.76
3.84
5.92
5.12
4.32
5.28
6.08
6.08
4.64
3.84
4.48
4.64
4.32
5.12
4.8
6.08
5.28
5.6
5.44
5.92
4.64
4.96
4.64
2.24
5.28
5.28
5.44
5.6
5.12
5.44
5.12
5.6
5.28
5.44
5.44
4.48
3.52
4.96
5.12
5.6
5.76
5.28
5.6
4.32
6.56
4.48
5.44
4.8
5.44
5.44
5.6
6.88
5.76
6.88
5.28
6.88
6.88
5.92
7.04
6.56
6.72
5.6
2.4
7.04
5.12
6.24
6.08
6.4
5.44
5.6
7.36
5.12
4.8
6.24
5.92
5.92
5.92
7.2
6.72
6.08
6.24
7.04
4.8
5.92
6.72
7.2
5.76
6.56
5.92
6.24
6.24
6.88
6.56
6.08
6.24
5.76
7.36
5.92
6.24
5.6
6.56
3.36
7.2
5.28
5.76
6.72
6.88
6.4
4.8
5.28
6.08
6.88
6.56
6.88
6.4
6.56
5.76
5.6
4.48
5.92
6.56
5.28
6.24
6.72
6.24
5.44
6.56
5.44
6.08
6.24
7.04
6.08
5.76
6.24
6.08
6.08
6.56
5.6
7.2
6.24
3.84
5.12
5.76
5.44
5.6
4.32
5.92
4.8
5.12
5.76
5.28
5.28
5.92
5.6
5.44
5.12
3.84
5.92
3.84
6.56
3.68
7.2
5.28
6.56
5.28
4.16
4.96
5.44
5.76
4.64
4.8
5.28
5.76
4.16
4.16
5.12
5.28
6.24
4.48
4.16
6.24
4.64
4.96
5.6
4.8
4.32
5.12
4.48
5.6
5.6
4.8
5.28
4.96
5.6
4.32
5.92
6.24
4.8
4.16
3.04
4.16
4.8
5.76
6.08
5.44
6.08
5.92
4.8
6.08
4.16
4.64
5.44
5.44
4.48
4.8
4.64
4.64
5.76
3.04
7.04
6.24
4.16
5.12
4.16
5.28
4.16
3.68
5.6
4.48
5.12
4.32
4.32
4.48
4.8
4.32
5.92
5.76
4.8
3.36
4.64
5.92
3.68
4.64
5.44
5.28
4.32
4.96
4.32
5.28
4.96
5.44
3.84
4.16
5.76
5.76
5.6
4.96
2.72
5.76
5.76
4.96
4.64
4.64
4.48
4.16
4.8
5.6
4.16
5.28
5.6
4.96
5.28
5.44
4.64
5.44
3.84
6.24
3.2
4.96
4.48
5.12
5.28
5.12
5.76
4.8
4.48
4.16
4.48
5.92
4.64
6.4
4.48
6.72
5.28
4.16
4.16
4.64
5.12
5.28
5.92
6.56
5.92
5.6
5.44
5.28
5.44
5.6
5.28
5.92
5.12
5.6
5.92
4.8
4.64
5.28
5.44
4.32
4.96
4.96
6.24
6.08
5.28
5.92
4.48
6.4
6.72
5.12
5.44
6.88
6.4
5.44
5.76
4.96
4.64
5.6
3.2
5.76
7.04
4.8
5.44
5.28
4.8
5.12
5.6
4.16
4.32
6.08
5.44
3.68
4.64
4.48
4.64
4.16
4.32
5.28
3.36
4.48
5.28
4.96
4.48
5.12
4.16
5.76
3.84
4.32
4.48
5.92
5.76
5.12
5.28
4.96
4.16
5.12
4.8
2.08
4
3.52
3.52
5.12
4.32
3.68
4.64
4.16
4.32
4
5.12
4.48
2.88
4.64
4.16
3.52
4.16
4
3.36
3.2
3.84
4
4.16
4.64
3.52
4
3.84
4.16
4.48
4.64
5.12
4.8
3.84
4.16
4.16
3.68
4.32
3.04
2.24
4.32
3.68
3.84
4.64
4.48
4.8
4
4
4.64
4.64
4.48
4
4.48
4.32
4.64
4.64
4.32
4.8
4.48
4.16
4.48
3.36
4.8
4.96
4.32
4
4.32
4
3.36
3.52
3.04
3.2
3.52
2.72
2.88
3.52
4
2.72
2.4
3.52
3.04
3.36
2.56
3.2
3.36
2.4
3.04
3.84
3.36
2.88
3.52
2.08
3.2
3.84
3.36
2.88
2.72
2.88
2.72
3.2
2.72
2.88
3.52
4
3.52
3.36
2.72
3.36
3.04
3.04
3.2
2.56
2.72
3.2
2.56
2.88
2.72
2.56
3.84
3.68
2.4
3.04
3.68
2.72
3.36
3.36
4
2.88
2.88
2.56
3.2
3.04
3.68
3.68
3.36
3.52
4
3.2
3.84
3.2
4.32
4.32
3.84
4.32
3.36
3.84
3.68
4.48
3.36
3.52
3.36
3.04
3.68
3.04
3.84
3.04
3.36
5.76
3.84
4.64
3.36
3.2
3.84
3.52
3.52
3.04
3.36
3.84
3.68
3.84
3.52
3.36
3.2
4.48
4.16
4.96
3.68
3.52
4.32
3.68
3.52
3.36
2.88
3.04
3.84
3.36
5.44
4.64
3.84
3.52
3.52
3.68
3.36
2.88
3.84
3.2
4.8
3.68
3.68
3.2
3.84
3.68
3.04
3.52
4
4
3.84
3.68
3.84
4.32
3.04
3.84
2.72
3.84
4.48
2.88
3.52
4
3.36
2.56
3.84
3.2
3.68
4.16
3.36
4.32
4.16
3.84
4.32
2.88
3.52
4.64
3.04
3.84
2.56
4
3.2
3.52
3.52
3.68
4
3.68
3.68
5.28
2.88
3.84
3.84
4.16
3.2
2.88
4.16
3.52
3.36
4.32
3.2
3.36
3.04
4.32
4.16
3.68
4.48
3.52
3.84
4.32
3.36
4.16
3.04
2.72
4.32
3.52
3.68
3.52
4
2.4
5.76
3.04
3.2
3.84
3.68
4.48
4
3.36
5.6
4.32
3.68
4.32
4
4
3.84
2.72
3.84
3.36
4
3.36
3.52
4
4.64
4.16
4.64
3.36
4.16
3.84
4.16
4.64
4
2.72
4.16
3.04
3.52
4.48
3.52
3.52
2.56
4
3.52
3.04
4.48
3.04
4
3.04
4.64
4.16
3.68
3.52
3.68
3.2
4.32
4
4.48
3.84
3.84
3.84
2.24
3.68
3.84
4.16
4.48
4.16
4.32
4
3.68
2.56
4.16
4.32
3.2
4.16
3.04
3.84
3.2
4
3.68
2.4
4.64
4.32
3.84
4
3.52
3.52
3.68
4.16
3.68
3.36
4.32
4
3.84
4
4.48
4.48
3.52
2.72
3.68
3.36
4
4.32
4.32
3.84
3.84
4.16
4.32
4.64
3.36
3.68
3.68
3.36
5.12
4
4.96
4.32
4.96
5.12
2.4
5.6
4.48
5.12
4.32
4
3.84
4.8
4.32
4.32
5.28
5.6
4.64
4.8
4.32
5.28
4.64
5.12
4.16
4.64
3.84
3.84
4.16
4
4.64
5.44
5.12
5.28
5.12
4.96
4.8
5.44
4.8
4.96
3.68
4.48
4.64
4.48
4.48
3.68
5.44
4.48
5.44
4.64
6.08
5.28
4.32
4.64
5.28
4.96
3.36
3.84
3.68
3.68
3.52
4
3.04
4
3.84
2.72
3.2
3.84
3.36
3.68
3.52
3.04
3.2
3.36
3.52
3.2
3.68
2.88
3.52
3.2
3.52
2.88
3.68
3.68
3.2
3.52
3.36
3.2
3.04
3.52
3.04
3.36
3.2
3.2
3.36
3.52
3.84
3.2
3.04
3.2
3.2
3.36
2.56
2.72
3.2
2.88
3.2
3.04
3.04
2.24
2.88
3.04
2.88
3.04
3.84
2.56
3.52
3.04
3.04
3.52
3.52
3.2
3.04
2.24
4.16
2.88
2.56
2.88
2.72
3.52
2.4
2.56
3.04
3.52
3.2
3.36
3.84
2.88
3.04
3.52
2.88
3.2
2.88
3.36
4
3.04
3.04
2.56
2.88
4.64
4
3.68
2.56
3.84
3.2
4.64
3.84
2.88
3.36
3.52
3.36
3.52
3.2
2.88
3.2
3.84
2.88
3.84
4
2.88
2.88
3.2
3.04
2.88
2.56
2.72
3.36
2.72
3.52
3.04
3.2
3.52
2.88
2.72
3.2
2.24
2.08
2.4
1.44
1.92
1.92
2.4
1.44
2.08
3.04
2.24
2.08
1.6
13.12
11.36
11.68
6.56
10.88
9.6
10.08
10.24
11.04
8.8
9.6
8.8
12.8
13.76
16.32
13.92
13.44
12.48
13.44
15.04
15.2
9.92
14.56
6.72
16.64
10.72
15.84
16.8
15.68
15.2
11.2
10.24
13.28
16.96
16.32
16
15.04
12
9.76
15.36
14.88
15.2
6.72
9.92
10.4
11.68
12.48
16.64
14.56
15.84
10.08
9.6
8
9.28
6.88
6.88
12
14.56
12.48
13.6
12.16
15.68
7.04
14.08
14.56
12.32
8.48
13.44
14.4
14.56
17.6
12.16
13.28
15.84
13.76
8.8
9.6
11.84
9.92
13.6
12.48
8.16
15.36
13.76
16.48
15.84
13.76
7.36
7.68
8.96
9.12
10.88
12.96
11.04
9.76
9.76
13.12
12.64
12.32
13.28
9.28
9.44
13.76
11.2
16.16
14.56
15.2
12.32
14.4
12.32
12
13.44
16.8
14.56
17.12
16.64
18.4
17.44
17.92
16.96
8.32
18.56
17.92
16.8
17.76
16.96
15.36
11.68
12.16
15.52
14.08
14.56
9.44
4.96
6.88
11.2
8.16
5.92
4.64
6.4
3.52
4.32
5.28
5.76
5.44
5.92
5.92
7.68
6.08
6.24
4.64
7.36
11.04
11.04
13.6
10.24
11.04
12.48
12.8
6.56
15.52
16
16.48
10.24
7.52
6.88
7.2
6.72
7.2
9.28
6.08
5.76
5.76
7.84
10.08
6.56
8.96
6.08
8.64
4.48
10.72
8.64
4.16
8.48
8.48
8.8
12.96
9.12
11.2
9.92
8.32
7.68
10.08
10.88
10.72
13.12
12.48
3.84
3.68
15.52
13.44
12.96
12.16
8.64
10.72
12.16
9.44
14.24
12.64
7.84
9.44
12.16
9.6
11.2
9.6
10.4
9.28
10.24
6.72
10.4
8.32
12.48
10.24
12.16
10.24
5.6
13.76
12.16
11.36
12.64
12.96
12.48
15.04
7.52
12.64
13.76
13.6
2.56
10.4
6.56
8.64
9.44
10.08
8.96
7.2
13.28
12.32
5.92
10.08
9.28
10.88
5.76
11.36
9.92
8.8
7.04
9.12
5.6
8.96
4.48
5.28
10.08
8.64
7.36
10.72
8
6.4
7.04
7.52
7.84
7.84
8.48
5.92
4.64
9.44
7.68
3.2
9.44
8.48
3.36
8.48
6.88
6.56
7.2
5.6
5.12
7.04
5.92
5.92
5.92
4.64
9.12
8.16
5.44
7.84
13.12
5.76
9.44
6.72
10.56
8.8
6.4
7.84
12.8
7.84
4.32
10.24
5.6
7.04
7.68
10.08
12
9.28
12.64
14.56
4.16
7.2
11.68
8
11.2
5.76
4.64
4.48
8.16
10.08
5.12
8.96
7.36
5.76
5.28
8
8.16
6.56
5.44
3.36
4
4.32
7.2
5.92
5.92
4
6.4
7.68
4.48
4.96
6.72
8.32
3.2
4.64
6.88
9.28
9.92
8.16
16
9.6
11.68
14.08
18.08
16.64
17.92
16.96
16
17.76
18.08
16.48
7.52
11.04
9.76
6.72
8.48
6.88
5.44
8.48
13.28
6.72
9.12
11.52
10.08
10.08
10.72
9.76
9.28
8.48
9.44
8.32
9.28
8.48
8.8
13.28
7.84
11.68
10.4
8.64
4.16
8
8.16
7.52
8.96
9.92
7.36
7.68
9.44
11.68
9.6
8.32
6.08
12
10.72
8
9.6
8
10.56
12
6.4
10.56
8.16
8.64
6.88
8.8
7.36
12.48
10.56
9.6
9.6
8
8.16
8.96
8.64
9.6
12.32
12.32
8
13.76
10.72
11.68
12.32
9.76
5.12
10.08
17.6
17.12
12.8
11.84
7.52
9.6
9.28
7.84
10.72
10.08
11.68
6.08
7.68
8.8
13.76
9.6
10.88
9.92
12.64
15.2
12.8
14.08
15.36
8.48
11.84
13.12
12.8
9.92
7.68
13.6914
10.56
8
6.72
8.64
8.16
9.44
10.08
6.08
8.96
9.44
6.72
11.52
5.28
10.08
9.6
10.12
9.92
10.4
11.04
5.28
7.36
10.08
10.08
10.56
10.88
7.36
8.8
10.08
3.84
12.8
10.4
8.64
13.28
9.28
8.48
11.36
10.08
13.44
8
6.56
7.84
11.2
7.36
8.64
10.88
5.12
8.32
10.4
8.8
9.76
10.24
10.88
6.4
8.48
8.8
7.68
10.72
10.56
10.4
9.12
10.56
10.88
5.28
10.88
10.16
14.08
11.36
8.48
11.36
8.96
10.4
8.16
9.44
11.04
11.84
9.28
12.48
8.64
10.56
4.8
8.64
12.16
12.8
9.12
8.8
9.44
8
9.12
8.48
8.96
10.56
8.96
17.28
15.2
17.28
16.48
12.96
11.2
7.52
14.4
10.08
12.8
14.56
14.24
13.6
12
12
13.6
13.6
11.68
12.96
12.32
14.4
13.44
12.8
14.56
14.72
14.4
8.16
15.04
14.08
11.36
4.32
6.24
7.04
5.76
8
6.56
5.92
6.24
5.76
5.12
6.08
6.24
4.48
4.48
5.12
2.56
4.32
4.8
5.92
7.36
5.92
8.48
7.04
7.68
9.6
16.32
18.56
17.92
17.12
16.48
18.4
14.56
14.88
15.68
15.52
8
14.72
9.28
8
12.8
13.28
9.6
9.12
15.84
16.64
14.72
14.08
15.52
16.16
13.92
15.2
13.28
14.56
13.44
3.84
9.12
9.6
8.96
13.28
13.6
15.2
11.52
11.52
7.68
9.6
7.2
7.2
11.36
11.36
9.76
11.2
10.08
8.8
9.44
6.56
8.96
9.28
12
9.6
9.76
11.84
10.4
12.32
10.88
11.36
11.04
8.48
7.52
9.44
8.48
10.88
8.16
7.36
4.64
9.92
7.84
8.32
8.32
8.48
8.32
7.2
8.64
9.92
7.68
10.72
8.64
8.64
10.08
9.12
9.6
10.24
10.56
8.96
4.96
8.32
10.56
11.52
8.96
7.2
11.04
8.8
12
8.64
10.08
8
8.96
11.84
9.44
9.28
12.16
15.84
10.08
7.2
10.72
12.32
8
10.88
16.16
13.12
13.6679
14.5252
14.56
12.64
16.4571
15.04
15.28
17.5733
19.04
16.16
9.28
10.56
16
17.28
18.4
16.6629
18.4
15.84
18.72
18.24
18.08
18.56
17.92
18.56
18.24
15.36
18.4
18.72
19.04
18.4
18.88
18.2293
17.2444
17.68
17.76
16.64
16.76
14.2667
14.3467
18.56
18.56
18.88
18.4
18.08
17.44
17.76
18.72
18.24
15.2
12.56
17.36
17.6
17.6
19.2
16.64
19.2
18.4
19.04
19.2
18.072
17.864
18.48
17.96
14.8267
18.36
18.0343
17.872
15.648
16.64
15.9848
15.4
16.08
17.984
17.9733
17.4336
16.7418
17.4277
9.6
17.4263
16.8308
17.4667
17.6
14.5543
15.5855
10.697
12.8533
10.4
11.52
12
12.96
12.96
12.8
9.12
9.12
7.52
7.04
8
9.6
9.92
9.76
5.12
9.34857
8
8.64
8.96
11.04
10.4
12.96
9.65333
8.93091
10.72
12
10.5143
11.36
11.44
11.2178
8.48
5.28
7.62667
9.44
8.64
9.92
11.84
9.92
13.44
9.28
8.16
7.84
11.2
10.08
12.48
9.44
7.04
9.12
9.28
8.56
9.6
10.24
9.6
9.6
7.52
7.2
7.68
8.96
7.68
9.6
9.12
10.4
15.68
9.71429
6.4
6.72
9.44
6.56
6.88
7.36
7.36
8.48
7.14667
9.6
10.08
7.2
8.64
9.6
8.96
8.48
6.56
6.24
5.28
8
7.36
6.72
7.84
6.72
4.26667
6.08
6.72
5.92
5.52
6.88
5.68
6.88
6.77333
7.84
6.72
3.84
7.76
7.36
7.12
3.2
2.96
5.28
15.2
18.16
18.88
18.88
19.04
19.2
14.24
19.2
18.56
15.92
16
12.08
11.44
13.28
12.48
12.8
12.96
12.64
11.52
12.48
6.88
11.6
13.76
12.32
12.8
3.54909
3.2
2.96
4.32
2.4
2.56
2.56
2.4
6.56
8.16
7.28
7.04
7.84
4.32
10
11.04
11.36
11.68
10.72
11.36
12.64
8
8.48
7.84
7.52
8.96
6.176
2.18667
2.208
2.72
2.72
3.6
4.16
3.2
3.28
3.84
1.76
2.56
2.72
2.72
6.72
8
6.4
8
11.68
12.48
7.68
7.2
8.16
8
10.08
6.24
12.96
12.8
11.84
7.36
7.68
8.96
8
9.28
8.96
8.48
6.72
4
4.48
3.84
4.16
4.32
5.28
4.48
3.36
5.44
5.92
5.44
4
4.48
5.92
5.28
4.32
1.76
2.4
3.04
3.04
2.56
2.08
1.92
2.24
2.08
2.24
2.08
1.6
2.24
2.08
4
3.36
2.88
3.04
3.68
2.08
1.76
1.92
2.56
1.76
3.04
2.72
2.08
2.56
3.68
3.52
0.8
1.76
3.04
2.88
2.24
1.6
1.6
2.24
1.76
3.04
2.24
2.24
2.24
1.76
2.08
2.08
2.08
3.04
2.4
1.44
1.28
1.44
1.76
1.76
2.4
1.92
1.12
2.08
1.6
1.28
1.12
1.92
1.12
1.44
1.76
0.8
0.96
1.76
0.8
1.76
1.12
1.28
1.44
1.76
1.04
0.48
1.28
1.6
0.64
0.8
1.76
1.28
0.96
1.6
1.92
1.12
1.28
1.44
1.6
1.76
0.96
1.12
1.44
1.12
2.08
1.12
1.44
1.6
0.96
1.6
1.92
2.08
1.44
1.12
1.52
1.6
1.52
2.24
1.28
0.8
0.96
2.08
0.48
1.28
1.28
0.8
1.44
0.96
1.44
1.44
0.8
1.12
1.92
1.92
1.76
1.12
0.96
1.12
1.44
1.12
1.12
1.44
1.92
1.28
1.12
1.44
0.96
1.12
1.12
0.8
1.44
1.44
1.92
2.08
0.96
1.52
1.12
0.32
1.44
0.8
1.28
1.44
1.44
1.12
0.8
0.96
1.44
0.96
1.44
1.44
1.44
1.6
1.92
1.76
1.28
0.8
1.76
2.72
2.4
1.6
1.6
1.44
1.76
1.12
0.96
1.6
1.92
0.96
1.28
2.24
1.12
0.96
1.44
0.96
1.28
1.6
1.76
1.92
0.96
1.92
1.44
1.6
1.6
1.6
0.96
2.08
1.44
0.96
2.08
0.96
0.96
0.64
1.92
2.4
0.96
1.28
1.28
1.12
1.12
1.28
0.96
0.96
1.12
2.08
1.44
1.28
1.44
1.28
0.64
1.12
1.44
1.76
1.44
1.44
0.64
1.44
1.76
0.96
1.92
1.92
1.12
0.96
1.6
1.44
1.76
1.44
0.64
1.44
1.76
0.64
1.44
2.24
1.12
1.76
1.44
1.44
2.24
2.56
1.44
1.92
0.64
0.96
1.12
1.44
1.76
0.96
1.76
1.28
0.64
1.92
1.28
1.92
1.12
1.12
1.12
1.76
0.8
1.28
1.76
1.28
0.64
1.44
0.48
2.24
0.96
1.28
1.44
1.76
0.64
1.28
1.44
0.32
1.76
2.24
1.6
1.12
1.6
1.12
2.24
1.76
1.28
1.12
1.6
0.96
0.96
1.6
1.76
1.76
0.8
