0
50000
0
0
0
1000
0
485
1
528
987
0
126
0
1
873
0
1
0
0
479
0
0
349
1
1
0
0
1170
0
0
0
0
0
0
0
0
0
2998
0
3000
0
0
0
1000
0
0
0
0
0
2004
339
657
0
1001
0
674
327
0
248
751
0
0
1
998
0
0
0
1002
0
0
1001
1997
1000
0
1000
1003
0
1000
999
3
1001
1001
0
1001
1000
1000
1002
998
1002
1000
997
1003
999
998
1000
1003
0
1002
1001
997
425
578
3000
0
116
885
0
1000
1001
1002
385
596
407
37
581
836
1
1004
997
1001
998
208
999
1002
1000
1001
998
999
1001
1000
2200
800
0
1000
1001
0
4999
0
0
0
958
45
1001
1001
0
1001
0
1219
675
1325
1000
665
340
996
1003
999
999
1000
1001
1001
999
999
1000
285
925
791
3999
0
1000
2000
0
1000
1001
0
999
1
152
1004
0
383
240
512
1001
0
2999
0
3000
0
1000
4000
0
0
1000
0
0
1003
0
1000
911
618
295
1000
1164
1000
1002
998
1330
918
752
3000
0
536
466
0
1002
0
111
1000
1005
0
1001
1000
996
1000
1000
998
1000
1001
999
1001
0
1001
4931
1054
1
12
0
1000
1001
1001
1998
1000
0
1000
1003
0
999
999
1002
998
1001
1001
1793
208
911
1000
1000
1000
480
1148
1000
1003
0
1004
993
1002
999
1002
1000
998
4000
1000
1000
0
1001
0
0
1000
0
1001
396
1000
1000
54
285
771
1005
0
1000
998
698
94
1001
2999
0
1000
1
1001
998
1608
1392
0
1000
1002
998
2000
0
1000
1001
0
1004
1008
1
1001
0
1001
1998
1000
1001
0
1001
1000
1001
621
2379
0
3864
61
1075
1
705
295
0
907
998
515
848
998
1004
998
998
999
1225
776
1829
1169
730
1000
1000
1003
0
205
602
795
307
1002
0
1002
997
2000
998
175
1000
1004
998
0
999
1002
998
1807
3000
1000
1000
0
1000
0
1001
1001
0
1003
0
999
1002
997
1001
1000
999
999
1003
335
999
895
107
1001
1999
1995
6
3330
591
1
1078
999
0
0
1000
1003
1000
0
998
918
878
793
1005
0
1003
999
1001
999
1000
1001
999
1000
1000
999
998
1000
1001
997
1000
1003
997
999
1001
999
1000
1000
1001
962
321
998
754
992
1005
999
1002
1000
1001
1000
189
1008
0
1033
1042
996
1108
644
2788
0
1999
0
1823
0
1429
0
962
1148
852
2214
0
1669
3020
0
0
1140
0
957
1834
1395
0
2014
0
826
969
1133
510
1628
0
2052
0
1072
4090
0
0
0
1438
0
959
1038
1110
1696
1153
2088
0
0
1524
956
1463
0
2816
0
2068
0
1157
0
1000
2230
0
0
2337
0
1470
0
1038
0
1063
171
2591
0
1351
0
888
1112
888
2417
0
1108
3048
0
0
1052
294
314
412
1040
0
1042
924
2793
0
1206
0
325
2920
0
1152
0
1013
1137
1387
941
1700
0
1253
98
2188
0
2032
0
1030
1
1787
0
1397
39
1041
0
1034
1110
952
3312
0
0
0
1579
1230
0
882
1000
2271
0
1474
1325
0
1185
742
690
3378
0
0
0
928
1008
1032
1000
1108
963
1036
852
1000
3763
0
0
1475
0
762
1037
1078
1016
870
202
3677
0
0
1321
0
1018
1020
1250
712
1636
0
1844
0
936
929
1112
814
2462
0
1029
977
1225
1891
0
1420
0
992
1038
1004
1033
1041
959
926
2291
0
1969
0
774
1000
1038
1037
930
996
1001
1000
1036
1503
962
1005
1039
0
969
1035
996
970
999
998
1002
999
1000
999
1002
999
999
999
1002
998
1032
966
1002
1000
1000
999
1002
999
1000
999
1002
998
999
1000
1000
1000
1000
1000
1001
999
1000
1000
1000
1001
1001
999
1000
1000
1001
999
1000
1000
1001
999
1001
999
1000
1000
1001
999
1000
1000
1000
1000
1000
1000
1001
999
1000
1000
1000
1000
1000
1000
1001
999
1000
1000
1000
1000
1000
1000
1033
1103
1370
458
904
1088
0
999
1005
999
1000
1070
963
221
606
1435
140
1636
1137
1000
1004
0
1038
1098
182
827
466
995
1003
1035
998
1032
969
963
1581
0
898
869
1032
1213
1083
1
2880
0
0
1124
0
997
1004
1000
1001
1000
999
1002
999
1000
999
1001
1000
1001
999
999
1001
1001
999
999
1002
1001
998
999
1000
1001
999
1000
999
1002
999
1000
999
1001
1000
1000
999
1001
1000
1000
999
1001
1000
1000
999
1001
1000
1000
999
1003
998
1000
999
1001
1000
1000
999
1002
999
1000
999
1001
1001
1000
998
1001
1000
1000
1000
1000
1000
1000
1000
1000
1000
1000
1000
1000
1000
1000
1000
1000
1000
1000
1000
1000
1000
1000
1001
999
1000
1000
1000
1000
1000
1000
1000
1000
1000
1000
1000
1000
1000
1000
1000
1000
1000
1000
1000
1000
1000
1000
1000
1001
999
1000
912
2235
0
767
1000
1002
998
1000
1001
973
1316
0
1004
0
1000
1001
998
1000
1001
1000
1000
1000
1000
1000
1002
1000
1000
1110
1123
819
1996
0
1007
0
2769
0
1234
0
1006
0
1000
1000
1000
1001
1233
837
924
2917
0
1216
0
1875
0
1066
963
1002
1823
985
2238
0
0
785
984
1311
781
1046
2608
0
0
1430
0
963
1075
195
1786
2265
0
0
807
958
1001
1028
1440
1064
1269
1186
1
797
494
1096
1126
809
589
880
1153
1586
0
1020
133
2543
0
2345
0
1122
0
990
1009
1068
1117
280
1587
1132
1
3018
0
0
1408
1528
1049
0
1046
0
1069
996
835
1898
0
2147
0
0
2550
0
1229
1274
0
924
744
699
3261
0
0
0
875
995
1077
1129
454
3365
0
0
0
853
659
790
2324
0
672
1388
0
787
895
4905
0
0
0
0
1107
0
990
1042
976
1050
1010
1238
0
917
1041
1070
1522
1057
1615
0
1293
2997
0
0
1215
0
919
910
1
1000
1
5161
0
0
0
0
843
1006
1026
1212
752
1611
0
1341
2457
0
0
1143
1488
1005
74
1074
2305
0
1332
2548
0
0
881
823
493
2637
0
1264
897
279
922
737
3939
0
0
1173
0
1185
0
919
1000
631
3805
0
0
0
907
2304
0
1026
0
1946
1759
0
1538
0
785
401
1802
0
2695
0
2876
0
0
909
355
1160
0
2220
0
1062
1196
466
1921
0
1260
0
2745
0
0
3198
0
0
1149
0
909
1000
2592
0
1407
1
6139
0
0
0
0
0
0
869
1004
998
1001
1031
959
2298
0
1890
0
1512
1302
0
3365
0
0
1853
0
1045
971
963
981
1628
0
1403
0
121
1000
378
999
1000
5410
0
0
0
0
0
1258
1181
1183
0
983
1037
963
1000
4268
0
0
0
1572
1552
0
1645
0
23
1041
959
2079
0
2573
0
3255
0
0
1091
682
1118
1200
1932
0
1067
3040
0
0
0
1097
874
1029
1890
1072
0
809
4860
0
0
0
0
1194
0
963
1037
1147
930
886
1688
0
1563
1023
0
3650
0
0
1348
1000
3047
0
0
0
3282
0
0
0
1778
0
961
990
1028
1074
1578
1310
0
1820
0
2423
0
1198
0
844
1735
266
1790
0
1035
428
378
955
181
664
1387
1968
0
1383
0
1038
1129
207
3641
0
0
0
1214
1197
0
1330
0
1943
0
1140
783
1109
985
1501
0
2765
0
0
1432
1887
0
979
1101
1153
0
1811
290
713
1102
2911
0
0
1137
0
1641
0
1057
836
934
1713
0
502
980
1111
0
1012
1457
596
1000
1656
0
813
1866
0
1027
1299
1991
0
1748
0
1272
0
991
1072
1816
1595
0
1514
0
1402
144
1050
2867
0
0
1141
0
1115
0
1306
1248
1333
0
190
4253
0
0
0
749
849
992
2861
0
1465
0
1353
2608
0
0
1910
0
1176
1402
1221
0
2767
0
1232
364
3277
0
0
1061
1300
0
2468
0
1570
0
1011
0
859
2004
0
1359
0
1008
0
309
1757
0
937
837
4621
0
0
0
863
1029
1491
0
992
1009
1673
1325
0
295
463
2513
0
1027
0
1038
1596
657
1157
0
1568
1175
112
2766
0
1216
1016
1036
0
1015
2616
0
0
3365
0
0
1022
0
1009
1030
999
790
417
1152
0
1767
1834
0
1355
0
956
570
466
1371
1062
0
1400
600
1360
1438
0
135
1064
1184
742
887
1930
1065
0
73
1308
1215
1028
1101
1000
1009
0
1062
1128
1233
953
518
294
1066
0
1068
874
1001
2031
0
0
1174
1038
768
1004
988
2181
0
824
1002
1000
1000
1000
1000
1053
947
1000
1137
1273
1013
1368
1436
0
769
1811
1421
0
760
1009
1000
1004
997
1179
849
657
1139
985
1701
0
1088
995
1546
0
1011
1327
1228
0
990
1008
1074
1049
907
777
1011
0
2771
0
2103
0
1137
0
990
1012
997
1002
999
1002
1159
1495
1344
0
989
1009
1002
999
1107
1022
1407
1152
1070
1279
0
721
1357
0
880
1078
1044
883
1507
1586
0
1008
0
1144
890
2584
0
0
1424
0
1008
0
1001
1001
997
1000
999
1002
998
1001
999
1002
998
1001
999
1000
1000
1000
999
1000
1000
998
1000
1000
1000
998
1000
1001
1000
999
1000
160
148
502
500
550
1000
1002
0
999
1001
999
1001
1144
1000
1002
0
1001
999
999
1001
1000
1000
999
1109
0
1001
0
1001
999
1001
999
1001
68
1000
1002
0
1002
1000
998
1001
999
1001
999
1001
999
1001
1035
1000
1003
0
1000
999
1001
1000
999
1002
998
1000
1002
999
999
1000
1151
1000
1002
0
1000
1001
999
1000
1000
1001
999
1000
1001
1000
999
1001
1000
1000
999
1000
1002
999
999
999
1003
998
1000
1000
1000
1000
1000
1001
999
1000
1000
1000
1000
1000
1000
1000
1000
1002
999
999
1000
1001
999
1001
1001
999
999
1001
1000
1001
998
1001
999
1002
998
1001
999
1002
998
1001
1001
1000
998
1001
999
1002
998
1001
999
1002
998
1001
999
1002
998
1001
999
1002
999
1000
999
1002
998
1001
999
1003
997
1001
999
1002
998
1001
999
1002
998
1001
999
1002
998
1001
1001
1000
998
1001
1000
1001
998
1001
1000
1001
998
1001
999
1001
1000
1000
1217
0
1003
0
1000
1000
999
1001
1000
1000
999
1001
1000
1000
999
1001
1000
1000
999
1001
999
1001
1000
1131
0
1002
0
1001
999
1002
998
1000
1000
1000
1000
1000
1000
1000
1000
1000
1022
1001
0
1001
1001
1000
999
1000
1000
1000
150
732
1268
0
1001
0
1000
1001
999
1000
1000
1001
999
1000
1000
1001
999
1000
1000
1001
999
1000
1046
0
1001
0
1000
1001
999
1000
1000
1000
1001
999
1001
999
1000
1000
1001
999
1000
1000
1001
999
1000
1000
1001
999
1000
1000
1001
999
1000
1000
1001
1000
999
1000
1001
999
1000
1000
1001
999
1000
1000
1001
999
1000
862
1138
1000
910
1091
999
1000
1000
914
1087
774
1226
999
680
1191
1129
1000
1001
999
1000
1000
1001
999
1000
1000
1001
1000
1000
999
1001
999
1000
1000
1001
999
1000
1000
1001
1000
999
1000
1001
999
1000
1000
1001
1000
968
1031
1001
966
1033
1000
1001
1000
999
1000
1001
999
1000
1000
1001
999
969
910
1121
1000
989
1011
1001
1000
1000
999
1001
999
1000
1000
1001
999
1000
1000
1001
999
1000
1000
1001
999
1000
1000
1001
999
982
880
1138
1000
1000
1000
1001
999
1000
1000
1001
1000
999
1000
1001
999
1000
1000
1001
999
1000
1000
1001
999
1000
1000
1001
999
1000
1000
1001
1000
999
1000
760
1240
1000
1000
1001
999
1000
1000
1000
1000
1000
1000
965
1035
1000
1000
1001
999
1000
1000
1001
999
1000
1000
1001
999
1001
999
1001
999
1000
1000
1001
999
1000
1000
1001
999
1000
1000
1001
999
1000
1000
654
1326
1020
1000
1003
997
1000
1000
1001
999
1000
1000
1001
999
1000
1000
1001
999
1000
1000
1001
999
1000
1000
1001
999
1000
1000
1001
999
1000
1000
1001
1000
1000
999
983
1017
1000
1000
1001
999
1000
1000
1001
999
1000
1000
1001
810
1189
1000
810
1190
1000
1000
572
990
1104
1120
1214
1000
1000
1000
1001
999
1000
1000
1001
999
1000
1000
1001
999
1000
1000
1001
999
1000
734
1073
1193
1000
1000
1002
998
1001
999
956
1044
1000
1000
1000
1000
1000
1000
1001
999
1000
1000
1001
999
1000
1000
1001
688
1312
999
1001
954
1045
1000
970
792
1199
881
1158
1000
1000
1000
1001
999
1000
1000
1001
999
1000
1000
1001
999
1000
1000
1001
999
1000
1000
1001
999
1000
1000
1001
999
1000
1000
1001
999
1000
1000
1001
999
1000
1000
1001
999
1000
1000
1001
340563
1036
1049
1352
999
1000
1000
1000
1001
999
1000
1000
1001
999
1000
1002
999
999
1000
1000
1001
1000
999
1000
1001
558
441
814
187
0
999
0
0
1002
0
0
1001
0
0
977
25
0
995
0
0
0
1002
0
0
0
1001
0
0
0
999
0
0
0
1002
0
0
0
999
0
0
0
1001
0
0
0
998
0
0
0
1002
0
0
0
1000
0
0
0
1001
0
0
0
999
0
0
0
999
0
0
0
1000
0
0
0
1000
0
0
0
1000
0
0
0
1000
0
0
0
1000
0
0
0
1000
0
0
0
1002
0
0
0
1000
0
0
0
999
0
0
0
999
0
0
0
1000
0
0
0
1001
0
0
0
1001
0
0
0
1000
0
0
0
998
0
0
0
1000
0
0
0
1000
0
0
0
962
0
0
0
1035
0
0
0
1003
0
0
0
897
106
0
0
800
0
1
0
1195
0
0
0
903
0
98
0
998
0
0
0
1001
0
0
0
1001
0
0
0
1001
0
0
0
1000
0
0
0
999
0
0
0
1000
0
0
0
1000
0
0
0
1000
0
0
0
1000
0
0
0
1000
0
0
0
1000
0
0
0
1001
0
0
0
998
0
0
0
963
41
0
0
994
0
0
0
1003
0
0
0
1000
0
0
0
1001
0
0
0
999
0
0
0
1000
0
0
0
1000
0
0
0
1001
0
0
0
999
0
0
0
1000
0
0
0
999
0
0
0
1001
0
0
0
1000
0
0
0
1000
0
0
0
1000
0
0
0
942
1
61
0
993
0
0
0
1003
0
0
0
999
0
0
0
1002
0
0
0
1000
0
0
0
1000
0
0
0
998
0
0
0
1001
0
0
0
1000
0
0
0
861
1
143
0
793
0
1
1
1198
0
0
0
999
0
0
0
1003
0
0
0
1000
0
0
0
1001
0
0
0
1000
0
0
0
999
0
0
0
999
0
0
0
1001
0
0
0
1001
0
0
0
999
0
0
0
953
0
1
51
994
0
0
0
998
0
0
0
1004
0
0
0
1000
0
0
0
887
6
0
1
1104
0
0
0
998
0
0
0
1004
0
0
0
1002
0
0
0
998
0
0
0
1000
0
0
0
1000
0
0
0
1000
0
0
0
1000
0
0
0
1000
0
0
0
1000
0
0
0
1000
0
0
0
1000
0
0
0
1000
0
0
0
1000
1000
1000
173
993
1001
1003
1001
999
1001
998
37
128
998
1002
1001
1000
1050
0
1004
0
1095
0
1004
0
1001
999
1190
0
1257
0
1003
0
1001
1000
999
1066
0
1003
0
1001
1000
1000
999
1000
1000
1001
999
1000
1080
0
1003
0
1001
1000
1000
999
999
1002
999
1000
1001
1001
284
993
1000
1002
1001
999
999
1002
1000
999
1000
1102
0
1167
153
1002
0
1001
999
1002
1000
1000
998
1002
1000
999
999
999
1001
1000
999
0
123
898
185
1519
1479
3858
3818
3778
3738
2643
2603
2563
1682
1642
0
0
6413
6373
6333
6293
6253
6213
6173
0
21155
21115
21075
21035
20995
20955
20915
20875
20835
20795
20755
20715
20675
20635
20595
20555
20515
20475
20435
20395
20355
20315
9599
9559
9519
9479
9439
9399
9359
9319
9279
9239
0
20393
20353
20313
20273
20233
20193
20153
20113
20073
20033
19993
19953
19913
19873
19833
19793
19753
19713
19673
19633
19593
13222
13182
13142
13102
13062
13022
12982
12942
12902
12862
12822
12782
12742
12702
12749
12709
12669
12629
12589
12549
12509
12469
12429
12389
12349
12309
12269
6801
6761
6721
6681
11612
11572
11532
11492
11452
11412
11372
11332
11292
11252
11212
11172
6593
6553
6513
6473
6433
6393
6353
1895
1855
13537
13497
13457
13417
13377
13337
13297
13257
13217
13177
13137
13097
13057
13017
4849
4809
4769
4729
4689
9727
9687
9647
9607
9567
9527
9487
9447
9407
9367
2268
2228
2188
14947
14907
14867
14827
14787
14747
14707
14667
14627
14587
14547
14507
14467
14427
14387
16930
16890
16850
16810
16210
33282
33242
33202
33162
33122
33082
33042
33002
32962
32922
32882
32842
32802
32762
32722
32682
32642
32602
32562
32522
32482
32442
32402
32362
32322
32282
32242
32202
32162
32122
32082
32042
32002
31962
7726
7686
7646
2232
2192
2152
0
45514
45474
45434
45394
45354
45314
45274
45234
45194
45154
45114
45074
45034
44994
44954
44914
44874
44834
44794
44754
44714
44674
44634
44594
44554
44514
44474
44434
44394
44354
44314
44274
44234
44194
44154
44114
44074
44034
43994
43954
43914
43874
43834
43794
43754
43714
26474
50292
50252
50212
50172
50132
50092
50052
50012
49972
49932
49892
49852
49812
49772
49732
49692
49652
49612
49572
49532
49492
49452
49412
45001
18961
12136
12096
12056
12016
12371
9492
9452
9412
2784
2744
2704
4519
4479
4439
4399
4359
0
86964
86924
86884
86844
86804
86764
86724
86684
86644
86604
86564
86524
86484
86444
88802
88762
88722
88682
88642
88602
88562
88522
88482
88442
88402
88362
88322
88282
88242
88202
88162
88122
88082
88042
88002
87962
87922
87882
87842
87802
87762
87722
87682
87642
87602
87562
87522
87482
87442
87402
87362
87322
87282
87242
87202
87162
87122
87082
87042
87002
86962
86922
86882
86842
86802
86762
86722
86682
86642
86602
86562
86522
86482
86442
86402
86362
86322
86282
86242
86202
86162
86122
86082
86042
86002
85962
85922
85882
85842
85802
64682
27060
27020
26980
6523
6483
6443
6403
6363
6323
19545
19505
19465
19425
19385
19345
19305
19265
19225
19185
19145
19105
19065
19025
18985
18945
1958
1918
14683
14643
14603
14563
14523
14483
14443
14403
14363
14323
14283
14243
14203
14163
22703
22663
22623
22583
22543
22503
22463
22423
22383
22343
1756
1716
29350
29310
29270
29230
29190
29150
29110
29070
29030
28990
28950
28910
28870
28830
28790
28750
28710
28670
28630
28590
28550
28510
28470
28430
28390
28350
28310
28270
28230
28190
41363
41323
41283
41243
41203
41163
41123
41083
41043
41003
40963
40923
40883
40843
40803
40763
40723
40683
40643
40603
40563
40523
40483
40443
40403
40363
40323
40283
40243
40203
40163
40123
40083
40043
40003
39963
39923
39883
29266
29226
29186
29146
29106
29066
29026
28986
28946
12867
12827
12787
12747
12707
12667
12627
12587
12547
12507
12467
12427
12387
12101
12061
12021
11981
11941
41444
41404
41364
41324
41284
41244
41204
41164
41124
41084
41044
41004
40964
40924
40884
40844
40804
40764
40724
40684
40644
40604
40564
40524
40484
40444
40404
40364
40324
40284
40244
40204
40164
40124
40084
40044
40004
39964
39924
39884
39844
39804
19604
34519
34479
34439
34399
34359
34319
34279
34239
34199
34159
34119
34079
34039
33999
35747
35707
35667
36204
36164
36124
30253
30213
30173
30133
30093
30053
30013
29973
29933
29893
29853
29813
29773
13455
3853
3813
3773
3733
15899
15859
15819
15779
15739
15699
15659
15619
15579
15539
15499
15459
15419
15379
15339
15299
15094
15054
15014
5938
5898
5858
5818
5778
5738
17720
17680
17640
17600
17560
17520
17480
17440
17400
17360
17320
17280
17240
17200
20196
20156
20116
20076
28005
27965
27925
27885
27845
27805
27765
27725
27685
27645
27605
27565
28299
28259
14980
14940
14900
14860
2180
3841
3801
14831
14791
14751
14711
14671
14631
14591
14551
14511
14471
14431
14391
14351
14311
14271
11928
11888
11848
3410
3370
3330
19760
19720
19680
19640
19600
19560
19520
19480
19440
19400
19360
19320
19280
19240
19200
19160
19120
19080
19040
19000
25358
25318
25278
25238
25198
25158
25118
25078
25038
24998
24958
24918
24878
24838
24798
11937
11938
11939
11940
11941
11942
15090
15091
15092
25192
25193
25194
25195
25196
25197
25198
25199
25200
25201
25778
26240
28572
28573
35142
35143
35144
35145
35146
35147
42156
42157
42158
42159
42160
42161
42162
43695
43696
51400
51401
51402
51403
51404
51405
51406
51407
52240
53240
54240
55240
56240
57240
58240
59240
60240
61240
62240
63240
64240
65240
66240
67240
68240
69240
70240
71240
72240
73240
74240
75240
76240
77240
78240
79240
80240
81240
82240
83240
84240
85240
86240
87240
88199
89199
90199
91199
92199
93199
94199
95199
96199
97199
98199
99199
100199
101199
102199
103199
104199
105199
106199
107199
108199
109199
110199
111199
112199
113199
114199
115199
116199
117199
118199
119199
120199
121199
122199
123199
124199
125199
126199
127199
128199
129199
130199
131199
132199
133199
134199
135199
136199
137199
138199
139199
140199
141199
142199
143199
144199
145199
146199
147199
148199
149199
150199
151199
152199
153199
154199
155199
156199
157199
158199
159199
160199
161199
162199
163199
164199
165199
166199
167199
168199
169199
170199
171199
172199
173199
174199
175199
176199
177199
178199
179199
180199
181199
182199
183199
184199
185199
186199
187199
188199
189199
190199
191199
192199
193199
194199
195199
196199
197199
198199
199199
200199
201199
202199
203199
204199
205199
206199
207199
208199
209199
210199
211199
212199
213199
214199
215199
216199
217199
218199
219199
220199
221199
222199
223199
224199
225199
226199
227199
228199
229199
230199
231199
232199
233199
234199
235199
236199
237199
238199
239199
240199
241199
242199
243199
244199
245158
246158
247158
248158
249158
250158
251158
252158
253117
254117
255117
256117
257117
258117
259117
260117
261117
262117
263117
264117
265117
266117
267117
268117
269117
270117
271117
272117
273117
274117
275117
276117
277117
278117
279117
280117
281117
282117
282912
283461
284256
284723
285723
286723
287600
288477
289477
290395
291354
292272
293190
294108
294780
295616
296001
297001
298001
299001
300001
