0
53000
0
1711
0
0
290
983
20
996
871
2129
0
0
1
999
0
0
0
0
1002
0
1002
0
997
0
0
1000
0
0
0
0
0
0
1001
0
0
0
0
0
0
0
0
0
0
1005
0
0
0
0
0
0
0
0
0
0
1002
0
0
0
0
1002
0
0
0
0
993
0
0
0
0
1002
999
55
1000
1001
3999
0
1000
0
0
1002
0
1001
1000
1000
1004
0
997
1000
1000
1001
1000
1001
0
1001
324
2157
1500
998
2001
999
0
0
1000
1004
0
998
90
362
1002
0
738
1005
0
999
998
1001
2000
472
1238
2002
2159
839
0
0
1001
0
1002
1779
1220
0
2000
998
616
386
2998
1000
0
1000
1007
0
1000
994
1000
999
1002
1001
1001
996
1002
998
108
1002
998
300
540
468
2001
0
0
1003
0
1000
998
1002
999
1001
664
1005
0
999
997
1002
0
1001
135
1001
1414
135
444
1002
0
1002
1996
1000
1002
1999
0
0
2001
0
0
1003
0
1004
345
1002
0
1001
1001
1003
996
1001
1605
393
999
2663
336
1000
605
400
1619
1000
1002
0
1001
1387
611
1000
2003
0
1002
0
1004
1002
997
998
1000
1000
380
1002
0
1000
1000
999
518
2997
0
1000
1002
652
69
1996
0
1004
0
1000
1001
997
1002
1998
998
1001
0
183
1005
997
0
720
283
1930
74
0
997
1000
1000
2000
0
361
28
1004
0
999
1001
998
1005
994
220
1003
0
998
1003
2707
194
1001
0
1001
1000
1345
0
1007
0
1546
999
1000
1002
0
1001
1000
998
1000
1002
0
999
1000
1002
1997
1000
532
471
210
1000
1006
0
1000
998
999
1003
1
1002
1001
366
989
1000
1001
1001
999
1001
0
102
1004
0
1002
997
1004
1003
1000
1003
996
1001
1000
1002
997
1001
999
1002
998
1001
1000
1001
1123
0
1010
0
1000
1002
998
1001
1000
1002
997
1001
1000
1001
998
1000
1027
1037
967
1127
906
944
992
1000
1028
999
971
1001
999
1030
969
1001
1000
1001
998
999
1001
999
998
997
1001
1000
999
1001
1000
1000
0
1001
1000
1000
845
1157
0
1002
0
999
1001
43
1003
0
1000
1002
1001
998
999
1000
1001
1037
1004
0
1000
998
1003
1000
999
999
1000
1001
752
1006
0
1001
999
998
1001
1001
999
999
1002
999
1000
999
1001
1000
768
1496
0
1007
0
1000
1002
998
1002
998
1001
999
1001
998
1003
998
1203
0
1007
0
515
985
1007
1001
79
988
996
965
268
762
946
605
31
229
1002
107
926
1078
0
1010
0
1001
998
1002
998
1000
1001
999
1000
999
1001
1000
111
880
1106
0
1008
0
1003
998
1166
0
1010
0
998
1001
1002
997
1001
1003
1080
0
1008
0
1001
610
1008
0
1001
1004
999
998
1001
999
1001
997
1175
0
155
860
1125
0
1126
0
48
1008
0
896
1179
0
1009
0
999
1000
1001
947
311
805
212
984
1010
244
988
997
1006
465
979
1008
130
1010
0
573
725
1431
0
1032
1006
0
1004
999
999
1000
1000
1001
998
1001
1001
1001
998
1001
998
1002
998
1002
999
1001
1000
999
1002
998
1000
1001
998
326
705
314
79
994
776
147
979
1002
74
1009
0
1001
1000
1001
1131
0
1011
0
1000
1002
836
1049
765
590
187
300
1313
0
1011
0
999
1001
998
999
1000
1000
1002
999
125
979
126
895
1011
0
999
1001
1001
999
1000
271
1010
0
1002
1000
738
981
1009
1000
1045
1000
1010
0
1000
1003
997
1000
1000
1001
373
1009
0
1001
1000
670
1061
0
1012
0
999
1000
999
1003
997
1001
1001
1000
1001
998
1000
1002
997
1002
1152
0
1010
0
309
742
992
1009
1002
1000
104
240
994
1008
1001
1000
1000
1002
1001
1001
270
983
1002
1005
1000
1002
999
1001
999
1000
1000
998
1001
1001
999
204
270
42
144
1099
0
1011
0
1128
0
1012
0
999
1001
1001
999
999
999
1001
1002
998
999
1001
1000
1000
999
1137
0
978
30
1004
988
788
1012
0
998
1001
999
1002
998
1001
999
1001
999
997
1005
998
998
1002
1003
996
999
1001
1002
999
998
1001
1002
998
999
1001
1002
998
999
1002
1001
997
1001
1000
1001
839
1170
0
1011
0
1001
998
1001
513
1191
0
1010
0
999
1001
1001
1000
1000
999
1017
1029
1010
0
1001
1000
999
1000
789
1010
0
1000
1002
407
980
1008
1002
1001
999
1009
38
1007
0
1002
1002
1000
1002
998
999
1001
1001
998
1001
1000
1022
0
1015
0
1002
1082
0
1013
0
996
616
1014
0
995
1004
1000
1000
997
1003
1000
1000
998
1002
1000
1000
998
1002
1000
999
998
1003
999
999
999
1003
998
999
999
1004
998
1000
999
1002
999
999
1000
1002
998
1000
1000
1000
1000
1000
1000
1000
1000
999
1001
1000
1000
1000
1000
1000
11
1213
0
1009
0
60
981
1007
1001
1001
655
143
993
241
61
993
1001
1005
1005
995
1000
1000
1002
998
1000
1000
1002
998
1000
1002
1000
998
1000
1054
1000
1008
0
1002
1002
997
1000
1002
1000
998
1000
1001
1001
998
1001
1000
1001
998
544
544
992
1006
1004
996
1002
1000
194
989
993
1009
1003
997
1000
1001
1000
998
1002
1001
324
1011
0
1000
1002
996
1001
1001
1001
997
1002
1053
0
1011
0
1001
1001
996
1004
1024
835
181
990
83
988
1007
1004
998
1002
999
1001
997
232
167
1010
0
1001
1000
1000
1137
0
818
1189
0
1009
0
1030
0
996
1003
999
1001
999
1001
999
1001
999
830
1228
0
1011
0
1002
997
1003
1002
745
515
66
991
1008
1002
1000
999
1000
999
1001
1000
1208
0
1012
0
997
1001
999
1001
999
1001
1155
0
1010
0
1002
1000
139
986
997
1007
1001
1000
1000
1000
999
1000
1001
1000
109
988
996
1008
844
981
1009
1000
1000
1001
1000
588
613
458
1009
0
1002
1002
998
1000
206
989
991
1008
615
519
1008
0
1002
1002
998
1000
1001
597
1011
0
999
1002
999
999
1000
1002
1000
998
1000
1002
1000
997
939
389
691
995
1007
1004
1000
997
906
117
1008
0
1006
1003
999
999
1003
999
1001
997
1001
1001
998
1001
999
1001
1001
999
1000
60
984
997
1008
1001
84
782
1119
0
1010
0
1003
304
982
1007
1004
1180
0
1011
0
999
1004
997
1001
1000
1001
997
1002
998
1003
996
1002
999
1003
997
1000
1000
1003
996
1001
1000
1003
996
1001
1000
1003
996
1001
1000
1003
996
812
983
1011
997
1000
1000
1002
998
1000
999
1002
998
1001
1028
1008
0
1002
999
1002
998
1000
1002
999
1001
1003
997
999
999
1070
12
1009
0
1003
998
1002
1000
1000
998
1003
997
1002
997
1003
608
997
1013
0
998
1000
1000
1004
30
999
998
1003
1001
1113
0
1006
0
1004
999
998
1001
999
1000
50
1000
1007
0
1002
999
1000
999
1001
1086
0
840
1165
0
1006
0
1002
999
999
1000
1001
999
506
989
1004
1000
1003
997
1000
999
1001
1000
999
760
1007
0
1001
1000
1000
997
1002
1001
999
998
1000
999
1001
999
1001
999
1000
1001
1001
998
1000
1001
1000
999
1000
1000
1001
1000
998
1000
1003
997
1000
1002
999
999
1002
1003
0
999
12
1002
0
1000
1002
998
1000
1000
1002
998
1000
1000
1002
999
1001
999
999
999
1002
1000
999
1001
1000
1000
999
1001
1000
1000
999
1000
1001
1000
999
1000
931
1060
1170
282
1000
1003
0
999
1000
1001
1001
998
1002
999
1001
998
1000
1001
1001
998
1000
1001
1001
1000
998
1002
1000
998
1002
998
1001
999
999
1002
999
999
1001
1001
998
1003
997
1000
1000
1001
999
1001
999
1001
103
1001
0
1001
999
1001
1000
999
1000
1000
1001
999
0
293
0
9
15
0
0
0
11
0
0
3
0
0
0
7
0
0
2
11
0
0
3
9
0
0
2
10
0
0
3
15
0
0
4
8
0
0
6
12
0
0
8
0
0
2
11
0
0
3
9
0
0
0
5
0
0
2
10
0
0
6
12
0
2
9
15
0
0
8
13
0
0
4
0
0
0
5
0
0
3
7
0
0
1
10
0
0
4
9
0
0
8
13
0
0
3
9
0
2
10
15
0
0
9
0
0
0
6
0
0
1
12
0
0
0
9
0
0
0
10
0
0
2
9
0
0
7
12
0
0
9
12
0
0
7
0
0
0
7
0
0
5
8
0
0
0
9
0
0
0
7
0
0
0
9
0
0
5
12
0
0
6
12
0
0
3
0
0
0
6
0
0
2
4
0
0
0
7
0
0
0
8
82
331
317
570
490
433
636
0
547
379
1475
1445
949
649
971
1042
246
1811
1781
1447
1417
405
477
5373
5343
5313
5283
5253
5223
675
861
679
3848
3818
3788
3758
1432
1402
0
1909
1879
731
867
1549
1519
973
1360
1583
1553
3715
3685
3655
3625
3845
3815
3785
3755
63
2690
2660
2630
10987
10957
10927
10897
10867
10837
10807
10777
10747
11509
11479
11449
6726
6696
143
1861
1831
3031
3001
2971
2941
19760
19730
19700
19670
19640
19610
19580
19550
19520
19490
19460
19430
19400
19370
19340
19310
19280
19250
19220
19190
14579
14549
3624
3594
3564
3534
3419
3389
3359
3329
7146
7116
7086
7056
7026
6996
6966
6936
24957
24927
24897
24867
24837
24807
24777
24747
24717
24687
24657
24627
24597
24567
24537
29499
29469
29439
29409
29379
29349
29319
29289
34116
34086
34056
34026
33996
33966
33936
33906
33876
33846
33816
33786
32535
32505
32475
26699
26669
27415
27385
23783
23753
23723
8363
19593
19563
19533
19503
19473
19443
19413
19383
19353
19323
19293
19263
19233
19203
19173
19143
19113
19083
19053
19023
35257
35227
35197
35167
35137
35107
35077
35047
35017
34987
34957
34927
34897
34867
34837
34807
34777
34747
34717
34687
34657
34627
34597
34567
34537
34507
34477
34447
39386
39356
39326
39296
39266
39236
39206
39176
42550
42520
42490
42460
42430
42400
41313
41283
43290
43260
43230
43200
43170
33774
33744
33714
33198
33168
33138
31827
31797
31767
31737
31707
31677
31647
31617
31587
31557
31527
31497
31467
31437
31407
31377
31347
31317
31287
31257
31938
31908
31878
31848
31818
31788
31758
31728
31698
31668
31638
31608
31578
31548
31518
31488
27871
27841
27811
31997
31967
31937
31907
31877
31847
31817
31787
31757
31727
31697
37785
37755
37725
37695
37665
37635
37605
37575
35642
35612
35582
35552
35522
35492
34187
34157
34127
34097
34067
34037
34007
33977
41021
40991
40961
40931
40901
40871
40841
40811
40781
40348
40318
40319
40320
40321
45861
45862
45863
45864
45865
45866
68125
68095
68065
68035
68005
67975
67945
67915
67885
67855
67856
67857
67858
67859
67860
67861
67862
67863
67864
67865
67866
67867
68442
118412
118413
118414
118415
118416
118417
118418
118419
118420
118421
118422
118423
118424
118425
118426
118427
118428
118429
118430
118431
118432
118433
118434
118435
118436
118437
118438
118439
119717
119718
119719
119720
119721
119722
119723
119724
119725
119726
119727
119728
119729
119730
119731
119732
119733
119734
119735
119736
119737
119738
119739
120442
121442
122442
123442
124442
125442
126442
127442
128442
129442
130442
131442
132442
133442
131807
133263
134573
134807
135807
136807
