3.41805
3.84
3.36
3.04
2.72
4.16
2.88
3.2
2.72
4
3.6
3.04
1.92
2.08
3.04
2.88
2.88
3.36
3.52
3.68
3.84
4
3.2
3.04
1.92
3.36
2.24
1.92
2.56
3.52
2.88
2.08
2.88
3.04
4.16
1.92
3.52
5.28
3.52
4.16
3.84
3.04
3.04
4.48
3.04
3.36
4
2.56
4.16
4.16
3.84
5.6
4
2.88
3.04
2.24
2.56
3.36
4.16
3.36
4
4.32
3.36
4.16
3.04
7.2
4.48
4
5.44
4.96
4.32
7.04
3.36
3.2
6.4
3.52
6.4
4.48
5.92
3.84
6.56
3.36
3.52
5.76
4.96
4.96
4.64
6.88
4
4.88
5.76
5.92
4.16
3.36
4
5.92
2.88
6.56
3.68
4.8
4.32
4.32
2.88
5.76
3.68
5.92
4.32
3.68
5.12
6.4
5.76
2.72
5.28
4.96
5.92
3.36
3.04
4.8
5.28
5.44
4.8
6.4
6.4
1.76
4.74667
5.28
3.36
5.28
4.48
2.88
6.08
3.36
4.48
4
4.96
6.08
5.28
4.16
3.2
5.6
3.52
5.12
4.64
5.44
4.24
5.76
3.84
2.4
6.88
3.68
5.44
3.84
6.24
6.72
3.36
3.04
5.76
4.96
4.96
2.72
4.96
4.48
3.36
4.8
3.68
6.24
6.08
1.6
5.04
7.2
4.48
4.48
7.68
3.36
3.36
4.32
6.4
4
5.6
5.28
4.8
4.64
5.76
5.76
3.36
2.72
3.52
6.88
3.36
6.88
3.52
4.32
8.16
2.72
6.4
3.04
3.52
5.28
6.56
4
4
6.4
5.92
3.52
4
4.96
3.36
6.24
3.84
3.2
5.6
4.48
4.96
4.32
4.48
5.12
4
3.52
6.4
5.44
3.04
4.96
6.4
3.52
5.76
2.88
6.08
4.16
6.08
2.72
5.6
4.8
4.64
5.44
4.16
5.44
6.08
3.2
5.44
3.68
2.88
6.08
6.72
1.92
4.32
5.44
5.44
7.68
3.04
6.48
4.48
3.52
6.24
4.16
6.88
5.12
3.36
3.36
5.44
6.72
3.2
2.08
6.56
5.92
3.36
6.24
6.08
3.84
3.52
4.8
5.92
6.24
5.28
3.2
5.44
3.68
5.44
2.72
3.36
5.92
6.72
2.56
5.44
3.36
6.08
5.76
4.48
5.6
3.04
10.08
3.84
5.44
4.96
6.24
4
5.92
5.12
6.56
4.64
3.52
3.84
4.48
3.04
4.96
5.28
3.52
3.84
6.4
4.64
4.8
4.96
4.8
4
4
5.12
3.84
3.68
4
4.48
5.12
3.52
3.84
5.76
4.64
3.68
4.8
3.68
3.84
3.84
4.64
3.52
3.84
4
3.2
3.52
3.52
4.96
4.32
3.84
2.08
3.68
5.12
3.84
3.84
3.36
3.52
3.2
3.84
3.68
3.36
4.64
5.12
4.64
5.12
6.56
4.48
3.84
4
4.8
2.72
4
4.32
3.84
4.16
3.68
3.84
5.28
4.8
2.4
2.72
3.52
4.64
2.72
5.2
3.48
4
5.44
4.42667
4.72
4
5.92
3.84
4.8
4.53333
2.96
4.16
4.32
4.8
2.56
3.36
4.05333
5.12
4.32
4.32
3.12
4.48
3.68
3.36
4.96
3.68
5.6
4.8
5.92
5.28
3.84
4
4.64
5.28
4
5.28
4
5.12
5.28
5.44
3.36
4.72
4.96
4.64
4
5.92
5.12
2.88
4.48
3.04
3.52
4.32
4.16
4.96
4.96
4
4
4.16
3.68
4
3.2
5.6
5.6
5.52
4.48
6.56
4
2.24
5.6
4.96
5.12
4.32
4.64
3.36
5.44
4.8
5.44
3.2
4.96
2.88
4.48
3.52
3.52
4.8
3.84
4.32
4.48
3.2
4.16
3.52
5.12
3.68
5.12
3.52
4.64
4.16
4.16
3.04
5.76
2.4
4.48
4.96
3.52
4.48
3.52
4.96
2.4
2.4
4.32
4.48
4.16
4
3.68
4
5.12
3.36
4.32
3.68
4.32
4.32
4.8
3.84
3.52
5.6
3.36
5.28
4.32
3.68
4.8
4.32
5.28
4
3.2
5.12
2.88
4.64
5.12
3.36
4
5.6
5.28
4.8
3.36
6.08
4
1.76
4.48
3.36
3.04
5.12
4.64
3.84
5.28
4.8
4.48
4.32
4.96
2.72
4.8
4.64
4.48
4
4.64
4.48
3.36
3.2
5.92
3.2
4
3.84
3.36
3.68
4
3.36
4.48
4
4.16
4.16
4.64
4.16
4
4
4.48
3.52
2.56
4.96
5.76
3.2
4.64
5.12
5.44
6.24
5.28
6.24
4.48
5.44
4.8
4
3.68
3.84
4.48
3.52
4.96
3.52
3.36
3.84
3.68
4.16
1.28
4.32
4.32
4.32
3.04
3.36
4.16
4.96
4.64
4.8
2.88
3.84
4
4
3.84
4.48
3.84
4.48
4.48
3.52
4.64
3.84
3.84
4.32
3.52
4
4.16
4.48
3.04
4.8
4.64
3.84
4.32
3.84
4
2.88
2.88
2.88
3.04
2.72
2.56
3.36
3.84
4.8
4.96
3.68
4.32
4.96
3.52
3.84
4.16
4
4.16
4.48
2.72
3.68
3.84
3.68
5.12
4
3.84
4.96
4.16
4.16
2.88
3.04
2.88
2.88
3.68
3.68
4
4.16
4
3.84
2.72
4.32
4.32
2.08
2.4
3.68
4.48
4.16
4.48
3.68
4.8
2.4
4.16
3.84
3.52
3.52
3.2
3.68
4.96
3.68
2.88
3.84
4
1.44
3.52
4.32
4
3.36
4
3.36
3.04
2.56
2.72
3.68
4.16
4
5.92
6.4
6.24
4.48
4.16
4.96
2.56
4.16
3.84
4.96
2.08
4.64
3.68
5.12
4.96
3.68
4.48
3.2
3.84
4.32
2.56
1.92
3.04
2.24
4
2.56
3.52
4.16
4.16
3.52
4.8
3.2
3.84
4.48
3.68
4.32
4
4.16
3.36
4.16
3.04
3.52
3.84
3.84
1.28
4
4.16
4
3.36
4.32
4.64
3.04
4.32
3.68
3.84
3.68
3.84
3.68
4.32
2.56
3.04
2.24
3.84
3.68
5.6
4.48
4.48
6.56
6.24
4.8
4.16
4
3.2
2.4
3.36
4
4
4.64
4.48
4.16
3.52
2.24
4
3.04
3.04
3.84
3.52
2.88
2.4
3.52
2.08
3.04
3.84
2.88
4
4.32
3.84
4
4.32
2.72
3.2
4
4.64
4.64
3.2
3.36
4.32
3.52
4.16
2.72
3.68
4.16
4.32
4.16
3.84
3.84
3.68
3.84
4.16
3.36
4.16
3.84
3.36
3.2
4
4
3.2
3.04
4.48
4.32
5.12
5.92
6.08
4.64
3.84
3.36
3.04
3.84
2.88
4.8
4.16
4.48
4.8
4
4.48
3.84
4
4.16
3.68
4.16
3.68
3.68
3.36
2.56
3.2
2.72
3.52
1.92
3.2
4
3.84
2.56
2.24
3.04
4.16
4.48
3.36
3.84
4.16
4.64
3.04
3.36
4.16
5.44
2.88
3.84
3.36
4
3.68
4
4.32
3.84
3.68
4.48
3.68
3.52
4
4
3.68
3.68
4.8
2.88
4.16
4.8
5.28
5.6
6.08
4.16
3.2
3.84
3.84
2.72
3.36
4.64
4.16
5.28
3.52
3.84
4.8
3.52
4.64
4.64
3.84
3.68
4
4
3.04
3.68
4.16
3.36
3.36
1.92
2.56
2.56
2.88
2.88
4
4.32
3.36
3.68
3.84
4.48
3.68
4.48
3.68
3.52
2.88
3.84
3.84
4.48
3.84
2.08
3.36
4
3.68
4.16
3.68
4.32
3.36
3.84
3.04
4
4.32
4
4.96
2.72
4.16
4.8
5.12
4.96
4.32
5.28
4
3.84
4.48
2.72
3.2
4.64
4.32
6.08
3.68
4.32
4.16
4.32
3.68
2.56
3.84
3.84
3.84
1.76
4
2.88
4.32
3.68
3.52
3.36
2.88
3.04
2.72
1.92
3.36
4.16
3.04
4.32
2.72
3.84
3.84
4
4
1.28
3.68
4
3.68
3.52
4.32
3.2
4
4.48
3.68
4
4.32
3.36
3.36
4.16
2.56
3.84
3.84
1.76
3.04
4.64
4.64
6.08
5.6
5.12
4.64
3.2
2.88
2.72
3.84
4.48
2.88
4.8
3.84
4
4.96
4.16
4.8
4
1.44
4
4.16
3.36
4.48
3.68
4.32
4.32
4.32
4
3.84
4.16
4.16
4
4.48
3.04
2.56
2.72
1.44
1.76
2.72
3.52
2.72
3.68
4.32
4.16
2.88
2.56
3.84
4
4
4.16
4.48
4.16
2.24
4.8
1.92
3.52
4
3.52
3.36
3.04
4.48
2.72
3.2
4.96
5.76
4.48
6.24
6.08
6.24
4.96
2.56
1.6
2.08
2.72
3.04
4.48
4.16
3.68
4.8
3.36
3.84
4.64
4
4.16
4.32
3.52
3.2
3.68
3.68
4.32
4.8
3.04
2.88
3.84
4.16
4.16
2.08
3.84
3.84
4.16
3.36
2.4
2.08
2.56
2.56
3.68
2.88
4
3.36
4
3.52
2.56
4
3.84
1.44
3.84
4
3.68
3.52
3.68
4.16
3.84
4.16
3.68
4.16
4
3.36
4.64
5.6
4.8
4.16
6.4
6.72
5.12
2.4
2.4
3.04
2.56
3.36
1.92
2.72
3.52
5.92
2.88
3.52
4.16
4.16
4.16
3.84
4.64
3.36
3.84
4.16
2.56
3.68
3.84
3.36
3.52
4.16
4.32
3.84
4
3.2
4.16
3.68
3.84
4
4.48
1.92
1.76
2.08
2.56
3.36
4
3.04
4.16
4.8
3.04
3.84
3.52
3.36
4.8
4.64
4
3.68
3.36
3.52
3.84
3.84
3.44
4
3.84
2.56
4.48
4.8
5.12
5.28
6.08
2.88
4.48
2.88
2.56
3.04
2.88
2.88
5.28
3.68
3.36
3.36
4.48
4
3.84
3.84
4.32
3.52
4.16
3.04
4
3.2
4
4
3.84
3.84
4.16
4
3.36
3.84
2.72
3.84
3.84
1.44
3.52
4.16
3.04
1.92
2.88
2.56
2.88
3.36
3.2
3.68
4
3.36
3.84
3.84
3.68
3.04
4.16
3.68
3.04
4.32
2.24
3.52
3.84
4
4.16
4.96
5.12
4.64
4.8
4.32
3.36
3.36
4
4.64
4.16
2.4
4.16
2.72
0.96
2.56
2.56
2.72
3.04
4.16
4.16
4
3.84
3.84
3.84
3.36
4.16
4
4
4
2.4
3.68
4.16
4
4
4.48
3.2
2.72
2.72
2.4
2.88
2.88
3.84
3.68
4
4.16
1.76
3.04
2.4
2.24
3.36
4
3.84
2.72
2.88
3.36
3.84
3.36
3.36
4.48
4.64
3.84
4
3.84
3.84
3.2
4.64
3.84
3.2
3.68
3.68
3.84
3.84
3.52
3.36
4.32
3.84
4.48
3.68
2.08
2.56
2.88
2.24
3.36
4.16
3.36
3.68
4
3.36
3.04
3.84
3.84
4
3.84
2.72
2.56
3.36
3.36
4.32
4.64
4.48
2.88
3.04
2.88
2.56
2.08
3.36
2.72
3.52
4.32
4.64
3.2
2.56
1.6
2.56
2.88
3.52
4
4
2.88
2.4
2.56
2.72
2.56
2.56
2.88
2.88
2.56
2.08
2.4
2.88
1.44
2.56
1.92
2.88
2.72
2.24
3.36
2.88
2.4
2.56
3.04
1.92
1.44
1.28
1.12
1.6
1.12
0.8
1.44
1.92
1.76
2.4
3.2
2.88
3.04
3.52
3.2
3.36
2.56
0.08
0.16
0.32
1.44
1.76
2.24
3.84
4
3.68
4.64
5.28
10.08
7.36
3.36
8.16
6.88
4.96
4.32
4
2.32
0.48
1.44
3.36
2.56
5.12
4
3.52
3.36
4.8
4.16
2
0.32
2.08
0.64
3.04
4.48
4.32
4.64
5.44
5.44
4.96
6.08
3.52
5.12
6.24
4
4
4
3.52
4.32
4.8
5.12
5.6
4
5.76
5.44
4
4.64
6.4
5.44
6.4
3.36
6.08
4.96
5.6
3.68
3.52
4.16
4.64
3.52
4.32
2.72
5.6
5.76
6.24
6.08
7.36
4.48
4.48
4.16
5.33333
6.24
6.24
6.88
5.92
7.84
7.2
13.6
7.84
6.24
10.88
9.76
9.12
9.92
6.56
7.36
11.36
10.72
6.08
8.96
7.04
6.88
9.6
8.8
10.08
12.64
11.52
9.28
7.2
12.96
12.8
10.56
14.08
13.12
13.6
12.32
13.92
15.2
5.76
10.72
9.92
9.92
11.52
13.44
10.72
13.44
15.04
13.44
13.28
13.92
14.08
10.72
14.24
15.04
16.48
14.24
13.28
6.56
13.44
13.12
15.2
15.04
14.72
12.48
12.8
10.4
9.76
15.68
14.88
14.72
15.2
14.56
14.08
16.16
16.32
12.48
11.84
6.08
17.28
11.52
12.96
10.72
10.24
14.4
14.56
14.4
13.12
13.92
13.76
12.96
12.48
16.48
17.28
15.84
15.84
14.4
7.2
13.92
13.6
11.68
17.12
14.88
18.4
16.48
16.96
17.92
15.2
12.96
16.48
14.08
16.48
12.32
18.08
17.12
16.96
7.36
17.76
10.72
10.08
17.44
19.2
16.8
16.64
17.12
16.16
12.96
15.2
15.68
15.68
16.8
16
16.16
17.28
16.32
8.8
16.48
19.04
17.92
17.44
17.92
16.72
18.88
17.44
17.52
15.36
17.92
17.6
19.36
17.12
18.88
17.28
11.84
12.16
16.8
18.4
15.52
17.44
16.32
12.72
10.56
8
9.28
8.48
15.52
18.72
18.4
15.68
18.4
8.32
16.96
17.76
15.52
15.76
17.76
18.24
14.88
17.52
18.4
18.56
16.32
15.76
10.08
5.6
12.48
11.04
12.16
12.48
8.88
8.8
11.2
14.56
12.88
14.432
11.84
15.52
18.4
15.52
17.6
18.08
17.6
17.6
17.2
16.48
15.68
18.72
16.32
17.92
11.68
18.88
16.72
16.16
15.04
11.04
14.24
16.96
16.8
13.52
14.08
15.52
16.96
17.44
7.68
16.88
15.84
13.6
16.8
12.48
12.32
14.4
14.24
16.48
14.88
16.416
17.76
14.88
18.72
8.32
16.4
14.88
15.76
16.64
15.84
17.6
17.76
15.2533
16.4267
17.12
8
16.96
16.32
18.08
17.12
16.48
16.16
16.32
17.28
16.16
17.44
18.56
17.12
18.24
15.36
16.96
19.04
15.84
16.48
7.68
16.8
17.6
17.12
14.72
16.32
16.96
16.32
16.32
17.92
16.64
8.8
16.16
16.32
18.56
15.84
15.84
16.8
17.28
8.8
16
19.2
16.16
17.6
12.8
14.76
15.36
18.08
16.64
17.76
13.12
12.16
15.2
16.8
18.24
17.76
8.32
18.4
18.08
14.08
17.68
18.56
17.12
17.6
18.4
18.3467
17.6
18.3467
16.96
16.96
9.6
19.04
16.8
19.04
14.72
13.6
17.12
18.72
17.76
17.76
16.48
17.6
16.32
16.96
17.92
15.04
13.92
13.92
17.76
16.32
16.48
18.4
18.08
14.24
19.2
16.64
19.2
14.24
17.12
15.52
12.32
18.88
18.1867
8.96
17.52
18.4
19.2
16.48
17.76
18.56
14.48
17.6
11.2
9.92
16.48
15.52
16.48
7.04
16.16
16.96
17.44
17.76
8.56
7.04
9.12
8.48
9.12
7.52
8.32
9.28
10.4
9.28
8
8.96
6.96
9.36
9.92
7.36
7.68
12.28
10.8533
9.312
16.8
17.6
17.28
17.2343
16.64
16.8
12.84
17.12
18.88
17.36
7.168
5.84
3.36
4
3.2
2.4
3.52
2.88
18.24
19.2
14.88
1.12
1.28
0.64
0.16
0.8
1.12
0.16
0.64
0.16
0.48
0.48
0.64
0.32
0.32
0.48
0.32
0.32
0.64
1.76
0.8
0.32
0
0.32
0.96
0.8
0.64
0.8
0.16
0.8
1.12
1.12
0.48
1.28
0.32
1.12
0.8
0.32
0.64
0.48
0.16
0.8
0.64
0.16
0.96
0.96
0.64
0.32
0.12
0.106667
0.16
0
0
0.16
0
0.0228571
0
0
0
0.0355556
0
0
0
0
0.16
0.0533333
0.12
0
0.08
0
0.0266667
0
0
0
0
0
0.08
0.04
0
0.08
0
0
0.16
0.0533333
0
0.0685714
0
0
0
0
0
0.16
0
0
0
0.04
0
0
0
0.0533333
0
0.08
0
0.0266667
0
0.08
0
0.04
0.08
0
0.106667
0.08
0
0.106667
0
0.08
0
0.106667
0.08
0
0
0
0.0533333
0
0
0
0.0123077
0
0
0
0.32
0
0.08
0.064
0.0533333
0
0
0.04
0
0
0.16
0
0
0.16
0
0.0533333
0
0.096
0.16
0.16
0.0533333
0
0
0
0.0228571
0.08
0
0
0.08
0
0
0.04
0.08
0.032
0
0
0
0
0.16
