3.41854
3.36
3.36
2.08
3.2
2.88
3.52
3.68
2.56
3.84
4.16
3.57333
4.16
2.08
3.04
2.4
2.08
2.72
2.88
2.4
1.76
1.92
1.28
3.04
1.92
3.04
3.68
2.24
0.8
3.52
3.04
2.4
2.24
3.2
3.84
2.88
3.36
4.48
3.52
2.72
2.56
3.2
4.64
3.84
3.04
3.36
4.96
3.04
2.72
3.2
4.32
3.36
4
2.88
4.48
3.04
6.08
3.36
3.68
4
1.76
3.36
4.64
3.84
3.68
2.56
3.52
3.84
4
4.64
5.28
4.56
5.76
5.6
3.52
4.8
6.56
3.2
2.08
4.96
4.64
6.08
5.44
8
2.72
6.08
3.84
5.12
4.48
4.32
6.08
3.52
6.56
4.16
4.88
4
7.2
4.32
4.48
3.2
6.88
2.72
6.4
3.36
5.6
4.16
4.32
4.16
4
5.76
5.28
3.36
4.8
5.28
4
6.4
2.4
4.64
4.8
4.48
5.92
3.04
4.32
5.28
6.72
3.68
6.4
4.8
3.68
3.04
5.68
5.6
4.16
3.68
4.32
4.32
5.28
2.72
4.32
3.52
4.96
4.48
5.28
2.88
5.92
5.92
4
5.76
4.8
5.92
3.84
4.96
7.68
3.68
2.24
5.44
3.2
5.12
5.76
4.16
7.68
3.36
5.76
4.48
3.36
4.64
5.6
3.04
4.32
4.64
3.04
4.8
5.76
5.12
1.6
6.88
4.16
5.44
4.48
5.6
7.2
3.52
3.68
4.32
7.36
3.36
6.08
6.24
3.2
5.76
4.96
4.32
3.68
4.48
3.04
5.6
5.28
7.04
3.68
5.76
5.44
2.72
4.96
3.36
5.76
4.64
5.44
5.28
4.32
4
4.64
6.08
4
3.84
4
8.32
4.48
4.8
5.28
6.56
4.64
3.84
5.44
4
3.84
5.12
4.96
2.88
5.12
3.52
6.72
3.68
4.8
3.36
4.56
6.56
4
4.8
3.36
7.68
3.04
5.28
4.4
4.96
4.32
6.56
4.32
3.36
8.16
4.32
1.92
4.8
5.44
6.72
5.12
3.04
5.12
4.32
6.56
4
5.28
4.16
7.04
6.4
4
2.72
6.4
6.56
3.2
2.56
6.56
5.28
3.84
6.4
5.76
3.2
3.36
5.92
3.84
5.92
3.52
4.96
4.32
5.76
3.04
6.24
6.72
3.36
6.72
2.4
4.96
3.36
6.4
5.92
3.2
6.4
3.2
10.08
3.2
5.44
6.72
3.68
5.92
4.8
5.92
5.92
5.92
5.92
2.4
4.16
5.92
2.88
3.04
5.6
4.16
4.64
4.48
4.48
4.16
3.68
5.76
2.88
3.52
3.68
5.28
4.96
4
3.04
3.36
4.64
4.64
5.76
4.96
4.64
3.36
5.28
4.8
4.16
3.84
3.84
4.48
3.52
3.84
3.36
4.32
3.2
3.2
2.4
3.68
4.64
4.16
2.88
3.84
4.8
3.36
3.52
3.52
3.68
4.32
4.96
4.96
4.64
4.32
5.28
4
4.32
4.16
2.72
5.12
4.48
4.96
2.56
4.64
3.52
5.12
4.64
3.52
2.4
2.72
4.48
3.78667
4
4.32
4.61333
5.04
3.84
5.92
4.24
3.25333
5.12
3.84
5.12
2.72
3.73333
4.8
4.16
3.84
4.48
2.08
4.64
3.76
4.32
6.4
3.84
6.24
5.44
2.72
4.48
3.2
4.96
4.16
4.88
4.16
4.64
6.24
3.36
4.4
4.48
5.28
3.04
5.6
5.28
2.08
4.48
3.36
3.52
4.48
4.32
4.8
4.96
4.16
3.52
4.16
4
3.52
5.44
5.44
5.68
4.32
6.72
3.84
2.4
5.12
4.96
4.96
4.64
4.8
3.52
5.6
5.12
5.28
3.84
4.32
3.2
4
3.36
3.84
4.48
4.16
3.52
4.16
4.16
3.2
3.36
5.12
4
4.8
3.68
4.8
4.16
3.68
3.68
5.44
2.88
4.96
3.84
4
4.48
3.04
5.12
2.88
3.2
2.72
4.8
3.36
3.2
3.68
3.68
4.96
3.04
4.16
3.52
4.96
3.36
5.12
2.88
5.44
5.28
4.64
4.16
4.16
4.16
5.28
3.68
5.92
4
3.36
4.64
3.52
4.96
4.48
3.84
3.36
5.76
5.28
4.8
3.84
5.12
3.84
2.4
4.32
3.04
3.68
5.6
4.8
4.32
4.8
4.32
4.64
4.16
5.44
3.84
4.8
4.16
4.64
4.96
4.8
4.16
3.2
3.36
5.12
4.16
3.68
4.16
3.2
3.84
3.68
3.04
4
4.48
4.32
4.64
4.64
4.16
4.64
3.84
4.96
3.84
2.08
4.96
5.44
4
4.8
5.28
4.96
6.4
5.28
5.92
4
5.28
4.8
3.68
4
3.84
4.48
4.16
4.32
3.52
3.04
2.88
3.68
4.64
1.6
4
4.32
4.64
2.08
3.68
4.16
4.48
4.16
4.16
3.52
4.48
3.36
4
3.68
4.48
3.68
3.68
4.96
3.2
4.32
3.68
3.84
4
3.2
4
4.48
3.36
3.2
4.32
4.16
4.16
4
4.32
4.48
3.04
3.36
2.72
3.04
2.72
3.04
3.52
3.84
4.48
4.96
4.16
4.16
5.12
3.84
3.84
4.16
3.84
4
3.84
2.4
3.68
4
3.68
5.28
4.48
3.52
4.16
3.68
4
2.56
2.88
2.88
2.72
3.52
3.84
4.16
4.16
4.16
4.16
2.72
4.32
4.16
2.08
2.72
3.84
4.48
4.32
4.32
3.84
4.8
2.56
4.64
4
3.52
3.2
3.68
3.84
4.64
3.68
2.88
3.84
3.84
3.84
1.6
3.04
4
4.48
3.2
4
3.68
2.72
2.88
2.72
3.52
4.48
4.32
6.24
6.88
4.96
4.8
4.48
4.8
2.56
4.32
3.68
4.96
1.92
4.8
4
4.96
4.48
3.84
3.84
3.52
3.84
5.12
1.44
2.56
3.04
2.24
3.68
3.52
3.84
3.84
4
3.68
4.48
2.88
3.84
4.16
3.84
4.48
4
4
3.36
4.48
2.72
3.92
3.84
2.08
3.52
4.16
3.84
3.04
4.48
4.64
3.36
4.64
3.52
3.36
3.68
3.52
4
4.64
2.72
3.36
2.4
3.36
4.32
5.6
4.8
4.96
6.4
6.24
4.32
4.32
3.84
3.2
2.56
3.36
3.68
4.64
4.64
4
4.32
3.68
1.92
4.32
2.72
3.52
3.52
3.36
2.88
2.88
2.88
2.56
3.2
3.84
3.2
4.16
4.32
3.84
4
4
3.04
3.2
3.84
4.48
4.32
3.36
3.36
4.48
3.36
4.16
3.04
3.84
4
4.48
3.84
4
3.84
3.84
4
3.84
3.68
4
3.84
2.88
3.36
3.52
4.48
3.36
3.2
4.8
4.48
5.28
6.08
6.08
4.64
3.84
3.2
3.52
3.52
3.2
4.16
4.48
4.64
4.16
4.16
4.48
4.16
3.68
4
3.68
4
3.68
3.68
3.36
2.56
3.2
2.56
3.04
2.88
3.2
3.68
4.32
2.56
2.56
3.04
3.84
4.32
3.68
3.84
4
4.8
2.88
3.68
4.16
4.96
3.04
4.64
2.88
3.84
4
4
4
3.84
3.52
4.8
3.04
4.16
4.16
3.84
3.84
4
5.12
3.52
4.16
4.8
4.8
5.76
5.76
4
3.2
3.36
4.16
2.72
3.2
4.8
4.48
5.6
3.2
4
4.48
3.52
4.16
3.84
4.16
3.52
3.84
4
3.2
3.36
4.8
2.72
3.2
1.92
3.36
1.12
3.36
3.36
4.48
3.84
3.84
3.04
3.84
5.12
3.52
4.32
3.68
3.68
2.88
3.84
4
4
3.84
2.08
3.84
3.36
3.84
4.64
3.52
4.32
3.2
4.32
2.88
3.84
4.48
3.84
4.8
3.36
4.64
4.96
5.12
4.96
4.64
4.96
4
3.84
4
2.72
3.68
4.32
4.8
4.96
4
4
4.32
3.84
3.68
3.04
3.84
3.84
3.84
1.92
4.64
1.92
4.16
3.68
3.84
3.04
3.36
2.88
2.56
2.08
3.36
4.48
3.2
4
2.88
3.52
3.84
4
3.84
1.44
3.84
3.84
3.68
3.52
4.64
3.04
3.68
4.32
4.8
3.2
4.64
3.52
3.68
3.84
2.72
3.84
4.16
3.04
1.76
4.64
4.96
6.08
6.24
4.64
4.64
3.04
2.72
2.56
4.48
4.16
3.04
4
4.64
3.84
4.96
3.84
4.64
4
1.6
4
4.16
3.36
4.16
3.36
4.32
4.16
4.16
4.16
3.84
4.16
4
4.16
4.64
2.88
3.04
1.6
2.4
2.72
3.84
3.52
3.52
4.64
4.16
2.88
2.72
3.68
4
4
4.32
4.48
4.16
2.88
4.32
2.08
3.68
4
3.2
3.68
2.88
4.32
2.88
3.52
4.8
5.44
5.28
6.24
6.24
5.92
5.28
2.56
1.6
2.24
2.24
3.2
4.16
4.16
4
5.44
2.72
3.68
4.32
4.32
3.68
4.48
3.2
3.04
4
3.84
4
5.76
2.24
2.88
3.84
4.48
4.16
2.24
3.84
3.84
4
3.36
2.24
2.4
2.88
2.4
4
2.24
3.68
4.32
4
3.52
2.4
4
3.84
1.6
3.68
3.84
3.68
3.68
3.52
4
4.16
4.32
3.36
4.32
4.16
3.2
5.12
5.12
5.92
4
6.72
6.56
5.12
2.24
2.72
3.04
2.72
3.36
2.24
3.04
3.04
6.08
2.4
3.36
4.16
4.32
4.16
3.68
4.32
3.68
3.84
4.16
2.88
3.52
3.52
3.36
3.68
4
4.48
3.68
4
3.36
4
3.84
3.84
4
4.8
1.76
1.92
2.08
2.56
3.84
3.84
2.88
4.64
4.48
2.4
4.48
3.04
3.68
4.8
4.32
4.16
3.52
3.84
3.04
4.64
3.52
3.44
3.84
3.84
3.2
4.48
5.44
4.8
5.28
6.08
2.4
4.8
2.56
2.72
3.04
2.88
3.2
5.28
3.84
3.04
3.52
4.32
3.84
4
4
4.32
3.68
4
3.04
3.84
3.2
4.32
4
3.68
3.84
4
3.84
3.52
3.52
2.88
3.84
3.84
1.28
3.68
4
3.2
2.08
2.56
2.56
3.68
3.36
3.36
3.68
4.16
3.52
3.52
4.16
3.2
3.36
3.84
3.68
3.2
4.16
2.4
3.68
3.84
4
4.48
4.64
5.28
4.64
4.8
4.32
3.36
3.68
4
4.64
3.68
2.72
4.16
2.56
0.64
2.88
2.4
3.36
2.88
3.84
4
3.68
4
3.84
3.84
3.52
3.84
4.16
3.84
4.16
2.56
3.52
3.84
4.48
3.84
4.64
3.36
2.72
2.56
2.72
2.72
3.04
3.68
3.84
4
4
1.92
2.88
2.72
1.6
3.84
3.84
3.84
1.76
3.52
3.2
4.32
3.68
3.36
4
4.64
4.16
4
4
3.84
3.2
4.32
3.52
3.04
4
3.52
4
3.84
3.36
3.52
3.68
4.8
4.16
3.52
2.08
2.56
3.04
2.56
3.04
4.32
3.2
3.68
4.48
2.88
3.6
3.84
4
4.16
2.88
2.72
2.88
3.2
4.16
4.48
4.96
3.04
2.88
3.04
2.4
2.24
3.04
3.36
3.04
4.32
4.8
3.52
2.24
1.6
2.56
3.36
4.32
4
4.32
2.56
2.08
2.72
2.56
2.4
2.72
2.88
2.56
2.88
1.6
2.88
2.56
1.6
2.56
1.92
2.88
2.56
2.24
3.36
3.36
2.24
2.88
2.88
1.76
1.6
1.12
0.8
1.92
1.12
0.64
1.44
1.44
1.92
2.4
3.52
3.2
3.2
3.36
3.2
3.36
1.152
0.48
0.96
0.96
1.76
3.52
3.52
3.68
4
6.56
9.44
8.32
4.8
6.72
4.96
5.92
3.84
4.16
2.88
2.08
0.32
1.44
3.68
2.56
5.12
3.84
4.16
3.36
4.8
4.16
2.56
1.28
0.48
2.56
0.8
2.56
4.64
3.84
4.32
5.6
5.44
4.8
6.08
3.2
5.6
6.24
4
4.16
4.32
4
4
4.96
4.64
5.6
3.2
6.56
4.16
3.84
5.12
7.04
6.08
5.44
3.52
6.56
5.28
4.48
3.52
4.32
4.32
4.16
3.84
4.48
3.36
6.08
5.92
5.44
6.08
8.16
4.96
4.48
3.84
5.28
3.68
6.08
5.92
7.2
6.72
6.08
7.36
8.16
11.52
9.28
7.2
12.16
9.12
8.8
10.08
6.88
8.16
12.16
11.68
5.92
9.44
7.04
6.56
9.92
8.48
11.2
11.68
11.68
9.92
6.88
11.52
13.92
13.28
13.44
13.28
12.64
12.16
13.12
14.24
5.6
9.76
9.92
10.4
9.28
11.84
11.52
12.96
14.88
12.96
14.24
13.76
15.04
12.8
14.88
14.56
15.04
13.44
12.32
6.24
12.64
11.52
15.84
16.32
10.88
12.32
10.08
14.56
11.52
14.88
13.6
14.72
15.84
14.88
14.72
16.16
16
11.68
12.8
6.56
17.12
14.08
10.88
12.16
10.4
15.2
14.72
12.8
15.52
11.84
11.84
12.64
13.44
16
15.68
13.12
16.8
15.52
7.04
13.92
15.04
11.84
17.28
16.64
17.6
17.92
16.48
18.56
15.36
12.64
14.4
13.28
16.24
13.92
15.68
16.64
15.84
9.28
16.96
16.8
13.76
16.16
19.2
16.96
17.44
15.2
16
14.08
14.72
16.32
15.52
16.48
15.84
16.48
15.68
15.68
8.32
15.36
17.6
17.28
16
16.48
17.7067
16.8
17.6
14.4
18.24
17.28
18.88
17.28
18.08
17.76
18.4
7.04
13.12
14.24
15.2
18.88
14.72
18.24
14.08
14.24
10.72
10.08
8.8
8.16
17.44
17.76
17.12
16.64
16.16
8.32
16.48
16.48
16.64
17.36
17.76
17.76
16.88
17.6533
16.8
17.76
16.08
10.56
5.28
13.04
12.48
13.76
14.4
8.88
9.44
11.36
14.88
13.92
16.32
14.28
12.64
8.8
17.6
15.68
17.6
16.96
16.64
19.04
17.92
18.04
16.8
17.28
14.08
17.44
13.28
17.28
18.8
16
11.68
12.24
17.28
18.24
12.96
15.04
11.76
16.4
14.56
16
17.6
7.52
15.92
15.52
14.88
16
10.24
11.36
13.12
17.28
16.64
16.64
14.96
16.96
15.84
17.6
8
15.68
14.24
17.68
18.08
12.64
16.96
17.28
17.28
16
15.4667
16.9067
12.08
16.96
18.08
13.76
16.48
15.84
16.8
17.28
17.12
16.56
17.6
14.88
17.28
17.28
15.84
16.48
15.04
16.16
6.88
16.64
16
16.8
16.8
16.16
17.6
14.88
15.84
15.36
16.96
10.72
16.16
16.32
17.6
16.16
16.48
14.88
8.64
17.28
16.48
17.76
15.36
15.6
15.0933
15.68
14.72
18.4
17.28
16
13.44
11.84
16.8
17.6
17.28
8.8
17.44
17.44
17.6
18.24
15.2
19.04
16.96
18.4
17.4933
18.08
17.8133
19.2
17.92
8.8
18.56
18.24
18.88
15.36
16.64
19.2
17.6
14.24
19.2
16.3733
18.4
16.32
16
16.8
14.16
17.76
16.16
16
17.6
17.84
17.44
15.68
19.2
17.6
17.44
16
19.2
17.5467
8.8
17.52
15.04
18.88
18.4
17.44
16.64
18
17.44
17.6
14.16
10.4
14.88
18.24
16.16
17.44
7.84
17.44
14.56
19.2
11.2533
8.24
9.6
7.84
8.8
9.6
9.6
8
6.4
8
4.96
8.74667
9.92
8.48
8.08
11.2
13.52
12.16
9.66
13.9467
19.04
16.16
17.04
17.52
18.16
16.96
17.28
11.8933
15.68
17.76
18.16
17.12
6.44
6.56
4.32
3.68
2.72
2.88
3.52
2.88
18.24
19.2
14.56
1.6
1.76
0.48
0.32
0.48
0.48
0.32
0.8
0.16
0.48
0.16
0.64
0.64
0.16
0.48
0.16
0.48
0.8
2.08
0.48
0.8
0.16
0.64
1.12
0.64
0.48
1.6
0.32
1.12
0.96
0.8
0.48
0.48
0.32
0.96
0.96
0.16
0.96
0.64
0.96
0.48
1.28
1.12
1.12
0.96
0
0.8
0.72
0.08
0.16
0
0.106667
0
0.08
0
0.08
0
0.04
0.08
0
0
0
0.08
0
0
0
0
0.106667
0
0.08
0
0.0533333
0.08
0
0.16
0
0
0
0.16
0
0
0
0
0
0.032
0
0.04
0.0533333
0.08
0.04
0
0.04
0.08
0.16
0
0.0355556
0
0.0533333
0
0
0.08
0.048
0
0
0
0
0
0.0533333
0
0
0.12
0.02
0.0533333
0
0
0.16
0.08
0
0
0
0.04
0.08
0
0
0.032
0
0
0
0
0
0
0
0
0
0.0533333
0.16
0
0
0
0.213333
0.16
0.04
0
0
0
0.0711111
0
0
0
0
0.12
0
0.0533333
0
0
0.16
0
0.08
0
0
0
0.08
0
0.114286
0
0.032
0
