0
56000
0
0
906
1
96
998
0
574
428
0
0
998
0
0
0
0
0
1002
0
0
0
0
0
1001
0
0
0
1004
0
0
995
0
0
0
1
0
999
0
0
0
0
0
0
1005
1992
0
706
296
0
0
0
998
0
0
0
0
0
1004
0
0
0
0
497
447
66
0
0
0
986
0
0
1005
0
783
1490
1510
0
1000
1
362
548
523
1002
0
2000
1000
0
1001
0
1001
1003
1000
1001
0
1004
2995
0
225
777
1005
0
998
998
1001
999
1000
1000
2000
0
1001
1000
0
920
1001
0
48
1001
0
1002
999
1000
999
1002
2639
358
1001
0
1004
997
0
680
323
1000
999
999
1000
1001
1998
465
535
1000
1271
730
1001
0
1000
1001
2000
0
1000
1001
0
2001
0
1002
0
1004
0
997
2000
0
2999
0
1000
391
612
998
1003
999
1002
996
1002
1000
1
1000
1000
1000
1003
1999
997
1000
1002
0
999
1001
999
3999
0
0
866
137
1000
326
677
1004
0
1001
1002
542
995
1999
978
1022
1000
21
1000
1002
1001
997
1
494
183
1000
1001
0
1001
1002
999
1998
1999
0
1000
1002
0
1001
999
1000
1001
999
1000
2997
0
1000
1002
0
1003
999
1110
4000
0
0
1000
0
1002
0
1000
2998
0
1000
1001
0
1000
1003
998
1000
1001
1001
1000
998
999
1001
999
1999
846
1008
3000
0
1000
0
480
525
196
485
524
505
1002
0
999
1999
75
1001
1001
0
1002
0
999
1000
1002
1997
1000
1001
1000
0
1000
1000
1003
998
1000
1002
1998
0
859
1142
999
1000
1
693
1005
0
997
307
1002
0
1002
999
1001
1000
998
1000
2998
0
1
2003
997
0
1000
1001
0
1000
1002
999
1001
997
1001
999
1000
1002
1000
140
862
224
783
1003
0
1000
1000
1001
1000
999
1000
1000
1000
1
1000
1000
552
993
1003
997
1001
1000
999
1002
1002
0
1002
999
1003
998
1004
999
1000
997
1004
998
997
1001
1002
999
999
1002
999
1000
998
1001
1002
1000
999
998
1001
290
302
1004
0
1001
1002
997
1003
1000
1000
1000
1001
1000
752
1009
0
1000
1001
999
1000
1002
998
999
1001
1000
505
419
733
991
1009
998
998
999
1002
1002
997
999
1002
1000
999
999
1000
1002
999
998
1001
1002
998
1000
1000
1000
1001
1000
1002
998
1000
1000
1001
998
123
992
997
1003
1005
998
999
1000
1001
1000
999
1000
1002
998
999
1000
1001
998
1001
999
1002
997
1001
1000
1001
999
919
1007
0
1001
1000
999
1000
1001
1001
999
999
1001
1001
1001
999
1000
998
1000
1002
999
1001
1002
997
1000
1000
1000
1000
1001
1001
1000
1000
998
999
1001
999
1002
997
999
1001
1002
997
1003
998
1001
998
1000
1002
1000
1000
998
1002
1096
0
1006
0
1001
998
1000
1001
1002
997
999
1002
1000
999
999
1002
1000
999
999
1004
1000
998
998
1001
1001
999
999
1001
1002
998
1001
1002
999
997
1000
1000
1001
999
237
1005
0
1000
1002
1002
997
999
1000
1002
999
999
1001
1001
1000
1000
997
1002
999
1001
998
199
1409
0
1182
1493
0
996
1008
1001
997
1000
1001
1001
998
1000
1000
1001
999
1000
1000
1001
999
999
1001
1001
234
993
997
1008
999
998
1002
999
1000
999
1002
999
1000
1001
1000
999
1000
999
1002
999
1000
999
1002
999
1000
1001
1000
999
1000
287
988
1006
1000
1001
1001
999
1000
999
1002
1000
1000
998
1001
1000
999
999
1002
1003
996
999
1002
1000
999
999
1002
1000
999
999
1003
999
999
999
1002
1000
999
999
1003
998
1000
999
1002
999
1000
999
1005
996
1000
999
1002
999
1000
999
1002
999
1000
999
1002
999
1000
999
1002
999
1002
997
1002
999
1000
999
1002
999
1000
999
1003
998
1000
999
1003
999
1001
997
1002
1002
997
999
1002
999
1000
999
1001
999
1001
999
1001
1001
999
999
1002
999
1000
999
1001
1000
1000
999
1001
1000
1000
999
1002
999
1000
999
1002
999
1000
999
682
988
1005
1001
1001
1000
998
999
1003
1000
998
999
1003
1000
998
999
1003
1000
998
999
1003
1000
998
999
1003
1000
998
999
1003
999
998
999
1003
1000
998
999
1003
1000
999
999
1002
1000
999
1002
999
1000
1000
998
1002
1000
998
1000
1001
1001
998
999
1002
1001
998
999
1002
1001
998
999
1002
1001
998
999
1002
1001
998
999
1002
1001
999
999
1000
1000
1000
1000
1002
998
1000
1000
1002
998
1003
997
741
987
1006
1001
1000
999
1000
1000
1001
999
999
1001
1000
999
1000
1002
999
999
1000
1001
645
988
1005
1004
997
1000
999
1003
998
1001
999
1000
1000
1000
1002
999
999
1000
1001
1002
997
1001
1001
909
983
1009
998
1002
1000
1004
997
1000
1001
580
947
1010
1027
1267
976
1164
1026
1010
0
1000
1028
972
1004
997
1000
998
1003
997
1002
998
1003
997
1002
998
1003
997
1002
998
1003
997
1002
998
1003
997
1002
997
1003
997
1002
997
1004
998
1001
1001
1000
997
1003
998
1031
969
1002
997
1031
1003
997
999
1001
1000
1110
930
681
862
924
1041
1147
879
883
1840
271
928
996
1075
928
1474
2133
0
1021
1371
0
1038
0
1000
1000
1034
935
1030
979
1061
930
1000
999
1035
1033
1023
943
1033
967
1187
475
1645
1205
0
1038
0
1000
1040
931
1028
1008
994
1001
999
1007
992
1004
969
1028
1041
962
1001
1035
997
963
1038
961
1008
1067
929
1014
1094
964
1148
1020
1276
1694
0
1984
0
1372
0
1015
0
1036
992
998
969
1028
1003
1033
963
1004
967
1033
1001
968
1033
994
1037
963
971
1000
1031
999
27
990
995
1041
967
1029
1004
968
1005
994
1001
998
1030
1000
971
1029
1000
1001
970
1103
1938
0
69
871
997
1005
1000
1000
1069
930
1001
1071
960
1023
940
1000
2134
0
0
1008
0
1001
1001
998
1029
971
1001
1000
1056
0
1007
0
1002
1000
59
988
1000
1004
1000
999
1000
1002
1001
997
1000
1001
1000
999
1000
1001
1001
998
1000
1001
1003
997
999
1001
1001
998
1000
1001
1001
998
139
1006
0
1000
1001
1002
998
998
1000
1002
1002
998
997
1002
1002
998
998
1002
1000
998
1000
1002
1002
996
1000
1002
1000
998
1000
1004
998
1001
997
1002
1001
1000
998
1001
1002
998
1000
1000
1002
997
1000
1002
1001
997
1002
1001
1000
997
1000
1003
1000
997
1000
1001
1002
999
999
1000
1002
998
999
1004
999
997
1000
1001
1002
1000
998
774
1009
0
998
1001
1002
996
1001
999
1003
997
1000
1001
1001
997
1001
1000
1001
999
1000
999
1001
999
999
1001
1001
1000
998
1001
1001
1000
998
1001
1001
1001
1001
999
1002
998
1000
1001
999
1000
1000
1001
999
999
1001
1001
998
1000
1000
1002
1000
998
1000
1002
66
991
997
1007
1000
1000
1000
999
1000
999
1000
1000
1001
1000
1000
1000
1000
999
1000
1001
1000
999
1000
1000
1001
999
1000
1000
1001
1000
1001
998
1000
999
1000
1001
1000
999
1000
1001
1000
1001
999
1000
1000
999
1000
1001
1000
999
999
1001
1000
999
1000
1001
999
999
1001
1001
999
998
1000
1000
1001
999
1000
1000
1001
999
1000
1000
1001
999
1000
1000
1001
999
1000
1000
1001
999
1000
1000
1001
999
1000
1000
1001
999
1000
1000
1001
999
1000
1000
1001
999
1000
1000
1001
999
1000
1000
1001
999
1000
1000
1001
999
1000
1000
1001
999
1000
1000
1001
1314
0
1003
0
999
1000
1000
1001
999
1000
1000
1001
999
1002
998
1001
999
1000
1000
1001
999
1000
999
1001
999
1000
1000
1001
1000
1001
999
1002
998
1001
999
1002
998
1001
1001
1001
999
1000
1000
1001
999
1000
1000
1001
999
1000
1000
1001
999
1002
998
1000
999
999
1002
999
999
1002
1000
147
995
1001
1002
1000
998
1002
1000
1000
998
1002
794
995
1001
1002
1000
1000
999
1001
1000
1000
998
1002
1000
1000
998
1002
1000
1000
998
1002
1000
1000
1000
1000
1000
1000
1000
1001
999
1001
998
1002
998
1003
998
1001
998
1003
998
1001
1000
1001
998
1001
998
1003
998
1001
999
1000
807
993
1002
1001
1000
1002
997
1001
1000
1001
998
1001
1000
1001
998
1001
1000
1001
998
1001
1000
1001
998
1001
1000
1001
998
1000
1001
1001
999
1000
1000
1001
999
1000
1001
1000
999
1000
1002
999
1000
999
999
1001
1000
999
1000
1001
1000
999
1000
1001
1000
999
1000
1001
1000
999
999
1001
1000
999
1000
1001
1000
999
1000
1001
1000
999
1000
1001
1000
999
1000
1001
1000
999
1000
1001
1000
999
1000
1001
1000
999
1001
1000
1000
999
1000
1001
1000
999
1000
1001
1000
999
1000
1001
1000
1001
998
1001
1000
999
1000
1001
1001
999
69
993
1001
1001
1001
999
1001
999
1001
999
1001
999
1001
999
1001
999
1001
999
1001
999
1001
999
1000
1000
1000
1000
1000
1000
1000
1001
999
1000
1000
1000
1001
1000
1001
999
1000
1000
1001
999
1000
1000
1001
999
1000
1000
1001
1057
0
1005
0
999
1002
998
1001
999
1000
1000
1002
998
1000
1000
119
992
1004
999
1001
999
1000
1003
998
999
1000
1001
1001
103
991
1003
1001
999
1000
1214
0
1005
0
1000
1001
999
1000
1000
1001
1002
997
1000
1004
996
1000
1000
1003
997
1000
1000
1003
997
1000
1001
1000
999
1000
1000
1001
999
1000
1000
1001
999
1000
1080
0
1005
0
1000
1002
1000
997
1001
1000
1000
999
1001
1000
1002
997
1001
1000
1000
999
1001
1000
1000
1000
1000
999
1000
1000
1000
1000
999
1001
1001
1000
998
1001
1001
1001
997
1001
1001
1000
1000
999
1001
1000
998
1001
1001
1001
998
1000
1001
1000
998
1001
1003
999
997
1001
1001
1000
998
1001
1001
1001
997
1001
1001
1000
998
1001
1001
1000
998
1001
1001
1000
998
1001
1002
1000
997
1001
1001
999
1000
1001
1000
999
1000
1001
1000
999
1000
1001
1001
999
999
1001
1000
999
1000
1001
1000
999
1000
1001
1000
999
1002
1002
997
999
1002
1001
998
999
1000
1002
999
999
1000
1001
1000
999
1000
1002
999
999
1001
1002
999
1000
997
1002
1000
1003
997
998
1001
1000
1000
999
1001
1000
1001
998
1001
1000
1000
999
1000
1001
1001
1000
998
1001
999
1000
1001
1003
999
1000
999
999
999
1000
1000
1001
999
1000
1000
1001
999
1000
1000
1003
998
999
1000
1001
999
1000
1000
1001
999
1000
1000
1001
999
1000
1000
1001
999
1000
1000
1001
999
1000
1000
1001
999
1000
1000
1001
999
1000
1000
1003
997
1000
1000
1001
999
1000
1000
1001
998
1000
1000
1001
999
1000
1000
1001
999
1000
1000
1001
999
1000
1000
1001
999
1000
1000
1001
1252
0
1003
0
999
1000
1000
1001
999
1000
1000
1001
169
997
1000
1002
999
1000
1000
1001
999
1000
1000
1001
999
1001
999
1002
998
1001
999
1002
998
1001
999
1002
1001
998
999
1002
998
1001
999
1002
998
1001
999
1002
998
1001
999
1002
998
1001
999
1002
998
1001
999
1002
998
1001
999
1002
998
1001
999
1002
998
1003
997
1002
999
1000
999
1002
998
1001
999
1002
998
1001
999
1002
998
1001
999
1002
998
1001
999
1002
998
1001
999
1002
998
1001
999
1002
998
1001
999
1001
999
1000
1000
1001
999
1000
1000
1001
999
1000
1000
1001
999
1000
1000
1001
999
1000
1000
1001
999
1000
1000
1001
999
1000
1000
1001
999
1000
1000
1001
999
1000
1000
1001
999
1000
1000
1001
999
1000
1000
1001
999
1000
1000
1000
1001
1000
999
1002
998
1001
999
1002
998
1001
999
1002
998
1003
997
1002
998
1001
999
1002
998
1001
999
1002
997
1001
999
1001
999
1001
999
1001
999
1001
999
1001
999
1001
999
1001
999
1001
999
1001
999
1001
999
1001
999
1001
999
103
998
1000
1000
1001
999
1001
999
1000
1001
999
1001
999
1001
999
1001
999
1001
999
1001
999
1001
999
1001
999
1001
999
1001
999
1001
999
1001
999
1001
999
1001
999
1001
999
1001
999
1001
999
1001
999
1001
999
1001
999
1001
999
1001
999
1001
999
1001
999
1001
999
1001
999
1001
999
1001
999
1001
999
1001
1000
1000
999
1001
999
1001
999
1001
999
1001
999
1001
999
1001
999
1001
999
1001
999
1001
999
1001
999
1001
999
1001
999
1001
0
0
0
0
4
0
0
0
0
0
0
0
0
7
0
0
0
1
0
0
0
0
0
0
0
0
13
0
0
608
531
704
791
337
1003
952
2865
2814
2763
4833
4782
4731
4680
4629
882
476
759
555
2707
2656
2605
651
186
0
0
0
8
0
0
0
1
0
0
0
0
6
0
0
0
10
0
0
0
4
0
0
0
0
14
0
0
0
2
0
0
0
2
0
0
0
0
9
0
0
0
9
0
0
0
5
0
0
0
0
7
0
0
0
9
0
0
0
2
0
0
0
0
11
0
0
0
5
0
0
0
0
0
0
0
0
12
0
0
0
7
0
0
0
1
0
0
0
2
9
0
0
0
5
0
0
0
4
0
0
0
0
14
0
0
0
13
0
0
0
7
0
0
0
0
16
0
0
41
7
0
0
0
10
0
0
0
0
10
0
0
0
11
0
0
0
1
0
0
0
0
13
0
0
0
7
0
0
0
1
0
0
0
0
10
0
0
0
12
0
0
0
7
0
0
0
0
16
0
0
0
9
0
0
0
2
0
0
0
2
19
0
0
0
16
0
0
0
9
0
0
0
5
9
0
0
2
9
0
0
0
13
0
0
0
0
11
0
0
0
18
0
0
0
6
0
0
0
0
16
0
0
2
9
0
0
0
12
0
0
0
0
17
0
0
0
6
0
0
0
10
0
0
0
7
22
0
0
0
15
0
0
0
11
0
0
0
3
15
0
0
0
10
0
0
0
5
0
0
0
2
14
0
0
0
10
0
0
0
8
0
0
0
0
15
0
0
2
11
0
0
0
5
0
0
0
6
17
0
0
0
4
0
0
0
0
0
0
0
0
13
0
0
0
11
0
0
0
13
0
0
0
2
14
0
0
0
10
0
0
0
4
0
0
0
7
19
0
0
2
12
0
0
0
8
0
0
0
0
16
0
0
1
7
0
0
0
9
0
0
0
1
13
0
0
0
9
0
0
0
0
0
0
0
4
13
0
0
0
11
0
0
0
5
0
0
0
4
14
0
0
0
6
0
0
0
6
0
0
0
3
16
0
0
0
10
0
0
0
8
0
0
0
3
12
0
0
7
10
0
0
0
5
0
0
0
0
10
0
0
0
4
0
0
0
2
0
0
0
7
18
0
0
0
10
0
0
0
4
0
0
0
0
16
0
0
0
7
0
0
0
13
0
0
0
3
9
0
0
0
6
0
0
0
9
0
0
0
5
18
0
0
1
9
0
0
0
8
0
0
0
0
11
0
0
0
11
0
0
0
5
0
0
0
0
17
0
0
0
17
0
0
0
5
0
0
0
0
11
0
0
0
11
0
0
0
5
0
0
0
0
17
0
0
0
11
0
0
0
6
0
0
0
6
17
0
0
0
10
0
0
0
6
0
0
0
0
12
0
0
0
7
0
0
0
8
0
0
0
6
15
0
0
4
11
0
0
0
4
0
0
0
7
10
0
0
0
8
0
0
0
1
0
0
0
0
20
0
0
0
14
0
0
0
11
0
0
0
4
18
0
0
0
6
0
0
0
8
0
0
0
5
18
0
0
0
12
0
0
0
7
0
0
0
0
9
0
0
0
8
0
0
0
11
0
0
0
6
18
0
0
0
17
0
0
0
7
0
0
0
7
18
0
0
0
14
0
0
1
7
0
0
0
0
15
0
0
0
8
0
0
0
5
0
0
0
3
15
0
0
0
11
0
0
0
8
0
0
0
0
13
0
0
0
6
0
0
0
8
0
0
0
0
15
0
0
0
8
0
0
0
10
0
0
0
1
15
0
0
0
16
0
0
0
3
0
0
0
0
16
0
0
1
12
0
0
0
4
0
0
0
1
10
0
0
4
8
0
0
0
10
0
0
0
4
18
0
0
0
12
0
0
0
6
0
0
0
2
16
0
0
0
6
0
0
0
4
0
0
0
10
17
0
0
0
10
0
0
0
3
0
0
0
5
20
0
0
3
15
0
0
0
8
0
0
0
0
14
0
0
0
4
0
0
0
5
0
0
0
5
16
0
0
0
14
0
0
0
5
0
0
0
4
16
0
0
0
11
0
0
1
9
0
0
0
0
11
0
0
0
10
0
0
0
12
0
0
0
3
11
0
0
3
7
0
0
0
5
0
0
0
0
9
0
0
5
10
0
0
0
9
0
0
0
1
15
0
0
1
6
0
0
0
10
0
0
0
10
11
0
0
0
11
0
0
0
6
0
0
0
0
9
0
0
0
9
0
0
0
15
0
0
0
4
12
0
0
0
15
0
0
0
1
0
0
0
8
13
0
0
0
8
0
0
0
5
0
0
0
0
14
0
0
0
10
0
0
0
13
0
0
0
6
17
0
0
3
9
0
0
0
0
0
0
0
0
16
0
0
0
8
0
0
4
2
0
0
0
2
15
0
0
0
14
0
0
0
9
0
0
0
6
20
0
0
0
12
0
0
0
7
0
0
0
0
13
0
0
0
6
0
0
0
6
0
0
0
7
17
0
0
0
11
0
0
0
4
0
0
0
7
16
0
0
0
17
0
0
0
5
0
0
0
6
16
0
0
0
13
0
0
0
8
0
0
0
4
22
0
0
0
11
0
0
0
1
0
0
0
0
20
0
0
0
9
0
0
0
6
0
0
0
0
10
0
0
0
7
0
0
0
8
0
0
0
0
6
0
0
4
17
0
0
4
0
0
0
0
0
15
0
0
5
15
0
0
0
11
0
0
0
0
15
0
0
0
13
0
0
0
13
0
0
0
5
19
0
0
2
11
0
0
0
6
0
0
0
0
11
0
0
0
15
0
0
0
7
0
0
0
2
20
0
0
0
16
0
0
0
8
0
0
0
10
12
0
0
0
6
0
0
0
8
0
0
0
3
12
0
0
0
12
0
0
0
10
0
0
0
5
8
0
0
0
17
0
0
0
6
0
0
0
3
15
0
0
0
19
0
0
0
9
0
0
0
10
14
0
0
0
9
0
0
0
8
0
0
0
0
16
0
0
4
6
0
0
0
9
0
0
0
3
6
0
0
0
11
0
0
0
5
0
0
0
9
11
0
0
0
11
0
0
0
8
0
0
0
5
12
0
0
0
10
0
0
0
10
0
0
0
0
15
0
0
0
11
0
0
0
10
0
0
0
0
19
0
0
0
8
0
0
0
3
0
0
0
1
12
0
0
0
15
0
0
0
5
0
0
0
6
14
0
0
0
9
0
0
0
2
0
0
0
4
15
0
0
1
12
0
0
0
7
0
0
0
0
13
0
0
0
11
0
0
0
0
0
0
0
2
15
0
0
0
6
0
0
0
4
0
0
0
8
18
0
0
0
16
0
0
0
11
0
0
0
0
14
0
0
0
13
0
0
0
4
0
0
0
10
16
0
0
0
12
0
0
0
2
0
0
0
6
12
0
0
0
10
0
0
0
11
0
0
0
5
13
0
0
0
12
0
0
0
4
0
0
0
4
16
0
0
0
14
0
0
0
4
0
0
0
4
15
0
0
0
15
0
0
0
7
0
0
0
8
16
0
0
0
12
0
0
0
5
0
0
0
0
19
0
0
1
7
0
0
0
4
0
0
0
1
13
0
0
0
12
0
0
0
11
0
0
0
0
18
0
0
0
16
0
0
0
8
0
0
0
5
13
0
0
0
5
0
0
0
3
0
0
0
5
16
0
0
0
13
0
0
0
3
0
0
0
3
20
0
0
1
12
0
0
2
8
0
0
0
1
18
0
0
0
13
0
0
0
8
0
0
0
0
16
0
0
0
10
0
0
0
12
0
0
0
3
25
0
0
2
10
0
0
0
3
0
0
0
1
15
0
0
0
3
0
0
0
6
0
0
0
5
16
0
0
3
7
0
0
0
10
0
0
0
8
14
0
0
0
18
0
0
0
6
0
0
0
6
9
0
0
1
11
0
0
0
3
0
0
0
12
15
0
0
1
12
0
0
0
2
0
0
0
2
12
0
0
0
10
0
0
0
0
0
0
0
2
12
0
0
0
12
0
0
0
7
0
0
0
5
10
0
0
2
5
0
0
0
10
0
0
0
5
15
0
0
0
6
0
0
0
5
0
0
0
0
19
0
0
0
8
0
0
0
10
0
0
0
0
12
0
0
0
10
0
0
0
3
0
0
0
3
15
0
0
0
15
0
0
0
4
0
0
0
6
17
0
0
0
17
0
0
0
7
0
0
0
0
9
0
0
0
12
0
0
0
7
0
0
0
6
20
0
0
0
11
0
0
0
5
0
0
0
0
18
0
0
2
14
0
0
0
7
0
0
0
1
16
0
0
0
6
0
0
0
3
0
0
0
4
14
0
0
0
9
0
0
0
2
0
0
0
4
12
0
0
0
9
0
0
0
1
0
0
0
0
15
0
0
0
10
0
0
0
10
0
0
0
0
14
0
0
2
2
0
0
0
8
0
0
0
0
18
0
0
6
8
0
0
0
12
0
0
0
3
19
0
0
2
14
0
0
0
4
0
0
0
3
11
0
0
0
9
0
0
0
4
0
0
0
1
16
0
0
0
8
0
0
0
7
0
0
0
4
16
0
0
0
14
0
0
0
5
0
0
0
2
12
0
0
0
9
0
0
0
4
0
0
0
2
13
0
0
0
9
0
0
0
6
0
0
0
5
18
0
0
0
12
0
0
0
3
0
0
0
1
15
0
0
0
14
0
0
0
11
0
0
0
2
16
0
0
0
5
0
0
0
9
0
0
0
3
15
0
0
0
11
0
0
4
8
0
0
0
4
15
0
0
8
6
0
0
0
3
0
0
0
0
12
0
0
5
6
0
0
0
1
0
0
0
3
21
0
0
3
8
0
0
0
12
0
0
0
4
13
0
0
0
3
0
0
0
10
0
0
0
5
14
0
0
4
12
0
0
0
9
0
0
0
4
17
0
0
0
12
0
0
0
2
0
0
0
0
12
0
0
0
6
0
0
0
3
0
0
0
0
17
0
0
0
8
0
0
0
11
0
0
0
3
18
0
0
0
9
0
0
0
7
0
0
0
0
15
0
0
0
7
0
0
0
11
0
0
0
4
13
0
0
3
10
0
0
0
7
0
0
0
0
12
0
0
7
11
0
0
0
9
0
0
0
4
12
0
0
0
17
0
0
0
9
0
0
0
5
13
0
0
0
10
0
0
0
4
0
0
0
3
13
0
0
0
15
0
0
0
0
0
0
0
0
15
0
0
0
14
0
0
0
9
0
0
0
6
18
0
0
0
14
0
0
0
8
0
0
0
1
19
0
0
0
6
0
0
0
4
0
0
0
6
14
0
0
6
11
0
0
0
5
0
0
0
2
8
0
0
0
10
0
0
3
7
0
0
0
8
16
0
0
0
20
0
0
0
0
0
0
0
2
17
0
0
0
14
0
0
0
8
0
0
0
5
14
0
0
0
11
0
0
0
5
0
0
0
0
20
0
0
0
11
0
0
0
10
0
0
0
0
15
0
0
0
9
0
0
0
5
0
0
0
2
14
0
0
0
12
0
0
0
2
0
0
0
1
15
0
0
0
7
0
0
0
6
0
0
0
4
21
0
0
4
9
0
0
0
8
0
0
0
6
21
0
0
0
13
0
0
0
10
0
0
0
3
13
0
0
0
11
0
0
0
5
0
0
0
3
8
0
0
0
5
0
0
0
4
0
0
0
0
10
0
0
0
10
0
0
0
6
0
0
0
5
16
0
0
0
9
0
0
0
3
0
0
0
6
16
0
0
0
12
0
0
0
10
0
0
0
5
16
0
0
0
8
0
0
0
4
0
0
0
4
17
0
0
0
10
0
0
0
16
0
0
0
4
18
0
0
0
14
0
0
0
3
0
0
0
0
15
0
0
0
9
0
0
0
11
0
0
0
4
15
0
0
0
7
0
0
0
8
0
0
0
0
18
0
0
0
11
0
0
0
5
0
0
0
3
17
0
0
0
15
0
0
0
13
0
0
0
4
12
0
0
4
10
0
0
2
9
0
0
0
0
8
0
0
4
13
0
0
0
6
0
0
0
6
15
0
0
5
13
0
0
0
6
0
0
0
1
12
0
0
0
4
0
0
0
11
0
0
0
0
8
0
0
0
10
0
0
0
7
0
0
0
3
14
0
0
0
15
0
0
0
2
0
0
0
4
17
0
0
0
10
0
0
0
9
0
0
0
3
18
0
0
0
12
0
0
0
10
0
0
0
0
16
0
0
1
13
0
0
0
6
0
0
0
2
9
0
0
0
5
0
0
0
5
0
0
0
0
15
0
0
0
17
0
0
0
14
0
0
0
6
18
0
0
0
16
0
0
0
10
0
0
0
0
8
0
0
3
6
0
0
0
7
0
0
0
0
17
0
0
5
6
0
0
0
10
0
0
0
3
19
0
0
0
12
0
0
0
11
0
0
0
2
21
0
0
0
8
0
0
0
2
0
0
0
4
15
0
0
2
12
0
0
0
13
0
0
0
4
14
0
0
0
3
0
0
0
6
0
0
0
2
16
0
0
0
8
0
0
0
4
0
0
0
0
12
0
0
2
12
0
0
0
8
0
0
0
0
9
0
0
0
2
0
0
0
1
0
0
0
0
11
0
0
13
18
0
0
0
7
0
0
0
3
19
0
0
0
7
0
0
0
7
0
0
0
4
16
0
0
0
10
0
0
0
11
0
0
0
0
9
0
0
3
13
0
0
0
3
0
0
0
0
18
0
0
3
10
0
0
0
0
0
0
0
7
18
0
0
0
12
0
0
0
12
0
0
0
2
16
0
0
0
9
0
0
0
8
0
0
0
0
10
0
0
3
9
0
0
0
6
0
0
0
1
19
0
0
7
8
0
0
0
5
0
0
0
0
13
0
0
0
9
0
0
0
8
0
0
0
3
13
0
0
0
18
0
0
0
2
0
0
0
1
19
0
0
6
13
0
0
0
3
0
0
0
0
14
0
0
0
16
0
0
0
7
0
0
0
5
14
0
0
0
16
0
0
0
0
0
0
0
1
9
0
0
0
15
0
0
0
9
0
0
0
0
10
0
0
0
10
0
0
0
9
0
0
1
6
13
0
0
2
10
0
0
0
8
0
0
0
3
18
0
0
2
19
0
0
0
6
0
0
0
5
10
0
0
0
14
0
0
0
0
0
0
0
7
16
0
0
0
7
0
0
0
7
0
0
0
5
15
0
0
0
5
0
0
0
4
0
0
0
8
16
0
0
0
8
0
0
2
8
0
0
0
1
16
0
0
0
14
0
0
0
9
0
0
0
5
17
0
0
1
7
0
0
0
5
0
0
0
4
19
0
0
2
10
0
0
0
10
0
0
0
0
13
0
0
0
9
0
0
0
7
0
0
0
1
14
0
0
5
15
0
0
0
10
0
0
0
2
17
0
0
0
9
0
0
0
9
0
0
0
4
15
0
0
0
7
0
0
0
4
0
0
0
0
17
0
0
0
14
0
0
0
6
0
0
0
5
10
0
0
4
13
0
0
0
0
0
0
0
2
15
0
0
2
4
0
0
0
7
0
0
0
0
16
0
0
0
6
0
0
0
6
0
0
0
0
8
0
0
0
10
0
0
0
1
0
0
0
6
15
0
0
0
9
0
0
0
2
0
0
0
0
12
0
0
0
11
0
0
0
9
0
0
0
2
14
0
0
0
6
0
0
0
9
0
0
0
2
15
0
0
5
8
0
0
0
9
0
0
0
4
14
0
0
0
5
0
0
0
2
0
0
0
0
13
0
0
0
12
0
0
0
10
0
0
0
0
11
0
0
0
12
0
0
0
3
0
0
0
5
12
0
0
3
4
0
0
0
1
0
0
0
0
16
0
0
0
11
0
0
0
5
0
0
0
3
16
0
0
0
12
0
0
0
5
0
0
0
6
17
0
0
0
3
0
0
0
8
0
0
0
2
21
0
0
1
13
0
0
0
12
0
0
0
2
15
0
0
0
10
0
0
0
4
0
0
0
5
14
0
0
0
11
0
0
0
5
0
0
0
9
15
0
0
3
7
0
0
3
6
0
0
0
3
12
0
0
0
6
0
0
0
8
0
0
0
4
11
0
0
0
10
0
0
0
3
0
0
0
0
13
0
0
0
10
0
0
0
11
0
0
0
6
16
0
0
0
8
0
0
0
9
0
0
0
0
19
0
0
0
7
0
0
0
6
0
0
0
0
19
0
0
0
12
0
0
0
11
0
0
0
6
18
0
0
2
9
0
0
0
10
0
0
0
2
18
0
0
0
11
0
0
0
8
0
0
0
0
17
0
0
0
11
0
0
0
8
0
0
0
0
14
0
0
0
10
0
0
0
5
0
0
0
1
13
0
0
0
7
0
0
0
7
0
0
0
5
17
0
0
0
8
0
0
0
5
0
0
0
0
12
0
0
0
15
0
0
0
5
0
0
0
4
18
0
0
0
15
0
0
0
0
0
0
0
3
22
0
0
0
12
0
0
0
4
0
0
0
1
15
0
0
0
9
0
0
0
11
0
0
0
2
15
0
0
1
5
0
0
0
10
0
0
0
1
13
0
0
0
8
0
0
0
7
0
0
0
1
18
0
0
5
7
0
0
0
10
0
0
0
0
12
0
0
0
15
0
0
0
7
0
0
0
2
19
0
0
1
11
0
0
0
8
0
0
0
4
15
0
0
0
9
0
0
0
1
0
0
0
3
20
0
0
0
10
0
0
0
6
0
0
0
6
14
0
0
0
9
0
0
0
5
0
0
0
1
12
0
0
0
11
0
0
0
7
0
0
0
6
22
0
0
0
14
0
0
0
3
0
0
0
5
15
0
0
0
5
0
0
0
6
0
0
0
0
9
0
0
0
5
0
0
0
3
0
0
0
0
9
0
0
1
13
0
0
0
1
0
0
0
3
13
0
0
0
7
0
0
0
5
0
0
0
0
17
0
0
0
11
0
0
1
12
0
0
0
0
12
0
0
0
10
0
0
0
8
0
0
0
10
18
0
0
0
14
0
0
2
1
0
0
0
0
20
0
0
0
9
0
0
0
2
0
0
0
13
14
0
0
0
12
0
0
0
6
0
0
0
4
12
0
0
2
15
0
0
0
3
0
0
0
0
14
0
0
4
12
0
0
0
9
0
0
0
3
17
0
0
0
11
0
0
0
1
0
0
0
0
8
0
0
0
11
0
0
0
9
0
0
0
1
15
0
0
2
12
0
0
0
2
0
0
0
4
15
0
0
0
9
0
0
0
10
0
0
0
4
7
0
0
0
4
0
0
0
3
0
0
0
0
10
0
0
2
9
0
0
0
2
0
0
0
0
19
0
0
0
10
0
0
0
3
0
0
0
10
20
0
0
0
1
0
0
0
8
0
0
0
1
11
0
0
0
9
0
0
0
7
0
0
0
0
10
0
0
0
11
0
0
0
8
0
0
0
5
23
0
0
0
14
0
0
0
4
0
0
0
0
23
0
0
0
9
0
0
0
12
0
0
0
0
15
0
0
5
10
0
0
0
10
0
0
0
2
19
0
0
3
12
0
0
0
1
0
0
0
3
17
0
0
3
15
0
0
0
4
0
0
0
3
18
0
0
0
4
0
0
0
1
0
0
0
3
18
0
0
1
17
0
0
0
0
0
0
0
0
15
0
0
0
10
0
0
0
1
0
0
0
3
11
0
0
0
11
0
0
0
6
0
0
0
0
13
0
0
0
11
0
0
0
7
0
0
0
2
17
0
0
0
13
0
0
0
7
0
0
0
0
14
0
0
0
16
0
0
0
9
0
0
0
3
18
0
0
0
12
0
0
0
17
0
0
0
0
11
0
0
0
7
0
0
0
2
0
0
0
4
8
0
0
2
5
0
0
0
0
0
0
0
7
16
0
0
0
12
0
0
0
2
0
0
0
0
23
0
0
0
14
0
0
0
4
0
0
0
0
14
0
0
2
8
0
0
0
11
0
0
0
0
14
0
0
0
11
0
0
0
7
0
0
0
2
10
0
0
0
4
0
0
0
9
0
0
0
5
23
0
0
0
15
0
0
0
3
0
0
0
0
6
0
0
0
10
0
0
0
4
0
0
0
2
12
0
0
0
7
0
0
0
8
0
0
0
0
9
0
0
0
7
0
0
0
3
0
0
0
5
8
0
0
0
13
0
0
0
6
0
0
0
6
12
0
0
6
10
0
0
0
3
0
0
0
0
17
0
0
0
6
0
0
0
1
0
0
0
5
14
0
0
0
4
0
0
0
3
0
0
0
9
13
0
0
0
13
0
0
0
5
0
0
0
1
18
0
0
0
17
0
0
0
9
0
0
0
3
25
0
0
0
10
0
0
0
2
0
0
0
0
10
0
0
4
7
0
0
0
14
0
0
0
0
10
0
0
0
8
0
0
0
9
0
0
0
0
15
0
0
0
9
0
0
0
8
0
0
0
1
12
0
0
3
12
0
0
0
5
0
0
0
4
18
0
0
2
5
0
0
0
0
0
0
0
7
15
0
0
0
10
0
0
0
3
0
0
0
1
12
0
0
1
11
0
0
0
5
0
0
0
1
14
0
0
0
8
0
0
0
10
0
0
0
6
17
0
0
0
12
0
0
0
2
0
0
0
4
10
0
0
0
14
0
0
0
11
0
0
0
2
15
0
0
0
6
0
0
0
4
0
0
0
0
15
0
0
0
15
0
0
0
7
0
0
0
6
12
0
0
0
2
0
0
0
0
0
0
0
8
23
0
0
0
19
0
0
0
8
0
0
0
1
13
0
0
0
9
0
0
0
8
0
0
0
1
15
0
0
0
8
0
0
0
12
0
0
0
4
13
0
0
0
8
0
0
0
1
0
0
0
0
6
0
0
0
14
0
0
0
10
0
0
0
3
20
0
0
0
11
0
0
0
9
0
0
0
0
12
0
0
0
10
0
0
0
12
0
0
0
3
12
0
0
0
13
0
0
0
6
0
0
0
7
13
0
0
4
8
0
0
0
0
0
0
0
0
7
0
0
1
9
0
0
0
5
0
0
0
0
12
0
0
0
8
0
0
0
7
0
0
0
5
16
0
0
0
12
0
0
0
9
0
0
0
0
18
0
0
0
9
0
0
0
4
0
0
0
6
22
0
0
0
9
0
0
0
2
0
0
0
0
20
0
0
2
11
0
0
0
7
0
0
0
3
16
0
0
0
11
0
0
0
4
0
0
0
2
13
0
0
0
17
0
0
0
6
0
0
0
0
13
0
0
5
12
0
0
0
8
0
0
0
2
12
0
0
0
10
0
0
0
7
0
0
0
0
17
0
0
0
4
0
0
0
6
0
0
0
0
13
0
0
1
7
0
0
0
9
0
0
0
0
14
0
0
0
8
0
0
0
3
0
0
0
4
12
0
0
0
14
0
0
0
0
0
0
0
0
6
0
0
0
12
0
0
0
14
0
0
1
0
16
0
0
0
6
0
0
0
0
0
0
0
7
11
0
0
2
11
0
0
0
1
0
0
0
3
9
0
0
0
7
0
0
0
8
0
0
0
2
15
0
0
0
8
0
0
0
5
0
0
0
0
18
0
0
0
10
0
0
0
3
0
0
0
6
9
0
0
0
11
0
0
0
11
0
0
0
7
17
0
0
0
12
0
0
0
10
0
0
0
0
11
0
0
0
13
0
0
0
6
0
0
0
3
15
0
0
0
12
0
0
0
14
0
0
0
1
15
0
0
1
9
0
0
0
3
0
0
0
0
11
0
0
0
11
0
0
0
5
0
0
0
0
18
0
0
0
2
0
0
0
9
0
0
0
2
17
0
0
0
10
0
0
0
7
0
0
0
3
16
0
0
0
11
0
0
0
3
0
0
0
0
14
0
0
0
16
0
0
0
5
0
0
0
4
14
0
0
0
10
0
0
0
5
0
0
0
6
17
0
0
0
13
0
0
0
8
0
0
0
0
9
0
0
0
8
0
0
0
9
0
0
0
3
20
0
0
0
12
0
0
0
2
0
0
0
0
15
0
0
0
11
0
0
0
4
0
0
0
7
14
0
0
0
8
0
0
0
3
0
0
0
0
13
0
0
0
6
0
0
0
6
0
0
0
2
9
0
0
0
13
0
0
0
0
0
0
0
0
6
0
0
0
0
0
0
0
4
0
0
0
5
19
0
0
0
7
0
0
0
5
0
0
0
2
16
0
0
0
11
0
0
0
3
0
0
0
6
18
0
0
0
13
0
0
0
3
0
0
0
8
11
0
0
0
10
0
0
0
4
0
0
0
0
13
0
0
0
9
0
0
0
4
0
0
0
0
13
0
0
1
10
0
0
0
3
0
0
0
1
14
0
0
0
7
0
0
0
6
0
0
0
0
13
0
0
0
10
0
0
0
9
0
0
0
2
12
0
0
0
16
0
0
0
0
0
0
0
1
14
0
0
0
14
0
0
0
10
0
0
0
0
16
0
0
0
10
0
0
0
5
0
0
0
0
11
0
0
4
11
0
0
0
5
0
0
0
3
14
0
0
0
13
0
0
0
6
0
0
0
13
12
0
0
0
13
0
0
0
6
0
0
0
1
19
0
0
0
14
0
0
0
4
0
0
0
0
10
0
0
0
7
0
0
0
2
0
0
0
1
9
0
0
5
12
0
0
0
10
0
0
0
0
15
0
0
0
19
0
0
0
4
0
0
0
2
13
0
0
2
10
0
0
0
4
0
0
0
6
14
0
0
2
7
0
0
0
4
0
0
0
1
6
0
0
4
14
0
0
0
2
0
0
0
2
13
0
0
0
9
0
0
0
6
0
0
0
0
13
0
0
0
9
0
0
0
8
0
0
0
4
13
0
0
0
12
0
0
0
4
0
0
0
0
14
0
0
0
8
0
0
0
5
0
0
0
0
19
0
0
0
10
0
0
0
3
0
0
0
2
18
0
0
0
15
0
0
0
2
0
0
0
3
13
0
0
0
9
0
0
0
8
0
0
0
3
11
0
0
0
8
0
0
0
9
0
0
0
4
16
0
0
0
8
0
0
0
5
0
0
0
5
23
0
0
0
13
0
0
0
12
0
0
0
0
13
0
0
0
17
0
0
0
9
0
0
0
2
10
0
0
0
7
0
0
0
3
0
0
0
0
19
0
0
2
9
0
0
0
5
0
0
0
2
12
0
0
0
6
0
0
0
4
0
0
0
6
17
0
0
0
11
0
0
0
2
0
0
0
1
14
0
0
2
12
0
0
0
8
0
0
0
0
15
0
0
0
8
0
0
0
8
0
0
0
0
13
0
0
1
11
0
0
0
0
0
0
0
0
16
0
0
0
10
0
0
0
5
0
0
0
4
22
0
0
0
6
0
0
0
9
0
0
0
1
21
0
0
0
7
0
0
0
8
0
0
0
5
8
0
0
1
13
0
0
0
2
0
0
0
3
9
0
0
1
10
0
0
0
5
0
0
0
0
9
0
0
0
12
0
0
0
9
0
0
0
1
11
0
0
0
8
0
0
0
2
0
0
0
3
11
0
0
0
13
0
0
0
8
0
0
0
0
19
0
0
0
12
0
0
0
5
0
0
0
5
10
0
0
0
7
0
0
0
5
0
0
0
0
16
0
0
0
0
0
0
0
10
0
0
0
2
11
0
0
2
13
0
0
0
5
0
0
0
3
13
0
0
0
11
0
0
0
8
0
0
0
3
18
0
0
0
6
0
0
0
2
0
0
0
2
17
0
0
0
10
0
0
0
5
0
0
0
0
18
0
0
0
7
0
0
0
5
0
0
0
4
9
0
0
0
6
0
0
0
3
0
0
0
5
8
0
0
0
13
0
0
0
11
0
0
0
2
16
0
0
0
10
0
0
0
1
0
0
0
0
18
0
0
0
10
0
0
0
6
0
0
0
1
14
0
0
0
4
0
0
0
9
0
0
0
0
15
0
0
1
5
0
0
0
0
0
0
0
0
7
0
0
0
10
0
0
0
7
0
0
0
2
11
0
0
0
17
0
0
0
11
0
0
0
0
18
0
0
6
12
0
0
0
2
0
0
0
3
13
0
0
1
12
0
0
0
9
0
0
0
2
11
0
0
0
6
0
0
0
5
0
0
0
2
10
0
0
0
16
0
0
0
6
0
0
0
1
11
0
0
0
3
0
0
0
6
0
0
0
0
15
0
0
0
10
0
0
0
1
0
0
0
0
15
0
0
0
12
0
0
0
1
0
0
0
0
11
0
0
0
6
0
0
0
1
0
0
0
2
14
0
0
0
10
0
0
0
4
0
0
0
0
14
0
0
0
5
0
0
0
5
0
0
0
0
10
0
0
0
5
0
0
0
5
0
0
0
3
14
0
0
0
16
0
0
0
0
0
0
0
0
9
0
0
0
10
0
0
0
13
0
0
0
2
11
0
0
0
3
0
0
0
0
0
0
0
1
16
0
0
0
11
0
0
0
7
0
0
0
0
17
0
0
0
13
0
0
0
2
0
0
0
2
19
0
0
0
7
0
0
0
5
0
0
0
0
16
0
0
0
15
0
0
0
8
0
0
0
0
13
0
0
0
10
0
0
0
2
0
0
0
8
12
0
0
0
11
0
0
0
11
0
0
0
9
17
0
0
0
10
0
0
0
5
0
0
0
2
7
0
0
0
12
0
0
0
3
0
0
0
4
10
0
0
0
8
0
0
0
7
0
0
0
2
13
0
0
0
4
0
0
0
6
0
0
0
0
12
0
0
0
10
0
0
0
17
0
0
0
2
15
0
0
0
3
0
0
0
0
0
0
0
7
17
0
0
0
6
0
0
0
6
0
0
0
0
18
0
0
0
8
0
0
0
3
0
0
0
0
13
0
0
0
8
0
0
0
9
0
0
0
3
16
0
0
2
8
0
0
0
2
0
0
0
0
19
0
0
4
6
0
0
0
7
0
0
0
0
8
0
0
0
0
0
0
0
0
0
0
0
3
14
0
0
0
8
0
0
0
0
0
0
0
0
13
0
0
0
4
0
0
0
5
0
0
0
3
18
0
0
0
3
0
0
0
1
0
0
0
2
24
0
0
0
11
0
0
0
0
0
0
0
2
20
0
0
0
8
0
0
0
13
0
0
0
0
9
0
0
0
4
0
0
0
4
0
0
0
0
11
0
0
12
11
0
0
0
5
0
0
0
0
12
0
0
0
6
0
0
0
0
0
0
0
6
12
0
0
0
7
0
0
0
2
0
0
0
0
9
0
0
0
8
0
0
0
0
0
0
0
0
20
0
0
0
4
0
0
0
0
0
0
0
0
7
0
0
0
3
0
0
0
1
0
0
0
7
16
0
0
0
6
0
0
0
7
0
0
0
4
19
0
0
0
3
0
0
0
7
0
0
0
0
6
0
0
0
4
0
0
0
0
0
0
0
0
6
0
0
0
1
0
0
0
4
0
0
0
0
4
0
0
0
8
0
0
0
5
0
0
0
0
10
0
0
0
4
0
0
0
0
0
0
0
0
9
0
0
0
5
0
0
0
2
0
0
0
0
13
0
0
0
3
0
0
0
0
0
0
0
0
11
0
0
0
3
0
0
0
1
0
0
0
0
17
0
0
0
0
0
0
0
1
0
0
0
0
4
0
0
0
11
0
0
0
0
0
0
0
0
7
0
0
0
3
0
0
0
1
0
0
0
0
6
0
0
0
6
0
0
0
3
0
0
0
0
7
0
0
0
0
0
0
0
1
0
0
0
2
14
0
0
0
0
0
0
0
0
0
0
0
0
7
0
0
0
0
0
0
0
0
0
0
0
0
7
0
0
0
0
0
0
0
0
0
0
0
0
8
0
0
0
3
0
0
0
1
0
0
0
0
6
0
0
0
1
0
0
0
6
0
0
0
0
14
0
0
0
0
0
0
0
0
0
0
0
0
15
0
0
0
2
0
0
0
6
0
0
0
0
10
0
0
0
0
0
0
0
0
0
0
0
3
9
0
0
0
4
0
0
0
0
0
0
0
0
0
0
0
0
0
0
0
0
0
0
0
0
0
8
0
0
0
6
0
0
0
0
0
0
0
0
6
0
0
0
4
0
0
0
2
0
0
0
0
9
0
0
0
5
0
0
0
0
0
0
0
0
12
0
0
0
3
0
0
0
0
0
0
0
0
9
0
0
0
4
0
0
0
0
0
0
0
0
5
0
0
0
11
0
0
0
0
0
0
0
0
8
0
0
0
9
0
0
0
3
0
0
0
0
5
0
0
0
6
0
0
0
0
0
0
0
0
7
0
0
0
2
0
0
0
0
0
0
0
0
7
0
0
0
15
0
0
0
0
0
0
0
0
5
0
0
0
7
0
0
0
0
0
0
0
0
6
0
0
0
0
0
0
0
0
0
0
0
0
6
0
0
0
1
0
0
0
0
0
0
0
0
4
0
0
0
0
0
0
0
0
0
0
0
0
3
0
0
0
0
0
0
0
0
0
0
0
0
3
0
0
0
0
0
0
0
0
0
0
0
0
0
0
0
0
0
0
0
0
0
0
0
0
0
3
0
0
0
5
0
0
0
0
0
0
0
0
5
0
0
0
4
0
0
0
0
0
0
0
0
2
0
0
0
0
0
0
0
0
0
0
0
0
4
0
0
0
2
0
0
0
0
0
0
0
0
7
0
0
0
3
0
0
0
0
0
0
0
0
0
0
0
0
0
0
0
0
0
0
0
0
0
8
0
0
0
0
0
0
0
0
0
0
0
0
4
0
0
0
1
0
0
0
0
0
0
0
0
4
0
0
0
3
0
0
0
0
0
0
0
0
9
0
0
0
2
0
0
0
4
0
0
0
0
7
0
0
0
0
0
0
0
0
0
0
0
0
5
0
0
0
0
0
0
0
0
0
0
0
0
5
0
0
0
4
0
0
0
0
0
0
0
0
8
0
0
0
1
0
0
0
0
0
0
0
0
7
0
0
0
5
0
0
0
0
0
0
0
0
5
0
0
0
2
0
0
0
0
0
0
0
0
6
0
0
0
5
0
0
0
0
0
0
0
0
4
0
0
0
11
0
0
0
0
0
0
0
0
10
0
0
0
0
0
0
0
0
0
0
0
0
5
0
0
0
0
0
0
0
0
0
0
0
0
8
0
0
0
4
0
0
0
5
0
0
0
0
4
0
0
0
0
0
0
0
0
0
0
0
0
5
0
0
0
5
0
0
0
0
0
0
0
0
1
0
0
0
0
0
0
0
0
0
0
0
0
9
0
0
0
7
0
0
0
0
0
0
0
0
7
0
0
0
0
0
0
0
0
0
0
0
0
2
0
0
0
5
0
0
0
0
0
0
0
0
3
0
0
0
1
0
0
0
0
0
0
0
0
5
0
0
0
0
0
0
0
0
0
0
0
0
6
0
0
0
0
0
0
0
0
0
0
0
0
12
0
0
0
2
0
0
0
0
0
0
0
0
7
0
0
0
0
0
0
0
0
0
0
0
0
12
0
0
0
0
0
0
0
0
0
0
0
0
7
0
0
0
0
0
0
0
0
0
0
0
0
4
0
0
0
4
0
0
0
0
0
0
0
0
5
0
0
0
2
0
0
0
0
0
0
0
0
5
0
0
0
5
0
0
0
2
0
0
0
0
5
0
0
0
0
0
0
0
0
0
0
0
0
10
0
0
0
5
0
0
0
0
0
0
0
0
6
0
0
0
2
0
0
0
0
0
0
0
0
2
0
0
0
1
0
0
0
0
0
0
0
0
5
0
0
0
0
0
0
0
0
0
0
0
0
4
0
0
0
2
0
0
0
0
0
0
0
0
7
0
0
0
2
0
0
0
0
0
0
0
0
9
0
0
0
4
0
0
0
4
0
0
0
0
5
0
0
0
0
0
0
0
0
0
0
0
0
5
0
0
0
0
0
0
0
0
0
0
0
0
7
0
0
0
2
0
0
0
0
0
0
0
0
7
0
0
0
0
0
0
0
0
0
0
0
0
9
0
0
0
3
0
0
0
0
0
0
0
0
5
0
0
0
0
0
0
0
0
0
0
0
0
11
0
0
0
0
0
0
0
0
0
0
0
0
7
0
0
0
1
0
0
0
0
0
0
0
0
5
0
0
0
1
0
0
0
0
0
0
0
0
7
0
0
0
0
0
0
0
0
0
0
0
0
7
0
0
0
2
0
0
0
1
0
0
0
0
6
0
0
0
1
0
0
0
0
0
0
0
0
4
0
0
0
4
0
0
0
0
0
0
0
0
4
0
0
0
0
0
0
0
0
0
0
0
0
6
0
0
0
0
0
0
0
0
0
0
0
0
1
0
0
0
3
0
0
0
0
0
0
0
0
7
0
0
0
0
0
0
0
2
0
0
0
0
8
0
0
0
0
0
0
0
0
0
0
0
0
4
0
0
0
0
0
0
0
0
0
0
0
0
3
0
0
0
2
0
0
0
0
0
0
0
0
6
0
0
0
2
0
0
0
0
0
0
0
0
5
0
0
0
2
0
0
0
0
0
0
0
0
3
0
0
0
3
0
0
0
0
0
0
0
0
4
0
0
0
0
0
0
0
0
0
0
0
0
6
0
0
0
0
0
0
0
0
0
0
0
0
2
0
0
0
5
0
0
0
1
0
0
0
0
6
0
0
0
1
0
0
0
0
0
0
0
0
5
0
0
0
0
0
0
0
0
0
0
0
0
5
0
0
0
4
0
0
0
1
0
0
0
0
10
0
0
0
0
0
0
0
0
0
0
0
0
7
0
0
0
2
0
0
0
0
0
0
0
0
8
0
0
0
0
0
0
0
0
0
0
0
0
7
0
0
0
0
0
0
0
0
0
0
0
0
6
0
0
0
0
0
0
0
0
0
0
0
0
9
0
0
0
0
0
0
0
0
0
0
0
0
5
0
0
0
1
0
0
0
0
0
0
0
0
2
0
0
0
1
0
0
0
0
0
0
0
0
5
0
0
0
2
0
0
0
0
0
0
0
0
6
0
0
0
6
0
0
0
4
0
0
0
0
7
0
0
0
1
0
0
0
0
0
0
0
0
2
0
0
0
0
0
0
0
0
0
0
0
0
2
0
0
0
1
0
0
0
0
0
0
0
0
7
0
0
0
0
0
0
0
0
0
0
0
0
0
0
0
0
0
0
0
0
0
0
0
0
0
10
0
0
0
0
0
0
0
0
0
0
0
0
5
0
0
0
0
0
0
0
0
0
0
0
0
7
0
0
0
0
0
0
0
0
0
0
0
0
7
0
0
0
4
0
0
0
0
0
0
0
0
4
0
0
0
0
0
0
0
0
0
0
0
0
3
0
0
0
2
0
0
0
0
0
0
0
0
4
0
0
0
1
0
0
0
0
0
0
0
0
0
0
0
0
4
0
0
0
0
0
0
0
0
11
0
0
0
1
0
0
0
0
0
0
0
0
6
0
0
0
3
0
0
0
0
0
0
0
0
5
0
0
0
0
0
0
0
0
0
0
0
0
5
0
0
0
2
0
0
0
0
0
0
0
0
4
0
0
0
0
0
0
0
0
0
0
0
0
3
0
0
0
0
0
0
0
0
0
0
0
0
2
0
0
0
1
0
0
0
0
0
0
0
0
4
0
0
0
0
0
0
0
0
0
0
0
0
3
0
0
0
1
0
0
0
0
0
0
0
0
5
0
0
0
0
0
0
0
0
0
0
0
0
3
0
0
0
2
0
0
0
0
0
0
0
0
6
0
0
0
1
0
0
0
0
0
0
0
0
3
0
0
0
0
0
0
0
0
0
0
0
0
5
0
0
0
0
0
0
0
0
0
0
0
0
6
0
0
0
0
0
0
0
0
0
0
0
0
4
0
0
0
0
0
0
0
0
0
0
0
0
7
0
0
0
2
0
0
0
0
0
0
0
0
13
0
0
0
0
0
0
0
0
0
0
0
0
3
0
0
0
2
0
0
0
0
0
0
0
0
13
0
0
0
0
0
0
0
0
0
0
0
0
2
0
0
0
0
0
0
0
0
0
0
0
0
4
0
0
0
0
0
0
0
0
0
0
0
0
4
0
0
0
4
0
0
0
0
0
0
0
0
4
0
0
0
0
0
0
0
0
0
0
0
0
2
0
0
0
5
0
0
0
0
0
0
0
0
4
0
0
0
6
0
0
0
0
0
0
0
0
3
0
0
0
1
0
0
0
0
0
0
0
0
3
0
0
0
0
0
0
0
0
0
0
0
0
1
0
0
0
0
0
0
0
0
0
0
0
0
6
0
0
0
0
0
0
0
0
0
0
0
0
9
0
0
0
3
0
0
0
0
0
0
0
0
3
0
0
0
0
0
0
0
0
0
0
0
0
9
0
0
0
2
0
0
0
0
0
0
0
0
2
0
0
0
0
0
0
0
0
0
0
0
0
3
0
0
0
1
0
0
0
0
0
0
0
0
4
0
0
0
1
0
0
0
0
0
0
0
0
6
0
0
0
0
0
0
0
0
0
0
0
0
6
0
0
0
0
0
0
0
0
0
0
0
0
3
0
0
0
0
0
0
0
0
0
0
0
0
7
0
0
0
5
0
0
0
0
0
0
0
0
6
0
0
0
2
0
0
0
0
0
0
0
0
5
0
0
0
0
0
0
0
0
0
0
0
0
9
0
0
0
0
0
0
0
0
0
0
0
0
4
0
0
0
1
0
0
0
0
0
0
0
0
4
0
0
0
0
0
0
0
0
0
0
0
0
0
0
0
0
3
0
0
0
0
0
0
0
0
2
0
0
0
5
0
0
0
0
0
0
0
0
7
0
0
0
0
0
0
0
0
0
0
0
0
1
0
0
0
0
0
0
0
3
0
0
0
0
1
0
0
0
0
0
0
0
0
0
0
0
0
8
0
0
0
0
0
0
0
0
0
0
0
0
3
0
0
0
0
0
0
0
0
0
0
0
0
6
0
0
0
0
0
0
0
0
0
0
0
0
5
0
0
0
0
0
0
0
0
0
0
0
0
4
0
0
0
3
0
0
0
0
0
0
0
0
6
0
0
0
0
0
0
0
0
0
0
0
0
6
0
0
0
3
0
0
0
0
0
0
0
0
6
0
0
0
0
0
0
0
1
0
0
0
0
5
0
0
0
4
0
0
0
0
0
0
0
0
4
0
0
0
0
0
0
0
3
0
0
0
0
1
0
0
0
0
0
0
0
0
0
0
0
0
5
0
0
0
2
0
0
0
0
0
0
0
0
4
0
0
0
1
0
0
0
0
0
0
0
0
8
0
0
0
0
0
0
0
0
0
0
0
0
7
0
0
0
0
0
0
0
0
0
0
0
0
8
0
0
0
3
0
0
0
0
0
0
0
0
7
0
0
0
0
0
0
0
0
0
0
0
0
6
0
0
0
2
0
0
0
0
0
0
0
0
4
0
0
0
3
0
0
0
0
0
0
0
1
7
0
0
0
0
0
0
0
0
0
0
0
0
5
0
0
0
0
0
0
0
0
0
0
0
0
4
0
0
0
3
0
0
0
0
0
0
0
0
4
0
0
0
2
0
0
0
0
0
0
0
0
6
0
0
0
0
0
0
0
2
0
0
0
0
6
0
0
0
1
0
0
0
0
0
0
0
0
5
0
0
0
1
0
0
0
0
0
0
0
0
5
0
0
0
1
0
0
0
1
0
0
0
0
5
0
0
0
0
0
0
0
0
0
0
0
0
8
0
0
0
4
0
0
0
0
0
0
0
0
3
0
0
0
0
0
0
0
0
0
0
0
0
9
0
0
0
0
0
0
0
0
0
0
0
0
4
0
0
0
2
0
0
0
0
0
0
0
0
8
0
0
0
0
0
0
0
0
0
0
0
0
3
0
0
0
6
0
0
0
0
0
0
0
0
7
0
0
0
1
0
0
0
0
0
0
0
0
6
0
0
0
1
0
0
0
0
0
0
0
0
4
0
0
0
0
0
0
0
0
0
0
0
0
0
0
0
0
3
0
0
0
0
0
0
0
0
5
0
0
0
0
0
0
0
0
0
0
0
0
4
0
0
0
1
0
0
0
0
0
0
0
0
7
0
0
0
1
0
0
0
0
0
0
0
0
9
0
0
0
0
0
0
0
0
0
0
0
0
3
0
0
0
1
0
0
0
0
0
0
0
0
9
0
0
0
3
0
0
0
0
0
0
0
0
5
0
0
0
0
0
0
0
0
0
0
0
1
10
0
0
0
3
0
0
0
0
0
0
0
0
3
0
0
0
0
0
0
0
0
0
0
0
0
12
0
0
0
0
0
0
0
0
0
0
0
0
3
0
0
0
0
0
0
0
0
0
0
0
0
4
0
0
0
0
0
0
0
0
0
0
0
0
5
0
0
0
3
0
0
0
0
0
0
0
0
7
0
0
0
0
0
0
0
0
0
0
0
0
8
0
0
0
1
0
0
0
0
0
0
0
0
6
0
0
0
0
0
0
0
0
0
0
0
0
5
0
0
0
0
0
0
0
0
0
0
0
0
5
0
0
0
0
0
0
0
0
0
0
0
0
3
0
0
0
4
0
0
0
0
0
0
0
0
10
0
0
0
0
0
0
0
0
0
0
0
0
8
0
0
0
1
0
0
0
0
0
0
0
0
4
0
0
0
0
0
0
0
4
0
0
0
0
6
0
0
0
0
0
0
0
0
0
0
0
0
3
0
0
0
0
0
0
0
0
0
0
0
0
2
0
0
0
0
0
0
0
0
0
0
0
0
7
0
0
0
0
0
0
0
0
0
0
0
0
5
0
0
0
5
0
0
0
0
0
0
0
0
5
0
0
0
0
0
0
0
0
0
0
0
0
5
0
0
0
1
0
0
0
0
0
0
0
0
4
0
0
0
1
0
0
0
0
0
0
0
0
2
0
0
0
0
0
0
0
0
0
0
0
0
7
0
0
0
0
0
0
0
0
0
0
0
0
4
0
0
0
0
0
0
0
0
0
0
0
0
4
0
0
0
3
0
0
0
0
0
0
0
0
3
0
0
0
1
0
0
0
0
0
0
0
0
3
0
0
0
1
0
0
0
0
0
0
0
0
0
0
0
0
2
0
0
0
0
0
0
0
0
11
0
0
0
4
0
0
0
0
0
0
0
0
11
0
0
0
0
0
0
0
0
0
0
0
0
7
0
0
0
0
0
0
0
0
0
0
0
0
3
0
0
0
0
0
0
0
0
0
0
0
0
8
0
0
0
4
0
0
0
0
0
0
0
0
2
0
0
0
1
0
0
0
0
0
0
0
0
6
0
0
0
0
0
0
0
0
0
0
0
0
5
0
0
0
0
0
0
0
0
0
0
0
0
3
0
0
0
2
0
0
0
0
0
0
0
0
0
0
0
0
1
0
0
0
0
0
0
0
0
7
0
0
0
6
0
0
0
0
0
0
0
0
3
0
0
0
5
0
0
0
0
0
0
0
0
3
0
0
0
6
0
0
0
0
0
0
0
0
5
0
0
0
0
0
0
0
0
0
0
0
0
6
0
0
0
2
0
0
0
0
0
0
0
0
5
0
0
0
0
0
0
0
0
0
0
0
0
5
0
0
0
0
0
0
0
0
0
0
0
0
11
0
0
0
2
0
0
0
0
0
0
0
0
8
0
0
0
2
0
0
0
1
0
0
0
0
0
0
0
0
0
0
0
0
0
0
0
0
0
4
0
0
0
7
0
0
0
0
0
0
0
0
3
0
0
0
0
0
0
0
0
0
0
0
0
9
0
0
0
4
0
0
0
0
0
0
0
0
9
0
0
0
1
0
0
0
0
0
0
0
0
6
0
0
0
1
0
0
0
0
0
0
0
0
4
0
0
0
0
0
0
0
0
0
0
0
0
3
0
0
0
4
0
0
0
2
0
0
0
0
9
0
0
0
6
0
0
0
0
0
0
0
0
3
0
0
0
0
0
0
0
0
0
0
0
0
7
0
0
0
3
0
0
0
0
0
0
0
0
4
0
0
0
1
0
0
0
0
0
0
0
0
9
0
0
0
2
0
0
0
0
0
0
0
0
6
0
0
0
4
0
0
0
1
0
0
0
0
6
0
0
0
7
0
0
0
0
0
0
0
0
11
0
0
0
3
0
0
0
0
0
0
0
0
10
0
0
0
3
0
0
0
0
0
0
0
0
7
0
0
0
5
0
0
0
0
0
0
0
0
8
0
0
0
4
0
0
0
0
0
0
0
0
3
0
0
0
5
0
0
0
0
0
0
0
0
11
0
0
0
0
0
0
0
0
0
0
0
0
11
0
0
0
1
0
0
0
0
0
0
0
0
2
0
0
0
2
0
0
0
0
0
0
0
0
9
0
0
0
3
0
0
0
0
0
0
0
0
7
0
0
0
4
0
0
0
0
0
0
0
0
2
0
0
0
0
0
0
0
0
0
0
0
0
10
0
0
0
3
0
0
0
0
0
0
0
0
3
0
0
0
1
0
0
0
0
0
0
0
0
5
0
0
0
2
0
0
0
0
0
0
0
0
6
0
0
0
1
0
0
0
0
0
0
0
0
4
0
0
0
6
0
0
0
0
0
0
0
0
10
0
0
0
0
0
0
0
0
0
0
0
0
1
0
0
0
1
0
0
0
0
0
0
0
0
1
0
0
0
1
0
0
0
0
0
0
0
0
10
0
0
0
2
0
0
0
0
0
0
0
0
7
0
0
0
0
0
0
0
1
0
0
0
0
5
0
0
0
4
0
0
0
0
0
0
0
0
4
0
0
0
2
0
0
0
0
0
0
0
0
5
0
0
0
2
994
1994
2994
3994
4994
5994
6994
7994
8994
9994
10994
11994
12994
605
244
1890
1839
1393
1342
70
0
4
68
1063
2062
3062
4062
5062
6062
7062
8062
9062
10062
11062
12062
12542
