0
52000
0
0
0
0
1000
811
0
0
193
538
1
0
372
0
0
1
0
1087
0
0
0
0
0
0
997
0
0
0
0
0
0
1006
1000
590
404
1001
0
0
0
1000
0
0
575
1
2
428
0
0
0
993
0
0
0
0
0
4000
1000
961
40
292
1
33
1188
485
1000
0
0
0
1
1001
0
0
0
1003
1000
998
1590
290
715
995
1004
1000
999
1003
0
2002
2995
1000
1001
999
0
2003
0
207
794
0
998
1000
1001
0
114
749
1003
0
220
1005
996
1000
0
1001
0
1006
997
999
239
1000
340
664
1002
0
1004
998
999
998
1002
1999
0
1002
0
4000
3000
2000
1000
454
0
2546
0
1000
0
2002
0
0
998
0
1002
0
847
153
0
1002
0
2003
997
2001
0
0
999
1004
0
777
992
1001
1001
22
713
1006
0
997
999
1001
1
1000
1002
999
219
2996
1000
2001
6490
509
3000
0
0
924
81
0
995
0
0
1001
0
1003
0
1
997
0
999
373
393
997
1003
997
1000
2998
0
1000
1002
0
2998
1000
1000
1000
0
1001
0
1004
1000
996
2001
0
1001
0
1000
1002
1002
996
1150
1000
1001
0
1004
997
999
1000
1004
997
1001
999
998
2001
0
0
1004
3996
1
999
0
0
173
834
994
1999
1000
1001
0
350
996
1004
1996
433
567
548
1001
0
1001
999
1000
1000
1000
1003
0
998
1002
999
999
1004
997
1000
1002
1000
1002
0
999
1001
1000
999
1004
1998
2997
1
850
149
1001
0
1002
645
1000
1002
0
1001
998
2999
2000
0
1000
791
1
213
996
1003
999
0
298
1000
570
312
112
893
996
1003
997
405
3000
0
837
166
0
1001
999
1002
153
579
416
260
996
1003
1000
998
1001
999
1004
6994
0
3000
0
0
1000
0
0
0
1004
0
999
0
999
1000
1001
998
2002
907
1001
0
1000
1002
1401
597
959
1001
0
769
991
1002
679
761
1001
1001
1000
1001
391
1000
1999
1000
5000
0
0
1000
0
0
2002
0
998
1001
0
1001
997
1004
1001
1000
997
1000
1999
998
1001
0
4439
0
193
808
0
0
292
1006
0
998
1000
997
910
1004
0
764
992
1005
603
988
1042
964
1033
963
1001
999
1034
999
966
1000
1000
1001
1000
1001
1002
0
1000
1000
1001
502
505
535
718
1006
0
363
1004
0
1002
0
1001
999
999
1001
1000
1000
1000
1001
1000
999
1000
1001
999
1000
999
1001
999
1001
1000
999
1000
1001
999
1000
1001
1000
999
1001
1000
312
997
1002
1001
999
1002
0
1001
0
1001
0
1000
1001
1000
1002
1003
524
784
1008
0
1001
1035
1027
2962
0
0
1410
0
911
727
1000
1028
1073
929
1130
887
991
1081
1953
0
1441
0
1083
2170
0
1361
0
1012
0
998
1002
1040
1350
1347
1327
0
1011
0
1032
1006
994
1001
1335
1066
1554
1295
0
1181
1314
1423
0
1227
0
821
962
1134
912
1035
1054
1213
1005
649
1814
1768
0
1344
0
1082
0
1127
833
1105
1274
1421
1204
0
1143
0
893
198
1764
1039
1184
0
1836
0
1255
0
1064
1294
1376
1182
0
1031
0
1011
1036
998
1107
1486
1718
0
1453
1168
0
1014
0
994
1001
1001
1000
997
1001
1000
999
999
1000
997
1001
999
1000
1000
1000
999
1000
1000
1002
999
1000
1000
1001
999
1000
1000
1001
999
1001
999
1000
999
1003
0
1000
999
1001
999
1001
999
1001
999
1001
999
1001
999
1002
0
1001
999
1001
999
1001
999
1001
999
1001
999
1001
999
1001
999
1001
1000
1000
1000
1000
999
1001
999
1002
0
1001
999
1001
999
1001
999
1002
0
1001
999
1002
0
1001
999
1001
999
1001
999
1001
1000
1000
999
1001
999
1001
999
982
1015
1002
1000
1001
999
1002
0
1001
999
1001
999
1001
999
1001
999
1002
0
1001
1000
1000
1000
1001
0
1001
999
1002
0
1002
0
1001
999
1000
1001
1001
0
999
1001
1001
0
1001
999
1001
999
1001
999
1001
999
1001
999
1001
999
1001
999
1001
1000
1000
999
1003
0
999
1000
1003
0
1000
1000
1000
1002
0
999
1002
0
1001
0
1001
0
1001
0
1001
0
1000
1000
1002
0
1001
0
1001
0
1000
1002
1001
0
1002
0
1163
997
1005
0
1000
1000
1001
999
999
1001
1000
1000
999
1001
1000
1000
999
1001
1001
999
999
1001
1001
0
1001
0
1001
0
1001
0
1000
1000
1001
0
1001
0
1000
1001
1001
0
1001
0
1001
999
1001
0
1000
1000
1000
1001
1000
1000
1002
998
1000
1000
999
1001
1002
1000
997
1001
1000
1001
1001
0
1000
1002
999
999
1001
1001
998
1000
1002
999
1000
999
1001
1001
999
999
1001
1001
999
1001
1000
1000
999
999
1001
1001
999
999
1000
1001
999
1001
999
1001
1001
999
999
1001
1000
1000
999
1001
1000
1001
1000
1001
999
1000
1000
1000
999
999
1001
1001
1000
998
1001
1000
36
1004
0
1002
1000
1266
964
767
1060
849
354
1095
1086
356
1145
1041
0
1046
1004
1049
1246
247
999
1306
0
698
1219
780
1001
1065
935
1000
1000
1164
836
1000
1174
825
1494
1002
1227
277
1349
0
1008
0
999
1001
1000
1000
999
1000
1001
1000
999
1000
1001
1000
999
1000
1001
1000
999
1000
1002
1000
999
1001
1193
807
999
1000
1001
1122
876
1030
971
999
999
1112
890
998
1002
1001
1000
999
1000
1000
1330
965
1739
0
1009
0
1001
999
1001
999
1003
997
1002
999
1002
997
1002
999
1000
998
1004
997
1001
999
1004
996
1002
997
1003
998
1000
999
1001
998
1001
998
1001
1000
1000
999
1000
999
1002
999
998
1000
1002
998
999
1000
1001
999
1000
1000
1001
999
1000
1000
1002
998
1000
1000
1001
999
1000
1000
1001
999
1000
1000
1001
999
1000
1000
1001
999
41
1001
0
1002
1000
1000
1001
999
1000
1000
1001
999
1000
1000
1002
998
1000
1000
1003
997
1000
1000
1003
997
1000
1000
1003
997
1000
1000
1003
997
1000
1000
1003
997
1000
1000
1003
997
1000
1000
1002
998
1000
1000
1002
998
1000
1000
1002
998
1000
1000
1002
998
1000
1001
1001
998
1000
1000
1001
999
1001
1000
1000
999
1000
937
1004
0
1001
999
1000
1000
1000
999
1001
1000
1000
999
1001
1000
1000
999
1001
1000
1000
999
1001
1000
1000
999
1001
1000
999
999
1003
1000
999
999
1002
1000
998
999
1002
999
1000
999
1003
998
1001
1000
1000
999
1000
999
1002
999
1000
999
1002
999
1000
999
1002
999
1001
998
1002
1000
999
999
1004
997
1000
999
1002
999
1000
999
1002
999
999
1001
1001
999
1000
1001
1000
999
1000
1002
1000
998
1000
1001
1001
998
1000
1001
1002
997
1000
1001
1000
999
999
1001
1000
1000
999
1001
1000
1001
1000
999
1000
1000
999
1001
1000
1000
999
1001
1000
1000
999
1001
1000
1000
1000
1000
1001
999
1000
68
1003
0
1002
1000
1000
1000
1000
997
1002
999
1000
999
1003
919
995
1003
1003
997
999
1002
1001
999
1000
1001
1000
1001
999
997
1002
999
506
1006
0
999
1001
998
1003
998
1001
998
1002
999
1000
999
1001
1000
999
999
1002
1000
999
999
1002
1000
999
999
1002
1000
999
999
1002
1000
999
999
1002
1000
999
999
1002
315
254
1006
0
1002
998
1002
999
998
999
999
1002
999
999
1000
1000
1001
999
1001
999
1001
241
1005
0
1001
999
998
1001
1001
183
53
1002
0
1000
1001
1000
1000
1000
1001
1000
999
491
252
987
1016
0
1001
622
994
1001
1002
998
1001
1000
1000
999
1001
999
999
1002
999
999
1000
745
994
145
1005
0
1000
1001
997
1000
1002
1001
999
999
1000
1000
998
1001
1003
998
343
174
68
752
1005
0
1002
1002
998
149
995
85
994
1004
1001
1000
1000
998
1002
1001
996
1003
998
584
1002
0
237
249
997
999
502
815
1005
0
1002
999
998
1001
1000
1001
998
1002
998
1002
997
1003
1001
997
1001
1001
997
1000
1002
1000
1001
997
1002
998
1002
1001
998
1000
1000
1000
1000
1002
998
1001
998
1002
1006
992
1000
1001
1000
1002
999
1000
999
1000
1001
999
1001
1000
1001
999
1000
999
120
1008
0
1001
999
997
1002
1239
0
1006
0
1001
998
1001
1002
1187
0
1004
0
1001
1000
999
1000
1000
999
1003
1000
999
1003
999
999
1001
1001
1001
1000
999
998
1000
999
999
54
990
1005
999
1001
999
1000
1000
1002
998
1001
999
1003
1002
1000
999
1000
998
999
1000
1001
998
1001
999
1001
999
1000
1007
997
996
1002
1001
1000
999
1003
998
998
999
1001
618
1007
0
999
1003
997
715
984
1007
998
1003
996
1003
1001
999
998
1001
999
1001
998
1001
998
1004
996
1002
1001
998
1059
1000
1006
0
1001
1000
1001
1000
999
999
1000
999
1003
1002
1110
0
1009
0
1000
999
1001
999
999
1000
1001
1000
999
1000
1000
997
1000
1000
999
1001
1000
1000
999
1001
399
1006
0
1000
1000
1000
997
1053
0
1006
0
1001
1002
999
999
999
1000
1000
1000
1000
1001
1000
1000
1001
998
1000
1000
1000
1000
1000
1040
1001
0
1019
0
997
1001
1000
1000
1000
1000
999
1000
1000
1000
1001
999
1000
1000
1001
999
999
1000
1001
1002
997
1000
1000
1001
999
1000
126
988
1001
1003
999
1001
1002
1000
997
999
1001
1000
1000
1000
1001
999
1001
999
690
1033
1004
0
1005
998
1000
999
1002
997
1001
999
1001
999
1001
999
1002
1000
999
1000
1001
1000
999
1000
1001
1000
999
1000
1001
1000
999
1000
1000
1001
998
1000
1002
1005
993
1000
1000
1003
996
787
1007
0
999
1001
997
1000
208
257
962
1186
0
575
439
392
617
169
187
238
58
997
1006
1001
999
999
1001
999
999
999
1001
999
31
1004
0
1002
1001
998
1002
1000
1001
999
1002
998
1001
1000
998
1000
743
992
1005
997
1001
1000
1000
1000
1000
1000
1001
1000
1000
504
990
1004
1003
998
1002
998
998
1001
1001
1000
1002
998
1001
999
1001
998
1003
1000
1000
1000
1000
1000
1000
999
1001
1000
1000
999
1001
999
998
1001
1001
999
1000
999
1003
998
1000
1000
1001
999
1002
999
1001
999
999
1001
1000
1001
1000
998
1001
1001
998
1001
1001
1000
999
999
1001
999
1000
999
1002
1000
999
1000
1002
1000
999
999
1002
998
1001
998
1002
999
882
1007
0
1001
1000
998
1084
0
1009
0
1000
996
1000
1001
999
37
1004
0
420
643
996
1004
1003
997
1001
999
1000
1000
1000
1000
1000
1000
1001
1000
999
1000
1003
998
1000
1002
999
1000
1001
998
1001
997
1001
1000
1001
1000
999
1000
1001
1001
999
1000
999
1001
1003
997
999
1002
999
999
1000
1001
1001
998
1000
1000
1001
1000
999
1000
1001
1001
1000
998
1001
1000
1000
1000
70
1004
0
1001
1001
999
1001
1000
1001
999
1000
1000
1001
999
999
999
1002
999
1000
999
1003
998
1000
1000
1001
999
1000
999
1002
999
1000
999
1002
999
1001
998
1001
1002
999
999
1000
1000
1001
999
1000
1000
1002
998
1000
999
1002
999
1001
1000
1000
999
1000
1052
0
1006
0
13
999
1000
1000
1001
999
1000
1002
999
999
1000
1000
140
990
1003
1002
1001
998
1000
1000
1001
999
1000
1000
1001
999
1000
1000
1002
998
1001
1000
1000
999
1000
1000
1002
998
1000
1001
1000
999
1000
1000
1001
999
1000
1000
1001
999
1000
1000
1001
999
999
1000
1001
1000
999
1000
1001
1000
999
1000
1003
998
999
1000
1002
998
1000
1000
1001
999
1000
1001
1000
999
1000
1000
1001
1000
999
1000
1001
999
1000
1000
1001
999
1000
1000
1001
999
1001
999
1001
999
52
993
1002
1001
1002
998
1000
1000
1001
999
1002
998
1000
999
1003
999
1002
998
999
1000
1000
1000
1001
999
1000
1002
999
999
1000
1000
1001
999
1000
84
1005
0
1000
1000
1001
1000
999
998
1001
1000
1000
1000
1000
1000
1000
1000
1000
1002
998
999
1001
1000
1000
999
1001
1000
282
1085
1000
1003
0
1002
1000
1001
999
1000
1000
1000
1002
998
999
1000
1002
997
1001
1003
998
998
1002
999
1000
1001
1000
999
1000
1001
1002
997
1000
1001
999
1001
1000
999
1000
1001
1000
1002
997
1000
1000
1001
999
1000
1000
1001
999
1000
1000
1001
999
999
1001
1001
999
999
1001
1001
999
999
1001
1001
999
999
1001
1001
999
24
1002
0
1003
999
999
1000
1000
999
1000
1002
999
999
1001
1000
999
1000
98
995
53
1003
0
1000
1000
999
1000
1002
998
1000
1002
999
999
1000
1002
1000
998
1000
1000
1001
1000
1002
999
999
1002
999
999
1002
998
1001
999
1002
998
1001
1000
999
1001
1000
999
1001
1001
999
999
1002
998
1001
999
1002
998
1001
1001
998
1000
1002
1000
998
1000
1002
998
1001
1000
1000
999
1002
998
1001
999
1002
998
1001
999
1002
998
1002
999
999
1001
1000
999
1002
998
1001
1000
1001
998
1001
1000
1000
1000
1000
1000
999
1001
1000
1000
999
1001
1000
999
1002
998
1001
1000
1000
1000
1000
1000
999
1001
1000
1000
1000
1000
1000
1001
998
1001
1000
999
1001
1000
1000
1000
1000
999
1001
1000
1000
1000
1000
999
1002
998
1001
999
1002
998
1001
1001
998
995
1007
998
1000
1000
1002
999
999
1001
1001
998
1001
1001
999
999
1001
1000
1000
1000
999
1001
1000
999
1002
998
1001
1000
1000
1000
1001
998
1000
1001
1000
999
1001
1000
1000
999
1000
1000
1002
0
0
187
726
296
1821
1791
930
316
0
5900
5870
5840
5810
5780
5750
7461
7431
7401
7371
8769
8739
8709
485
215
0
16187
16157
16127
16097
16067
16037
16007
15977
15947
15917
15887
15857
15827
15797
15767
15737
15707
0
16030
16000
15970
15940
15910
15880
15850
15820
15790
15760
15730
15700
15670
15640
15610
15580
15550
4561
4531
4501
4471
4441
0
0
60950
60920
60890
60860
60830
60800
60770
60740
60710
60680
60650
60620
60590
60560
60530
60500
60470
60440
60410
60380
60350
60320
60290
60260
60230
60200
60170
60140
60110
60804
60774
60744
60714
60684
60654
60624
60594
60564
60534
60504
60474
60444
60414
60384
60354
60324
60294
60264
60234
60204
60174
60144
60114
60084
60054
60024
59994
59964
59934
59904
59874
59844
52992
37474
22920
22890
22860
2152
2122
2092
26784
26754
26724
26694
26664
26634
26604
26574
26544
26514
26484
26454
26424
26394
26364
26334
26304
26274
26244
26214
26184
26154
26124
26094
26064
26034
26004
26371
26341
26311
26281
26251
26221
50154
50124
50094
50064
50034
50004
49974
49944
49914
49884
49854
49824
49794
49764
49734
49704
49674
49644
49614
49584
49554
49524
49494
49464
49434
49404
49374
49344
49314
49284
49254
49224
49194
49164
49134
49104
49074
49044
49014
46224
28748
28718
28688
28658
28628
28598
28568
28538
28508
28478
28448
28418
28388
10748
53918
53888
53858
53828
53798
53768
53738
53708
53678
53648
53618
53588
53558
53528
53498
53468
53438
53408
53378
53348
53318
53288
53258
53228
53198
53168
53138
53108
53078
53048
53018
52988
52958
52928
52898
52868
52838
52808
52778
52748
52718
52688
52658
52628
52598
52568
52538
52508
52478
52448
52418
52388
52358
52328
54549
54519
54489
62569
62539
62509
62479
62449
62419
62389
62359
62329
62299
65214
65184
65154
65124
65094
65064
65034
65004
64974
77185
77155
77125
77095
77065
77035
77005
76975
76945
76915
76885
76855
76825
76795
68411
68381
68351
69495
69465
69435
69405
69375
69345
69315
69285
69255
69225
69195
69165
69135
69105
50922
50892
50862
42366
42336
42306
42276
42246
42216
40979
79699
79669
79639
79609
79579
79549
79519
79520
79521
79522
79523
79524
79525
79526
79527
79528
79529
79530
79531
79532
79533
79534
79535
79536
79537
79538
79539
79540
79541
79542
79543
79544
79545
79546
79547
79548
79549
79550
105506
105476
105446
105416
105386
105356
105326
105296
105266
105236
105206
105176
105146
105116
105086
105056
105026
104996
104966
104936
104906
104876
104846
104816
104786
104756
105162
105132
105102
105072
105042
105012
104982
104952
104922
121935
121905
121875
121845
121815
121785
121755
121725
121695
121665
121635
121605
121575
121545
121515
121485
121455
121425
121395
121365
121335
121305
121275
121245
121215
121185
121155
121125
121204
121174
116725
116695
112135
94667
94637
94607
94577
94547
94517
94487
94457
94427
94397
94367
94337
94307
80569
80539
80509
80479
84386
84356
84326
84296
84266
84236
84206
84176
84146
84116
84086
84056
84026
83996
83966
83936
83906
83876
100930
100900
100870
100840
100810
100780
100750
100720
100690
100660
100630
100600
100570
100540
100510
100480
100450
100420
100390
100360
100330
100300
100270
100240
100210
100180
100150
100120
100090
100060
116739
116709
116679
116649
116619
116589
116559
116529
116530
116531
116501
116502
116503
116504
116505
116506
116507
116508
116509
116510
119253
119254
119255
122175
122176
122177
124390
124391
128478
128479
128480
128481
140414
140384
140354
140324
140294
140264
140234
140204
140174
140144
140114
140084
164944
164914
164884
164854
164824
164825
164826
164827
164828
164829
164830
164831
164832
164833
164834
164835
164836
164837
164838
164839
164840
164841
164842
164843
164844
180051
180052
180053
180054
180055
180056
180057
180058
180059
180060
180061
180062
180063
180064
180065
183855
183825
183795
183765
184779
187692
187662
187632
190329
190330
190331
190706
191706
192706
193706
194706
195706
196706
197706
198706
199706
200706
201706
202706
203706
204644
203908
205833
205846
204986
205986
206118
207183
207153
207123
206770
209337
209307
211287
211257
214192
214162
214132
214102
214437
212546
212903
215687
215688
217652
217653
218785
218903
219903
220903
221903
222903
223903
224903
225903
226903
227903
228903
229903
230903
231903
232903
233903
234903
235903
236903
237903
238903
239903
240903
241903
242903
243903
244903
245903
246903
247903
248903
249903
250903
251903
252903
253903
254903
255903
256903
257903
258903
259903
260903
261903
262903
263903
264903
265903
266903
267903
268903
269903
270903
271903
272903
273903
274903
275903
276903
277903
278903
279903
280903
281903
282903
283903
284903
285903
286903
287903
288903
289903
290903
291903
292903
293903
294903
295903
296903
297903
298903
299903
300903
301903
302903
303903
304903
305903
306903
305826
306826
309162
309163
309826
310826
311826
312826
313826
314826
315826
316826
317826
318826
319826
320826
321826
322826
323826
324826
325826
326826
327826
328826
329764
330702
331392
332237
333206
334206
335206
