3.72691
3.52
2.4
4.32
2.08
4.32
4.08
4.16
4
2.72
3.52
3.6
2.08
1.92
2.24
2.72
5.12
2.48
1.92
3.36
2.08
2.72
4.16
2.56
4.48
3.52
3.84
3.92
3.52
2.72
3.04
5.6
3.52
3.2
2.24
2.56
6.56
2.72
4.64
4.16
4.32
3.2
3.2
4.96
4.64
4
4
5.44
3.68
2.88
4.96
3.84
2.72
2.72
3.52
3.04
5.28
3.36
3.68
3.2
5.92
3.52
4
3.04
3.84
4.8
6.24
2.88
5.12
3.68
5.2
3.04
5.76
3.52
5.12
6.56
4.32
4.16
3.84
3.52
7.36
3.52
5.28
3.52
2.88
6.4
2.72
5.12
4.32
3.68
4.16
3.84
2.24
5.44
4.96
3.36
4.8
5.92
4.32
4
6.24
4.32
4.8
4.64
3.2
6.56
3.52
3.84
5.92
3.68
4.48
4.56
4.48
4.64
3.52
5.6
4.64
3.2
5.76
4.32
5.76
3.36
5.12
4
5.44
5.12
2.88
5.44
4.48
4.8
2.4
3.68
5.28
4
5.28
4.16
4.32
3.04
2.72
3.04
5.92
3.52
6.72
4.64
4.64
4.96
4.64
5.12
4.96
2.56
4.8
5.6
4
4.96
4.48
5.44
4.16
4.96
4
3.2
5.6
4.48
5.12
4.8
3.84
4.96
6.56
2.08
5.28
4.32
3.52
4.8
4.64
6.08
3.2
5.81333
2.72
5.12
3.28
6.88
4.64
4.64
4.32
6.24
4
4.64
4.48
5.28
4.96
3.2
5.44
5.76
3.04
4.96
5.28
4.64
3.52
4.8
4.64
6.72
4
3.2
5.04
3.36
5.6
4.288
5.28
3.84
4.64
4.48
5.28
5.12
5.12
4.16
6.72
4.32
3.36
6.4
2.08
4.8
4.8
3.52
5.6
4.32
4.16
4.96
3.68
5.92
4.8
3.36
4.16
3.68
5.28
4.16
7.36
6.08
4
3.68
1.92
5.76
5.12
5.12
4.64
4.64
2.72
5.28
4.16
6.56
5.76
3.2
3.84
7.04
4.16
3.52
5.6
5.76
2.88
5.92
3.36
4
4
4.64
4.48
5.76
3.36
4.16
5.76
4.64
6.24
5.12
4
7.52
3.04
3.2
2.4
4.8
4.64
4.96
4
7.04
2.88
4
6.24
3.04
5.44
4.48
4.96
3.36
4.96
4
5.44
6.88
7.36
2.24
4.32
6.24
3.52
5.92
4.48
5.44
5.44
4.32
4.48
4
4.96
5.28
5.12
3.52
5.54667
2.72
3.04
1.92
5.28
5.76
4
5.12
3.36
4.32
5.12
4.96
4.48
5.76
4.32
4.16
4.96
5.44
4
5.92
5.28
3.52
2.08
4.96
3.04
4.16
5.6
5.28
4
4.64
4.96
4.32
4.8
4
6.24
2.56
4.16
7.2
4.32
5.6
2.72
5.01333
3.36
5.28
5.76
4.8
5.12
4.8
4.48
5.04
3.84
5.28
2.56
7.04
5.12
5.6
2.88
5.6
4.8
5.44
5.28
6.4
4.16
4.8
5.28
3.68
5.28
6.4
6.08
3.36
4.32
5.12
5.44
5.12
5.92
5.12
3.04
4.48
4.48
5.92
5.28
5.44
3.52
3.68
6.72
5.12
3.36
5.6
3.2
3.84
6.72
3.2
3.84
5.92
3.92
5.28
3.36
3.2
4.64
5.12
6.08
5.12
2.88
5.76
3.04
4.8
5.6
3.2
2.56
6.4
5.12
3.84
4.8
3.36
4.96
4.48
5.44
5.12
5.28
4.32
3.84
4.8
4.32
4.8
3.52
6.4
4
3.68
4.48
4.8
4.8
4.48
3.36
5.28
4.8
4.32
4.48
4.16
4.32
4.8
4.16
3.68
5.12
4.16
4.96
4.48
3.84
4.48
6.08
3.36
4.96
4.8
2.24
6.4
5.12
3.36
7.36
4.16
6.4
3.84
5.76
6.24
4.48
4.8
4.96
5.12
5.44
4.64
4.16
4.48
4.16
3.2
5.6
4.32
2.72
6.56
4.32
5.12
4.8
4.16
5.44
3.84
4.16
5.12
5.12
4.32
3.84
4.64
4.64
4.64
4.8
2.4
5.28
4
3.84
5.6
4.32
4
3.2
3.52
3.04
3.84
3.84
3.04
3.36
4.16
4.32
3.84
3.84
4.32
3.36
5.28
4.64
3.2
4.32
3.36
3.04
3.84
3.2
3.68
3.84
2.88
3.84
4.32
4
3.52
3.52
3.84
3.68
4.48
3.36
4.8
4
6.24
3.68
4.64
7.84
4.64
5.44
5.12
4.16
4
6.24
5.92
4.48
3.68
4.32
3.52
4
2.4
4.32
4.48
6.24
4.8
5.76
5.28
4.96
4.32
5.76
3.36
4.96
6.72
4.48
7.2
5.6
5.92
4.48
5.92
4.48
4
4.48
5.28
4.32
4.16
5.44
3.36
3.84
4
4
5.76
4.48
3.84
3.52
5.92
4.16
4.32
3.52
4.48
2.72
4.8
3.2
6.24
4.64
2.88
3.04
7.36
3.2
5.6
4.16
3.84
5.92
3.84
4.64
3.36
6.72
4.96
4
6.24
3.2
4.96
4
4.64
3.84
4
4.16
3.36
4.16
4
4.64
4.32
5.28
3.52
4.96
5.44
5.44
4.96
3.84
3.04
4
4
5.12
4.32
4.48
5.28
4.8
4.16
6.08
6.72
4.32
4.32
6.08
4.96
4.48
5.44
6.4
5.28
6.56
3.52
4.32
4.64
5.6
4.48
4.8
5.76
4.32
4.96
4
4.48
3.04
4.16
4.32
4.64
4.16
4
4.64
6.4
2.4
4.8
4.8
4.96
5.44
5.12
4.48
5.92
5.44
6.08
4.64
4.64
3.84
5.12
6.56
6.56
5.6
4.48
4.64
4.16
5.12
5.44
4.96
6.24
4.48
5.92
5.92
4.64
6.24
5.44
4.8
5.12
5.44
5.12
6.88
4.16
6.72
7.36
4.96
2.4
6.88
5.6
6.08
7.2
5.92
4
6.56
5.12
8.64
6.72
6.08
8.16
6.24
6.4
4.96
5.44
4.96
7.52
7.36
3.52
3.84
5.6
6.72
4.8
7.04
7.2
6.56
5.44
6.56
5.76
7.68
6.24
7.52
6.88
7.2
6.24
5.44
6.56
3.68
6.08
6.88
7.04
5.92
6.24
8.32
7.52
5.92
6.72
3.84
8.16
4.48
7.2
7.36
8.48
7.52
8
7.68
5.44
2.88
7.36
8.96
8.48
6.08
8
6.56
5.76
5.44
7.2
6.4
6.56
7.68
8.16
7.52
5.76
6.56
4
10.56
4.48
7.2
9.44
8.16
9.92
6.08
7.68
8.48
7.36
8.48
7.52
6.24
7.04
8.48
8
6.56
5.92
5.6
8.8
6.56
3.84
5.76
6.4
7.36
9.44
8.48
9.28
9.76
7.36
8.32
7.04
8.16
5.12
10.4
8.48
5.6
9.76
9.76
7.84
4
7.52
7.84
8
9.6
7.84
7.04
6.24
8
8.32
8
8
7.84
8.48
7.2
6.24
8.32
8
7.36
7.68
5.6
9.28
6.4
8
8.64
7.84
5.76
8.48
8.64
8.48
8.16
8.32
8.32
8.16
8
8.48
8.8
7.2
7.52
5.12
7.52
8.64
7.2
6.88
7.68
8.8
6.56
7.68
7.04
7.04
7.04
8
7.2
8.64
7.36
7.84
8.48
7.04
8.16
4.48
7.68
7.52
7.52
6.56
8
7.84
7.2
8
8.16
8.48
7.68
7.68
7.2
8.16
8.16
7.52
6.88
8.8
4.32
8.8
6.72
10.4
8
9.28
9.28
8.8
8.16
7.68
8.32
8.96
7.68
8.96
7.68
8.96
7.84
7.52
8.8
8.96
4.64
8.32
7.04
9.6
6.4
8
8.48
9.44
9.12
8.64
8.32
8.64
7.68
8.64
7.84
8.32
8.32
8.32
9.6
6.08
8.96
8.8
8.96
10.24
9.28
8.16
8.96
9.12
9.76
8.32
8.32
7.84
8.96
9.12
7.84
8
7.84
6.24
10.56
5.76
8.48
10.24
9.44
8.48
10.08
8
8
8.32
7.68
7.52
9.44
8.16
7.84
8.64
9.12
9.92
7.2
8.32
5.92
6.88
8.8
7.68
8.32
6.24
7.04
5.28
7.36
8.48
6.4
7.52
7.36
7.2
7.84
9.6
8.16
7.52
8
8.16
6.08
7.04
6.88
5.6
6.88
7.2
6.08
6.88
5.92
5.92
7.36
7.2
7.2
8.32
8
6.08
7.52
8.8
8
6.08
6.08
4.8
8.64
6.72
7.84
8.48
6.88
6.4
5.76
5.92
6.08
5.76
6.88
5.76
6.88
7.68
6.24
5.28
5.44
4
5.76
6.56
6.56
6.4
5.6
6.24
6.72
6.88
7.04
6.08
7.2
6.72
8.64
7.84
8.8
6.56
8.48
6.88
4.64
7.04
7.52
5.92
5.76
6.08
5.92
6.4
6.72
7.04
8.8
6.56
7.68
6.72
5.12
7.68
5.44
6.24
7.52
10.24
5.28
7.68
7.36
7.2
6.88
7.68
7.52
6.4
7.04
8.32
6.72
6.08
5.76
8.16
4.48
8
7.04
5.76
7.84
4.64
7.2
7.52
4
8.48
7.04
6.72
7.52
6.72
7.04
7.68
6.56
5.6
8.16
7.68
6.08
8.8
7.84
7.52
7.68
5.28
7.04
7.2
8.16
6.88
7.2
5.76
6.88
9.44
6.88
7.36
6.56
6.88
7.36
8.8
7.52
8.48
9.28
7.52
2.24
9.6
7.84
7.52
8.64
6.56
5.76
5.76
6.72
6.24
6.08
6.4
6.72
7.04
6.56
6.4
7.04
6.4
7.36
7.68
6.08
7.36
7.52
6.24
5.92
8.48
6.88
7.04
5.6
6.88
6.72
7.84
7.36
7.2
7.68
7.36
6.88
6.4
6.88
4.32
6.08
6.88
5.92
7.84
8.96
8
9.28
7.68
6.88
6.88
8.16
8.64
8
7.2
6.56
7.68
6.72
8.64
7.36
6.4
8.32
10.56
8.16
8.8
8
9.6
6.88
8.16
7.2
4.48
10.72
7.2
8.48
7.52
5.76
9.12
9.76
8.64
5.6
9.44
9.6
8.32
7.84
8.8
10.08
8.96
8.96
7.84
5.76
9.28
6.24
10.72
8.48
7.84
8.96
7.2
9.12
7.36
5.76
7.84
8.32
8.64
9.28
8.48
7.36
7.36
9.12
8
9.28
9.6
8.8
8.96
7.68
8.64
8.8
8.8
8.32
5.28
9.28
10.88
8.32
8.16
10.56
8.48
9.44
8.64
8
8.8
7.84
8.8
9.28
9.44
8.48
8.48
8
8.96
10.88
6.08
8.96
9.12
8.8
9.28
9.12
9.76
9.12
7.84
8.64
8.16
9.44
8.96
8.48
10.72
9.12
10.4
8.8
8.8
6.56
3.84
9.12
11.68
9.76
10.08
9.28
8.8
10.88
8.96
8.48
8.48
10.24
7.68
9.6
10.24
8.16
9.12
8.16
9.12
5.6
5.44
13.6
9.44
9.44
8.32
8.64
9.92
9.6
9.28
9.92
8.8
9.28
8
8.64
8.32
8.32
9.76
9.6
5.6
11.2
9.28
9.6
8.48
10.4
10.08
9.92
8.96
9.76
9.6
9.6
9.28
9.44
9.6
9.44
7.2
8.48
9.6
7.2
5.12
7.84
7.36
7.68
7.2
7.04
7.52
6.56
6.88
7.36
8.64
8
7.2
9.76
7.36
6.56
7.36
7.68
6.08
3.68
8
4.48
8.32
8.8
7.2
6.24
9.6
6.88
8.64
9.28
5.44
6.08
6.56
10.4
6.08
5.92
8.16
8.48
7.04
4.96
7.52
8
7.36
5.92
8.64
7.04
8
7.36
8.32
7.84
8
5.44
9.92
7.36
6.4
8.8
8.48
7.2
2.56
9.76
7.04
7.2
7.52
6.56
8.48
6.88
8.48
5.76
8.48
8.8
7.52
8.48
8.48
6.08
8.32
7.52
7.84
6.56
3.84
8
8.64
7.68
8.64
7.68
6.88
8.96
6.4
8.64
8.64
8.8
6.56
7.36
9.6
7.36
8.32
6.56
9.76
5.76
8
8.32
7.68
8.64
9.6
8.16
7.52
10.4
8.48
8.48
8.32
7.52
9.12
8.32
9.6
8.48
8.32
8.64
8.8
5.76
7.36
7.84
9.76
7.68
8
10.56
8.16
9.12
8.16
8.64
8.32
9.6
9.76
7.04
5.92
9.12
7.68
6.88
6.24
8.64
7.2
8.32
9.28
5.92
8.48
7.2
7.84
8.32
9.28
7.36
7.52
9.6
7.68
8.64
7.68
8.96
6.88
7.68
5.92
7.52
7.52
7.52
8.8
8.16
7.84
8
9.6
7.84
8.32
9.12
5.6
9.6
7.52
8.64
7.84
9.76
6.56
5.28
9.12
7.04
8.96
7.2
10.56
6.24
7.84
8.16
8.32
8.64
9.28
7.2
7.84
8.48
8
8.48
8.48
7.36
6.72
6.08
8
8.48
8.64
7.52
8
6.88
8.64
8.48
8.48
6.88
9.28
6.72
8.64
7.52
6.24
9.12
6.4
9.28
4.64
8.16
7.68
8.32
8.48
8.16
7.36
9.12
8.32
7.36
8.32
8
8.16
7.2
6.24
8.32
8.64
6.24
7.84
8
3.68
8.64
7.84
7.84
6.88
7.36
6.56
8.16
6.08
6.4
9.12
5.92
8.8
7.04
7.36
9.12
6.88
6.88
7.04
4.48
8.64
6.72
8.32
6.4
9.28
6.56
9.44
8.32
7.36
5.92
7.68
6.24
5.6
7.68
7.84
8.48
10.08
5.28
7.84
6.88
6.88
8.96
7.2
6.56
8.32
7.36
7.2
7.68
7.84
8.8
8.96
7.04
8.16
8.32
6.08
8.48
7.04
7.36
3.68
6.88
8.8
7.68
7.84
6.08
8.8
6.72
8.48
5.92
7.84
6.72
6.56
6.56
6.24
8.8
6.4
7.68
6.24
9.28
6.08
7.52
7.68
8.32
9.12
7.68
10.24
7.36
7.2
6.08
7.52
5.76
6.4
5.6
9.44
7.04
7.2
8.48
7.2
4.48
9.92
7.68
7.84
7.2
7.52
6.72
7.84
6.56
7.68
8.32
7.68
8.32
8.96
7.84
7.52
7.84
7.68
7.84
8.96
4.96
7.52
7.68
9.76
7.52
8.8
7.2
7.68
8.48
7.68
7.52
5.28
7.36
6.24
5.44
6.56
8.16
8.48
5.76
4.64
7.36
7.68
6.4
4.96
5.6
6.72
6.56
5.44
6.24
7.52
6.24
6.72
4.64
7.2
6.56
4.8
6.4
6.24
4
2.56
6.56
6.56
6.08
6.24
5.44
5.76
5.12
6.88
4.96
5.76
5.6
6.4
6.08
6.24
5.44
5.92
5.92
5.44
3.36
8.96
6.24
6.24
6.24
5.76
5.28
5.92
5.28
7.36
6.08
5.44
4.64
5.92
6.08
5.44
5.28
5.28
5.76
5.6
5.76
5.92
7.04
5.12
6.08
7.36
6.56
6.24
6.24
6.72
5.76
6.56
6.08
5.6
6.08
7.04
6.56
6.24
6.4
4
7.04
5.6
7.04
4.8
6.88
6.4
6.08
5.44
6.72
6.08
8
5.28
6.72
5.44
6.88
7.04
7.2
7.52
8.32
3.52
8
6.24
8.32
6.4
7.04
7.68
6.56
7.52
6.24
7.36
7.84
7.52
7.36
8
6.4
7.36
8.48
7.36
4.96
8
6.72
8.32
7.68
7.04
7.04
6.72
6.4
6.72
7.52
6.08
6.24
7.04
6.08
7.68
6.72
5.92
6.24
6.72
5.76
6.4
7.52
6.4
7.04
8
6.88
6.88
8
7.36
7.2
8.16
7.68
6.4
6.08
6.56
7.52
5.28
4.96
5.12
5.44
5.92
6.4
5.6
5.44
6.24
5.76
7.68
6.24
6.24
5.44
7.52
5.76
7.2
6.88
8
6.88
7.52
6.08
5.76
6.88
5.92
6.4
6.24
5.76
5.6
4.96
4.96
5.76
5.6
5.44
6.72
6.4
6.88
6.4
8
6.88
6.56
4.48
7.36
6.72
6.56
5.28
5.28
6.56
7.2
6.56
6.24
6.08
7.84
6.24
6.72
5.76
5.76
5.92
6.56
6.4
7.2
4.8
7.2
5.92
7.84
5.28
5.76
6.4
6.24
7.04
6.56
5.6
6.88
6.88
6.72
5.6
6.72
5.44
6.72
5.44
4.8
6.72
6.08
6.72
5.92
4.32
5.12
6.72
4.8
5.44
4.32
5.76
6.08
6.4
6.24
5.28
4.64
3.52
6.4
4.8
4.16
5.44
5.76
6.56
4.8
5.12
5.12
6.88
5.28
6.88
5.28
6.24
5.28
4.32
5.44
6.88
5.28
4.96
6.24
3.04
7.36
5.28
6.72
5.12
4.8
5.76
5.44
4.8
4.96
4.96
6.4
4.96
6.24
6.24
6.56
3.36
6.08
6.4
5.12
3.68
5.44
6.08
5.12
5.76
5.12
6.24
6.24
5.28
5.44
6.72
4.32
5.92
4.8
5.28
3.84
4.8
5.12
4.96
4.48
6.4
3.84
6.08
4.64
4.96
4.32
5.6
4.96
4.48
4.64
4.8
5.28
4.96
4.32
5.6
3.84
5.76
4.48
4.96
4.64
5.76
4.8
5.12
5.92
6.56
5.76
4.8
5.44
4.96
6.4
6.24
5.6
5.6
4.96
5.12
4.64
5.92
5.44
3.2
6.72
6.24
5.76
5.44
7.52
4.16
6.4
6.24
5.6
7.68
6.88
5.92
6.72
6.72
7.2
7.36
6.56
6.72
6.08
4.64
7.04
6.72
6.24
6.72
7.2
6.72
6.88
6.4
5.44
5.28
6.56
6.88
6.56
6.24
7.04
6.88
7.36
6.4
6.24
6.4
7.52
6.72
7.04
7.2
5.44
7.2
6.08
6.24
6.24
7.36
6.88
6.72
6.08
5.92
5.6
7.04
6.56
5.92
3.36
6.24
6.08
6.08
7.04
5.44
5.76
4.96
6.56
5.12
6.56
7.36
8.64
7.52
7.36
6.72
7.04
6.72
6.24
4.8
6.24
7.68
7.2
7.68
8.32
6.72
6.56
7.52
7.04
5.92
5.12
5.76
7.04
5.6
7.04
5.12
5.76
7.36
5.44
4.16
6.24
8.32
7.2
6.72
6.88
6.72
6.72
5.76
5.6
5.76
5.92
6.24
6.24
6.08
7.2
7.52
6.08
6.08
4.8
6.24
5.44
5.28
6.88
6.56
6.72
6.56
5.92
6.88
5.44
5.92
6.24
6.24
5.44
6.08
5.12
6.24
5.76
5.6
4.96
6.88
7.52
5.6
6.08
5.76
6.56
6.4
5.76
7.2
4.96
4.96
6.4
5.76
6.4
6.24
5.6
6.24
6.08
4.32
5.44
4.8
5.76
6.88
6.4
5.12
5.76
5.6
5.28
6.24
6.24
6.88
6.08
6.88
5.44
5.44
4.8
5.12
6.56
4.32
7.2
4.96
6.56
6.08
7.04
6.88
6.88
5.92
5.76
6.24
6.24
6.4
4.8
5.6
7.2
6.4
6.72
6.08
4.64
6.4
6.72
7.36
7.36
6.56
6.72
6.24
6.72
5.76
6.08
7.36
5.44
6.56
7.52
6.08
6.56
7.68
8.32
6.24
5.6
6.24
5.28
5.6
7.2
5.28
5.76
6.24
7.04
6.4
6.72
7.52
8
6.24
7.2
5.76
7.2
5.92
6.4
4.96
7.04
5.28
7.2
7.84
7.2
7.84
5.6
6.56
5.92
7.68
6.72
6.56
5.28
6.56
8.64
7.04
6.88
7.36
7.84
5.28
7.2
7.68
6.88
6.08
7.36
7.52
7.68
7.36
7.84
6.88
7.68
5.92
8
6.56
6.72
6.88
7.52
7.04
5.28
8.16
7.2
7.36
7.36
7.68
8
6.88
8.32
7.68
7.36
7.52
9.6
4.96
5.76
7.36
6.56
7.36
7.84
8.64
5.92
7.04
8.32
7.36
6.24
7.2
6.08
7.36
6.88
6.88
7.52
7.36
6.24
7.2
7.52
6.88
7.2
8.16
7.04
4.64
7.68
7.84
7.04
7.68
8
7.84
7.52
6.56
8.16
7.2
6.24
8.16
6.56
7.84
7.36
7.36
6.72
6.72
7.2
4.96
8.16
7.84
8.48
6.72
5.44
5.76
5.92
5.76
5.76
5.44
5.6
6.08
6.88
6.08
6.4
6.56
5.44
6.72
3.2
7.04
5.92
6.08
5.28
5.92
5.12
4.96
4.96
4.8
5.12
4.8
4.48
4.96
5.12
4.48
5.92
4.64
4.96
5.28
4.32
5.76
4.48
5.12
4.64
4.48
5.12
5.12
4.16
4.8
4.48
5.28
4.64
5.76
4.96
5.12
5.28
4.96
5.28
3.52
5.92
4.96
4.48
3.68
3.52
3.68
3.52
3.68
3.68
4.16
3.68
3.52
3.52
4.32
3.68
3.2
3.36
3.2
3.36
3.36
3.36
3.2
3.52
3.2
2.88
3.52
3.68
3.36
3.68
3.2
3.52
3.2
3.2
3.2
3.36
3.04
3.04
3.04
2.56
3.36
3.84
3.36
3.36
3.84
4.32
3.52
3.2
2.56
3.04
3.36
3.2
3.36
4.32
3.84
4
4.48
4.16
4
3.52
4.64
4.64
3.84
4
3.84
3.68
3.68
4.16
4.16
4
4
4.16
3.68
3.84
4.32
3.52
4.64
4
4
4.64
3.52
4.16
4
3.84
4
3.84
3.84
2.88
3.04
3.04
3.04
3.04
3.68
3.68
2.4
3.36
2.88
2.72
3.2
3.2
3.04
2.72
3.36
3.04
3.68
2.4
2.72
3.04
3.36
3.04
3.2
3.2
2.72
2.88
3.04
3.04
2.88
2.4
3.2
2.56
3.52
3.2
3.2
3.04
2.72
3.2
3.04
3.36
3.52
2.88
2.72
3.04
2.72
3.04
2.72
3.04
2.88
2.88
2.72
4.16
2.24
2.88
2.88
3.36
2.72
3.2
3.04
3.2
3.2
3.04
3.36
3.04
2.88
2.88
2.88
2.88
2.4
3.52
2.72
3.04
3.04
2.56
2.56
3.2
2.72
3.2
3.04
2.88
3.36
3.04
2.56
3.04
3.04
3.2
2.88
3.04
2.88
3.2
2.56
2.4
2.24
2.24
2.56
2.4
2.24
2.4
2.56
2.72
2.56
0.96
1.28
0.96
1.44
1.12
0.64
0.96
1.12
1.28
1.12
1.6
0.96
0.96
11.04
8.96
8.64
13.12
13.44
13.6
10.08
14.4
13.12
12.8
10.08
13.12
12
5.6
17.92
17.76
16.8
19.2
17.6
18.08
16
14.72
12.48
12.64
17.28
13.44
14.24
12.32
14.08
14.4
15.84
19.04
7.84
17.76
15.04
15.84
15.2
14.56
14.88
8.64
9.76
10.88
9.44
11.36
15.36
14.56
11.52
10.24
12.64
10.4
12.32
13.44
8.48
14.72
15.68
16.32
17.28
17.6
16.8
16.64
15.2
16.96
18.56
10.56
7.04
7.2
7.68
5.92
7.84
10.88
8.48
3.68
12.16
10.56
10.56
13.92
9.76
12.96
13.92
13.76
12.8
13.6
16.16
12.8
15.52
15.2
11.36
14.56
16
16.8
17.92
9.28
19.04
16.64
16.96
12.32
8.64
9.76
10.08
15.04
16.48
11.68
10.24
11.68
14.4
14.4
15.68
16.32
12.64
18.08
6.56
9.12
6.72
6.88
11.52
12.8
11.84
9.92
8.64
13.76
14.08
12
9.92
12.16
11.52
9.76
10.88
11.2
10.56
12.32
4.48
10.08
14.4
10.56
10.56
13.28
11.2
12.96
12.16
13.92
12.16
12.8
13.44
15.2
11.2
10.88
12.16
11.04
10.4
2.72
9.6
9.44
12.48
13.76
15.52
11.84
10.56
11.04
14.4
15.68
14.4
13.12
5.28
4.64
6.08
7.04
7.52
6.56
6.56
3.36
7.2
8.48
5.12
7.52
5.76
7.52
6.24
6.88
3.68
9.44
8
9.28
5.44
8.32
5.92
8.48
9.12
6.4
4.96
8.96
8.96
6.88
7.52
8.32
8.16
11.04
13.44
6.4
3.84
10.88
18.88
19.04
18.88
18.08
17.92
16.96
14.72
18.24
8.96
11.52
15.52
14.72
16.16
18.24
16.64
14.4
9.76
15.84
11.52
12.64
14.72
8
4.8
4.8
4.8
5.01333
5.76
11.9614
14.1257
13.92
13.9478
8.16
14.24
16.0533
14.96
18.08
15.84
13.4133
15.5467
16
15.0069
17.6
18.72
17.76
18.92
16.7614
16.64
12.4
14.92
14.6667
16.48
15.2
14.64
14.88
15.6
15.6
14.4
8.48
14.56
16.0533
16.48
18.4533
19.2
18.4
18.72
18.8267
17.92
9.28
17.92
18.7733
17.92
17.2267
18
9.44
17.0426
16.96
9.76
16.96
18.368
19.2
18.56
18.48
18.24
13.7067
18.96
19.14
19.2
19.2
19.04
18.272
9.12
16.8655
17.6492
17.79
17.025
17.36
16.96
17.1556
16.58
16.0417
16.6039
16.5333
12.8
16.88
17.1008
17.7806
19.2
19.2
19.24
19.2
16
18.72
18.72
18.88
18.56
19.04
17.8473
17.4222
17.4267
17.2431
16.5511
16.64
17.92
18.88
16.64
16.6756
15.728
15.62
15.76
15.74
17.44
12.88
16.8
15.36
16.52
17.5314
15.8933
15.84
16.6933
14.3467
16.4267
14.7657
8.32
16.0941
15.6038
16.2489
16.192
14.2277
15.3164
12.46
5.21143
4.8
4.53333
4.62222
4.24889
4.2624
4.32
4.32
4.04267
3.52
4.56
4.08
4.55385
4.96
4.56
5.44
4.21333
4.48
5.04
4.24
4.384
3.52
3.68
4.24
7.2
3.52
5.6
3.12
5.2
4.4
5.28
5.76
2.72
5.06667
5.84
3.52
7.2
3.04
5.52
5.24
4.8
4.32
5.52
4.64
5.76
4.8
5.06667
6.56
5.76
3.68
5.92
4.16
6.08
4.72
4.96
9.92
8.96
4.16
6.88
10.08
4.8
4.8
5.696
7.2
4.64
5.28
4.96
7.52
2.88
8.48
7.36
7.2
8.48
12.64
8.8
8.8
8.8
6.6
5.8
4.8
4.04
4.72
5.6
4.64
5.12
4.24
6.08
3.2
5.44
5.44
3.36
5.28
4.48
7.68
8.64
6.72
4.32
9.12
9.44
7.68
8.8
8.32
8.8
8.8
8.48
4.4
4.32
4.8
2.4
4.96
3.84
5.28
3.84
3.52
3.68
4.32
4
4.32
2.88
5.12
4.64
5.44
4.90667
4.96
4
4
5.12
4.8
2.56
3.84
4
4
2.88
4.88
5.28
5.12
2.72
4.8
3.36
4.4
4.32
5.76
4.16
3.04
4.64
1.12
4.64
5.44
2.24
5.44
8
7.36
7.68
6.72
6.72
8.16
8.8
7.68
6.4
6.28
4.32
3.52
5.01333
4.32
4.48
4
4.32
4.48
3.52
4.32
4.48
3.36
4
3.6
3.52
2.08
4.16
4.96
3.84
4.16
3.84
2.72
6.4
7.84
3.92
4
3.04
6.4
5.6
10.24
13.92
6.24
7.84
3.04
5.12
5.44
6.08
4.32
6.24
4.32
6.72
6.08
5.44
6.56
3.68
6.24
3.68
4.16
3.36
5.12
4
3.36
3.68
4.8
3.36
2.24
2.56
3.52
2.72
3.04
3.68
9.6
7.36
7.68
8.8
9.44
7.04
4.8
3.84
4.48
4.56
4.16
5.76
5.76
7.68
3.04
7.36
6.4
7.04
5.44
5.12
5.92
4.64
6.4
7.84
8
4.96
6.24
2.08
5.44
5.6
4
5.44
6.88
6.24
4.96
5.44
7.68
6.56
5.76
5.12
5.6
4
4.64
3.52
3.76
2.24
3.04
3.36
2.88
5.44
8
7.36
7.04
8
13.92
12.48
7.84
8.48
4.53333
3.008
2.24
5.92
7.68
6.56
8
7.04
8.16
8.8
8
4.05333
2.61333
0.96
0.64
0.96
3.2
2.08
3.04
3.04
4
2.56
3.52
3.52
3.2
3.84
2.4
3.68
2.08
4.8
3.04
3.2
0.96
3.04
2.56
0.64
0.32
0.96
0.8
0.8
1.44
0.96
1.28
2.24
2.24
1.12
1.6
0.8
2.24
0.96
1.6
0.96
1.12
2.08
1.6
1.76
1.12
2.08
1.76
1.92
2.24
0.96
1.12
1.6
1.6
1.6
1.6
1.6
1.76
1.28
2.08
1.76
1.44
1.76
1.6
1.28
1.6
1.6
1.44
1.28
2.08
1.6
0.8
1.92
2.24
1.92
2.4
1.28
1.12
1.76
1.44
1.12
0.8
1.6
2.08
0.64
0.8
0.64
1.6
2.08
1.76
1.44
1.28
1.28
0.96
1.28
1.12
1.44
1.6
0.8
0.8
0.8
0.8
1.28
0.64
0.48
0.48
0.96
1.28
1.12
0.16
1.12
0.96
1.12
0.72
1.12
0.16
1.28
0.8
0.96
1.12
0.48
0.16
0.4
0.96
0.64
0.32
0.96
0.96
0.8
0.96
0.64
0.32
0.48
0.48
0.96
0.16
0.8
0.32
0.32
0.48
0.64
1.12
0.8
0.32
0.96
0.48
0.32
1.12
0.64
0.64
0.48
0.8
0.8
0.48
0.48
0.48
0.8
0
0.48
0.96
1.28
0.96
0.64
0.48
1.12
0.96
0.16
0.96
0.8
1.12
0.48
0.8
0.48
0.64
0.96
1.12
0.32
0.8
0.96
0.64
0.16
0.32
0.8
0.96
0.48
0.48
0.8
0.8
0.8
0.32
0.64
1.28
0.8
0.8
0.8
0.48
0.32
1.12
0.48
0.16
0.64
0.16
1.28
0.32
0.8
0.64
0.48
0.32
0.48
0.64
0.48
0.64
0.48
0.8
0.32
1.12
0.48
0.32
0.96
0.64
0.32
1.12
0.64
0.64
0.32
0.64
0.32
0.32
0.48
0.8
0.64
0.8
0.96
0.8
0.96
0.96
0.8
0.48
0
0.8
0.8
0.64
0.72
0.96
0.96
0.48
0.64
0.64
1.12
0.64
0.48
0.64
1.28
0.48
0.64
0.8
0.8
0.64
0.8
0.16
0.96
0.8
1.28
0.48
0.48
0.64
0.96
0.96
0.64
0
0.64
0.16
0.48
1.12
0.64
0.96
0.64
0.96
0.8
0.8
0.32
0.64
0.8
0.96
0.48
1.28
1.28
0.32
0.32
0.64
0.8
0.16
0.64
0.48
0.96
0.64
0.56
0.64
0.64
0.96
0.64
1.12
0.96
0.96
0.8
0.48
1.04
0.32
0.48
0.48
0.96
0.48
0.96
0.32
0.16
0.8
0.32
