3.72377
3.36
2.4
3.68
3.04
2.56
3.78667
3.36
3.68
3.04
2.96
2.08
3.04
2.88
3.68
3.36
3.52
2.08
3.36
4.32
3.68
3.68
3.84
3.68
3.2
3.68
4.72
4
2.24
2.88
4
1.92
3.84
1.92
4
3.68
3.04
4.64
4.16
5.44
4.16
4.48
3.52
4
5.28
3.52
4.32
5.12
3.68
4.16
4.16
4.64
4.64
1.92
3.68
3.68
4.48
4.32
3.68
4.16
4.48
4
2.72
5.6
3.36
5.12
4.96
4.48
3.84
4.64
4.8
4.16
2.56
4.96
4.32
4.48
5.12
4.32
4.32
4.48
4.96
5.12
4.32
3.36
6.56
4.32
3.52
4.48
5.6
4
4
3.68
3.04
5.44
4.96
4.16
3.52
4.16
4.48
6.4
4.8
4
3.52
4.96
5.76
3.36
4.32
5.44
6.24
3.36
4.56
3.68
5.12
4.64
2.56
5.6
5.28
3.84
4.8
4.48
3.68
4.64
6.24
3.2
4.8
4.96
4.48
5.28
4.8
3.52
4.16
4.32
4
4.8
3.52
4.96
5.92
4.48
3.52
4.64
3.52
5.6
5.28
4.8
3.36
4.8
4.16
5.44
2.08
5.6
4.32
4.48
6.4
3.36
3.52
4.64
5.12
6.08
3.52
4.8
4.8
3.36
4.32
5.28
4.16
4.32
4.48
5.44
2.24
4.32
6.08
5.92
5.92
4.48
4.8
6.88
6.88
3.68
2.72
4.8
6.24
4.32
4
5.44
4.32
4.16
4
4.16
5.92
4
4.96
4.8
4
5.12
3.68
4.96
3.52
6.24
5.12
7.04
4.8
4.16
5.04
3.36
4.48
4.8
5.6
4.48
4.96
4
5.76
4.48
5.6
4.8
4.8
4.16
4.32
4.96
3.84
5.6
3.04
5.76
3.84
4.32
4.48
4.64
3.04
7.36
4.96
4
3.52
4.48
5.12
5.6
4.64
5.28
3.68
2.72
5.04
5.92
4.74667
4.96
6.4
4.96
5.28
3.04
5.12
6.56
6.08
4.8
5.12
4.16
6.72
3.36
4
5.92
4
3.2
4.48
4.8
5.44
4.96
4.48
4.64
4.48
5.44
5.12
4.48
3.04
6.24
5.6
3.52
3.36
2.4
4.8
4.8
5.12
4.16
4.96
4.16
5.76
6.08
5.76
4
4.64
4.96
4.96
3.36
4.8
4.96
6.08
6.4
2.56
5.6
4.96
4.16
4.8
4.32
4.8
4.48
7.52
4.64
3.36
5.44
4.32
4.96
5.12
4.74667
2.88
3.2
2.4
4.8
5.36
6.72
3.04
3.68
4.64
5.76
4
5.6
3.52
5.6
3.36
6.24
3.04
6.24
5.44
3.36
1.6
6.08
4
3.52
5.12
4.96
4.64
4.8
3.2
4.32
6.56
3.84
5.28
4.8
5.12
4.48
4.48
4.8
6.08
4.10667
4.8
4.8
4.48
4.56
5.6
5.52
5.44
4.96
5.04
4.64
6.24
4.96
5.76
4.16
4
4.32
5.28
3.68
5.92
4.16
3.84
4.48
4.16
6.4
4.32
4.64
8.8
3.52
4.48
4.8
3.84
7.68
4.96
2.24
5.44
6.24
5.92
5.44
4.96
5.76
3.84
5.12
6.08
5.92
2.88
3.68
5.92
4.16
4.16
3.36
3.84
3.84
5.92
3.52
3.52
4.64
4.8
4.96
4.64
3.36
4
4.96
5.6
4.8
4.48
4.32
3.84
4.32
5.12
6.88
2.88
4.16
4.16
4.96
3.68
4.48
4.16
3.84
5.76
5.44
3.2
4.8
5.6
3.68
4.96
4.48
3.84
3.36
5.28
2.56
4.64
3.52
3.36
4.8
4.32
4.8
3.68
4.48
4
5.12
5.28
4.32
3.36
4
4.16
4
4.16
7.04
3.2
3.04
4.8
4.16
4.64
4.48
6.88
6.24
3.52
5.6
4
4.48
5.12
4.8
4.48
6.24
5.44
5.12
4.16
4.48
1.76
4.8
5.44
4.32
5.28
4
5.92
5.12
5.76
5.92
5.6
4.96
3.52
6.24
3.04
5.28
5.6
5.44
4.96
4.96
2.4
4.96
4.8
4.64
4.48
4.16
4
3.84
3.84
4
3.52
3.84
3.36
3.04
3.36
2.72
3.68
4.96
4
3.04
4.64
3.84
4.64
4.16
3.68
3.52
3.04
3.84
4.48
3.2
4.8
3.52
3.52
4.32
4.32
4.16
3.84
3.68
5.92
2.56
5.12
3.84
4.32
5.44
3.52
4.96
4.48
4.64
5.28
5.44
5.44
7.04
4.32
4.8
3.84
3.84
4.32
4.32
3.2
4.32
5.76
7.2
4.16
5.28
4.96
5.44
6.08
6.72
4.64
4.48
4.16
4.48
4.64
5.28
3.2
7.04
6.08
6.56
3.04
4.48
4.32
3.68
4.8
3.68
3.68
5.28
5.6
3.52
3.36
6.24
3.84
4.48
4
4.48
5.12
3.36
4.64
3.04
5.28
3.36
3.68
3.04
4.8
2.88
5.12
5.28
3.68
5.44
4.96
4.8
3.84
4.48
4
4.64
4.96
5.6
5.92
2.88
6.08
4.32
4.48
5.28
4.8
4.32
4
4.64
4.96
4.32
4.48
4.48
3.84
6.24
3.2
5.92
6.56
5.44
3.68
4.96
4.16
3.52
3.68
3.84
3.68
5.12
5.12
4.64
5.28
3.52
4.64
6.4
4.64
3.2
5.76
3.84
4.96
5.44
3.36
4.8
3.68
5.76
6.08
5.76
6.08
3.84
5.28
6.08
4.96
4
4
4.32
4.8
4
4.64
5.44
4.8
2.88
4.48
4.96
6.08
5.28
4.16
4.96
6.24
6.24
4.96
3.84
4.64
5.12
7.68
4.32
5.44
5.6
4.48
5.44
5.92
3.68
4.8
3.2
5.6
5.76
6.56
6.4
4.8
4
4.8
3.84
5.12
6.72
5.28
8.16
5.12
4.48
5.92
6.4
1.76
7.2
7.2
4.96
8.16
5.44
7.52
6.88
4.96
7.36
4.8
6.24
6.08
6.24
6.56
5.92
6.72
7.52
6.24
6.24
4.8
4
4.32
4.96
3.84
7.36
6.72
6.4
7.36
7.04
6.24
5.76
6.4
7.68
5.6
7.2
5.44
6.24
7.2
4.32
3.84
8.48
8.16
5.76
7.36
6.24
5.76
8.48
6.72
4.48
8.32
6.56
7.2
7.2
7.04
9.12
6.56
4.96
5.12
2.56
5.44
8.96
10.24
7.2
7.68
7.04
6.88
3.52
7.84
8
5.6
8.96
6.4
6.72
6.4
7.68
4
10.24
5.6
6.08
9.6
9.76
8.48
3.68
9.28
8.32
7.84
7.2
8.16
7.2
7.36
8
8.8
6.24
7.36
3.2
8.32
8.32
4.8
7.84
6.4
8.32
8.32
8.64
8.48
8
7.36
6.72
8.64
6.88
5.76
8.96
9.6
8.96
7.04
10.24
7.84
5.44
8.32
7.04
7.2
7.2
8.16
7.84
7.52
7.36
8.8
7.2
7.68
8.16
9.44
7.36
6.88
8.8
7.68
6.24
7.68
4.8
7.68
9.44
8.32
7.36
8.16
7.52
9.44
7.2
7.04
10.24
7.52
7.84
7.84
8.48
7.04
7.36
5.12
8.32
5.76
8.16
7.36
7.52
7.04
7.52
7.52
8.48
6.08
7.84
7.36
7.68
8.16
8.48
7.36
8.16
5.92
8
5.92
7.84
3.84
9.76
8.8
7.52
6.72
8.32
7.2
8.96
7.84
8
7.68
7.52
7.52
6.4
7.52
7.36
8
8
7.84
6.24
8.16
9.44
8.64
8.8
8
7.68
7.84
8.16
10.08
7.2
9.28
8
9.6
7.84
8.32
8
9.12
7.2
9.92
4.64
7.84
8.32
8.32
10.24
8.32
7.52
7.84
9.44
9.12
6.08
8.64
7.36
8.96
8
8.16
8.64
9.6
9.92
6.72
8.48
8
8.48
9.92
8.8
8.64
9.12
8.32
7.84
8.8
9.12
8.64
9.44
7.68
8
8.8
9.28
9.12
7.52
5.28
10.08
8.16
7.84
10.4
8.8
8.64
7.84
7.84
7.36
7.84
6.72
8.32
9.12
8.64
9.92
9.44
8.16
8.16
4.32
7.36
8.96
7.52
8.64
6.24
7.52
6.4
7.52
8
7.2
6.88
7.52
7.04
6.88
9.92
9.28
7.04
8
7.04
3.84
7.68
6.72
6.88
6.72
6.08
6.24
6.4
6.08
6.4
7.52
7.36
6.88
8.16
7.36
8
8.64
8
6.72
3.2
8
7.2
8.48
7.36
7.2
6.72
6.24
7.04
5.44
5.76
6.24
5.92
5.6
6.4
7.36
5.92
6.24
7.04
6.4
4.32
6.56
5.44
6.56
5.76
6.4
5.6
5.76
6.08
6.72
8.16
6.4
7.04
8
6.24
10.56
7.2
6.4
7.2
4.32
6.4
5.92
8.32
6.56
5.92
6.4
8.8
6.56
7.04
7.04
7.52
8.32
6.88
6.56
6.08
6.72
7.84
8.32
6.72
5.6
7.2
6.88
7.36
7.2
8.16
8.64
7.52
6.4
7.68
6.88
9.12
6.72
7.36
7.2
7.84
5.76
7.04
6.4
4.48
4.64
9.6
6.24
8.16
6.56
6.88
6.56
6.08
5.76
6.08
6.24
7.04
6.72
6.72
7.04
7.36
8.48
7.68
7.2
5.44
5.44
6.88
6.56
6.56
8.48
7.84
6.4
6.4
8
5.92
6.08
8.32
8.96
8
6.88
7.04
5.44
7.36
2.08
10.08
7.04
9.12
8.96
6.88
7.52
6.24
7.2
6.4
7.2
6.4
6.56
6.08
7.2
7.04
6.08
6.4
7.68
7.04
5.12
8.48
8
5.92
7.04
7.68
6.56
7.2
7.04
6.4
6.88
7.2
6.4
7.2
6.4
7.52
8.96
6.72
7.04
4.32
7.2
6.56
8
9.28
7.68
6.88
8
10.24
6.88
6.88
6.56
7.36
7.52
7.2
6.72
9.12
8.16
8.64
9.12
3.52
10.56
8.48
9.44
8.32
7.84
8.32
7.52
7.36
8.8
8.16
7.36
8.64
6.88
7.2
8.32
7.68
8.96
9.76
5.6
8.64
8.48
8.32
8.8
8.8
9.44
8.48
9.6
8.8
8.48
7.68
7.68
8.64
8
8
9.28
8.16
7.2
7.04
5.28
8.48
7.2
8.16
9.28
8
9.76
7.68
8.16
8.48
8.8
8.48
8.64
8.16
7.52
8.96
8.96
10.24
7.68
6.08
8.96
9.76
8
9.28
9.92
8.64
8.48
8.64
8.48
8.64
8.48
9.12
8.96
9.44
8.48
9.28
8.8
8.96
7.68
7.04
9.44
8.96
8.64
9.28
9.44
7.84
9.76
8.32
8.16
8.8
9.28
8.96
7.84
8.64
8
7.36
11.2
9.44
8
7.52
11.2
9.44
10.4
9.44
9.44
8.48
8.64
9.76
8.16
9.92
7.52
7.52
10.4
10.08
8.64
9.44
10.88
7.84
6.08
9.12
9.92
9.44
9.12
7.52
9.92
10.72
8.32
8.8
9.6
9.6
8.96
8.32
10.08
9.28
8.64
8.32
9.44
6.08
10.88
9.44
10.72
8.96
9.12
9.12
9.6
8.64
8.16
9.92
10.08
9.76
10.24
8.96
7.36
9.92
8
7.84
9.92
5.12
7.2
7.36
6.56
7.52
5.76
9.6
5.12
7.2
7.36
8.96
7.84
8.64
7.52
6.72
7.52
7.36
6.56
6.24
4.16
7.36
4.16
8.16
8.16
7.84
5.6
8.48
8.96
6.88
7.84
8
7.84
8
8.64
4.96
6.56
8.16
8.32
6.08
4.96
7.84
8
7.04
7.52
7.04
7.2
6.24
8.96
8.96
7.52
5.92
7.2
9.44
8.16
7.36
6.88
8
7.04
3.68
9.28
6.56
6.4
8.16
7.84
8.64
7.2
7.52
5.28
8.96
8.48
5.6
6.72
8.96
7.84
8.48
9.12
7.36
7.36
2.56
10.08
7.36
6.4
6.08
7.68
9.92
7.84
7.04
8
9.44
9.92
6.72
8.32
10.24
5.6
8.64
9.28
7.36
5.92
8.16
6.4
9.12
7.84
9.44
8.96
7.84
9.12
8.16
7.68
10.24
8.32
8.64
8
8.16
7.52
8.8
8.48
7.68
4.64
9.12
9.12
8.8
8.32
8.64
8.48
9.6
9.6
6.88
9.92
9.28
7.52
8.48
8.32
6.4
7.2
9.6
7.04
4.32
8.64
9.28
6.4
9.28
8
8.48
8
7.2
8.16
8.48
8.48
8.96
7.84
7.68
9.76
6.24
9.28
6.56
7.36
5.92
7.68
9.12
9.44
6.88
7.52
8.8
7.04
7.2
10.24
7.52
8.96
6.88
9.6
7.2
8.32
8.48
8.16
7.68
5.6
8.96
8.32
8.96
6.88
8.96
9.28
7.2
7.2
8.8
8.16
7.68
9.44
6.88
9.6
8
7.84
8.32
8.32
6.88
5.44
8.48
9.12
8
8.16
6.24
9.92
7.36
8.8
7.2
6.24
9.76
6.72
8.16
8.32
7.52
9.6
6.56
8.16
6.24
7.52
9.76
7.52
8.64
6.08
7.52
8
7.68
7.52
8.48
7.36
10.56
7.04
8
6.88
6.4
8
9.6
8.32
4.16
8.32
7.04
8.16
7.84
6.88
6.56
9.28
5.44
5.6
8.16
7.68
7.52
8.96
7.04
8
8.32
6.08
7.68
5.44
9.12
5.28
9.12
5.92
8.96
6.56
9.12
7.36
7.2
7.2
8
6.08
5.92
7.68
8.16
7.52
8
8.16
8.48
4.8
8.48
8
8.64
6.24
8.16
6.24
8.32
7.04
7.52
9.12
8.8
6.4
8.48
7.36
8.32
8.32
9.12
6.72
4.16
9.12
6.08
6.72
6.88
6.08
8
7.2
8.96
6.24
7.04
6.08
8
5.6
5.92
8.16
6.88
7.68
7.84
7.52
6.4
8.64
9.92
6.72
8.16
7.52
10.24
6.88
6.4
7.36
6.56
6.08
7.2
7.68
7.04
7.36
7.52
8.32
7.84
4.16
9.92
7.36
7.36
7.84
6.4
4.96
8.32
6.72
7.68
7.52
8.96
8.32
8.64
7.2
7.68
7.84
8.64
7.84
8.64
4.64
8.48
8.64
8.48
5.92
7.84
7.2
8.32
7.68
7.2
6.24
6.08
5.76
6.08
6.72
6.4
6.4
7.68
6.56
3.84
7.2
6.4
6.88
5.44
6.56
6.4
6.4
6.08
6.4
6.72
6.56
6.24
5.44
5.6
6.88
6.08
3.68
6.72
5.44
3.04
6.24
5.12
5.76
7.36
5.76
6.08
6.4
6.24
5.92
4.64
5.92
6.4
4.8
6.24
5.12
6.24
5.92
5.6
3.04
7.84
5.6
5.76
5.12
7.36
4.64
6.56
5.92
6.08
6.24
6.24
4.8
5.28
5.76
5.6
5.12
5.76
5.28
5.28
5.76
6.88
6.24
6.72
5.76
6.4
6.08
6.72
5.44
7.52
6.24
5.76
5.76
5.92
5.92
7.2
6.4
6.72
6.56
5.28
6.08
5.6
5.76
4.8
7.04
5.6
5.28
6.56
6.4
6.4
7.04
5.76
6.88
5.6
5.92
7.68
6.88
7.04
8.32
4.16
7.84
6.24
6.4
7.52
6.72
6.88
6.56
7.68
6.72
7.52
7.68
7.2
7.68
6.72
7.2
7.52
8.64
7.04
5.44
7.2
8.32
7.52
8.48
7.2
7.52
6.88
5.92
7.2
7.84
5.6
6.88
7.04
7.04
5.92
6.88
4.96
6.24
6.72
5.44
6.72
7.84
6.08
7.36
6.72
6.72
8.48
7.68
8.16
6.88
7.2
7.36
6.88
5.6
7.36
8.16
5.12
5.28
4.16
5.76
6.24
6.4
5.76
6.24
7.52
6.56
7.2
7.36
6.72
6.56
7.2
6.56
6.56
7.04
7.36
6.24
8
7.2
5.28
7.36
6.88
6.88
5.92
5.76
5.76
5.6
5.28
5.28
6.08
7.04
5.92
6.56
7.52
5.76
6.24
6.08
6.56
3.36
8.32
6.4
7.2
5.92
6.08
6.08
7.04
6.08
6.88
6.08
6.56
7.2
6.24
5.28
6.08
6.88
7.36
7.04
7.2
4.64
6.72
6.56
6.56
5.76
6.24
5.6
6.72
5.92
7.52
5.12
6.4
7.52
7.04
6.88
5.76
5.6
5.92
5.76
4.32
7.68
6.72
6.72
5.6
4.96
4.64
6.08
5.76
5.12
4.48
5.6
7.04
4.96
6.56
5.6
5.12
5.6
4.96
4.48
3.36
5.92
5.92
5.92
4.16
4.8
6.72
6.56
5.76
7.04
5.6
6.08
4.64
5.44
5.28
5.28
5.6
6.4
6.08
3.2
5.44
5.12
4.64
5.28
5.44
5.92
6.56
5.12
5.28
5.6
5.76
5.76
5.12
5.28
6.4
4.96
5.76
6.24
6.08
3.68
4.96
5.92
5.92
5.12
5.6
5.44
5.92
5.6
5.28
5.76
4.64
4.8
5.76
6.24
4.16
4.48
5.6
4.16
4.48
5.6
5.6
4.48
5.28
5.44
5.12
5.6
5.12
3.68
5.12
4.64
5.44
5.12
5.12
4.96
4.8
3.36
4.32
5.28
3.68
5.44
5.76
5.28
5.92
6.24
4.96
5.28
5.12
5.92
5.76
6.24
7.36
6.08
4.96
5.92
4.16
5.44
5.28
4.16
6.24
5.92
6.24
5.92
6.4
5.76
5.12
7.04
5.92
7.68
6.56
6.72
6.88
6.88
7.2
7.2
6.24
7.04
5.6
4.32
6.88
6.4
6.4
7.2
6.72
6.08
6.24
5.6
6.72
6.4
6.72
5.6
6.4
6.08
6.88
7.84
7.52
6.72
4.96
7.04
7.04
7.2
7.2
6.08
6.88
6.72
7.2
5.76
5.28
6.56
6.72
6.56
6.56
6.08
4.8
6.72
6.88
6.24
3.84
5.44
5.76
6.56
6.24
5.92
5.28
5.44
6.24
6.08
6.56
7.52
7.04
7.36
7.84
7.2
6.88
6.08
6.88
4
6.4
7.84
7.68
7.84
7.36
5.76
6.88
7.04
7.04
5.28
5.44
7.04
7.2
7.04
5.76
5.28
5.44
7.2
5.76
4.64
6.24
7.04
6.72
6.72
7.2
7.2
6.88
5.76
5.92
5.44
5.6
6.24
6.88
6.88
6.4
6.56
6.08
6.24
4.48
6.56
5.6
6.4
5.76
5.6
5.92
6.4
6.88
5.76
5.76
7.36
5.92
5.92
5.44
6.08
5.76
6.08
5.76
6.08
4.48
7.52
6.56
5.12
7.04
5.92
6.88
6.56
5.28
5.6
5.44
6.72
6.24
5.76
5.92
5.92
5.44
5.28
5.6
3.68
6.4
6.56
5.28
5.44
6.24
4.64
5.92
5.92
5.6
6.08
7.2
6.72
5.28
6.24
6.56
6.08
5.76
5.44
5.44
4.16
7.2
5.44
6.56
5.92
6.72
6.88
6.56
7.2
5.28
6.4
6.08
4.64
6.24
5.92
7.04
5.6
5.92
7.2
5.28
6.08
5.44
7.04
7.2
7.52
5.76
7.52
5.6
6.08
6.56
6.56
6.24
6.88
6.88
6.56
7.04
5.76
8.32
7.2
4.8
6.56
5.12
5.92
5.12
5.92
6.88
7.2
6.56
7.2
6.56
7.52
8.16
5.6
6.24
6.4
8.32
6.88
6.4
4.48
6.4
5.76
5.44
8.32
7.52
7.52
6.24
6.88
6.56
7.52
7.04
7.52
6.24
6.88
7.52
8
7.36
6.24
8.16
5.28
7.52
7.2
7.2
6.24
5.92
8.16
7.52
8.32
7.2
7.2
7.04
7.36
7.84
6.56
6.72
7.04
8.32
7.2
4.96
8
7.84
8.16
6.72
7.2
7.2
7.04
7.52
6.56
8
8.8
7.36
8.16
6.56
7.36
6.88
8.32
9.44
8.16
5.76
7.84
8.16
7.68
7.04
8
5.44
7.52
6.88
7.2
7.52
6.72
6.56
7.04
7.36
6.72
7.52
7.52
6.4
4.8
8
8.16
6.88
8.32
7.04
8.32
7.84
7.36
7.84
7.04
7.36
7.68
6.4
7.04
7.84
7.2
5.76
7.68
7.84
5.92
6.56
7.36
7.84
7.36
5.6
5.76
5.6
6.08
5.92
5.76
6.08
6.4
5.76
6.08
6.88
6.72
6.24
5.92
2.88
7.04
7.36
7.04
4.32
5.44
5.12
5.28
4.96
5.6
4.96
5.44
5.44
5.12
4.64
5.28
5.28
4.64
4.48
5.12
4.32
5.12
5.12
4.8
4.8
4.64
5.28
4.64
5.12
5.12
4.96
4.96
4.96
4.32
4.8
5.12
4.8
4.64
4.48
4.48
6.4
4.64
4.8
3.68
3.84
3.36
3.68
4.64
3.68
3.68
3.52
3.52
3.52
3.68
3.52
4
3.68
3.68
3.52
3.36
3.52
3.36
3.68
3.04
3.2
3.36
3.2
3.36
3.84
3.2
3.52
2.56
4.16
3.52
3.52
3.2
3.52
3.52
1.92
4
3.52
3.68
3.36
4
4
3.52
4.16
3.2
3.04
3.84
3.36
3.36
4
4.96
4.32
3.84
3.68
3.84
3.68
4.16
3.84
4.32
4.64
3.84
3.68
4.16
4.32
3.68
4.32
4
3.52
3.36
4.16
4.8
3.52
4.16
4.16
3.2
4.8
3.68
4.16
4
3.52
3.84
4
4
3.04
3.36
2.56
2.72
3.04
2.88
3.52
2.72
3.04
3.84
3.04
2.72
3.04
3.04
2.88
3.04
2.88
3.84
2.24
3.04
3.04
2.88
2.88
3.36
3.04
2.88
2.88
3.2
2.88
2.88
2.72
2.88
3.36
3.04
3.36
3.04
2.88
3.04
2.56
2.72
2.72
2.72
2.56
2.88
3.2
3.04
3.04
2.88
2.88
3.04
2.88
3.2
3.52
2.4
2.88
2.88
2.56
3.04
2.72
2.88
3.04
2.88
2.72
3.2
3.2
2.88
3.04
3.04
3.36
1.92
4.16
2.88
2.88
3.2
3.2
3.04
2.4
2.88
2.56
3.2
3.04
3.2
3.04
2.72
2.56
3.04
2.56
3.04
2.88
2.72
3.04
3.36
2.4
2.08
2.24
2.24
2.24
2.4
2.24
2.56
2.4
2.08
1.12
1.28
0.8
1.12
1.12
0.96
1.28
1.12
0.64
1.12
0.64
0.64
1.12
10.72
8.8
11.36
8.64
12.8
11.36
7.52
12.96
13.6
9.76
11.2
9.92
13.12
7.2
13.92
17.76
12.32
16.16
18.56
18.88
16.64
16.64
17.12
16.8
16
16.48
12.96
10.88
15.04
15.2
15.84
17.28
9.6
17.6
15.84
13.6
14.72
14.56
17.6
9.76
10.24
13.12
10.24
12.48
12.8
13.44
9.28
10.56
13.28
10.72
11.84
13.92
6.88
15.52
16.16
16.64
18.56
17.28
17.44
17.28
14.88
16.16
18.88
14.4
6.72
6.88
6.24
7.52
6.88
9.44
6.56
6.72
12.8
9.92
11.68
13.12
14.72
15.2
14.56
11.36
15.2
15.84
12
13.28
16.16
11.04
14.08
16.32
16.64
17.6
18.4
8.64
18.72
16.8
16.64
7.2
8.16
10.4
11.52
15.04
17.28
11.04
12.48
13.76
10.56
12
16.48
15.84
15.04
18.24
5.92
9.76
5.12
6.08
12.64
14.88
9.44
10.72
11.36
8.96
11.84
9.12
10.72
13.76
11.52
10.88
13.28
10.72
9.44
10.4
5.92
9.28
12.96
12
10.24
12.64
11.52
12.96
12.64
12.96
14.4
12.8
12.96
13.44
10.88
9.6
11.84
10.24
11.2
5.28
8.16
9.92
9.76
10.24
15.52
11.2
12.8
9.92
11.68
16.8
16.32
12.48
9.6
4.32
4.48
6.24
5.44
6.88
7.36
4.8
7.36
6.88
5.44
6.56
7.2
4.8
6.56
6.24
5.28
5.92
5.44
7.2
5.12
7.84
7.04
7.04
7.36
8.48
4.64
6.4
4.64
10.4
9.44
7.04
9.76
8.16
4.8
11.52
11.84
13.28
8.64
17.28
18.24
19.36
18.4
18.08
15.36
17.92
9.44
17.76
14.08
16.64
15.2
17.6
16
15.68
16.64
11.36
15.52
10.56
12.16
12.16
8.32
6.24
5.92
4.85333
7.52
12.1255
13.5543
10.56
13.5374
7.84
13.68
16.6933
17.16
18.08
15.8933
13.8933
14.5371
15.4152
17.68
18.688
17.84
18.96
16.6234
16.6
11.92
14.56
14.28
15.36
15.84
15.52
14.56
15.6267
13.92
15.36
8.16
17.12
16.56
17.44
18.4
19.008
18.88
19.2
17.12
9.6
19.04
18.72
18.32
17.9733
18.32
8.16
17.1561
16.0686
10.56
16.672
18.592
19.2
18.88
18.72
17.44
16.16
14.32
19.12
19.2
19.2
19.2
19.2
18.304
8.64
17.1636
17.2308
18.05
17.035
16.32
17.6
17.2089
15.58
16.848
16.6514
14.2933
13.36
16.72
16.064
16.7644
16.7564
17.8219
19.2
19.1771
19.2
9.6
19.04
18.72
18.08
18.4582
17.92
16.68
17.28
18.1046
16.0533
19.04
17.44
16.0507
16.48
15.68
15.28
14.2933
15.64
17.7164
15.5657
15.8613
15.336
16.288
15.7424
12.16
18.6133
14.88
13.4912
2.08
4.32
5.152
4.16
4.46769
4.32
3.78667
2.4
3.96
4.38222
5.04
4.42667
4.10667
3.68
3.78667
4.2
4.71111
4.88
4.4
4.32
4.96
4.64
5.28
4.4
4.32
3.76
4.32
4.16
3.904
5.6
3.84
5.12
3.28
4.98667
4.96
4.96
4.64
4.64
5.70667
5.2
5.24
6.08
4.32
4.96
4.53333
6.72
4.48
4.53333
3.52
4.48
4
5.44
3.52
6.32
5.33333
7.36
8
4.8
6.72
9.92
7.04
5.48571
5.6
4.8
7.36
4.10667
8.96
2.72
8.48
7.2
7.2
10.56
12.8
8.96
8.64
9.92
5.66
4.8
3.2
4.93333
4.8
5.92
4.32
4.32
3.36
4.8
5.76
2.88
5.12
5.92
6.4
8
6.56
4.32
6.88
7.92
7.84
7.84
8.64
8.8
8.8
5.02154
3.584
4.42667
4.8
2.88
5.6
3.2
3.52
3.89333
2.56
4.16
3.84
3.04
3.84
4.16
4.8
4.16
4.8
5.76
3.84
6.4
5.6
4.32
4.48
4.32
3.36
4.48
4.48
3.04
4
3.2
4.64
4.48
3.84
4.16
3.04
4.56
4
5.28
4.8
4
4.64
1.92
4
5.28
3.04
4.48
8.16
8.8
8
8.8
6.88
7.84
8
7.68
7.36
4.4
3.36
5.28
1.92
4.8
6.56
3.68
3.36
5.12
4.48
5.28
3.04
4.64
4.32
4
3.04
3.84
3.84
2.4
4.48
3.84
3.68
4
3.84
4
7.68
7.68
4.24
4.8
4.96
4.16
4.32
11.36
12.64
6.24
6.24
2.56
4.16
4.48
6.24
3.84
6.72
4.48
6.24
5.6
5.28
5.6
5.6
5.76
4.72
3.68
4.4
4
3.28
3.04
3.12
2.08
2.4
2.56
2.24
2.88
3.04
9.92
7.2
7.52
8.96
9.28
6.08
5.12
3.52
5.6
2.56
5.76
6.24
6.72
5.6
5.12
6.72
8
6.24
6.24
4.48
5.6
5.92
6.08
5.6
5.92
5.92
4
3.2
4.64
7.68
5.6
4.32
5.28
6.56
6.72
4.64
5.92
4.8
4.16
6.24
5.76
4.32
4.48
4.48
5.44
4
1.92
3.04
3.84
2.72
5.76
8
6.72
7.68
7.52
13.76
12.16
7.36
8
3.84
3.2
1.76
2.08
6.4
7.52
7.04
7.84
7.36
7.68
8.48
7.68
3.94667
2
0.64
1.28
1.12
2.24
1.92
2.24
2.72
3.52
5.28
3.36
3.68
2.24
2.88
3.68
2.08
3.84
2.24
3.68
2.88
3.36
1.6
2.88
3.2
0.96
0.8
0.64
1.12
1.76
1.28
1.28
0.8
2.08
2.4
1.76
1.12
1.6
1.44
1.76
1.44
1.28
1.44
1.44
1.28
1.44
2.08
2.08
1.6
3.04
1.44
1.28
1.28
1.6
0.8
2.4
2.56
2.08
2.24
1.28
1.76
0.96
0.96
1.92
0.8
1.76
1.6
1.92
1.44
0.96
1.76
0.64
2.4
1.28
2.4
2.24
1.76
2.4
0.8
1.92
1.76
0.48
0.8
1.6
0.48
1.6
0.96
0.32
1.12
0.8
1.12
1.44
1.28
0.8
2.08
1.76
0.96
0.96
0.96
0.64
1.6
0.8
0.16
0.32
0.48
0.64
0.48
0.64
0.64
0.48
1.12
1.44
1.6
0.32
1.28
0.72
1.12
1.28
0.32
1.28
0.96
0.32
0.8
0.96
0.48
0.64
0.16
0.8
1.12
0.8
0.64
0.96
0.96
0.16
0.8
0.8
0.8
0.8
0.48
0.64
0.96
0.96
0.8
1.6
0.32
0.8
1.12
1.44
0.48
0.8
0.8
0.48
0.96
0.8
0.8
0.8
0.48
0.64
0.16
0.48
1.12
0.48
0.48
0.48
1.28
1.12
0.96
0.16
0.32
0.96
0.16
0.96
0.48
0.32
0
0.96
0.8
0.48
0.16
0.64
0.48
0.96
0.32
0.8
0.8
0.96
1.6
0.32
0.32
1.12
1.12
0.32
0.48
0.32
0.96
0.64
0.48
1.12
0.48
0.32
0.8
0.64
1.12
0.96
1.12
0.32
0.96
0.8
0.96
0.8
0.64
0.96
0.96
0.96
1.12
0.48
0.48
0.48
0.8
0.96
1.28
0.64
0.16
0.32
0.32
1.6
0.8
0.64
0.48
0.16
0.48
0.64
0.32
0.48
0.32
0.48
0.64
1.6
0.64
0.48
0.64
1.12
0.8
1.12
0.32
0.48
0.8
0.16
0.96
0.96
0.32
0.64
0.48
0.48
0.96
0.96
1.12
0.48
0.8
0.48
0.48
0.64
0.48
0.8
0.48
0.32
0.48
0.32
0.32
0.96
0.32
0.32
0.8
0.16
0.64
0.48
0.48
0.48
0.48
0.48
0.48
0.8
0.32
0.64
0.96
0.48
0.48
0.32
0.8
0.48
0.4
0.8
0.96
0.32
0.96
0.8
0.8
0.48
0.64
1.12
0.48
0.96
0.8
0.8
0.8
0.32
0.8
0.96
0.64
0.96
0.64
0.64
0.8
0.32
0.8
0.48
0.32
0.32
1.12
