5.80008
5.12
5.92
4.64
6.08
4.96
5.76
6.24
7.52
5.28
4.48
7.52
6.24
5.92
6.4
3.36
6.08
6.24
7.68
6.4
5.28
5.28
5.76
6.4
4
6.4
3.68
4.8
7.2
4
6.45333
4.64
5.6
6.08
5.92
5.6
5.92
3.2
5.28
4
4.8
4.48
6.88
5.6
5.92
5.28
4.64
2.72
4.32
3.84
4.8
4.8
6.08
5.28
5.44
4.96
5.44
4.96
4.8
4.96
5.76
4
6.72
5.12
4.8
3.68
3.2
4.32
6.08
5.904
6.24
6.12
5.76
5.76
7.04
7.2
5.28
3.52
7.04
4.64
3.04
3.52
4.96
3.2
4
5.12
5.76
4.32
4.64
5.44
4.96
4.8
3.04
4.64
5.12
5.44
3.68
4
5.44
3.84
2.56
3.2
4
4.96
3.84
4.96
4.48
4.64
5.28
3.68
3.84
3.52
4.48
5.28
4.96
2.88
5.12
4
2.4
5.6
3.52
4.32
5.12
4.96
4.64
5.28
4.96
5.76
6.08
5.12
3.52
4
4.48
5.12
4.32
4.16
2.24
4.8
5.76
4.64
3.84
3.68
4.32
4
5.12
5.6
5.66204
6.04
4.48
5.28
5.44
5.6
3.52
5.28
6.72
4.32
5.12
5.92
4.24
6.4
8
4.64
1.44
6.56
5.12
4.48
4.8
3.84
4.16
6.88
6.24
3.36
7.2
4.8
6.72
4.96
4.64
7.68
4.48
4.96
1.28
5.6
3.04
6.4
4
5.12
3.36
5.12
3.2
5.76
3.68
4
3.68
5.28
3.68
5.44
3.04
5.44
3.52
2.96
4.85333
4.8
5.504
6.56
7.12
5.2
6.4
7.36
4.96
4.64
5.44
5.76
4.96
5.12
6.4
3.36
6.08
4.8
5.28
6.24
2.4
4.8
4.16
4.32
4.16
5.12
8.16
4.8
3.52
5.44
5.6
7.84
3.84
7.04
7.2
6.56
2.72
4.48
4.8
6.4
5.12
5.92
8
5.04
6.24
5.76
5.28
4.16
8.64
4.16
6.88
5.6
5.76
5.76
4.16
4.16
6.4
5.6
4.32
3.52
5.28
6.08
4.32
6.08
2.72
6
7.2
6.08
6.88
3.52
5.6
5.12
6.56
4
6.08
3.2
4.64
6.24
4.96
5.92
4.8
3.68
5.92
4.8
4.64
4.32
4.8
5.76
3.36
5.76
6.56
4.32
3.2
1.44
5.12
7.68
6.4
4.8
4.48
3.36
3.68
5.6
6.72
4.8
5.92
4.32
4.64
8.48
4
4.64
5.44
4.32
1.92
5.44
5.76
6.24
5.12
3.84
5.12
4
3.84
4.16
3.36
4.48
4
3.04
3.2
4.64
3.68
3.36
4.16
3.68
2.08
3.36
5.44
3.84
2.88
3.36
3.52
4.32
3.36
4.48
4
3.84
4.8
3.68
4.16
4
3.36
5.44
3.2
1.92
6.08
6.88
6.272
6.08
3.84
7.04
5.12
6.04
6.24
4.48
5.92
4.64
3.68
5.76
6.88
4.48
6.56
4
6.08
4.8
4.32
3.84
7.52
4.16
6.4
6.24
4.8
4.8
2.88
5.44
4.32
4.16
3.84
3.52
7.2
5.12
3.84
4
6.24
4.32
4
7.36
4
3.52
4.8
5.12
5.76
4.16
5.12
5.6
3.52
3.2
5.6
3.52
5.28
4.32
2.72
2.72
4.32
3.2
5.6
3.2
3.84
6.56
3.36
3.68
4.96
3.68
4
4.32
3.84
3.2
5.12
4.8
3.04
4.48
3.84
5.12
3.52
5.12
3.04
6.24
3.84
4.16
4.96
4
3.68
4.8
3.36
3.68
2.08
4.8
3.36
3.84
3.52
4.8
5.28
3.68
3.2
3.2
3.68
4.16
4.64
3.52
4.96
3.2
3.84
6.88
3.36
1.92
5.12
4.48
3.04
3.36
5.76
3.52
5.44
4.8
4.64
4.32
5.44
5.28
4.32
3.52
3.2
3.52
3.68
2.88
3.52
3.68
5.12
2.72
2.88
6.88
4.16
6.88
3.68
3.2
6.24
2.72
4.16
6.72
6.72
4.48
6.24
3.52
5.12
5.12
1.76
4
5.12
4.48
3.84
5.76
3.84
6.56
3.36
6.56
7.68
4.32
3.68
8
6.24
5.6
3.84
5.12
5.76
3.68
2.08
4.64
6.24
6.08
4.96
7.2
7.2
3.84
6.24
5.6
4.96
4.16
5.92
4.96
5.92
5.92
5.92
4.64
5.12
4.16
4.8
5.12
5.44
6.56
5.44
5.6
6.08
5.12
5.28
4.96
6.08
5.44
5.28
4.8
4.32
4.8
4.16
5.6
4.8
3.68
4.32
4.96
4
3.84
4.32
4.16
3.84
3.84
4.32
4.8
4.8
5.12
6.08
5.44
4.64
4.48
5.6
5.6
3.04
4.8
4
6.08
3.84
4
4.8
5.44
5.28
4.32
4.32
4.16
4.16
4.32
4.48
5.76
5.44
6.4
4.48
3.84
3.2
3.04
5.44
4.48
5.44
6.56
4.96
4.96
3.68
4.48
4.96
5.12
4.64
3.52
3.68
4.32
3.68
3.04
3.68
2.88
2.4
4.32
5.12
4.16
3.68
3.2
3.36
3.52
3.36
4.32
3.52
3.52
5.92
3.84
3.36
3.04
3.68
3.68
4
2.4
4.48
3.52
3.36
4.16
4.64
3.52
2.72
4.16
4.32
3.36
3.68
4.16
4.48
4.48
3.84
2.72
3.2
3.68
2.08
3.68
4.16
4.16
3.36
3.52
3.36
4.48
2.72
2.56
3.04
4.32
4
4
4.32
3.84
4
3.52
3.84
3.52
1.92
2.56
2.56
2.24
3.36
3.84
2.72
3.84
4.16
3.84
3.04
2.72
4.8
4.32
3.52
2.88
4.16
2.88
3.52
2.56
2.24
4.32
4.48
2.4
2.24
3.52
5.44
3.52
3.84
3.68
3.36
3.52
3.2
3.04
4.16
3.36
3.52
3.84
3.36
1.76
2.24
3.36
3.68
3.04
4.8
2.88
2.08
3.04
3.84
2.88
3.04
3.84
2.88
3.84
2.72
3.84
2.56
2.56
1.6
3.2
2.88
4.8
3.36
4
2.08
5.12
2.56
4.32
3.52
3.52
3.2
3.2
3.2
2.88
2.56
3.84
3.84
1.28
3.68
4.16
2.4
3.52
4.32
3.84
3.04
3.52
3.68
3.52
4.24
2.88
2.88
3.04
3.36
4.32
2.72
2.88
3.52
3.68
3.52
3.52
2.56
2.24
3.04
4
2.88
2.88
2.56
2.72
2.08
4
2.56
2.88
2.72
3.36
3.36
1.28
2.88
4.32
3.04
3.36
2.08
2.72
4.64
2.72
3.04
2.88
2.56
3.36
1.92
4.48
4
3.52
3.52
2.72
2.56
2.24
2.56
3.52
3.68
2.08
2.88
3.04
2.24
3.04
2.72
1.92
3.04
3.04
3.2
3.36
2.88
3.04
3.2
1.12
2.88
3.2
3.84
2.72
3.52
3.04
2.56
2.24
3.2
4.64
3.52
3.36
3.36
2.88
3.84
2.4
4
3.2
3.2
3.52
3.2
2.24
3.2
3.2
3.04
3.68
3.68
2.24
3.52
2.4
4.32
2.72
4.16
3.52
2.56
3.2
2.72
3.36
1.44
2.4
4.16
3.68
3.52
4
3.68
2.88
3.52
2.24
4.48
3.36
3.2
1.92
3.04
3.04
3.04
3.68
2.56
2.72
3.2
3.84
2.88
2.24
1.92
3.04
3.04
3.2
4.32
3.2
3.36
4
2.72
4.48
2.88
3.68
3.2
2.56
4.64
2.88
2.72
2.4
4
2.4
3.68
2.08
1.92
3.84
3.52
3.36
2.88
4
2.72
2.24
4.16
3.04
3.04
2.72
2.88
2.24
2.24
2.4
2.08
2.08
2.72
3.52
2.24
3.2
3.84
3.04
3.52
3.04
4
2.88
4.32
2.72
4
4.32
1.92
2.24
2.88
3.04
2.56
2.88
3.36
3.04
1.76
2.72
3.52
3.04
3.04
2.24
2.72
2.08
3.68
2.72
2.72
2.08
2.08
2.24
2.72
3.2
2.24
3.36
3.04
2.56
2.88
3.04
3.68
4
3.2
2.88
3.04
2.88
3.84
2.88
2.08
1.28
2.56
3.68
3.2
3.52
2.88
4
3.52
2.4
3.04
2.56
2.88
4
3.04
3.36
2.4
2.56
1.92
3.68
2.4
2.24
2.72
3.36
3.52
2.24
2.72
3.2
2.4
1.92
2.72
4.8
4
4
3.52
3.2
3.04
3.84
3.68
3.68
1.92
3.04
3.04
3.36
2.4
3.84
3.36
2.72
2.56
2.4
2.56
4.16
3.36
4.32
2.72
1.6
2.4
2.72
2.24
2.88
2.08
2.24
2.88
2.88
3.68
2.56
2.24
3.52
2.24
2.88
3.36
3.04
3.04
2.88
2.24
2.72
2.72
2.4
2.4
2.56
3.2
2.08
2.4
3.04
3.04
3.2
1.92
1.6
3.04
2.4
1.6
3.2
2.08
3.04
3.52
2.88
2.56
1.92
2.88
3.36
4.48
3.36
2.56
2.72
2.72
4.32
3.84
2.08
3.36
3.84
2.4
2.4
3.04
4.16
2.08
3.36
1.92
2.4
2.88
2.4
3.04
4.48
2.56
2.24
4
3.36
1.92
4.16
4.48
3.84
2.4
4.16
2.88
4
3.04
4
2.56
3.2
3.04
3.68
2.88
3.04
3.2
2.72
3.36
4.48
4
3.52
3.52
4.8
4
2.88
2.24
3.2
3.84
4.32
2.24
3.2
3.2
3.84
2.88
2.56
3.52
2.4
2.56
2.88
3.2
2.88
2.72
2.72
4.32
4
3.2
4
3.2
1.92
3.04
3.36
3.36
3.2
5.28
2.72
3.36
2.56
4.32
2.88
2.56
4
2.72
4.32
2.4
2.56
2.56
2.56
4.16
0.96
2.88
3.2
3.2
3.52
2.72
3.2
2.56
1.92
2.72
2.72
2.72
2.72
4.16
2.4
2.88
2.72
2.72
1.76
1.28
2.24
2.56
2.72
3.2
3.84
3.2
3.36
4
2.56
2.56
2.72
3.2
4
3.04
2.4
2.56
2.88
3.2
3.04
1.28
2.56
3.04
2.56
1.44
4.32
3.68
4
3.2
2.88
2.72
2.24
3.36
2.88
2.88
2.72
2.08
3.2
1.6
1.92
2.4
3.84
2.88
4.16
3.04
2.4
3.68
3.2
2.4
1.92
2.56
3.84
2.72
2.24
4.64
2.88
2.4
3.68
2.24
1.92
2.24
3.36
2.24
3.04
2.08
2.56
3.68
3.52
3.2
2.88
2.24
2.4
3.2
3.04
2.4
2.24
3.04
2.88
2.4
2.08
2.4
3.2
2.72
2.88
3.52
1.28
2.4
3.2
2.56
3.2
2.88
3.2
3.04
3.68
1.6
3.52
3.36
2.24
2.24
3.2
3.04
2.88
2.56
2.56
2.72
3.52
3.2
2.24
2.72
4
2.56
2.56
3.04
3.04
2.72
2.4
2.24
2.4
2.4
1.76
3.84
1.76
3.04
3.84
4.32
3.36
3.36
1.76
4.32
3.68
3.04
3.04
3.04
2.72
2.72
2.08
4.32
1.6
2.24
3.36
2.4
3.04
3.04
3.04
2.56
3.68
1.6
2.88
2.08
2.56
3.52
2.08
1.92
3.36
2.72
3.36
1.92
1.76
2.72
2.08
2.4
2.56
3.52
2.08
2.88
2.4
3.68
2.56
2.72
2.24
3.36
2.56
1.76
3.2
2.72
2.72
2.08
3.04
3.04
3.04
2.88
4
2.56
2.56
2.72
2.4
3.04
3.36
2.08
2.72
2.88
1.12
3.36
3.84
3.36
1.44
3.04
3.36
2.24
2.4
3.36
3.2
3.04
2.56
2.88
3.52
2.4
3.52
2.56
4.32
2.72
3.84
2.56
1.92
2.56
1.6
3.68
2.4
3.36
3.36
3.52
2.88
2.56
3.2
4
2.72
4.64
4.96
3.84
3.84
2.88
5.44
3.36
4.32
2.4
3.2
2.56
4.16
3.84
4.48
4
5.6
6.4
4.32
5.6
5.76
4.64
3.36
3.68
3.04
3.52
3.2
4.32
4.8
1.28
3.68
4.16
3.84
2.88
2.4
3.52
3.84
3.2
3.84
4.16
3.2
3.84
3.2
3.2
4.64
4.96
4.64
3.84
2.4
2.72
3.36
3.04
2.08
2.88
2.08
2.72
3.2
1.92
2.72
3.04
3.84
2.88
3.36
3.04
2.88
2.24
3.04
2.72
2.72
3.52
1.76
3.52
2.56
2.72
3.2
3.84
3.2
3.68
5.76
4
3.68
4.16
3.84
3.52
3.84
4.64
2.24
1.92
3.2
3.36
3.04
3.84
2.72
2.08
2.72
3.52
2.56
2.4
3.68
3.52
4.8
5.12
6.08
5.6
4.8
5.44
5.28
3.04
4.8
4.64
6.88
6.24
5.44
7.04
5.28
6.24
3.36
3.52
3.36
4.8
4.32
6.4
6.24
6.4
8.16
8.8
4.8
8.64
8
10.4
9.12
7.68
7.36
6.88
6.4
8.48
6.72
3.68
4.64
4.96
8.8
7.68
8.48
5.6
7.52
7.84
3.68
5.12
4.64
5.12
4
7.36
5.12
4.48
5.6
6.56
6.56
7.04
6.4
5.92
5.28
4
3.84
4.96
4.64
4.32
5.6
4.32
4
4.48
4.32
4.48
3.84
4
6.08
4.32
4.32
4.48
6.72
8.64
6.08
4.48
3.84
4.16
3.52
1.76
3.84
2.56
3.52
4.48
3.2
3.52
4.48
4.64
3.52
3.2
4
4.48
3.84
4.64
3.68
3.68
3.68
4
2.24
3.36
3.68
3.2
3.68
4.96
2.88
4.96
3.2
3.68
3.84
4.16
4.64
5.44
5.44
5.12
4.16
3.2
3.52
4.32
2.56
3.68
3.52
4.32
4
4.48
5.6
5.84
4.8
8
6.24
4.8
3.2
3.84
4.16
4.48
3.36
2.56
7.84
5.12
5.84
5.12
4.48
4.32
4.08
6.88
6.18667
4.32
7.6
9.2
6.24
3.68
7.68
9.6
5.6
10.72
6.88
6.56
4.96
5.44
6.88
3.84
4
3.2
4
2.88
3.25333
3.92
4.21333
4.32
5.76
4.8
4.64
4.8
4.96
3.84
3.04
4.16
4.48
4
4.16
7.84
4.16
3.2
4
3.2
3.52
3.52
4.48
3.04
3.68
4.8
4.32
4.32
3.2
5.12
4.16
4.96
2.72
10.24
11.2
14.4
14.4
9.44
7.04
8.48
5.76
7.52
10.88
12.16
12.96
9.12
11.84
11.04
7.52
8.96
5.28
3.52
3.84
3.04
4.48
4.96
5.44
5.12
5.84
11.04
10.24
4
4.16
6.72
9.6
5.28
4.48
9.28
8.48
5.92
4.48
4.96
5.6
7.04
6.56
3.04
2.4
5.28
4.8
3.52
3.84
4.48
1.92
5.28
5.76
6.08
6.08
3.68
5.28
5.28
4.64
4.48
6.08
5.28
4
3.36
4
4
4.96
3.68
4.96
1.76
4.64
8.16
4
3.68
5.92
5.12
4.32
4.64
4
3.68
5.12
4.64
3.84
3.36
3.04
4.32
3.52
4.64
5.12
4.48
6.4
4.8
4.32
4
3.84
5.12
4.96
4.96
9.12
10.08
3.84
4.8
4
4
1.76
4.16
4
4.8
4.64
5.6
9.6
3.84
3.36
5.76
7.36
3.52
4
4.48
9.2
7.84
7.52
9.28
2.56
7.84
7.68
7.84
7.52
9.76
9.12
5.76
4.64
4
3.68
4.16
4.8
3.36
4
6.4
5.92
5.44
3.52
5.44
5.6
7.52
11.52
13.44
9.28
6.08
4.48
11.84
12
11.36
11.04
6.4
4.48
4
4.48
7.2
10.24
9.28
5.76
9.28
9.44
11.36
12.48
7.52
8
8.96
7.84
9.6
12.48
13.12
12.8
11.68
12.96
12.48
12.8
14.72
9.6
6.88
13.2
13.76
14.08
10.56
11.12
11.52
12.8
14.24
15.04
8.032
8.16
8.48
8.16
7.11226
6.72
7.04
7.36
9.12
8.32
8.16
8.96
7.36
7.2
6.24
6.56
6.08
6.88
5.76
5.44
6.56
6.08
4.96
6.08
5.28
9.92
10.72
12.32
14.88
15.52
9.76
6.56
5.44
4.96
4
2.88
3.84
5.76
8.16
4.96
6.88
5.44
7.84
6.08
5.92
6.24
7.2
5.28
5.44
6.24
6.72
6.4
5.44
5.28
3.36
5.44
5.44
3.68
4.32
3.84
3.68
2.56
2.88
3.84
3.52
3.04
2.24
3.52
4
4.32
3.68
3.04
3.52
4.64
4.32
3.04
3.84
4
4.96
4
2.24
3.84
3.36
4
2.56
3.84
2.88
3.36
6.08
3.36
5.12
3.52
3.68
4.48
3.04
4.16
3.2
2.08
3.68
2.4
3.36
4
3.68
3.52
2.72
3.68
2.56
3.36
1.76
3.04
2.24
3.52
2.88
2.88
4.32
4
2.24
3.04
2.72
2.08
3.2
3.36
2.56
2.56
2.56
3.2
2.56
3.84
3.04
2.24
3.04
2.4
2.08
2.72
3.68
1.44
2.56
2.88
1.44
2.72
2.08
2.72
1.76
4.32
2.4
2.56
1.76
1.44
2.72
4.32
3.2
1.92
3.36
2.72
1.92
3.2
2.4
3.04
1.12
3.52
2.72
2.08
2.88
2.88
2.72
2.4
3.52
2.72
3.36
3.52
3.04
1.92
3.04
2.72
3.04
2.56
3.04
2.56
2.72
2.56
2.72
3.36
3.36
2.56
4.16
3.52
2.72
2.56
3.68
2.56
2.08
3.04
2.88
3.04
1.92
2.56
2.72
1.28
2.4
2.88
2.72
3.04
3.68
3.68
2.88
3.52
3.04
3.04
3.84
2.72
2.72
3.2
2.88
2.88
3.04
2.08
1.6
2.4
1.92
2.4
2.24
2.08
1.76
3.2
3.04
2.88
2.24
2.4
3.36
2.72
1.12
3.04
3.68
2.88
2.08
2.88
1.6
2.4
2.88
2.4
3.04
1.6
4
2.56
2.56
3.68
3.36
3.36
2.08
3.84
2.88
2.56
2.72
3.52
3.36
1.92
3.68
2.08
2.4
2.56
3.36
2.72
4
2.56
2.4
2.4
3.36
2.24
3.2
2.88
2.88
2.72
2.88
2.72
1.12
3.04
2.24
1.76
2.24
2.4
2.4
2.4
2.4
3.04
2.32
2.24
1.92
2.56
2.88
2.24
3.52
3.84
1.28
2.4
1.6
2.08
2.72
2.56
2.56
4.16
1.76
2.4
2.88
2.72
3.52
3.68
2.24
3.84
3.04
2.72
2.4
3.04
1.28
1.92
2.24
3.36
2.56
2.56
3.52
3.68
3.52
2.24
2.88
2.4
3.84
3.2
3.36
2.32
2.4
1.92
1.76
2.88
2.88
3.04
2.72
2.88
2.88
2.56
2.72
3.04
2.56
2.88
3.2
3.36
2.88
2.24
3.04
1.92
3.36
2.56
2.56
2.4
3.2
1.92
2.4
2.24
3.84
2.08
2.72
2.08
3.2
1.92
3.68
2.88
3.68
2.08
1.6
3.52
2.88
1.92
2.72
2.24
3.2
3.36
2.88
3.68
2.08
2.88
2.24
3.84
2.72
3.2
3.68
2.24
3.04
3.04
2.24
3.68
1.92
1.92
2.72
4
2.4
3.52
2.4
3.36
3.2
2.4
2.24
2.88
3.2
2.4
2.4
2.24
3.04
3.04
2.56
3.68
2.08
2.72
2.4
2.24
3.2
2.4
3.04
2.4
3.2
4
3.36
2.56
2.4
2.88
3.2
3.68
2.56
2.72
3.2
3.68
2.24
2.24
1.6
2.88
2.24
2.56
1.6
1.92
3.2
3.2
2.56
1.28
2.56
3.2
3.52
2.72
2.88
1.76
