0
30000
0
0
0
0
0
0
0
962
567
345
128
657
0
66
276
15
984
0
0
1001
0
0
1002
0
0
0
777
1
1
1218
0
0
0
0
1000
0
0
131
189
991
1003
1006
112
993
1000
1005
0
999
1001
3000
0
0
1000
925
83
276
1002
0
1002
998
1000
1002
997
1000
1000
1000
1000
1001
1002
996
1001
172
1002
0
1001
119
996
936
1007
0
1995
779
220
1208
0
1536
1
442
558
3743
256
0
1001
0
2001
0
420
581
360
319
59
102
1000
376
994
1002
1001
1000
1002
996
1000
1001
1353
1602
1
1000
1001
1002
0
998
1001
69
1005
0
1002
998
997
1000
1000
1592
959
1376
1000
1004
0
1002
999
0
52
405
597
588
1003
0
1000
402
660
996
93
1000
1001
360
640
1000
2002
61
826
999
1006
493
653
998
1003
128
860
144
1001
0
1001
0
1000
1000
1003
805
199
1000
1001
1000
0
1000
656
999
1001
1000
101
1000
1000
1003
999
730
276
1041
998
1000
1001
0
105
997
1002
1003
997
999
1001
1003
2994
0
1000
774
1226
561
439
1003
999
267
1001
996
2000
0
636
260
995
1461
1001
0
1002
1003
996
1001
1348
0
1014
1004
0
999
999
69
2995
0
1
1005
0
1004
995
997
374
1213
1435
0
1001
0
1001
0
1003
998
41
541
1
1000
1002
1004
997
875
1
1002
998
396
996
1002
1001
1001
1001
998
122
991
998
1001
1000
201
995
1002
1006
998
995
379
994
1003
440
1008
0
1003
996
1024
1008
0
998
1000
998
1004
997
1001
998
1002
404
89
8
999
1001
1005
775
1006
0
1002
87
1006
0
1003
192
1008
0
1004
998
1002
999
1000
998
1000
999
999
1001
1003
997
999
1001
999
1001
1000
1001
999
1004
996
1001
999
1002
998
1004
997
1002
999
1000
999
1002
997
359
989
996
1004
1003
999
1002
997
1002
998
1000
1001
1003
996
1001
1000
1003
998
998
1001
1003
998
1070
0
1009
0
1000
1002
1030
1007
0
1256
0
1009
0
32
999
997
1002
999
1000
999
1002
999
1000
1057
0
1009
0
1001
1001
999
998
1001
1002
1002
998
1068
0
984
23
1002
992
1007
999
1000
1003
998
124
987
1023
0
998
1001
1003
998
999
1002
1003
996
1000
18
1003
992
1004
1002
1005
996
530
981
1009
1000
1002
408
356
989
1008
1002
1001
999
999
1000
1151
0
672
990
1013
272
984
1010
1001
999
998
1003
455
979
1008
1004
998
1000
997
1002
1002
999
999
1001
1000
1001
999
1001
998
115
982
1000
1005
1001
1246
0
1010
0
785
228
994
1008
1000
1003
1002
997
999
1000
373
1055
0
1008
0
1003
1002
999
999
1000
1001
997
425
116
991
1009
999
1002
999
1000
1000
1003
998
999
999
1024
0
998
1002
1003
1152
934
128
999
996
1007
1000
1000
1002
999
999
997
1001
1001
999
1000
1000
1004
996
1051
551
33
1003
0
1006
1002
1000
1000
998
1002
999
1000
999
1003
998
1002
997
30
998
1009
0
1002
998
1000
1001
1002
997
1000
1001
1002
997
1000
1001
1000
999
1000
1000
1000
1000
1000
1000
1000
1002
998
1000
1001
999
1003
997
1001
1001
999
999
1000
1001
999
1000
1002
1089
0
1009
0
1001
1024
0
1000
1001
1137
0
1010
0
1002
998
152
986
996
1009
1000
999
1000
1001
999
1000
992
1059
0
1010
0
1001
999
1000
1000
999
1001
1000
1000
999
1001
1001
1000
999
1000
1000
1002
1087
0
1012
0
998
1003
997
1003
997
1000
1000
1006
994
1002
998
1002
998
999
1004
997
1001
1000
1001
998
1000
1000
1001
999
1033
0
997
1002
1000
1000
999
1001
1000
1000
999
1001
1000
1000
999
1001
1000
1000
999
1001
1000
1000
999
1001
1000
1000
999
1001
1000
1000
999
1002
999
1001
998
1002
999
1000
1000
1001
1092
0
1010
0
1002
999
1000
1000
999
999
1002
1000
999
999
1002
1001
1272
0
1011
0
1000
999
1001
1000
1000
999
1002
1001
997
999
1002
1000
999
999
1002
1000
999
999
1002
1000
1000
998
1003
333
977
998
1007
1001
1000
999
1000
1000
1110
0
1010
0
1001
998
1001
1001
999
1000
1000
1002
998
1000
1000
1002
998
1000
1000
1002
998
999
1003
1001
997
1000
999
1002
1001
1001
997
1001
1000
1001
999
1001
1143
0
1010
0
1001
1001
81
1012
0
999
999
1000
1000
1001
1000
1001
999
1000
999
922
1127
0
1010
0
1002
999
999
1000
999
1002
998
1001
999
1002
998
1001
999
1002
999
1000
999
1002
998
1001
999
1023
1008
0
1001
1002
998
1001
999
1002
998
1001
999
1001
999
1001
1000
999
1000
1001
1000
999
1000
1001
1000
999
1000
1001
1001
998
1001
1002
999
999
999
1003
998
1000
1000
1000
1000
999
1000
1000
1246
0
1009
0
1002
1002
996
1001
1003
999
997
1002
1000
999
998
1004
999
1002
997
1002
999
1000
141
141
997
1009
0
1002
999
738
977
318
1000
993
1008
1004
997
1000
999
1002
998
1000
1001
1001
998
1000
1001
1001
998
1001
999
1004
996
1002
999
1001
999
1002
998
1001
998
1000
1000
1002
998
1000
1000
1002
998
1001
999
1002
998
1001
999
1003
997
1001
1000
1001
998
1001
999
1002
997
1002
1000
1002
997
1007
994
1002
998
1000
1000
1002
998
1001
998
840
1167
0
881
142
986
992
1008
1003
998
1004
996
1004
996
1003
748
865
52
1009
0
1004
997
1002
998
1003
997
1003
998
1003
996
1003
998
1002
997
997
1187
0
1015
0
997
1164
0
1010
0
1003
997
1002
998
1003
997
1002
998
1003
995
1004
1001
999
996
1002
347
1031
925
89
992
997
1007
998
1001
1001
1000
1000
998
1000
1001
1000
999
1000
1133
0
1009
0
1003
1000
997
1002
1000
998
1001
1001
1001
1052
0
1187
0
1009
0
1003
998
999
1001
1000
999
1002
999
1000
1001
999
1000
1000
998
335
985
995
1007
1002
1000
998
1001
1000
999
1001
1001
1000
998
1000
1001
1000
1001
999
1001
1183
0
1009
0
1002
1001
1000
997
1001
1000
1000
1000
999
1001
1000
999
1000
1002
1001
998
1001
1000
1001
999
1001
998
1000
999
1000
1001
1000
999
1000
1002
1000
998
1001
1001
1001
1029
0
1000
1001
997
1002
1001
1000
997
1002
1001
1000
997
1002
1000
1002
999
998
1002
1000
998
1001
1000
999
1000
1001
1000
999
1002
999
1000
1001
998
1003
999
1000
1000
998
1089
0
837
1168
0
1007
0
1002
1002
997
999
1000
1096
0
1008
0
999
1000
999
1000
1001
1251
0
1007
0
1002
1107
0
1004
0
999
1001
128
996
1003
0
1000
1001
999
1000
1000
1001
1000
998
1000
999
1002
1000
999
999
1001
999
1002
998
1001
1000
1000
1140
1000
1000
1000
1000
0
7
7
6
9
9
10
7
6
8
6
6
3
6
7
5
4
4
5
3
7
4
4
7
2
6
5
13
8
11
7
8
8
4
8
8
6
7
6
8
12
5
8
5
9
4
7
5
5
9
5
9
7
8
9
6
11
11
10
11
9
10
10
9
11
7
6
4
8
4
6
4
9
8
11
12
7
7
11
10
10
12
10
10
9
7
10
5
5
8
11
10
8
13
11
8
8
11
13
12
6
10
12
8
8
9
15
9
9
4
6
5
7
7
6
7
7
8
7
7
5
8
6
13
7
10
8
9
5
10
5
6
11
10
8
10
10
13
8
6
5
5
10
11
5
11
14
7
8
10
5
8
4
8
8
8
5
8
9
6
3
5
9
10
7
7
9
9
10
8
7
9
8
5
11
13
10
9
10
13
11
9
6
7
7
13
8
12
6
10
9
7
6
12
2
9
6
5
8
7
8
11
9
10
9
8
9
14
9
12
13
13
9
10
7
3
8
10
5
7
6
6
9
12
8
7
11
9
8
8
12
8
10
8
6
8
12
4
7
8
9
9
11
12
6
5
10
7
9
10
12
10
13
9
8
5
6
7
5
11
3
8
7
8
10
7
8
9
7
8
13
13
11
11
6
6
4
9
10
8
11
4
11
8
5
11
7
10
9
7
13
13
10
12
8
7
7
10
6
9
7
11
12
5
8
7
11
10
10
9
8
18
6
10
11
7
10
7
8
5
7
6
10
5
8
8
7
10
6
7
10
9
11
13
12
12
12
8
10
7
5
9
6
4
10
11
7
8
8
7
12
7
12
14
11
12
12
10
9
6
11
11
12
10
8
6
6
7
6
10
15
7
9
10
13
14
10
13
9
7
6
11
8
11
9
12
7
10
8
10
5
8
11
10
13
7
15
7
8
8
8
4
9
7
8
10
7
8
7
10
12
12
10
11
11
12
10
17
8
16
8
6
8
8
7
10
3
7
6
9
8
7
10
9
10
13
7
12
7
10
8
12
10
7
9
7
10
6
5
7
5
8
6
10
8
11
8
14
6
5
7
13
8
4
9
6
11
11
14
12
11
9
8
10
9
10
8
10
4
9
7
9
7
4
7
7
11
7
7
12
8
8
6
8
13
10
9
9
10
8
13
8
9
10
8
8
6
7
7
6
8
9
5
5
7
10
10
15
11
8
7
11
11
11
7
6
12
6
7
3
4
2
6
5
8
9
7
5
11
12
10
10
11
12
8
7
8
11
7
11
5
10
4
6
2
8
6
6
10
12
13
6
13
4
6
11
7
7
5
10
12
7
10
12
10
7
8
11
12
4
6
8
10
11
11
10
13
7
10
7
11
8
8
10
11
11
11
10
12
6
13
10
12
11
6
7
7
10
12
6
5
6
6
6
4
10
5
10
7
9
9
8
9
13
5
5
9
8
7
6
6
10
1
6
6
7
1
5
11
4
9
9
16
10
14
6
9
6
9
9
10
8
11
7
10
2
10
3
6
8
5
12
9
10
7
7
6
9
7
9
6
7
10
10
5
5
10
5
4
7
7
7
14
11
10
9
11
6
5
9
6
10
17
7
10
12
12
12
12
12
12
6
10
14
14
6
10
9
7
6
8
8
5
5
7
6
3
7
8
11
11
15
12
8
13
7
9
4
8
7
9
8
7
8
9
9
5
7
1
4
5
8
7
11
10
6
6
7
8
9
8
7
6
6
7
9
9
9
3
4
10
8
8
2
6
9
9
6
9
10
13
6
6
9
9
8
7
11
7
6
1
4
6
10
11
10
9
5
10
12
6
10
9
8
7
7
10
11
7
11
12
6
7
6
7
8
10
12
11
7
10
7
8
6
11
10
10
10
10
8
7
5
1
4
8
13
10
15
7
9
11
7
6
9
10
8
12
14
11
14
11
8
5
4
8
4
7
6
9
6
5
5
13
10
10
6
8
6
9
9
11
6
10
5
12
11
10
10
11
6
7
10
6
10
11
5
7
9
9
6
10
8
5
3
1
8
10
5
11
10
7
7
13
14
12
9
4
4
9
5
6
6
8
5
6
5
4
7
6
2
9
5
12
8
12
10
12
7
11
7
10
9
9
7
6
6
1
4
6
10
5
9
7
10
11
11
13
6
8
2
9
7
11
8
10
8
13
7
5
12
12
13
4
4
9
9
11
9
14
8
11
11
12
13
12
12
5
7
3
5
7
5
6
7
10
10
14
5
6
9
9
11
6
12
10
10
10
10
11
10
13
9
7
12
11
11
9
10
12
11
9
6
12
16
12
9
6
9
4
9
7
4
7
8
7
6
11
14
7
7
7
13
11
7
8
10
10
13
7
7
6
10
14
3
6
5
11
9
9
13
10
7
8
7
10
7
9
12
5
5
8
8
12
9
5
5
11
10
8
9
9
10
5
8
7
8
9
4
2
3
5
6
9
8
5
5
4
8
5
13
6
9
9
9
5
10
8
9
7
10
6
9
5
5
7
10
8
10
5
9
12
9
4
9
8
11
8
10
8
12
5
8
8
8
9
6
13
9
8
8
10
7
5
6
7
8
13
12
12
8
5
12
11
9
3
9
10
5
8
9
9
13
7
4
10
10
15
12
12
6
0
7
6
7
6
10
7
7
12
5
11
10
11
6
6
9
9
7
8
10
8
12
9
7
11
9
8
11
8
11
7
8
8
8
9
7
15
8
7
9
5
7
2
5
8
6
9
10
8
11
10
9
5
11
7
9
6
7
8
8
7
7
6
10
7
10
5
9
11
7
12
12
8
5
10
5
11
8
7
6
10
11
5
9
12
9
5
4
9
9
11
9
10
7
7
6
7
4
5
8
10
6
11
10
6
14
6
7
6
11
12
12
8
8
9
9
15
6
9
5
7
6
7
6
0
4
5
9
9
13
7
13
6
9
4
8
12
10
8
3
6
6
10
8
8
12
6
6
12
10
8
7
9
6
8
8
10
6
11
5
3
8
4
7
8
5
8
6
4
7
15
5
7
17
9
10
10
10
12
6
10
6
8
4
9
7
3
6
11
9
11
9
7
9
5
8
13
10
12
11
8
11
6
9
7
11
3
1
2
9
9
8
8
8
6
10
8
10
12
5
9
8
8
8
14
7
7
9
9
16
9
11
10
10
7
11
13
15
12
10
6
7
7
9
9
11
4
8
4
6
7
9
13
6
8
15
3
15
8
9
4
8
6
8
5
5
9
6
8
4
9
15
9
17
12
9
13
8
14
12
7
5
9
9
9
10
9
6
6
8
10
13
10
7
9
12
6
6
8
8
9
8
11
11
9
11
4
3
11
13
8
11
7
6
8
9
9
11
7
7
12
8
9
12
8
11
7
6
6
7
9
11
8
9
7
10
9
12
7
10
6
7
8
13
12
9
5
17
4
7
3
9
4
15
6
5
7
8
10
7
9
11
4
9
11
8
7
6
6
8
12
10
6
11
11
7
6
7
10
12
8
13
6
11
12
9
15
9
10
7
9
7
9
8
7
7
10
11
12
6
11
8
5
8
7
8
5
9
7
5
5
5
7
8
7
8
10
11
4
13
7
6
10
12
5
8
12
6
5
11
9
10
6
7
12
5
8
10
5
4
4
6
3
4
12
11
12
11
9
9
9
13
12
13
8
12
8
7
7
3
10
7
6
1
11
9
7
11
10
10
9
7
7
12
8
10
10
10
8
6
11
7
10
10
11
10
8
9
12
9
7
8
9
12
9
7
11
11
7
8
4
4
8
10
9
6
9
14
10
9
5
10
7
10
10
12
8
10
10
5
11
10
7
4
6
9
12
6
5
9
12
11
6
7
11
7
14
9
15
10
4
6
8
7
5
10
12
11
11
8
9
7
6
6
8
11
8
8
7
10
11
11
7
10
9
12
7
14
3
8
13
9
10
6
8
9
8
11
11
10
9
11
11
5
8
7
9
4
4
4
4
8
10
16
10
8
9
8
9
8
10
8
14
10
7
8
4
9
11
8
8
6
12
7
6
11
9
9
7
12
14
9
7
5
8
7
10
3
5
2
1
2
6
8
10
10
6
7
11
8
9
4
5
7
9
8
6
4
7
2
7
6
6
14
5
5
8
12
12
5
5
9
10
13
9
7
8
7
8
9
4
7
5
14
11
9
9
10
10
14
9
9
6
9
8
8
5
10
7
8
11
6
6
5
9
10
8
6
12
11
11
9
9
12
8
12
7
8
8
10
9
8
8
11
8
8
9
9
10
11
7
12
7
10
10
12
8
10
5
9
12
7
13
13
11
10
12
9
9
12
6
9
7
11
8
7
5
10
9
9
6
3
5
7
3
3
9
9
10
6
9
8
13
10
12
11
6
9
6
8
5
13
10
14
9
9
7
16
6
7
7
10
6
9
15
8
10
6
5
6
5
7
3
7
13
11
8
13
10
9
3
6
9
4
9
8
9
8
10
3
3
8
5
11
8
10
11
10
10
10
10
5
8
8
12
9
9
4
9
5
6
6
5
5
2
6
11
6
8
10
9
8
9
7
8
13
10
13
11
10
5
5
5
6
4
1
0
0
1
5
7
7
6
3
12
5
8
16
8
12
12
12
10
13
12
8
10
9
8
7
4
7
6
3
3
4
6
10
10
8
7
5
9
7
7
11
6
7
7
8
1
12
8
12
3
7
9
9
9
7
3
8
8
10
5
7
4
3
5
5
7
10
6
7
8
5
5
7
2
5
10
6
13
10
13
8
5
6
3
4
5
3
3
5
11
7
9
15
4
6
7
8
8
15
11
12
8
8
8
7
7
4
8
6
9
11
6
5
10
7
8
11
8
11
12
10
12
10
5
6
3
7
8
7
4
6
9
11
6
9
4
8
7
7
9
7
12
7
7
7
6
6
3
8
5
7
9
10
7
9
6
12
11
9
14
10
13
8
7
5
5
3
5
3
4
10
13
16
11
14
8
7
9
10
12
12
13
9
7
9
8
9
8
6
7
8
6
10
9
8
9
9
9
7
11
8
12
9
12
10
11
11
9
3
2
6
11
12
4
7
5
9
7
6
6
7
6
6
11
6
4
11
6
7
12
6
13
9
11
5
9
8
12
13
7
8
9
9
7
8
12
4
14
8
5
9
7
7
11
8
6
12
6
8
9
6
10
6
8
12
4
7
4
8
1
5
6
5
12
7
13
9
6
4
8
11
7
5
8
5
9
10
4
8
6
8
8
7
6
12
8
5
4
6
6
9
7
6
4
5
6
7
8
4
4
6
7
9
7
2
6
5
5
7
4
6
5
5
4
5
6
6
6
6
7
7
7
6
7
254
0
880
232
0
709
0
0
4390
4341
4292
4243
468
548
1918
1869
991
599
0
4539
4490
4441
4392
4343
0
0
0
0
0
0
0
0
0
0
0
0
0
0
0
0
0
0
0
0
0
0
0
0
0
0
0
0
0
0
0
0
0
0
0
0
0
0
0
0
0
0
0
0
0
0
0
0
0
0
0
0
0
0
0
0
0
0
0
0
0
0
0
0
0
0
0
0
0
0
0
0
0
0
0
0
0
0
0
0
0
0
0
0
0
0
0
0
0
0
0
0
0
0
0
0
0
0
0
0
0
0
0
0
0
0
0
0
0
0
0
0
0
0
0
0
0
0
0
0
0
0
0
0
0
0
0
0
0
0
0
0
0
0
0
0
0
0
0
0
0
0
0
0
0
0
0
0
0
0
0
0
0
0
0
0
0
0
531
122
1128
1079
44
1
2
0
5
1
2
2
1
1
3
4
6
8
9
10
10
8
13
10
8
12
11
9
12
12
16
9
8
14
7
8
9
8
10
5
7
9
11
13
13
11
10
10
11
15
10
12
15
12
10
10
14
11
16
7
6
10
10
9
9
7
12
12
14
9
11
9
14
11
12
10
8
14
10
9
12
8
10
10
13
12
9
7
10
8
13
9
13
10
12
11
8
9
8
10
10
12
9
10
14
10
12
16
11
11
10
9
11
8
10
9
12
11
16
12
12
9
14
13
17
14
13
14
11
15
9
12
8
11
13
14
9
9
7
8
11
7
13
12
13
9
15
12
10
11
11
10
8
6
7
8
7
9
12
8
12
7
11
15
9
10
12
15
7
13
9
13
9
11
10
12
9
15
12
15
9
13
11
15
12
13
13
11
12
12
9
11
17
4
10
8
9
10
7
8
10
8
10
11
12
9
8
10
18
12
10
13
12
11
14
8
10
5
2
6
4
6
7
8
14
10
10
13
12
12
14
11
10
11
8
8
10
10
9
12
12
14
9
15
11
11
9
13
15
11
15
12
17
13
10
10
9
15
11
12
13
14
12
14
12
16
11
15
8
11
14
9
8
11
12
11
10
12
11
13
12
14
11
16
12
11
13
9
12
8
9
10
8
9
11
11
12
11
9
7
9
8
11
11
14
14
11
7
14
8
10
8
7
12
9
11
11
13
14
12
12
10
15
10
16
11
13
11
13
11
12
15
9
15
13
15
9
13
12
13
12
16
13
14
11
17
11
15
11
17
12
16
15
13
22
13
15
12
10
13
13
17
12
11
13
11
17
16
16
14
14
10
12
18
14
10
18
11
12
15
10
15
12
13
14
10
12
10
19
11
11
14
8
8
5
10
10
9
15
11
11
8
14
10
7
6
10
10
16
9
7
13
8
12
12
6
6
10
8
11
8
11
10
12
12
11
7
8
13
9
14
13
9
8
12
13
10
10
8
7
13
7
11
9
13
12
14
4
5
15
9
11
13
8
8
6
3
10
5
9
10
9
9
9
7
7
12
11
11
11
13
7
10
9
6
9
10
10
8
14
10
12
11
6
11
8
10
7
6
6
8
10
9
18
504
0
0
354
0
2
8
6
6
5
7
11
9
7
8
6
10
5
11
8
12
9
12
8
4
5
3
4
9
3
10
7
6
8
6
7
7
7
9
3
6
6
3
6
5
4
3
4
3
5
6
8
8
7
4
6
5
12
9
5
6
4
6
3
5
5
8
5
6
9
6
9
6
13
3
10
6
8
7
13
11
9
13
9
13
10
6
9
5
8
6
9
5
15
7
6
13
8
4
4
5
7
10
9
6
9
6
7
11
9
12
7
4
13
8
11
11
4
8
7
8
3
6
6
12
6
8
7
11
7
13
11
5
7
7
7
6
5
8
11
8
12
8
6
2
8
5
11
6
11
11
11
11
16
8
10
10
8
8
11
7
8
5
5
8
3
742
139
5
6
5
5
8
8
6
5
14
8
11
12
11
11
7
5
10
8
5
6
9
9
7
12
10
13
7
5
7
15
5
6
9
7
11
5
8
8
6
5
4
5
6
2
1
0
1
7
9
0
3
4
13
7
9
9
6
8
9
9
6
9
6
7
7
6
7
5
2
2
2
2
5
3
7
7
5
9
10
8
9
13
12
8
7
9
6
10
9
10
4
5
8
7
9
3
10
6
8
4
6
11
6
6
9
5
10
10
8
7
4
5
2
7
4
5
5
9
8
8
10
7
15
3
6
5
5
7
5
11
12
7
5
2
3
4
9
4
8
5
7
8
6
10
6
11
11
11
9
5
9
13
6
11
3
4
0
0
3
3
2
3
8
5
7
9
11
1
2
4
0
3
2
6
10
7
10
9
10
9
4
7
8
6
10
9
17
5
9
9
4
7
7
10
11
10
6
5
12
7
10
2
4
8
6
9
3
6
5
8
9
8
10
8
12
9
11
11
10
8
7
6
8
9
10
10
8
7
4
7
7
7
5
10
7
7
5
9
11
8
8
8
7
9
9
11
9
5
11
12
6
10
9
8
5
10
8
3
6
4
4
2
0
6
9
8
8
11
10
11
7
10
6
3
7
4
5
4
8
8
6
9
7
8
10
9
13
11
10
12
5
6
10
12
4
13
11
12
7
7
0
2
0
1
1
3
7
9
8
5
4
9
15
10
8
10
5
10
10
7
6
7
10
12
7
10
3
7
8
11
10
11
9
4
7
3
9
10
5
8
8
8
12
8
10
10
9
15
3
9
10
3
4
8
5
9
6
5
7
10
8
10
9
7
8
7
15
11
8
9
8
6
6
6
9
7
5
7
7
8
6
11
9
10
6
11
7
7
9
9
10
10
11
13
8
12
11
5
8
11
12
13
11
11
8
13
10
8
7
9
4
7
5
9
8
9
7
10
5
12
6
12
9
9
7
13
10
9
5
6
9
10
8
7
7
6
9
7
6
9
10
8
10
6
4
4
3
8
5
5
3
6
7
12
6
4
6
4
4
3
9
11
6
9
8
9
5
9
12
8
9
11
9
10
10
9
12
9
11
11
12
5
11
6
10
4
8
7
11
10
7
12
6
5
7
6
6
9
8
11
6
9
9
5
7
9
7
6
8
6
4
4
5
9
7
11
8
9
10
7
12
10
8
9
8
17
7
10
11
8
8
12
11
6
9
10
11
12
9
11
9
13
6
10
4
9
3
7
6
6
7
8
2
5
4
7
9
9
10
6
6
9
13
5
6
13
8
8
9
7
7
7
10
10
10
12
5
5
0
9
4
10
6
9
9
6
7
8
10
10
10
13
10
7
8
12
7
12
8
8
10
13
3
6
6
7
10
10
8
7
6
9
7
7
13
9
11
10
10
9
11
12
9
8
10
3
8
11
7
10
11
4
9
12
12
13
10
11
14
11
11
10
7
5
6
7
4
8
5
7
9
5
10
11
6
9
5
13
10
15
10
13
10
9
9
7
9
6
5
6
5
9
8
9
10
11
10
8
13
9
11
8
9
10
14
10
5
7
8
6
6
5
9
10
10
14
10
8
11
12
13
11
11
15
5
13
11
13
10
13
9
9
5
4
4
8
6
4
9
9
8
10
14
7
8
4
8
9
7
8
9
10
6
3
4
7
9
7
12
12
7
7
6
3
3
12
7
11
12
7
7
7
14
5
10
9
8
7
6
6
5
6
9
10
10
13
7
7
7
9
10
7
10
7
9
7
10
9
8
7
5
4
13
12
13
10
15
9
10
11
13
9
8
12
11
8
12
9
7
8
8
5
8
8
10
9
8
12
12
5
17
8
10
11
7
5
7
9
3
7
11
3
5
8
7
10
6
10
7
9
5
7
4
8
4
7
8
11
6
7
9
9
6
9
11
11
14
5
11
13
8
10
9
10
15
5
7
2
0
4
8
7
10
10
11
14
7
12
8
9
8
15
7
10
10
6
7
6
4
7
4
10
4
5
4
5
10
10
8
11
5
6
4
11
8
3
10
4
12
4
7
7
203
212
1484
1435
0
0
1539
1490
0
0
0
0
0
0
0
0
0
0
0
0
0
0
0
0
0
0
0
0
0
0
0
0
0
0
0
0
0
0
0
0
0
0
0
0
0
0
0
0
0
0
0
0
0
0
0
0
0
0
0
0
0
0
0
0
0
0
0
0
0
0
0
0
0
0
0
0
0
0
0
0
0
0
0
0
0
0
0
0
0
0
0
0
0
0
0
0
0
0
0
0
0
0
0
0
0
0
0
481
249
0
0
0
0
0
0
0
0
0
0
0
0
0
0
0
0
0
0
0
0
0
0
0
0
0
0
0
0
0
0
0
0
0
0
0
0
0
0
0
0
0
0
0
0
0
0
0
0
0
0
0
0
0
0
0
0
0
0
0
0
0
0
0
0
0
0
0
0
0
0
0
0
0
0
0
0
0
0
0
0
0
0
0
0
0
0
0
0
0
0
0
0
0
0
0
0
0
0
0
0
0
0
0
0
0
0
0
0
0
0
0
0
0
0
0
0
0
0
0
0
0
0
0
0
0
0
0
0
0
0
0
0
0
0
0
0
0
0
0
0
0
0
0
0
0
0
0
0
0
0
0
0
0
0
0
0
0
0
0
0
0
0
0
0
0
0
0
0
0
0
0
0
0
0
0
0
0
0
0
0
0
7
58
177
0
0
0
0
0
0
0
0
0
0
0
0
0
0
0
0
0
0
0
0
0
0
0
0
0
0
0
0
0
0
0
0
0
0
0
0
0
0
0
0
0
0
0
0
0
0
0
0
0
0
0
0
0
0
0
0
0
0
0
0
0
0
0
0
362
425
990
1002
68
938
81
0
477
21
7
7
7
8
11
8
7
8
7
11
13
12
13
13
6
7
8
6
4
6
9
15
7
7
7
7
10
8
9
7
6
6
9
10
11
11
9
9
4
4
5
5
8
10
3
6
8
7
8
10
6
14
11
12
11
8
10
3
5
7
10
9
6
5
6
8
7
8
9
9
7
10
12
9
8
7
6
5
5
5
7
7
8
8
9
7
9
9
9
10
13
8
10
13
9
9
6
6
4
4
2
5
5
5
10
8
7
11
7
11
9
6
10
11
8
12
17
6
10
7
5
8
4
11
12
9
13
10
5
11
12
10
8
6
8
9
6
8
1
1
3
4
6
9
6
12
7
11
6
14
11
14
6
8
9
14
9
9
8
6
11
8
4
8
13
7
10
5
8
7
9
8
9
13
9
8
14
10
12
10
13
11
6
7
11
4
8
9
7
4
6
9
12
5
8
8
9
6
7
6
7
8
11
8
10
11
9
9
10
8
9
20
10
16
13
12
8
8
8
8
5
8
6
7
6
9
11
5
10
12
7
11
10
11
11
12
11
9
10
7
10
11
14
8
9
9
4
11
6
11
6
12
4
3
3
6
6
7
7
9
9
12
9
13
14
8
8
11
2
6
6
12
9
9
13
9
11
10
10
6
7
7
8
9
8
10
12
8
10
6
9
10
5
9
8
6
6
7
8
12
14
12
9
8
12
11
6
3
0
2
4
8
8
9
17
9
9
12
8
11
12
10
7
8
11
8
7
11
10
10
7
12
11
11
9
11
13
6
12
14
11
10
9
6
8
6
5
5
425
318
402
2
1731
1682
35
7
3
12
3
9
5
9
5
8
9
8
8
5
4
7
7
9
6
9
11
10
5
7
6
4
3
3
1
3
6
8
9
13
8
7
6
6
6
4
2
3
5
7
262
4
7
10
7
9
10
10
7
4
7
7
5
8
12
10
7
4
8
7
6
4
8
9
5
6
7
7
5
7
6
5
7
7
8
9
5
8
11
5
11
9
6
5
8
15
12
13
15
14
10
10
11
11
12
8
6
4
10
14
9
13
7
12
10
8
10
7
8
8
8
8
11
9
11
7
5
8
6
9
9
11
13
9
11
11
10
16
7
7
5
9
7
7
8
7
8
3
10
4
9
14
12
11
15
11
5
9
7
9
5
5
11
8
13
7
10
7
5
3
7
12
14
8
8
9
9
7
6
9
9
13
12
16
11
6
9
8
10
6
13
10
12
11
6
9
8
10
11
10
6
5
8
9
6
9
10
4
9
6
9
13
12
14
8
5
10
9
9
12
18
10
9
9
10
8
3
1
6
4
1
6
12
7
13
9
6
9
5
7
8
9
5
5
6
7
7
13
13
7
11
6
12
11
10
7
12
12
8
8
10
17
8
10
13
10
14
9
4
4
293
905
391
551
2114
2065
2016
0
2356
2307
3841
3792
3743
3694
968
521
1109
1060
0
2120
2071
1187
1138
2144
2095
2046
0
703
57
0
0
0
0
0
0
0
0
0
0
0
0
0
0
0
0
0
0
0
0
0
0
0
0
0
0
0
0
0
0
0
0
0
0
0
0
0
0
0
0
0
0
0
0
0
0
0
0
0
0
0
0
0
0
0
0
0
0
0
0
0
0
0
0
0
0
0
0
0
0
0
0
0
0
0
0
0
0
0
0
0
0
0
0
0
0
0
0
0
0
0
0
0
0
0
0
0
0
0
0
0
0
0
0
0
0
0
0
0
0
0
0
0
0
0
0
0
0
0
0
0
0
0
0
0
0
0
0
0
0
0
0
0
0
0
0
0
0
0
0
0
0
0
0
0
0
0
0
0
0
0
0
0
0
0
0
0
0
0
0
0
0
0
0
0
0
0
0
0
0
0
0
0
0
0
0
0
0
0
0
0
0
0
0
0
0
0
0
0
0
0
0
0
0
0
0
0
0
0
0
0
0
0
0
0
0
0
0
0
0
0
0
0
0
0
0
0
0
0
0
0
0
0
0
0
0
0
0
0
0
0
0
0
0
0
0
0
0
0
0
0
0
0
0
0
0
0
0
0
0
0
0
0
0
0
0
0
0
0
0
0
0
0
0
0
0
0
0
0
0
0
0
0
0
0
0
0
0
0
0
0
0
0
0
0
0
0
0
0
0
0
0
0
0
0
0
0
0
0
0
0
0
0
0
0
0
0
0
0
0
0
0
0
0
0
0
0
0
0
0
0
0
0
0
0
0
0
0
0
0
0
0
0
0
0
0
0
0
0
0
0
0
0
0
0
0
0
0
0
0
0
0
0
0
0
0
0
0
0
0
0
0
0
0
0
0
0
0
0
0
0
0
0
0
0
0
0
0
0
0
0
0
0
0
0
0
0
0
0
0
0
0
0
0
0
0
0
0
0
0
0
0
0
0
0
0
0
0
0
0
0
0
0
0
0
0
0
0
0
0
0
0
0
0
0
0
0
0
0
0
0
0
0
0
0
0
0
0
0
0
0
0
0
0
0
0
0
0
0
0
0
0
0
0
0
0
0
0
0
0
0
0
0
0
0
0
0
0
0
0
0
0
0
0
0
0
0
0
0
0
0
0
0
0
0
0
0
0
0
0
0
0
0
0
0
949
1949
2949
3949
4949
5949
0
6
6
10
8
7
8
4
599
1099
1899
2449
2949
3349
4099
4949
5949
6949
7949
8949
9949
10949
