0
54000
0
0
1000
0
1003
0
999
0
999
1000
493
506
0
0
1000
290
714
0
996
0
0
0
1002
0
0
0
1002
0
0
0
0
999
0
0
0
0
1001
1000
0
0
996
0
0
0
0
0
1002
0
0
1549
452
0
0
998
0
0
0
0
0
0
1001
0
0
1004
996
999
0
0
1000
0
1001
0
999
0
0
1001
0
0
1002
0
0
1279
0
1001
0
2003
996
1000
1001
0
1003
1003
998
1001
2994
0
536
685
117
793
1003
998
0
434
1002
0
1003
996
2001
0
1003
0
998
1000
2000
999
1001
0
158
844
161
1004
0
999
1000
999
2000
0
1003
0
1000
998
1003
998
801
670
647
2483
0
1000
1
1000
1003
1260
1000
195
810
1003
0
999
1046
0
1004
373
625
2544
456
0
1000
815
190
753
706
3405
114
1
885
1000
1007
0
1056
725
782
1492
0
1001
2000
0
0
1
1001
1002
1001
1001
0
999
1001
1001
998
1001
1002
1001
1001
996
1998
1000
445
177
1001
0
1002
999
999
1000
1002
0
1001
997
1000
1003
1001
996
1002
1000
1000
998
1001
999
1001
1000
1001
997
1002
1000
1997
1000
1004
0
1003
994
141
1002
0
1000
1002
1000
2002
998
0
624
380
997
1002
1004
997
0
1000
1003
1002
1002
1002
0
1000
1000
1001
999
1002
1002
995
1000
1002
1000
0
1004
0
1000
998
1002
999
393
1996
0
1002
1025
973
1
1006
0
1001
996
1001
0
1001
999
1004
998
1943
0
65
994
1000
1005
994
2006
0
2002
0
0
2004
0
0
1008
0
1001
0
1006
999
996
74
992
503
1007
0
280
725
72
1191
0
1008
0
1305
0
1007
0
1001
1000
1000
211
1000
1008
0
1003
1000
1000
821
475
1328
1000
1005
0
999
1000
1000
1001
253
282
996
1000
1005
679
574
405
1120
0
265
997
999
1003
1002
834
1481
0
1322
0
209
998
709
329
560
1273
0
828
1107
0
1007
0
1003
1000
998
1000
1000
1000
1001
1217
0
626
1293
0
278
53
208
541
1008
0
1001
1001
999
1001
1000
1000
1000
1001
999
999
1000
1001
301
985
1001
1006
998
1000
998
1001
636
616
545
625
523
1224
0
1010
0
1002
997
1187
0
42
1293
0
627
613
178
331
714
1002
1005
1002
1203
0
790
1465
0
1096
0
1009
0
1000
1001
965
1286
0
1009
0
1003
157
1344
0
1061
0
1009
0
213
686
194
807
701
759
220
1266
0
533
195
684
484
173
1002
0
1007
1002
1002
996
1000
1000
1003
997
1002
997
1003
999
1273
0
732
676
596
1011
0
999
1001
999
1001
999
1000
999
1001
1000
1001
997
1001
1001
999
999
1001
999
300
984
618
1008
0
995
1007
999
320
366
251
777
1002
1004
1003
1259
0
1010
0
999
1001
1000
1002
997
1001
1000
1000
1000
1000
1002
998
1001
1000
998
1001
1000
1231
0
1010
0
1000
542
221
994
1000
1007
1002
999
1288
0
1010
0
1000
1000
1000
1000
1001
998
1001
1000
1000
999
1001
1000
999
1000
1002
998
1001
1000
1001
998
1001
1000
1001
998
1001
1000
1001
998
265
504
999
993
1011
998
1002
1000
1242
0
775
245
985
995
1009
999
1001
999
1001
998
1001
1000
1001
998
1001
1000
1001
998
1003
998
1001
998
1003
998
1002
997
1001
1000
1001
1000
999
1000
1002
1000
998
1000
1003
997
1001
998
1003
997
1001
1001
1001
997
1001
998
1004
997
1002
997
1004
998
1000
1000
1003
996
1001
999
120
611
1002
1003
1007
995
1002
999
1002
997
1002
1000
1001
998
1003
999
1001
997
696
1224
0
231
677
162
48
748
261
999
992
1012
998
999
1001
999
999
1001
1001
1000
1000
999
1003
998
721
1461
0
186
833
1010
0
999
1003
997
1001
999
1001
1000
1000
999
1001
999
1000
1000
1001
1002
998
999
1246
0
1009
0
1001
999
1002
999
1000
999
1003
996
1003
998
1003
996
1003
998
1003
996
1004
1254
0
1012
0
997
1003
997
1002
1000
1002
188
986
1001
229
152
744
999
1009
1002
997
1000
1001
1001
999
1000
999
1002
997
1003
998
1005
994
1002
999
1002
997
1003
999
1001
997
1002
1001
1000
998
1001
1001
1001
997
1001
1001
1001
997
1001
1001
1001
997
1001
1001
1001
997
1001
1001
1000
997
1001
1002
999
998
1001
1002
1238
1000
1012
0
999
998
1001
1002
999
164
991
1012
0
998
1283
0
1010
0
998
1004
998
1000
998
1003
999
1000
999
1002
999
1002
996
1005
997
1000
998
1004
1287
0
1012
0
998
1000
1000
1002
998
1002
997
1004
998
998
1287
0
1009
0
1001
1002
999
998
1002
1000
999
1000
999
1002
1000
998
1000
1002
998
1000
1000
1001
999
1002
998
1000
1000
1002
999
999
1000
1000
1000
1000
1000
1003
998
999
1003
1195
0
1009
0
1000
1000
1000
1000
1000
1001
1001
998
1000
1002
999
999
1000
1000
1001
999
1001
999
1003
1257
0
1013
0
997
1000
1000
731
788
728
995
1001
1004
302
559
993
1005
1002
1145
750
1081
281
993
1006
1002
999
1001
1000
1000
208
234
1002
0
1007
1003
999
998
1002
998
1000
1000
1000
1001
999
1000
297
985
1003
1003
1002
999
1001
999
999
1003
998
1000
999
1002
1001
998
1000
1001
1000
1289
0
1011
0
1000
999
1001
1000
998
1000
1002
1000
784
1508
0
805
1204
0
1011
0
998
1003
998
1000
1002
1000
999
1000
998
1002
999
1000
1000
1001
244
988
994
1009
999
1164
0
1010
0
1001
1000
1001
998
1003
997
1003
230
985
995
1008
1004
997
843
1458
0
1009
0
1003
1001
230
1150
1000
1011
0
1000
1001
1001
998
44
336
238
992
999
1007
1001
998
1000
1001
1001
998
160
554
521
760
1012
0
999
999
1000
1001
1001
999
999
1001
1001
1276
0
1013
0
997
1194
0
232
349
1113
0
1009
0
1000
1002
998
1000
1000
1002
1002
996
1002
1002
996
1000
1001
1001
999
1001
999
1003
997
999
1002
1000
998
1000
1000
1004
216
405
990
1007
1003
999
1001
1001
999
1000
1002
1000
998
999
1001
1002
997
1001
999
1003
997
1000
1000
1000
1000
1000
1000
1000
1000
1000
1000
1003
997
1000
1000
1000
1000
1002
998
1000
1000
1001
999
1001
1000
999
1000
1000
26
999
995
1005
1001
1000
999
1000
1001
999
1003
997
1002
999
1001
321
987
992
1009
1002
999
1002
997
1002
999
1000
999
1000
1001
1000
1202
0
1011
0
1000
1000
262
976
1205
0
1012
0
998
1002
1001
1000
999
999
1003
996
1000
1000
1002
998
999
998
1005
996
1001
999
1246
0
1006
0
1002
997
1000
1000
1001
999
1000
1000
1001
1186
0
667
343
992
315
302
1001
0
1000
1001
1001
999
999
1001
1000
1000
309
158
459
235
675
830
496
1001
1283
0
509
1266
0
1167
1000
1001
0
1000
1001
999
1000
1000
741
1260
999
1000
1000
1001
999
0
7
8
6
11
6
8
10
8
10
5
4
5
1
6
1
5
6
2
6
1
6
5
3
3
4
6
9
11
9
9
7
6
11
8
6
7
12
6
9
12
5
11
6
4
6
7
4
4
7
8
7
12
10
8
6
9
9
5
9
5
11
7
11
9
6
8
7
4
10
9
2
9
13
10
8
6
5
4
9
7
5
11
5
10
10
7
5
4
5
10
9
7
10
12
7
8
7
5
8
12
7
6
13
9
4
9
6
6
7
4
9
5
6
11
9
9
9
10
8
9
8
9
10
7
6
6
11
11
4
6
6
7
5
7
4
6
8
3
10
7
9
5
7
4
10
8
7
7
6
13
8
4
6
8
7
5
7
4
3
5
3
5
7
9
5
10
6
9
7
5
4
8
4
6
3
7
10
9
5
9
5
6
7
7
4
9
10
9
9
6
4
8
6
7
6
6
9
4
7
3
10
2
8
7
5
12
7
9
12
5
5
6
7
5
5
9
5
7
6
6
5
2
10
7
9
13
10
10
10
11
13
9
2
5
8
10
9
8
8
10
5
7
7
8
6
5
6
7
7
6
6
7
6
12
6
10
9
13
9
9
9
7
8
9
6
5
7
8
5
6
10
5
8
6
3
10
13
5
6
9
7
7
6
6
6
6
4
9
7
10
9
9
5
7
8
8
8
9
5
9
6
14
4
7
6
11
9
13
7
6
8
7
3
10
10
8
7
9
7
4
7
5
9
9
9
7
9
4
10
3
9
6
5
8
4
6
7
9
5
5
6
10
6
6
11
7
6
14
3
3
7
9
13
3
7
7
4
8
13
6
6
6
11
7
6
8
6
4
9
9
5
7
5
7
11
8
4
3
5
5
8
13
5
8
7
8
8
7
4
8
4
6
12
8
10
5
4
11
10
4
6
7
5
13
7
9
9
8
11
10
9
7
8
11
11
4
4
8
9
4
10
8
4
7
8
7
9
9
9
8
9
8
7
3
4
4
9
8
4
8
4
7
8
12
11
10
10
10
10
8
7
10
10
5
5
7
12
8
7
11
9
6
9
7
7
12
8
10
10
6
10
9
6
11
10
7
8
5
12
5
4
1
5
6
6
8
6
11
5
6
11
11
9
4
10
9
8
6
11
8
11
12
6
4
8
7
11
8
7
5
7
11
9
4
7
12
3
3
8
5
7
5
8
5
9
8
10
5
10
6
7
12
7
9
11
8
9
5
4
10
9
4
3
7
7
11
11
5
6
9
10
8
8
8
9
5
7
7
4
9
3
4
6
5
7
11
7
12
5
6
12
9
8
6
8
11
11
12
4
4
6
7
7
5
1
5
11
3
6
8
7
4
7
7
8
9
9
7
4
8
4
5
6
7
8
8
9
6
8
4
6
9
8
7
5
11
10
8
8
3
4
5
3
7
9
10
6
9
11
5
7
10
8
6
7
12
10
7
7
2
5
5
4
6
4
10
6
7
11
4
8
4
7
9
8
7
7
8
9
7
11
9
3
6
9
6
7
8
12
8
8
5
8
10
10
6
11
9
9
10
13
10
10
7
10
7
7
6
11
5
7
7
11
14
6
7
10
10
7
8
6
10
4
7
9
4
0
4
7
10
4
7
3
8
4
13
6
11
12
8
8
11
7
11
9
2
11
1
5
9
10
8
5
4
3
8
4
10
5
4
10
4
8
9
8
6
6
9
3
0
8
7
9
8
9
11
9
6
9
8
13
5
11
7
14
8
10
9
9
5
4
8
4
4
8
12
8
6
6
6
8
8
8
7
8
7
9
11
3
8
7
9
9
7
7
13
8
8
4
7
10
10
7
4
12
7
7
6
3
5
1
7
5
10
8
8
6
6
8
7
6
12
8
11
11
7
10
7
9
6
5
3
10
5
6
8
6
10
9
6
10
9
14
5
9
10
15
3
0
5
4
5
11
9
12
8
3
6
6
10
6
13
6
9
6
10
4
10
5
12
6
8
4
6
11
5
3
7
8
7
10
10
9
10
6
13
8
5
6
8
6
7
6
8
10
6
8
5
8
7
8
7
9
7
8
6
9
8
5
10
5
7
2
3
4
6
11
10
11
13
8
7
6
11
10
8
10
11
3
10
5
8
8
12
8
7
5
4
8
7
3
6
6
10
10
5
7
12
7
6
7
5
5
8
11
7
7
9
3
10
3
4
4
8
7
7
11
8
9
6
5
6
8
6
9
14
7
6
5
9
1
6
8
5
8
5
5
3
4
12
4
7
5
5
7
6
7
8
8
7
7
9
14
5
10
7
5
6
8
9
6
7
11
5
3
3
4
9
5
8
11
4
9
10
8
10
4
10
6
10
8
6
4
7
4
5
3
6
3
7
9
11
8
10
9
4
3
12
6
4
10
9
7
8
8
8
6
7
6
7
6
11
5
7
7
8
5
6
4
6
8
7
7
8
12
6
9
7
8
9
4
7
4
9
8
10
6
4
6
7
9
4
6
5
3
5
7
8
9
10
1
4
8
4
7
6
5
6
6
7
10
8
4
10
8
5
6
3
5
4
7
7
6
9
11
4
10
7
8
7
6
8
5
10
8
9
5
9
6
4
7
5
2
6
7
9
8
6
8
2
8
2
5
13
9
6
13
5
7
4
6
3
8
5
5
5
12
5
6
10
11
6
5
6
7
10
8
7
8
11
5
7
5
11
7
5
9
10
6
3
6
4
5
7
10
7
7
13
8
9
4
8
1
4
6
9
4
8
7
6
10
4
7
4
12
5
7
9
7
11
7
6
7
4
3
10
9
7
8
6
7
10
9
11
9
9
9
10
11
9
14
3
4
5
5
10
7
6
14
6
5
11
11
1
4
5
4
5
12
10
6
4
8
8
6
6
6
3
4
4
9
5
7
9
13
9
9
10
11
8
9
6
6
6
9
12
5
7
8
5
11
2
8
6
7
7
5
7
5
11
6
5
10
6
12
7
9
3
9
7
7
11
7
7
10
4
6
6
7
8
9
9
7
6
8
9
9
7
9
5
10
7
12
8
5
4
4
8
6
7
7
8
9
8
6
8
8
14
4
10
6
8
5
2
4
6
7
6
4
8
11
6
6
6
7
6
5
7
12
8
4
8
7
10
7
7
6
8
9
7
7
6
8
8
4
5
6
10
9
6
8
8
5
15
7
5
8
11
9
4
9
7
7
5
6
8
5
7
13
4
9
7
5
12
9
7
6
8
6
7
5
7
7
4
5
4
6
3
2
12
1
6
10
11
7
10
6
8
4
4
4
7
13
3
5
8
8
9
4
6
5
2
7
10
8
6
5
12
1
6
6
4
7
5
9
7
6
5
4
3
3
2
9
6
11
5
5
6
10
4
8
10
9
10
12
7
7
8
10
6
6
13
13
12
7
7
8
6
12
4
8
7
7
9
11
9
10
10
8
8
9
5
10
8
6
6
5
8
4
6
8
11
8
2
10
11
10
12
7
7
8
7
11
6
9
8
6
9
5
7
5
10
6
5
9
10
5
7
7
5
9
10
10
8
7
4
8
5
1
4
8
4
6
5
12
14
5
4
8
9
5
8
8
6
8
8
8
6
6
6
2
7
2
1
2
7
9
4
7
8
12
8
5
7
6
5
8
9
7
10
9
6
9
9
8
7
9
5
6
8
11
5
7
10
7
3
7
7
5
8
7
9
11
2
2
6
2
0
8
5
4
2
9
10
5
4
10
7
9
6
13
6
11
7
6
5
7
3
6
6
10
8
6
7
9
7
9
12
4
2
6
10
17
6
7
3
9
7
7
3
3
2
6
3
14
7
8
4
8
5
12
7
12
6
6
5
10
6
7
10
3
6
4
3
11
8
8
12
8
8
7
5
12
5
8
7
6
5
3
8
11
5
7
6
5
15
6
14
9
6
8
8
5
6
1
4
3
6
7
5
7
8
6
8
9
4
4
8
6
1
6
6
7
7
5
7
3
6
6
6
9
6
6
3
7
8
3
8
5
5
10
11
8
8
8
7
9
7
10
8
7
5
5
7
5
9
5
4
8
12
8
7
2
13
7
6
4
3
5
3
8
7
8
9
15
4
8
5
4
8
8
4
3
8
6
8
7
11
8
6
6
11
4
6
2
4
7
4
8
5
6
7
6
8
12
8
4
6
6
6
12
8
6
7
4
8
0
2
4
5
8
2
1
6
9
5
4
5
6
6
7
8
6
5
4
2
4
7
1
1
0
0
5
3
6
7
7
9
7
4
9
4
6
5
8
9
7
10
7
11
2
4
1
3
1
0
2
3
4
9
4
6
12
11
7
7
4
2
7
7
11
0
6
7
0
3
7
5
6
9
4
9
6
8
14
4
5
4
10
6
4
10
7
9
7
6
8
6
1
5
2
4
2
3
2
7
4
7
4
9
7
6
7
8
4
4
2
1
5
11
8
6
7
7
9
1
2
7
8
7
6
6
3
9
7
5
9
6
8
10
5
6
4
11
6
8
6
7
8
9
8
8
6
8
9
9
7
5
7
5
8
3
10
4
6
7
9
5
6
6
7
8
8
4
11
7
4
5
7
4
7
8
5
7
4
12
8
6
6
8
10
7
6
7
6
7
6
7
3
9
6
5
9
10
4
9
9
10
13
5
10
4
8
4
2
5
1
6
5
7
7
8
8
8
6
5
10
11
6
8
7
5
5
8
9
5
3
5
3
2
4
3
4
7
4
7
5
8
7
6
4
11
2
7
4
7
8
9
7
10
6
7
8
9
7
6
11
9
4
7
9
7
6
3
3
6
10
3
5
7
6
9
5
4
13
9
3
8
5
4
8
7
5
9
6
5
3
7
9
7
6
7
12
8
8
8
4
6
9
2
7
6
9
8
3
3
4
7
4
5
7
4
2
10
9
8
8
5
6
6
7
9
6
8
5
8
10
6
10
6
12
8
7
8
6
9
9
7
9
9
7
9
9
8
10
9
10
6
9
7
13
5
4
7
7
8
6
6
8
4
5
8
8
6
5
4
5
6
8
12
10
8
11
8
8
10
6
12
7
6
6
8
6
13
8
8
8
5
14
7
7
3
8
8
6
6
12
7
7
8
6
7
9
4
3
5
7
7
7
7
9
7
7
10
7
8
10
6
11
8
4
10
5
5
5
1
5
12
5
6
6
3
3
9
8
6
6
8
7
9
9
5
4
9
6
6
6
11
9
5
6
6
8
7
7
8
6
5
9
9
7
7
9
5
6
5
8
5
8
9
4
10
8
7
8
6
9
4
7
10
6
7
6
7
9
9
11
5
9
7
6
3
8
11
6
7
6
12
7
6
9
6
13
5
10
10
8
7
6
14
6
6
7
4
6
5
7
11
5
10
6
8
8
7
5
7
6
10
9
2
7
9
9
9
4
8
8
3
6
8
8
6
3
3
0
2
6
10
8
7
8
9
7
8
9
5
11
4
7
9
8
6
10
4
9
7
6
11
5
4
7
11
6
11
6
7
8
8
13
5
7
5
6
9
11
7
6
7
5
2
2
3
6
7
8
8
3
8
8
3
8
9
6
9
5
7
7
4
4
8
8
9
4
2
5
6
0
5
5
4
10
11
5
7
7
7
14
8
4
6
7
10
10
6
4
5
11
5
7
10
6
2
2
6
6
10
3
8
3
9
5
3
5
8
6
8
5
13
9
6
10
10
8
5
6
6
8
2
7
5
6
7
3
3
8
7
8
9
5
7
7
14
5
5
9
6
5
6
7
8
8
7
5
9
9
5
9
9
2
7
6
2
2
2
10
5
9
7
4
7
5
7
5
4
9
6
10
5
8
10
8
10
14
2
2
3
10
3
2
3
6
7
6
11
6
5
6
2
8
7
7
9
9
6
6
14
6
8
11
4
4
6
4
4
6
3
5
1
3
12
3
3
4
4
6
9
6
10
4
4
4
6
7
6
5
5
8
6
5
8
8
6
8
5
5
2
6
7
3
5
6
9
5
3
6
0
3
6
6
3
7
5
6
6
6
9
8
8
5
4
4
6
9
9
9
7
11
8
8
7
3
4
3
3
1
9
5
6
4
9
8
6
11
6
11
11
5
6
4
4
0
6
0
7
7
5
6
9
10
6
7
10
4
3
7
7
10
2
2
2
5
7
8
4
4
9
2
6
3
7
5
5
8
3
7
7
5
5
5
8
4
6
7
4
8
6
3
0
4
0
0
11
3
9
4
9
8
6
12
10
9
3
8
3
6
8
8
9
5
10
4
6
7
12
8
10
8
5
4
6
7
9
9
7
6
8
6
9
1
8
6
6
6
6
5
9
6
9
7
10
10
14
4
7
5
3
4
1
6
1
7
11
6
7
7
7
8
7
5
12
9
5
12
5
12
7
4
8
9
8
9
7
6
2
8
5
9
2
7
7
10
7
4
7
6
9
9
9
6
8
13
9
6
7
3
7
6
8
7
7
6
8
4
9
9
5
9
10
5
1
8
9
7
7
7
3
8
5
6
6
9
8
6
7
8
7
8
7
5
7
13
8
6
2
2
3
10
5
9
8
5
8
6
9
10
8
6
7
4
6
6
10
4
5
2
7
8
13
4
11
3
6
6
7
11
12
7
6
12
7
3
8
3
6
6
4
9
11
5
7
6
5
6
6
7
3
4
6
6
10
2
5
6
7
12
7
7
6
8
6
5
9
6
8
7
14
7
5
10
2
3
6
6
8
6
13
5
9
7
7
7
5
12
3
2
6
6
5
6
6
9
5
5
8
7
6
3
12
7
5
6
7
11
9
9
6
8
10
7
7
7
3
5
9
4
11
9
10
5
6
12
9
13
9
6
6
10
7
11
5
4
7
8
6
9
12
5
6
6
9
6
7
10
6
7
4
4
11
7
7
6
7
8
6
8
4
5
8
4
11
4
5
0
7
9
5
6
8
4
10
8
4
8
7
6
6
7
1
13
8
6
8
11
5
7
6
5
5
7
5
12
11
5
6
6
4
7
7
8
8
8
7
7
7
13
7
4
8
5
7
7
7
13
9
10
5
7
7
5
6
10
11
10
7
5
4
8
8
5
9
10
3
7
5
4
11
4
9
11
6
6
11
10
10
9
11
7
8
6
8
7
3
7
4
7
3
8
7
7
6
5
7
10
7
8
8
9
9
6
8
5
5
11
9
7
7
6
5
3
3
8
9
4
4
6
1
6
5
7
7
4
8
8
5
8
6
6
12
7
10
7
8
9
6
4
7
752
1749
2749
3749
4749
5749
6749
7699
3077
2799
2451
3449
4449
5399
4801
5749
5699
5999
6699
7649
8649
9649
