0
48000
0
0
0
1000
0
0
0
1003
1002
0
0
0
1633
94
1268
0
0
0
663
341
0
996
0
0
1002
1002
0
1
996
0
0
0
1004
998
0
997
0
0
1002
0
0
0
1002
0
0
0
0
1000
0
0
0
0
1000
0
1000
0
147
852
0
0
998
0
0
0
1003
0
0
0
0
998
1004
997
1003
1000
1001
1045
1379
1571
0
514
419
1002
0
1002
1000
999
1000
1001
999
999
9998
1000
0
4000
1000
1000
3000
0
1000
0
1
1000
0
0
0
1000
0
1002
506
1491
1000
970
30
1000
1000
1000
5333
1
666
809
1192
0
999
956
45
494
445
1
1059
0
1
999
0
1001
0
1002
558
1001
0
1000
1002
1695
4302
11000
0
2002
998
0
806
1
0
194
1001
0
0
0
0
998
0
0
1003
0
0
0
999
0
1002
507
321
462
996
1003
1001
1000
999
1000
997
1000
1
1001
999
1003
999
998
1001
1001
999
999
1000
1000
1001
999
1000
6999
6000
1000
2000
1000
917
83
0
0
1000
0
0
1002
2998
4000
0
0
3000
1000
0
0
0
0
1000
0
0
345
203
360
1093
0
999
0
1001
0
0
999
1001
1005
1000
997
998
1001
997
1001
3982
16
45
955
3000
1000
5838
162
718
282
2000
1000
0
0
1000
0
0
0
0
973
32
1000
1002
0
1004
0
1000
1000
1004
996
998
999
1000
1000
1000
119
2542
4000
4000
1000
0
1000
1001
1000
999
0
0
1001
0
0
0
1001
0
1001
0
244
996
1001
1000
999
1000
1000
1637
1
1363
999
1000
1003
0
45
495
2025
0
1000
169
83
1000
2000
0
1001
0
2003
266
732
428
920
1010
0
998
1037
965
1000
997
996
1004
999
1000
1000
1000
999
1000
999
1004
994
1003
14997
2001
999
0
0
1000
0
2706
0
1
0
2293
0
835
1
0
165
1000
1000
0
0
0
0
1001
0
0
0
1002
0
1998
0
998
1003
1002
1998
0
997
1001
1002
217
651
998
1001
280
993
1004
95
994
1002
1003
998
998
503
185
1000
1000
1002
1000
998
1002
1001
1001
999
1000
1003
998
1219
0
1000
1006
1004
1001
997
999
1003
998
1002
1027
976
1065
933
1001
1001
1014
983
1027
976
995
1002
999
1003
995
1003
999
1002
996
1001
1000
1001
997
1000
999
1001
998
1001
1001
999
1237
0
994
1004
1001
1000
1000
999
1001
999
1003
999
998
1002
998
1000
1000
1000
1000
1001
1001
1000
999
1000
1000
1000
1000
1001
1000
1001
999
999
1002
998
1001
1001
1000
997
1001
1002
1000
35
1095
0
994
1005
1002
1000
999
1000
1001
999
1000
999
1000
1001
1001
999
999
1002
999
1000
1000
1001
1000
999
999
1001
999
1000
1000
1002
424
990
122
987
1006
999
1152
0
997
1005
1003
1001
999
996
1001
1002
999
1000
1000
1003
997
999
1002
1002
997
998
1003
1001
1000
1001
999
998
1001
998
1002
323
983
1004
1004
266
474
599
818
997
1002
1000
1000
998
999
87
1073
194
1005
991
1012
998
998
1000
1001
999
999
1000
88
989
997
738
1158
0
994
1009
999
1007
997
996
1002
1003
997
1000
1000
999
998
1002
1000
1002
996
1002
1000
1003
1000
999
1000
1001
999
1171
0
988
1009
1002
1001
999
999
1001
999
1003
997
1002
997
934
980
1271
0
991
1128
0
992
1012
91
983
1010
57
1091
137
17
994
868
203
988
1012
188
55
1001
994
24
1052
0
991
1009
1002
1165
0
992
1009
1003
999
998
1000
1144
0
992
1009
1001
1002
998
1000
1000
1002
998
1000
1000
1002
998
1000
1000
1002
998
1001
999
1003
997
1001
999
1003
997
1001
999
1003
997
1001
999
1003
997
1001
999
1003
997
1001
1000
1002
997
1001
1000
703
1186
0
991
1012
998
1001
1001
1000
998
1001
1001
1000
998
1000
1002
998
999
1003
42
997
991
1008
1001
998
999
1002
1002
996
1000
1002
1018
1034
0
1010
1003
996
1000
1002
1002
996
1000
1130
0
992
1010
1001
1004
996
1003
1058
0
991
1030
0
1011
1000
1001
999
1002
1028
0
1030
0
1055
0
991
1013
997
1001
1000
1002
999
998
1001
1001
999
999
1001
1033
0
1009
1002
1001
999
999
1001
1000
1157
0
991
1010
1000
1000
1000
1000
1000
1000
1000
1000
201
989
991
1010
1001
1124
0
1290
0
990
1009
1003
1097
0
991
1011
1000
1001
997
1002
998
1001
1000
1000
1000
1000
1000
1000
1000
1000
1000
1000
1106
0
991
1010
1001
998
1001
1000
999
1000
1001
1000
1000
999
1001
1001
1000
999
1000
1002
999
998
1002
1001
1025
0
1002
1001
1119
0
990
1012
998
1000
1003
1002
1081
0
991
915
1103
0
989
1011
1000
1000
1000
1002
999
1000
1000
1002
997
1001
1000
1001
999
1000
1000
999
1002
997
1001
1000
1000
999
1001
1000
1000
999
1000
1001
1001
1001
997
1001
1001
998
999
1002
1001
998
999
1001
1001
999
999
1001
1001
999
999
1001
1001
999
1072
0
990
1010
1001
999
1001
999
999
1000
1002
999
999
1000
1002
999
999
1000
1002
999
999
1000
1002
999
1217
0
990
533
1044
1262
0
991
1009
1002
1190
0
992
1009
1001
1000
1000
1220
0
990
1010
1187
0
992
1010
1000
1000
1000
1001
1000
999
1001
1000
1000
999
1002
40
998
989
1010
1002
1000
1066
0
1015
0
1008
181
989
992
1010
1001
1000
1159
19
992
1003
1007
1001
1003
998
856
177
1130
0
990
1010
915
1121
0
991
1009
1011
1052
0
992
1004
0
1009
999
1002
999
1000
999
1001
999
1001
999
1001
999
1001
999
1001
999
1000
1000
1001
1000
999
1000
1001
1000
999
1000
1001
1
981
1008
1002
1003
996
1000
1001
1000
999
1000
1001
1000
1207
0
992
1010
1001
998
1001
1000
999
1156
0
105
1132
0
991
1013
998
53
977
1003
1007
1050
0
992
1010
1000
1000
1001
1001
996
1002
1000
1001
997
1002
1000
1001
997
1002
1000
1001
998
1001
1000
1001
998
1001
1000
1001
1001
998
1001
1001
997
1001
1000
1003
998
999
1131
0
993
1010
1000
1002
999
35
1000
999
999
1001
1000
1001
998
1001
1000
1001
998
1001
1000
1001
998
1001
1000
54
980
1000
1010
1305
0
992
1010
1060
0
992
1009
1004
997
1003
997
1001
999
1000
1000
1002
999
999
1001
1001
999
999
1001
1001
999
999
1001
1001
999
1034
1053
0
990
1010
1002
1001
998
999
1001
1001
999
999
1001
1001
109
988
991
1012
1000
998
1002
1001
999
998
1002
1001
999
888
1158
0
58
1000
990
1014
1015
0
1001
1001
1000
997
1003
1000
1000
997
1002
1001
1000
998
1000
1002
999
999
1000
1002
999
1002
998
1000
91
985
1018
0
1009
1001
999
1002
999
1000
999
1033
0
999
1002
1000
998
1001
1000
1001
998
1001
1000
1001
998
1001
1000
1001
998
1001
1000
1001
998
1001
1141
0
992
1010
1002
999
1001
82
987
994
1010
999
1000
1001
998
1001
1000
1002
997
1001
1074
0
991
1011
999
1000
1036
0
651
403
520
97
213
64
998
1003
1003
1000
1002
997
1145
0
993
1008
1003
998
998
999
1001
1000
1000
999
1001
1000
1000
999
1002
999
1000
999
1003
998
113
897
886
1295
0
994
1007
1000
1000
999
1001
1001
1003
996
1001
188
987
1004
1004
1000
998
999
1000
1001
10
999
998
1005
999
1000
1000
999
1002
997
1002
999
1000
1002
1000
998
1001
998
1003
998
1000
1002
999
999
1019
0
1004
1001
1002
997
1002
1000
999
999
1004
997
1000
1073
55
998
1004
1002
1000
999
999
999
1002
999
1000
999
1003
999
999
999
1003
999
999
999
1005
997
999
84
992
1002
1003
999
999
1001
999
999
1001
1001
1000
998
1003
999
999
1000
1000
1001
1001
1101
0
5
1004
998
1002
1000
1001
998
1001
1000
1001
1000
1209
0
998
1003
1004
0
1001
1365
0
998
1002
999
1000
1001
1000
1000
1000
1001
999
1000
999
1003
998
999
1002
1000
999
1000
1001
1206
0
67
1001
1000
999
1001
1000
1000
1000
22
997
1001
1000
1003
1032
0
1000
1001
1000
1000
1000
1000
1000
1000
1000
1000
1000
1000
999
1000
1000
0
0
0
0
7
0
0
0
0
0
0
0
0
0
0
0
0
3
0
0
0
0
10
0
0
0
0
0
0
0
0
0
5
0
0
9
0
0
0
0
4
0
0
0
0
0
0
0
0
0
8
0
0
0
0
1
0
0
6
0
0
0
0
5
0
0
0
0
2
0
0
0
0
3
0
0
8
0
0
0
0
5
0
0
0
0
7
0
0
0
0
2
0
0
0
0
0
0
0
8
0
0
0
0
4
0
0
0
0
3
0
0
0
0
1
0
0
7
0
0
0
0
4
0
0
0
0
3
0
0
0
0
2
0
0
0
0
0
0
0
5
0
0
0
0
7
0
0
0
0
2
0
0
0
0
2
0
0
13
0
0
0
0
10
0
0
0
0
4
0
0
0
0
0
0
0
0
0
0
0
0
7
0
0
0
0
4
0
0
0
0
4
0
0
0
0
0
0
0
10
0
0
0
0
4
0
0
0
0
3
0
0
0
0
1
0
0
0
0
0
0
0
6
0
0
0
0
6
0
0
0
0
6
0
0
0
0
0
0
0
10
0
0
0
0
6
0
0
0
0
2
0
0
0
0
0
0
0
0
0
2
0
0
7
0
0
0
0
5
0
0
0
0
0
0
0
0
0
0
0
0
9
0
0
0
0
5
0
0
0
0
2
0
0
0
0
0
0
0
0
0
0
0
0
8
0
0
0
0
3
0
0
0
605
215
714
843
194
5
7
0
0
3
0
0
0
0
1
0
0
0
0
0
0
0
8
0
0
0
0
3
0
0
0
0
4
0
0
0
0
0
0
0
0
0
0
0
0
3
0
0
0
0
0
0
0
0
0
1
0
0
0
0
1
0
0
7
0
0
0
0
4
0
0
0
0
4
0
0
0
0
0
0
0
0
0
1
0
0
8
0
0
0
0
3
0
0
0
0
1
0
0
0
0
0
0
0
8
0
0
0
0
0
0
0
0
0
2
0
0
0
0
2
0
0
0
0
0
0
0
5
0
0
0
0
2
0
0
0
0
2
0
0
0
0
4
0
0
6
0
0
0
0
7
0
0
0
0
3
0
193
165
0
0
0
190
464
127
299
409
254
0
0
0
41
0
4
104
255
309
486
3
636
256
0
1883
1843
56
393
0
0
0
0
0
3
0
0
194
0
2
0
0
0
0
2
0
0
0
0
0
0
0
5
0
0
0
0
6
0
0
0
0
4
0
42
2
9
132
0
40
236
338
442
621
135
0
331
820
485
227
679
98
960
186
639
12
461
295
338
59
161
0
488
0
319
576
87
666
128
726
111
757
127
702
438
0
759
760
0
648
955
1
1597
1557
1036
996
421
1407
1367
1895
1855
141
0
4031
3991
3951
3911
3871
781
749
442
2342
2302
2262
0
2554
2514
891
1147
1107
960
1704
1664
1409
1369
1392
1352
2822
2782
2742
302
1619
1579
767
959
753
181
0
2127
2087
2631
2591
2551
948
796
520
501
1862
1822
1882
1842
624
351
890
975
1538
327
222
835
2479
2439
2399
550
853
923
737
807
576
854
0
4309
4269
4229
4189
4149
1626
1586
0
5978
5938
5898
5858
5818
5778
5347
623
703
1345
1305
0
7691
7651
7611
7571
7531
7491
7451
7411
53
582
4935
4895
4855
4815
4775
3620
2622
2582
2542
1738
1698
857
839
2980
2940
2900
3207
1499
1459
2230
2190
2150
1960
1920
6837
6797
6757
6717
6677
6637
2730
2690
2650
3091
3051
3011
2971
0
7633
7593
7553
7513
7473
7433
7393
6910
6870
6830
6790
6750
6710
6670
5636
1130
1090
7768
7728
7688
7648
7608
7568
7528
7488
1739
1699
9793
9753
9713
9673
9633
9593
9553
9513
9473
9433
8054
8014
7974
7934
7894
7854
7814
2742
2702
2662
2912
2872
2832
6714
6674
6634
6594
6554
6514
6474
3553
3513
3473
3433
3695
3655
3615
3575
6846
6806
6766
6726
6686
6646
6606
10777
10778
10779
10780
10781
10782
10783
21734
21694
21695
21696
21697
21698
21699
21700
21701
21702
21703
40038
39998
39958
39918
39878
39838
39798
39758
39718
39678
39638
39598
39558
39518
39478
39438
39398
39358
22570
22530
22490
22989
25738
25739
25989
39479
39480
39481
39482
39483
39484
39485
39486
39487
39488
39489
39490
39491
39989
45247
45248
45249
45250
45251
47549
47550
47989
48989
49989
50989
51989
52989
53989
54989
55989
56989
57989
58989
59989
60989
58094
59094
60835
61638
62094
63094
64094
65094
66094
67094
65880
66880
66691
67691
