0
58000
1000
67
289
1
149
289
1
0
160
1045
0
749
27
224
668
331
0
1000
0
975
28
0
0
313
687
0
0
0
0
0
0
997
0
0
0
0
0
1006
0
0
0
998
0
0
0
1000
999
977
21
0
999
0
0
1002
0
1
0
277
1
725
0
0
0
0
161
838
0
0
0
0
731
267
0
0
0
0
715
820
1003
0
1000
1000
999
1999
999
398
603
485
3386
0
1000
0
262
745
994
1005
1994
1000
417
585
1000
1003
1996
999
242
760
1000
1178
1043
0
1002
0
1001
1003
998
997
2000
2999
0
1000
0
1001
0
2004
932
96
906
999
1002
1001
998
999
1003
0
1000
1002
4680
315
1000
0
0
1001
0
1003
1979
18
1002
0
1002
1000
999
998
1003
1003
0
999
1000
1000
1001
1998
999
1000
1003
0
998
1001
999
999
1000
426
577
401
1002
0
1001
1001
997
1000
1001
0
1000
1000
1002
999
1000
1999
2999
0
0
605
397
999
1002
998
1000
1001
1000
3000
1000
0
0
1000
670
337
1001
1002
0
45
1001
0
1002
999
1998
1000
787
216
1003
535
465
3997
1
0
999
1001
0
1001
1003
1997
1932
9
1058
0
1004
998
0
341
661
1
1001
1001
1001
2817
0
1180
0
1005
2170
735
90
1000
1000
1003
1000
0
998
1000
2999
1000
1
999
1001
0
1001
388
1001
0
1003
0
1000
1000
1997
1000
1001
450
1000
1000
1001
1000
0
1003
0
1000
999
999
1510
1491
999
1000
0
353
579
239
997
1002
1001
999
1001
553
1343
1104
0
3478
0
520
1002
0
999
1000
65
1001
0
1002
1000
457
2003
997
0
1001
1000
1000
1000
2000
0
0
1002
1998
1000
0
1000
1001
0
1001
66
999
1491
511
1998
0
967
36
1005
0
1001
1994
1000
471
534
753
998
3919
80
0
1000
2001
2000
215
784
0
468
534
3573
730
270
0
326
28
3569
1000
1001
0
0
0
683
998
1002
349
1002
0
1002
1999
997
1000
1002
0
2001
997
1000
1001
0
1000
513
596
4530
0
1
999
0
1001
0
214
1
1002
999
1001
1002
996
1001
561
723
342
1354
1304
1326
1095
579
140
861
1001
1004
1000
999
998
1002
997
1000
175
1003
0
1002
1004
997
1003
997
998
1003
999
999
1000
1002
1030
1000
1000
1529
1689
0
1418
0
965
1279
1168
0
1041
0
998
1072
0
1038
0
1100
865
2059
0
1000
3642
0
0
0
1038
772
490
1001
1004
1035
1031
929
2940
0
1986
0
745
271
685
5010
0
0
0
0
1025
970
1030
1001
1000
1811
1916
0
1229
0
941
1033
964
1013
2049
0
0
327
64
4495
0
0
0
1221
288
1235
0
1046
0
534
1674
0
1845
0
1783
0
697
999
4150
0
0
0
855
1001
1029
1001
434
443
3933
0
0
0
1335
0
962
1037
1248
515
1337
0
400
2454
0
2239
0
0
918
1034
1273
772
999
435
205
1000
1000
5440
0
0
0
0
1210
0
991
1010
1074
1028
1000
1037
852
605
999
5953
0
0
0
0
0
1114
0
1037
0
1004
1000
1038
2446
0
0
1336
1520
0
736
1000
4848
0
0
0
0
1504
0
1437
248
1042
0
1000
1037
1000
1000
1000
298
1049
6807
0
0
0
0
0
0
1258
0
989
1010
1001
997
1029
963
1000
3910
0
0
4332
0
0
0
0
757
1008
1915
1077
0
1584
0
912
1000
5843
0
0
0
0
1236
0
1000
2235
0
0
2492
0
649
692
2617
0
0
901
815
998
2229
0
0
772
1000
5968
0
0
0
0
1038
0
1001
1001
1245
746
1398
0
2617
0
2041
0
2443
0
0
1056
671
1139
1566
0
1078
0
963
1480
450
1672
0
1741
0
1280
1122
1333
1059
1079
0
314
963
1000
796
4856
0
0
0
0
1154
0
993
1007
999
1000
1001
1000
998
1001
1001
1030
1001
968
1001
1067
1001
2862
0
0
1146
0
1037
0
970
1030
879
1041
0
1001
1700
2924
0
0
1371
0
1008
0
1000
1031
1005
997
1000
1034
494
1611
0
1433
2724
0
0
1315
0
963
1038
999
1000
1125
912
1377
1000
1009
0
1030
998
1004
1000
2744
0
0
1302
0
431
647
1040
0
1071
930
1099
2147
0
0
860
1001
1002
997
1001
1000
1002
997
1001
1150
0
1077
0
932
1002
1000
997
1031
999
1005
994
1000
1005
1000
1000
1001
1180
890
1000
2484
0
0
1419
1138
0
959
1038
999
1000
1004
1034
967
997
1000
1000
1000
1003
997
1003
997
971
1000
1002
999
999
1001
1027
972
999
1000
1034
996
968
1000
1001
1033
1671
1148
0
1005
0
1001
1035
966
1115
883
1081
988
1074
1230
733
924
1268
534
419
810
1066
728
747
1050
1439
1751
0
1404
0
963
1007
999
1001
1000
999
998
1002
1000
1000
998
1033
969
1296
1142
561
994
1005
1001
998
1002
1000
1000
998
1002
1000
1226
806
1180
782
2723
0
1421
0
794
1003
945
995
2225
0
871
908
1033
2147
0
0
302
2054
0
1559
0
804
999
999
1001
1033
967
1142
858
1001
1068
975
956
1001
2298
0
0
205
1128
85
959
1034
928
2738
0
1087
0
995
1005
1001
999
1000
1000
1001
999
1033
1038
400
1056
715
316
94
1003
0
1039
961
1224
776
1034
1038
999
1727
290
909
1000
1003
2914
0
0
1094
0
1011
0
997
999
1035
996
1514
1259
1196
0
1006
0
1143
893
1005
731
1308
0
2476
0
1492
0
995
1006
1002
1033
996
1082
2931
0
0
1078
0
994
1077
1802
0
1041
0
1315
1121
1532
0
1755
0
1037
0
347
492
961
1064
1705
0
1731
0
1023
1126
764
1
1591
770
1284
0
2794
0
1213
0
994
1008
1298
731
828
175
2974
0
0
1063
1296
0
1040
1009
728
1342
1926
0
1367
0
1038
0
2371
0
0
1041
1110
2960
0
0
1130
0
157
1006
0
1001
1001
1001
1040
1063
926
1007
1029
1668
2219
0
0
783
1040
1602
1432
0
926
1074
968
1046
1021
890
2751
0
2972
0
0
1287
0
990
1009
1001
1028
1073
936
1001
1729
1638
0
1718
0
235
183
957
1073
926
2299
0
1167
1604
0
985
218
2012
0
0
2434
0
1285
1277
0
993
1041
1076
1648
1109
144
923
1037
962
1956
0
2227
0
1843
0
772
962
1007
956
269
4482
0
0
0
985
568
969
995
1011
999
1031
1033
925
2020
0
2292
0
1266
587
439
1622
0
2382
0
1183
0
954
1147
929
965
959
2405
0
2139
0
1330
0
1009
0
1071
1079
1552
0
820
1038
1036
517
2290
0
1846
0
1242
2115
0
0
928
959
2162
0
918
927
1034
1034
1758
1167
0
2645
0
394
965
836
1349
0
2976
0
0
1068
0
1149
843
291
1902
1074
0
1060
1000
3336
0
0
0
1715
0
961
1029
999
1004
1887
1800
0
1276
0
994
1010
1072
474
188
3414
0
0
0
913
1003
1002
998
1028
1386
1036
115
2000
0
1376
0
942
2807
0
1861
0
650
1172
464
838
996
611
4996
0
0
0
0
1077
0
934
1035
1726
2387
0
0
1708
1137
0
2397
0
1602
0
2780
0
1253
0
1041
0
2839
0
0
1162
3577
0
0
0
1433
0
1010
0
1001
1030
1000
3997
0
0
0
1011
0
1671
1319
2149
0
0
1565
1000
2856
0
0
1714
0
1215
1248
0
314
843
1925
0
551
1618
0
2528
0
1345
0
1254
826
349
2433
0
2932
0
0
1457
1000
577
2036
0
428
960
1678
0
943
1259
0
1094
2586
0
0
4313
0
0
0
1113
0
989
1076
999
1075
850
1000
4554
0
0
0
1100
3078
0
0
1116
0
1000
275
1712
0
1020
3459
0
0
1106
0
1043
0
1006
750
1644
0
821
2566
0
1419
169
1842
0
2114
0
919
997
962
1670
0
1464
0
1587
788
680
1000
185
3321
0
0
1493
1527
0
1051
2481
0
0
727
1075
968
622
1270
746
745
450
4865
0
0
0
0
688
755
984
1009
1109
1176
707
970
1065
282
2718
0
2239
0
0
914
798
950
1000
2354
0
1185
707
2615
0
0
2451
0
1243
0
1085
0
999
4776
0
0
0
0
1268
0
959
1112
962
926
496
728
999
506
251
1000
9554
0
0
0
0
0
0
0
0
1173
1276
0
1008
0
1001
999
999
1075
994
996
1075
1047
355
1000
190
4503
0
0
0
0
1609
0
1006
0
1002
191
2361
0
299
707
997
565
4171
0
0
0
0
987
1007
1002
1000
1000
998
1003
1028
1085
1024
765
794
1036
1022
1074
651
498
1850
0
628
975
1604
0
1000
2193
0
0
2565
0
1279
0
1039
0
1073
997
517
997
827
1976
0
1664
0
52
694
234
648
1474
0
1294
941
1086
1563
0
1347
1275
1908
0
1097
0
1009
0
1045
984
1003
1829
2129
0
1002
0
1878
961
296
746
1024
661
43
623
1133
812
291
885
963
1199
802
1433
972
207
728
1165
0
1838
0
1395
1430
392
784
997
1037
1099
872
1027
1371
1262
1215
0
2572
0
1202
1505
0
1131
479
581
844
430
702
554
898
1039
0
1009
1342
2035
0
1168
1446
0
963
1006
1035
997
967
1001
1000
999
1000
1001
1000
999
1000
1001
1000
999
1000
1033
1003
964
999
1001
999
1000
1001
1000
999
1000
1001
1000
999
1000
1001
1000
999
1000
1001
1000
999
1000
1001
1000
999
1000
1000
1001
999
999
1001
1000
1000
999
1002
1000
999
999
1001
1000
1000
999
1001
1000
1000
999
1001
1000
1000
999
1001
1000
1000
999
1001
1000
1000
999
1001
1000
1000
999
1001
1000
1000
999
1001
1000
1000
999
1001
1000
1000
999
1001
1000
999
1001
999
1001
999
1001
999
1001
1001
999
999
1001
999
1001
999
1001
999
1001
1001
999
999
1001
999
1001
1000
1000
1000
999
1000
1002
998
1000
1000
1001
999
1000
1000
1001
999
1000
1000
1001
999
1000
1000
1001
999
1000
1000
1001
999
1000
1000
1001
999
1000
1001
999
1000
1000
48
995
1000
1004
999
1000
1001
998
1002
1000
1002
997
1002
997
1001
998
1003
998
1001
998
1003
998
1001
999
1003
997
1001
998
1005
996
1001
998
1004
997
1001
998
1003
998
1001
998
1003
998
1001
998
1003
998
1001
998
1003
997
1001
999
1002
998
44
996
1000
1002
1000
999
1002
998
1001
999
1001
999
1001
999
1001
999
1001
999
1001
999
1001
999
1001
999
36
994
1001
1001
1003
998
1002
999
1000
998
1001
999
1001
999
1001
999
1002
999
1000
1001
999
1000
1000
1001
999
1000
1000
1001
999
1000
1000
1001
999
1000
1000
1001
999
1000
1000
1001
998
999
1001
1000
1000
999
1001
1000
1000
999
1001
1000
1000
999
1001
1000
1000
999
1001
999
1001
999
1001
999
1001
1001
999
999
1001
1000
1000
999
1001
1000
1000
1000
1000
999
1001
1000
1000
999
1001
999
1001
999
1001
999
1001
1000
1000
999
1001
1001
999
999
1001
999
1001
999
1001
1000
1000
999
1001
999
1001
999
1001
999
1000
999
1003
997
1001
1000
1000
1000
1000
999
1001
1000
57999
1000
1001
1000
1000
1000
1000
1000
1001
999
1000
1000
999
1001
1001
999
999
1002
999
1000
1000
1000
1001
999
999
1002
999
1000
999
1001
1001
999
999
1002
999
1000
1000
1000
1000
1000
1000
1000
1000
1000
999
1001
1001
999
999
1002
999
1000
1000
1000
1000
1000
1000
1000
1000
1000
999
1000
1000
1001
999
1000
1000
1001
999
1000
1002
1000
998
1000
1000
1001
1001
999
999
1002
999
999
1002
999
999
1002
999
993
1007
999
971
1029
1000
1000
1000
1001
999
1000
1000
1001
999
1000
1000
1001
999
1000
1000
1001
1001
998
1001
1001
998
1001
1001
999
999
1002
999
999
1002
999
999
1002
998
1000
1000
1001
999
1000
1000
1001
999
1000
1000
1001
999
1000
1000
1001
1001
998
1001
1001
18
980
0
1000
0
1002
0
1001
0
998
0
1000
0
1001
0
1000
0
999
0
1000
0
1000
0
1002
0
998
0
1000
0
1003
0
999
0
999
0
999
0
1001
0
1001
0
998
0
1000
0
1002
0
999
0
999
0
1000
0
1001
0
1000
0
999
0
1000
0
1001
0
1000
0
999
0
1001
0
1000
0
1000
0
1000
0
1000
0
999
0
1001
0
1001
0
998
0
1000
0
1001
0
999
0
1000
0
1002
0
999
0
999
0
1000
0
1002
0
999
0
999
0
1000
0
1002
0
999
0
999
1000
1001
1000
999
1000
1003
998
999
1000
1002
999
999
1000
1001
1000
999
1001
999
1000
1000
1001
1000
999
1001
1001
998
1001
1001
998
1000
1001
999
1000
1000
1000
1001
1000
999
1000
1001
999
1000
1000
1001
999
1000
1000
1000
1000
1000
1002
998
1001
1000
999
1000
1001
999
1000
1000
1000
1000
1000
1000
1000
1001
999
1001
999
1001
999
1000
1002
999
999
1000
1000
1001
999
1000
1000
1001
1001
998
1000
1001
999
1000
1001
1000
999
1001
999
1001
999
1000
1000
1001
999
1002
998
1001
999
1000
1000
1001
999
1001
999
1001
999
1000
1000
1001
1000
999
1000
1002
998
1000
1002
999
999
1000
1000
1001
999
1000
1001
1000
999
1001
1001
999
1000
1000
999
1001
999
1000
1001
1000
999
1000
1000
1001
999
1001
999
1001
999
1000
1000
1001
999
1000
1000
1001
999
1000
1001
1001
998
1000
1001
1000
999
1000
1001
1000
999
1000
1001
1000
999
1000
1001
1000
999
1001
1000
1000
1001
998
1000
1001
1000
1000
999
1000
1000
1000
1001
999
1000
1001
999
1001
1000
999
1000
1000
1002
998
241
998
1000
1001
1000
1000
1001
1001
999
1000
1000
999
1000
1000
1000
1000
1000
1000
1000
1001
999
1000
1000
1001
1000
999
1000
1002
998
1000
1000
1000
1000
1001
999
1001
999
1001
1000
1000
999
1001
1000
999
1000
1000
1001
999
1000
1000
1000
1000
1001
999
1000
1001
1001
998
1000
1001
1000
999
1000
1000
1000
1001
999
1000
1002
999
1000
1001
999
1000
999
1001
999
1001
999
1000
1000
1002
998
1000
1001
1000
999
1000
1001
1000
999
1000
1002
999
999
1000
1001
1000
999
1000
1000
1001
999
1000
1001
1001
998
1000
1001
1000
999
1001
999
1001
1000
999
1000
1001
999
1001
999
1001
64
997
1001
1001
1000
999
1000
1001
1000
999
1001
1000
999
1001
999
1001
999
1001
999
1001
999
1000
1000
829
1257
1280
0
999
1003
998
1000
1001
1000
999
1000
1001
999
1000
1000
1001
999
1000
1000
1002
998
1000
1001
1001
998
1000
999
1001
1001
999
1000
1000
1001
998
1001
1001
998
1001
1001
999
1000
999
1000
1002
999
1000
999
1002
999
999
1001
1001
998
1001
1000
1000
1000
999
1001
1000
999
1001
1001
999
999
1001
1001
999
999
1000
1002
999
1000
999
1001
1000
999
1001
1226
1000
1000
1002
999
999
1002
999
1000
1000
999
1002
999
999
1001
1001
998
1001
1001
998
1001
1001
998
1001
1001
998
1000
1001
1000
1000
1000
999
1002
998
1000
1001
1001
998
1001
1000
1000
1000
837
1163
999
1001
1000
1000
1000
999
1001
1001
999
999
1000
1002
999
999
1001
1000
1000
1000
1000
1000
1000
1000
1000
1000
1001
945
1053
1000
814
1186
1000
1002
999
999
1000
1002
999
0
0
0
359
674
0
5196
5166
5136
5106
5076
5046
0
7459
7429
7399
7369
7339
7309
7279
7249
8932
8902
8872
8842
8812
8782
8752
8722
8692
10266
10236
10206
3284
3254
3224
702
2701
2671
2641
5578
5548
5518
5488
5458
5428
16400
16370
16340
16310
16280
16250
16220
16190
16160
16130
16100
16070
16040
16010
15980
15950
15920
3837
3807
3777
3747
0
10933
10903
10873
10843
10813
10783
10753
10723
10693
10663
10633
32021
31991
31961
31931
31901
31871
31841
31811
31781
31751
31721
31691
31661
31631
31601
31571
31541
31511
31481
31451
31421
31391
31361
34843
34813
34783
34753
34723
34693
34663
34633
34603
34573
34543
34513
34483
34453
34423
34393
34363
36884
36854
36824
24254
28503
28473
28443
28413
10365
10335
10305
10275
11973
11943
11913
11883
11853
11823
11793
11763
11733
11703
11673
11643
44339
44309
44279
44249
44219
44189
44159
44129
44099
44069
44039
44009
43979
43949
43919
43889
43859
43829
43799
43769
43739
43709
43679
43649
43619
43589
43559
43529
43499
43469
43439
43409
43379
43913
43883
43853
43823
52659
52629
52599
52569
52539
52509
52479
52449
52419
52389
52359
52329
52299
52269
52239
52209
52179
52149
52119
52089
52059
52029
51999
51969
51939
51909
51879
51849
51819
51789
51759
50944
50914
50884
38134
8134
0
194629
194599
194569
194539
194509
194479
194449
194419
194389
194359
194329
194299
194269
194239
194209
194179
194149
194119
194089
194059
194029
193999
193969
193939
193909
193879
193849
193819
193789
193759
193729
193699
193669
193639
193609
193579
193549
193519
193489
193459
193429
193399
193369
193339
193309
193279
193249
193219
193189
193159
193129
193099
193069
193039
193009
192979
192949
192919
192889
192859
192829
192799
192769
192739
192709
192679
192649
192619
192589
192559
192529
192499
192469
192439
192409
192379
192349
192319
192289
192259
192229
192199
192169
192139
192109
192079
192049
192019
191989
191959
191929
191899
191869
191839
191809
191779
191749
191719
191689
191659
191629
191599
191569
191539
191509
191479
191449
191419
191389
191359
191329
191299
191269
191239
191209
191179
191149
191119
191089
191059
191029
190999
190969
190939
190909
190879
190849
190819
190789
190759
190729
190699
190669
190639
190609
190579
190549
190519
190489
190459
190429
190399
190369
190339
190309
190279
190249
190219
190189
190159
190129
190099
190069
190039
190009
189979
189949
189919
189889
189859
189829
189799
189769
189739
189709
189679
189649
189619
189589
189559
189529
189499
189469
189439
189409
189379
189349
189319
189289
189259
189229
189199
189169
189139
189109
189079
189049
189019
188989
188959
188929
188899
188869
188839
188809
216546
216516
216486
216456
216426
216396
216366
216336
216306
216276
216246
216216
216186
216156
216126
216096
216066
216036
216006
215976
215946
215916
215886
215856
215826
215796
215766
215736
215706
215676
215646
215616
215586
217726
217696
217666
217636
202426
202396
202366
202336
202306
189226
170687
170657
170627
170597
170567
170537
170507
170477
170447
170417
170387
170357
152657
171894
171864
171834
171804
171774
171744
171714
171684
171654
171624
171594
171564
171534
171504
171474
171444
171414
171384
171354
208605
208575
208545
208515
208485
208455
208425
208395
208365
208335
208305
208275
208245
208215
208185
208155
208125
208095
208065
208035
208005
207975
207945
207915
207885
207855
207825
207795
207765
207735
207705
207675
207645
207615
207585
207555
207525
207495
207465
207435
207405
207375
207345
207315
207285
207255
207225
207195
207165
207135
207105
207075
207045
207015
206985
206955
206925
206895
206865
214530
214500
214470
214440
214410
214380
214350
214320
214290
214260
214230
214200
214170
214140
214110
214080
206520
291412
291382
291352
291322
291292
291262
291232
291202
291172
291142
291112
291082
291052
291022
290992
290962
290932
290902
290872
290842
290812
290782
290752
290722
290692
290662
290632
290602
290572
290542
290512
290482
290452
290422
290392
290362
290332
290302
290272
290242
290212
290182
290152
290122
290092
290062
290032
290002
289972
289942
289912
289882
289852
289822
289792
289762
289732
289702
289672
289642
289612
289582
289552
289522
289492
289462
289432
289402
289372
289342
289312
289282
289252
289222
289192
289162
289132
289102
289072
289042
289012
288982
288952
288922
288892
288862
288832
288802
288772
288742
288712
288682
288652
288622
288592
288562
288532
288502
288472
288442
288412
288382
288352
288322
288292
288262
288232
298695
298665
298635
298605
298575
298545
298515
298485
298455
298425
298395
298365
298335
298305
298275
298245
298215
298185
298155
309378
309348
309318
309288
309258
309228
309198
309168
309138
309108
309078
309048
309018
308988
308958
308928
308898
308868
308838
308808
308778
308748
308718
308688
308658
308628
315030
315000
314970
314940
314910
314880
314850
314820
314790
333839
333809
333779
333749
333719
333689
333659
333629
333599
333569
333539
333509
333479
333449
333419
333389
333359
333329
333299
333269
333239
333209
333179
336394
336364
336334
336304
336274
336679
330435
330405
325266
325236
325206
325176
316698
316668
319523
319493
319463
319433
319403
315415
316965
316935
316905
316875
316845
316815
316785
308454
308424
308394
308364
308334
308304
308274
308244
308214
308184
308154
308124
308094
310723
310693
310663
310633
310603
310573
310543
310513
310483
304481
304451
304421
304391
304361
304882
304852
304822
300909
300879
301345
302219
302189
302159
302129
302099
302069
302039
302009
301979
301949
301919
301889
301859
301829
301799
301769
289985
289955
289925
289895
289865
289835
289805
289775
289745
289715
289685
289655
289625
289595
289565
290270
291433
291403
290715
290685
289100
289070
281668
281638
281608
284053
284023
283993
283963
283933
283258
283228
283198
283168
283138
278725
278695
277787
277757
277727
271271
271241
271211
271181
271151
271121
271091
271061
271031
271001
274834
274804
274774
274744
274714
273408
273378
252697
252667
252637
247807
253382
253352
253322
253292
253262
253232
253202
253172
253142
253112
253082
253052
253022
252992
252962
252932
252902
252872
252842
252812
252782
252752
252722
252692
252662
252632
252602
252572
252542
252512
252482
252452
252422
252392
252362
252332
239702
209702
248579
248549
248519
248489
248459
248429
248399
248369
248339
248309
248279
248249
248219
248189
248159
248129
248099
248069
248039
248009
247979
247949
247919
247889
247859
247829
247799
247769
247739
247709
247679
247649
247619
247589
247559
247529
247499
247469
246853
254976
254946
254916
254886
254856
254826
254796
254766
254736
264732
264702
264672
264642
264612
264582
264552
264522
264492
264462
264432
264402
264372
264584
264554
264524
264494
264464
264434
264404
264374
264344
264809
264779
269742
269712
269682
269652
269622
269592
269172
252000
251970
251940
251910
251880
251850
251820
251790
251760
251730
251700
251670
251640
257682
257652
257622
257592
257562
257532
257502
257472
257442
257412
257382
253098
253068
258557
258527
258497
258467
258437
258407
258377
265023
264993
264963
264933
264903
264873
264843
264813
264783
264753
264723
264693
264663
243514
243484
243454
243424
228784
247144
247114
247084
247054
247024
246994
246964
246934
246904
246874
246844
246814
246784
246754
246724
246694
246664
246634
228874
298166
298136
298106
298076
298046
298016
297986
297956
297926
297896
297866
297836
297806
297776
297746
297716
297686
297656
297626
297596
297566
297536
297506
297476
297446
297416
297386
297356
297326
297296
297266
297236
297206
297176
297146
297116
297086
297056
297026
296996
296966
296936
296906
296876
296846
296816
296786
296756
296726
296696
296666
296636
296606
296576
296546
296516
296486
296456
296426
296396
296366
296336
296306
296276
296246
296216
296186
296156
296126
296096
296066
296036
296006
295976
295946
295916
295886
295856
295826
295796
295766
295736
295706
295676
295646
295616
295586
295556
295526
295496
295466
295436
295406
295376
295346
295316
295286
295256
295226
295196
309937
309907
309877
309847
309817
309787
309757
309727
309697
309667
309637
309607
309577
309547
309517
309487
309457
309427
309397
309367
309337
309307
309277
309247
309217
309187
309157
309127
309097
309067
309037
309007
308977
308947
308917
305651
305621
311704
311705
311706
311707
311708
311709
311710
311711
311712
311713
311714
311715
311716
311717
311718
311719
311720
311721
311722
315765
315766
315767
315768
317766
317767
319549
319550
324770
324771
324772
324773
324774
326241
326242
328703
328704
337118
337119
337120
337121
337122
337123
337124
337125
337126
363066
363067
363068
363069
363070
363071
363072
363073
363074
363075
363076
363077
363078
363079
363080
363081
363082
363083
363084
363085
363086
363087
363088
363089
363090
363091
365473
365474
365815
366815
367815
368815
369815
370815
371815
372815
373815
374815
375815
376815
377815
378815
379815
380815
381815
382815
383815
384815
385815
386815
387815
388815
389815
390815
391815
392815
393815
394815
395815
396815
397815
398815
399815
400815
401815
402815
403815
404815
405815
406815
407815
408815
409815
410815
411815
412815
413815
414815
415815
416815
417815
418815
403953
404943
405943
406943
407943
408943
409943
410943
411943
412943
413943
414943
415943
416943
417943
418943
419943
420943
421943
422943
423943
424943
425943
426943
427943
428943
429943
430943
431943
432943
433943
434943
435943
436943
437943
438943
439943
440943
441943
442943
443943
444943
445943
446943
447943
448943
449943
450943
451943
452943
453943
454943
455943
456943
457943
458943
459943
460943
461943
462943
463943
464943
465943
466943
467943
468943
469943
470943
471943
472943
473943
474943
475943
476943
477943
478943
479943
480943
481943
482943
483943
484943
485943
486943
487943
488943
489943
490943
491943
492943
493943
494943
495943
496943
497943
498943
499943
500943
501943
502943
503943
504943
505943
506943
507943
508943
509943
510943
511943
512943
513943
514943
515943
516943
517943
518943
519943
520943
521943
522943
523943
524943
525943
526943
527943
528943
529943
530943
531943
532943
533943
534943
535943
536943
537943
538943
539943
540943
541943
542943
543943
544943
545943
546943
547943
548943
549943
550943
551943
552943
553943
554943
555943
556943
557943
558943
559943
560943
561943
562943
563943
564943
565943
566943
567943
568943
569943
570943
571943
572943
573943
574943
575943
576943
577943
578943
579943
580943
581943
582943
583943
584943
585943
586943
587943
588943
589943
590943
591943
592943
593943
594943
595943
596943
597943
598943
599943
600943
601943
602943
603943
604943
605943
606943
607943
608943
609943
610943
611943
612943
613943
614943
615943
616943
617943
618943
619943
620943
621943
622943
623943
624943
625943
626943
627943
628943
629943
630943
631943
632943
633943
634943
635943
636943
637943
638943
639943
640943
641943
642943
643943
644943
645943
646943
647943
648943
649943
650943
651943
652943
653943
654943
655943
656943
657943
658943
659943
660943
661943
662943
663943
664943
665943
666943
667943
668943
669943
670943
671943
672943
673943
674943
675943
676943
677943
678943
679943
680943
681943
682943
683943
684943
685943
686943
687943
688943
689943
690943
691943
692541
693138
693333
694331
695331
696331
696929
697528
697907
698720
699719
700317
700513
701111
702109
703107
703705
704303
705303
705499
706092
706288
706666
707667
708666
709666
710666
711666
712666
713666
714666
715666
716666
689718
670628
670629
670630
670631
670632
670633
682681
682682
682683
682684
682685
682686
682687
682688
682689
682690
682691
682692
684647
684648
689088
689089
689090
689091
689092
689726
695486
695487
695488
695489
695490
697290
697291
697726
709457
709458
709459
709460
709461
709462
709463
709464
709465
709466
709467
714609
714610
714611
714612
714613
714726
715726
716726
717726
718726
719726
720726
721726
722726
723726
724726
725726
726726
727726
728726
729726
730726
731726
732726
733726
734726
735726
736726
737726
738726
739726
740726
741726
742726
743726
744726
745726
746726
747726
748726
749726
750726
751726
752726
753726
754726
755726
756726
757726
758726
759726
760726
761726
753185
754085
755054
772861
772862
772863
772864
772865
772866
772867
772868
772869
772870
772871
772872
772873
772874
772875
772876
772877
776643
776644
776645
776646
777023
778023
779023
780023
781023
782023
783023
784023
785023
786023
787023
788023
789023
790023
791023
792023
793023
794023
795023
796023
797023
798023
799023
800023
801023
802023
803023
804023
805023
806023
806961
807899
808868
809837
810837
811837
812837
813837
