0
57000
0
1000
0
0
0
333
674
0
0
0
993
0
0
1004
0
0
0
852
1
149
0
0
994
2000
1000
1000
0
0
787
217
0
0
0
996
0
0
1005
0
0
0
997
0
0
0
1002
0
0
999
0
308
1689
0
0
0
0
1000
0
0
0
1003
0
0
3997
0
0
787
1
215
0
997
0
1001
671
329
0
999
0
0
0
1001
0
0
0
515
493
0
0
1002
1003
991
5
1000
1004
1001
999
997
1000
833
188
998
1003
98
1000
1001
0
1002
1479
0
1520
0
1001
1000
704
297
1000
1001
1000
0
53
1999
999
1000
1000
2002
998
1000
1000
0
769
1232
0
1004
0
1000
1000
998
999
1003
495
1264
0
1003
0
546
857
995
1003
1000
999
1
1000
2000
999
1000
1000
1000
1000
2005
0
0
1003
0
92
995
1001
999
1001
1000
1003
0
998
1000
930
72
1000
1002
0
1000
1000
999
1003
0
1000
1001
454
1001
1999
2000
0
1
829
170
1001
0
1001
1001
1001
998
554
454
1004
0
998
1003
572
430
1001
1000
0
1000
1002
1997
1000
1
1001
1000
199
1001
954
51
2000
1000
0
1000
1002
579
420
807
197
2996
0
1000
1002
1999
1
718
282
106
1003
0
1003
997
2000
997
1000
3000
0
0
1000
1004
0
1002
1000
997
998
1001
2001
0
1998
999
1001
0
35
1001
0
1003
1002
997
999
1001
999
420
1000
698
309
438
1003
0
1000
1001
2996
3000
0
1000
0
0
231
774
1
343
402
994
1005
997
662
202
3253
0
1000
1002
0
0
999
1809
1191
0
2006
283
1000
1171
526
1030
1002
0
1003
999
584
540
1460
1000
1000
1000
1002
381
619
843
467
43
1003
0
1019
0
366
644
1001
999
1000
1004
0
997
24
1004
0
999
999
1003
1179
0
1007
0
1001
999
1000
1004
999
999
998
1001
999
1000
1000
1001
999
1000
1000
1001
1003
997
1001
1001
1001
999
1001
999
999
1002
999
1001
999
1037
965
1026
1074
926
1074
966
1000
1070
1167
747
1111
1066
1653
0
1058
0
979
1074
927
1147
890
966
969
1000
1001
998
1001
1000
1001
998
1001
1000
1002
998
1000
999
1001
998
995
1002
1001
999
998
1002
1001
999
998
1002
1000
1000
998
1002
1000
1000
998
1002
1000
1000
999
1083
0
1105
0
21
1004
0
1000
1002
1000
999
999
1001
1001
999
999
1001
1001
999
999
1001
1002
999
998
1001
1002
999
998
1001
1001
999
999
1001
1001
999
1000
1000
1001
1001
999
1121
0
1005
0
1002
1001
1000
999
1001
1000
1000
999
1003
76
1006
0
1002
1000
1000
999
1001
1000
1000
1151
0
1009
0
1135
0
1009
0
1001
1001
1001
998
1000
1000
1001
999
1000
1000
1001
856
1010
0
1001
1000
999
1028
1009
0
1001
1000
1001
999
1002
997
1002
999
1002
997
1002
1000
103
989
1008
0
1001
999
1001
1000
1000
999
1002
998
1001
1000
1000
999
1001
999
1001
998
1002
999
1002
14
988
998
1002
1008
0
1000
1122
0
48
998
1009
0
1000
1001
1000
1000
1000
999
1001
1109
0
1011
0
1000
999
1001
1000
1000
999
1000
1001
999
1001
999
1001
999
1001
1000
1001
1000
999
1000
1002
998
1000
1001
1001
998
1000
1000
1001
999
999
1001
1001
999
1000
1001
121
985
1009
0
999
1002
997
1001
1000
1001
998
1001
1000
1001
998
1001
1000
1001
998
1001
1000
1001
999
1001
296
988
1012
0
998
1002
998
1002
999
1002
996
1004
997
1004
997
1001
998
17
997
99
1011
0
997
1003
999
1002
997
1002
998
1003
997
1002
998
1003
996
1002
1000
1001
998
32
998
1008
0
1003
999
1000
998
1002
999
1001
998
1002
999
1001
998
1002
999
1001
998
1002
999
1001
908
118
986
1009
0
1003
999
1000
999
1001
999
1001
1111
0
1011
0
998
1003
998
1002
997
1002
999
1001
997
1003
1000
1000
997
1003
999
1000
998
1003
999
1000
999
1003
998
1001
998
1002
999
1000
999
1002
1000
998
1001
1001
1001
997
1001
27
1001
996
1002
1001
1001
997
1001
1001
1001
998
1000
1001
1002
999
999
1051
0
1011
0
1001
1002
997
1000
1001
1002
997
1000
1001
872
1156
0
1014
0
1198
0
1013
0
998
1002
999
1000
999
999
255
1002
1008
0
1003
999
998
1000
1002
1000
998
1000
1000
1002
999
999
1001
154
1023
1010
0
1002
1001
996
1002
1000
1000
998
1002
1000
999
999
1002
1000
999
999
1002
1000
999
999
1002
221
988
1015
0
1001
998
999
1002
1000
999
999
1002
1000
1001
997
1002
1002
998
999
1002
1001
998
123
989
1010
0
1000
1000
1000
139
986
732
288
981
1000
1155
0
1010
0
999
1001
1062
0
1009
0
1002
1001
997
1000
1001
1091
0
1011
0
998
999
1002
999
1000
1000
1002
998
1000
989
769
935
1318
0
1010
0
1000
1000
1001
999
1001
998
1002
999
1000
1000
1000
1000
1000
999
1000
1001
1000
999
1000
1002
999
1000
999
1002
998
1000
1000
1002
998
1052
0
1009
0
1001
1001
998
1000
1177
0
1009
0
1002
1001
997
1000
1002
1000
998
1000
1001
1001
998
1000
1001
55
1002
1008
0
1015
0
997
1003
1001
998
1000
1001
1001
998
294
990
1008
0
1001
1000
1001
998
1000
1001
1002
998
998
1002
1002
1115
0
1013
0
997
1068
0
1010
0
999
1001
1002
999
999
1000
1002
999
998
1001
1002
1070
0
1012
0
999
998
1001
1002
998
1000
1000
1002
998
1000
1000
1002
998
1000
1001
66
987
1009
0
1002
997
1001
1000
1003
997
1178
0
1010
0
1001
1000
1000
998
1002
1000
1070
0
1010
0
1001
998
1001
1001
999
999
184
987
1007
0
1002
999
107
135
998
1009
0
999
1001
999
1002
1057
0
1011
0
1000
1000
999
952
1051
1033
1010
0
999
1001
1000
1001
998
1001
1000
66
986
1009
0
1001
998
1001
1001
1001
997
1002
999
1001
998
1001
48
1002
959
790
158
1001
1009
0
1001
1072
0
1054
0
1009
0
1001
1001
1000
1000
1000
1000
999
1000
999
1003
998
1002
997
1002
999
1000
999
1002
999
1000
999
1002
999
1000
999
1002
1000
1000
998
1001
999
1002
999
1000
1000
1002
997
1003
22
39
1202
0
904
1103
0
1009
0
1004
996
47
1002
988
1020
0
997
1004
997
1002
999
1004
995
1003
998
1003
996
1020
0
1002
997
1002
999
1002
998
1001
999
1002
998
1100
0
1010
0
1002
999
1001
1118
0
1012
0
999
1001
998
1002
998
1001
118
884
137
1051
0
1010
0
1001
999
1004
996
1001
999
1003
997
1001
1000
1114
0
1011
0
1001
1008
1019
0
1001
999
1002
999
1001
998
1002
999
1001
998
1002
998
1001
998
1024
1008
0
1001
1001
998
1000
1000
1001
999
1001
998
1001
998
1001
999
1100
0
1006
0
1001
1000
1000
1000
1001
999
1000
999
1001
1000
1000
999
1002
999
1000
999
1001
1001
999
999
1001
1000
1000
7
134
128
970
38
1004
0
1002
1000
1000
999
1001
999
1001
1000
1000
999
1003
998
1000
999
1003
998
1000
1088
0
1006
0
999
1002
999
1000
999
1003
998
1000
999
1002
11
999
115
995
1006
0
997
1000
209
990
599
804
332
570
893
999
1000
1001
1001
1000
999
1000
1001
1000
999
1000
1001
1000
999
1000
1000
999
1000
1000
1001
999
1000
1000
955
0
0
0
0
0
5
0
0
0
0
2
0
0
0
0
2
0
0
0
0
0
0
0
0
0
0
0
0
4
0
0
0
0
5
0
0
0
0
1
0
0
0
0
1
0
0
8
0
3
0
0
0
0
0
0
0
4
0
0
0
0
2
0
0
0
0
0
0
0
8
0
4
0
0
2
0
0
0
0
4
0
0
0
0
1
0
0
6
0
0
0
0
3
0
0
0
0
6
0
0
0
0
0
0
0
0
0
0
0
0
3
0
0
0
0
3
0
0
0
0
1
0
0
0
0
0
0
0
7
0
0
0
0
4
0
0
0
0
2
0
0
0
0
0
0
0
0
0
0
0
0
5
0
0
0
0
5
0
0
0
0
4
0
0
0
0
0
0
0
4
0
0
0
0
2
0
0
0
0
1
0
0
0
0
2
0
0
0
0
0
0
0
8
0
0
0
0
4
0
0
0
0
1
0
0
0
0
0
0
0
9
0
0
0
0
5
0
0
0
0
5
0
0
0
0
0
0
0
0
0
0
0
0
4
0
0
0
0
2
0
0
0
0
4
0
0
0
0
2
0
0
11
0
1
0
0
3
0
0
0
0
3
0
0
0
0
0
0
0
0
0
3
0
0
8
0
0
0
0
3
0
0
0
0
2
0
0
0
0
0
0
0
8
0
0
0
0
11
0
0
0
0
0
0
0
0
0
2
0
0
0
0
0
0
0
9
0
0
0
0
8
0
0
0
0
0
0
0
0
0
0
0
0
6
0
0
0
0
9
0
0
0
0
6
0
0
0
0
0
0
0
0
0
0
0
0
4
0
0
0
0
4
0
0
0
0
2
0
0
0
0
0
0
0
5
0
0
0
0
3
0
0
0
0
1
0
0
0
0
2
0
0
0
0
1
0
0
4
0
0
0
0
4
0
0
0
0
3
0
0
0
0
0
0
0
6
0
0
0
0
7
0
0
0
0
3
0
0
0
0
1
0
0
0
0
0
0
0
4
0
0
0
0
3
0
0
0
0
1
0
0
0
0
0
0
0
6
0
0
0
0
4
0
0
0
0
1
0
0
0
0
0
0
0
0
0
0
0
0
8
0
0
0
0
4
0
0
0
0
4
0
0
0
0
5
0
0
4
0
0
0
0
0
0
0
0
0
2
452
473
198
0
877
212
24
0
0
0
0
0
5
0
380
661
783
172
784
0
90
0
2
0
0
0
469
523
363
1474
1434
885
571
704
0
1956
1916
855
750
202
115
0
0
0
0
1
0
0
0
0
0
0
0
3
0
0
0
0
4
0
0
0
0
2
0
0
0
0
0
0
0
7
0
0
0
0
3
0
0
0
0
2
0
0
0
0
0
0
0
0
0
0
0
0
5
0
0
0
0
4
0
0
0
0
2
0
0
0
0
0
0
0
7
122
235
184
268
120
165
0
0
0
4
0
0
418
0
236
570
367
635
307
922
159
337
404
460
429
117
1401
1361
883
421
0
3422
3382
3342
3302
384
620
1658
1618
1384
1344
323
1285
1245
1859
1819
874
407
1593
1553
0
5504
5464
5424
5384
5344
5304
0
1754
1714
2765
2725
2685
251
688
2376
2336
2296
387
946
934
203
53
1954
1914
449
0
2726
2686
2646
194
676
903
1357
1317
384
667
1608
1568
396
0
2329
2289
2249
341
1667
1627
0
1372
1332
1487
1447
0
1456
1416
1619
1579
507
295
1736
1696
629
256
591
2515
2475
2435
802
423
556
3418
3378
3338
3298
571
868
897
346
1690
1650
813
877
400
208
4344
4304
4264
4224
4184
743
421
2598
2558
2518
1629
1589
1329
1289
1486
1446
3334
3294
3254
3214
1546
1506
0
5622
5582
5542
5502
5462
5422
1308
1268
314
5482
5442
5402
5362
5322
5282
1781
1741
194
2820
2780
2740
3970
3930
3890
3850
2890
1900
1860
1830
1790
1959
1919
2765
2725
0
2822
2782
2742
0
7927
7887
7847
7807
7767
7727
7687
7647
6022
3216
3176
3136
3096
0
13902
13862
13822
13782
13742
13702
13662
13622
13582
13542
13502
13462
13422
13382
12341
12301
311
2276
2236
2196
3681
3641
3601
3561
9885
9845
9805
9765
9725
9685
9645
9605
9565
9525
9597
9557
9517
9477
3695
350
832
1424
1384
0
18259
18219
18179
18139
18099
18059
18019
17979
17939
17899
17859
17819
17779
17739
17699
17659
17619
17579
17539
8238
8239
8240
8241
8715
22560
22561
22562
22563
22564
22565
22566
22567
22568
22569
22570
22571
22572
26237
26238
26239
26240
26715
27715
28715
29715
30715
31715
32715
33715
34715
35715
28804
34635
34595
