3.80166
1.76
4
3.52
3.2
3.52
4.96
3.41333
2.88
3.84
4.48
3.68
2.24
1.6
1.12
1.6
2.56
2.88
2.56
2.4
3.36
3.52
3.2
5.76
2.56
3.84
5.12
3.2
3.84
2.72
2.72
4.32
2.56
2.88
2.88
1.76
2.4
3.68
2.56
3.84
2.4
2.08
4.8
4.48
4.16
4
3.2
4.48
2.88
3.36
4
2.24
3.36
3.84
3.04
5.12
3.36
4.16
5.28
3.84
4
4
4.48
2.88
4.48
4.16
3.84
4.48
5.92
3.2
5.28
3.2
1.76
4.16
4.16
5.44
4.8
3.36
4.48
4.32
4.32
5.44
4.32
4.48
4.64
4.8
2.4
5.44
2.88
4.32
4.32
1.6
5.76
4.64
3.36
6.88
4
5.76
3.04
3.68
4.96
6.08
6.24
2.88
4.8
5.44
3.2
6.24
3.2
4.16
4.64
1.76
4.64
4.32
4.8
2.72
6.56
7.84
3.04
4.48
8.16
3.84
4.96
4.48
4.32
7.04
2.88
5.44
3.68
6.24
1.6
5.28
5.76
2.72
4.32
5.12
6.08
4.8
2.88
3.68
3.68
4.8
6.24
4.64
4.8
4.32
3.52
5.28
4
5.92
2.4
7.2
3.68
4.96
4.96
5.44
4.64
7.04
3.68
5.12
3.52
4.96
4.48
5.28
2.72
6.56
6.88
4
4.64
2.4
3.36
5.28
5.12
4.32
6.56
2.72
8
3.36
3.52
3.84
4.48
6.4
5.76
4.8
6.56
5.28
3.04
5.12
4.8
1.92
4.64
6.56
3.2
5.76
4.32
5.6
3.68
3.52
5.12
3.68
3.36
6.24
6.4
4.96
4.8
3.52
4.96
5.92
1.76
3.68
3.04
4.8
6.08
4.32
3.2
4.48
4.8
5.12
6.88
4.64
6.4
5.28
4.8
2.56
3.52
7.52
5.76
3.68
3.2
4.64
5.6
4.16
7.04
3.2
4.96
3.84
6.4
3.2
5.92
6.08
3.84
3.52
10.24
4.48
3.36
5.28
5.92
3.52
3.04
6.24
3.52
4.32
4.64
5.6
7.68
4.8
2.88
4.96
4.48
4.64
4.16
4
8.16
3.68
4.16
4.64
7.04
3.04
4.48
5.28
4.64
6.4
3.2
5.76
3.52
3.2
8.32
4.88
5.76
6.24
2.88
5.12
3.52
7.52
4.16
4
3.84
5.44
5.92
5.6
5.76
4.48
8.64
3.68
4.16
9.6
3.52
4.16
7.52
4.8
4.96
5.12
7.84
3.36
3.68
5.76
4.96
4.16
4.48
5.28
5.12
3.68
5.76
6.88
5.6
4.48
6.88
2.4
5.76
5.12
4.48
4
4.96
5.6
1.76
7.04
3.04
4
6.56
5.44
4.8
3.36
4.8
6.88
4.8
4.32
4.96
2.72
3.2
5.28
3.36
3.2
3.68
3.84
1.76
4.48
4.48
3.84
3.2
4
4.48
4.16
4.64
3.52
4.32
4.8
3.2
4.8
3.04
4
3.04
5.28
3.52
2.08
4.16
2.56
3.52
4
3.84
4.32
4.16
3.2
4
3.52
4.8
4.16
4.48
4.32
4.16
5.28
4.48
4
4.32
2.4
4.48
3.84
3.36
3.52
4.32
3.68
3.36
3.36
4
4.48
4
4.64
4
3.36
2.88
4.64
3.36
3.68
2.4
4
4
3.68
4.48
4.8
3.52
7.68
3.52
4.48
4.32
4.48
3.52
3.2
6.08
3.68
3.2
4.8
3.2
3.52
3.04
4
3.68
3.68
4.8
3.2
3.2
5.12
3.68
2.88
3.2
3.6
3.04
2.56
2.72
2.88
2.88
1.6
3.36
2.24
2.88
2.72
2.56
3.04
1.76
2.56
2.24
2.08
2.24
1.92
2.08
1.92
2.08
2.4
2.4
2.24
2.4
1.6
2.08
1.76
2.72
2.4
2.24
2.08
2.56
1.76
1.92
1.76
1.92
2
2.08
2.08
2.56
3.52
2.24
1.6
3.36
3.04
2.24
3.04
2.4
2.4
2.56
2.56
3.52
3.84
3.04
3.04
3.04
3.04
3.04
3.52
2.56
2.56
2.56
2.08
2.4
3.36
2.72
2.56
2.4
2.72
2.72
3.04
2.08
2.56
2.24
2.72
2.56
1.6
1.76
1.44
1.92
1.76
1.92
2.56
2.72
1.92
2.24
1.6
1.28
1.76
2.24
2.4
2.08
3.2
1.76
2.4
1.28
2.56
1.76
2.4
2.4
2.24
1.44
2.24
2.56
2.72
2.4
2.56
1.6
1.44
1.6
1.28
1.6
2.88
2.24
2.24
2.08
1.76
1.44
1.92
2.08
2.24
1.76
2.56
1.28
1.92
2.24
1.76
2.56
1.44
1.76
2.56
1.44
3.04
2.56
2.72
2.08
2.4
3.36
3.52
2.88
2.72
2.4
2.88
2.24
2.56
1.92
2.72
2.08
1.76
2.88
1.6
2.56
1.92
1.92
1.76
1.76
2.72
2.56
2.08
2.24
1.92
2.72
2.88
2.56
3.04
3.04
1.6
1.6
2.4
1.92
1.28
1.28
2.08
1.44
1.6
0.8
1.92
1.44
1.44
1.28
1.6
1.12
1.6
1.28
1.28
1.92
1.76
1.6
2.24
1.12
1.12
2.24
1.12
0.96
0.96
1.12
0.64
1.44
1.28
1.44
1.28
1.6
1.28
1.44
1.76
0.48
0.8
1.6
1.44
0.64
1.92
1.28
1.28
1.12
1.28
1.28
0.8
0.64
0.64
0.96
1.12
0.96
0.8
0.8
0.8
0.8
0.8
1.6
1.12
0.8
1.12
1.12
0.8
1.12
0.64
0.64
1.12
1.12
0.64
1.44
0.96
0.8
1.12
0.8
0.96
0.48
1.6
1.6
0.96
1.76
1.44
1.76
0.96
0.8
1.28
1.12
0.96
0.48
0.48
1.28
1.76
0.8
1.12
0.48
0.96
1.12
1.12
0.64
0.8
0.8
1.28
0.48
0.96
0.96
0.8
0.48
0.32
0.48
0.8
0.64
1.12
0.8
1.28
0.64
0.8
1.12
1.12
0.64
0.96
0.64
0.8
0.48
0.64
0.16
1.28
1.44
0.8
0.48
0.64
0.64
0.8
0.64
0.64
1.12
1.28
0.48
0.48
0.8
0.48
1.6
1.12
0.32
1.6
1.6
1.12
0.48
1.12
1.44
1.12
2.08
0.48
0.8
0.16
0.32
0.16
1.76
0.48
0.8
0.64
0.48
0.8
0.8
1.12
0.64
0.48
0.64
0.8
0.16
0.48
0.64
0.64
0.64
0.96
0.48
0.8
1.12
0.96
1.6
0.96
0.8
0.16
0.8
0.48
0.96
0
0.48
0.96
0.32
0.48
1.76
0.48
0.32
0.64
0.96
0.16
0.96
0.32
0.32
0.32
0.48
0.64
0.8
1.12
1.76
0.8
0
0.96
0.64
0.32
1.12
0.64
1.12
1.12
0.48
0.48
0.48
0.32
0.64
0.8
0.64
0.48
0.32
0.96
0.64
0.48
0.8
0.48
0.16
1.44
0.8
0.8
0.96
0.48
0.16
0.32
0.32
0.96
0.16
0.64
0.64
0.56
0.32
0
0.8
0.32
0.48
0.64
0.96
0.32
0.32
0.16
0.64
0.16
0.16
0.8
0
0.8
1.28
0.48
0.64
0.32
0.8
0.64
0.48
0.48
0
0.8
0.48
0.8
0.8
0.64
0.64
0.48
0.96
0.32
0.32
0.16
0.8
0.32
0.16
0.64
0.64
0.64
0.48
0.48
0.48
0.32
0.8
0.32
0.64
0.32
0.96
0.64
0.64
0.64
0.32
0.32
0.32
0.48
0.32
0.96
0.64
0.48
0.32
0.32
0.64
0.96
0.64
0.8
0.64
0.32
0.48
0.96
0.64
0.64
0.96
0.96
0.8
0.32
0.32
0.64
0.32
0.48
0.8
0.16
0.48
0.64
0.16
0.96
0.64
0
0.8
0.16
0.64
0.16
0.8
0.64
0.16
0.48
0.16
0.48
0.96
0.32
0.48
0.32
0.16
0.8
1.12
0.72
0.16
0.8
0.32
0.64
0.32
0.64
0.96
0.64
0.64
0.64
0.64
0.64
0.16
0.96
0.32
0.32
0.64
0.48
0.48
0.16
0.8
0.48
0.32
0.16
0.48
0.48
0.32
0.48
0.64
0.32
0.96
0.48
0.16
0.48
0.16
0.32
0.8
0
0.64
1.12
0.48
1.12
0.64
0.16
0.16
0.8
0.8
0.48
0.96
0.48
0
0.32
0.64
0.8
0.32
0.8
0.64
0.64
0.64
0
0.48
0.48
0.96
0.32
0.64
0.16
0.48
0.48
1.28
0
0.32
0
0.64
0.32
0.48
0.48
0
0.32
0.96
0
0.16
0.48
0.16
0.96
0.96
0.16
0.16
0.96
0.64
0.32
0
0.96
0.48
0.32
0.48
0.16
1.28
0.32
0.96
1.12
1.12
0.64
0
0.64
0.32
0.64
0.64
0.32
0.32
0.8
0.32
0.32
0.48
0.32
0.16
0.48
1.12
0.48
0.32
0.48
0.48
0.32
0.8
0.32
0.16
0.64
0.48
0.8
0.64
0.48
0
0.8
0.48
0.64
0
0.16
1.44
0.8
0.32
0.48
0.8
0.16
0.8
0.64
0.48
0.16
1.12
0.48
0.48
0.8
0.32
0.16
0.32
0.16
0.96
0.48
0.64
0.32
1.12
0.96
0.8
0.8
0.32
0.48
0.48
0.32
0.48
0.64
0.16
0.16
0.64
0.64
0.8
0.32
0.8
0.48
0.64
0.64
1.28
0.48
0.64
0.32
0.16
0.32
0.32
0.8
0.32
0.32
1.12
0.64
0.48
0.48
0
0.48
0.16
0.48
0
0.32
0.8
0.64
0.32
0
0.16
0.32
0.64
0.32
0.8
0.32
0.32
0.8
0.48
0.32
0.64
0.48
0.96
0.48
0.64
0.8
0.8
0.64
0.96
0.8
0.8
0.32
1.04
0.16
0.48
0.32
0.8
0.32
0.8
0.64
0.16
0.16
0.8
0.64
0.48
0.64
0.8
0.48
0.64
0.16
0.64
0
0.32
0.32
0.32
0.8
0.32
0.4
0.8
0.48
0.64
0.16
0.64
0.16
0.48
1.6
0.16
0.48
0.32
0
0.48
0.48
0.16
0.96
0.48
0.64
0.32
0.64
0.48
0.32
0.32
0.32
0.64
0.48
0.64
0.32
0.48
0.48
0.64
0.96
0.48
0.8
0.32
0.48
0.32
0.8
0.16
0.48
0.16
0.32
0.48
0.64
0.64
0.32
0.32
0.16
0.32
0.48
0.64
0.48
0.32
0.48
0.64
0.16
0.16
0.48
0.32
0.32
0.64
0.32
0.32
0.16
0.64
0.48
0.32
0.64
0.48
0.32
1.6
0.48
0.64
0.32
0.96
0.96
0
0.32
1.28
0.8
0.48
0.48
0
0.16
0.64
0.48
0.32
1.12
0.8
0.64
0
0.32
0.64
0.48
0.16
0.48
0.16
0.64
0.16
0.64
0.48
0.64
0.64
0.64
0.64
0.48
0
0.48
0.32
0.32
0.64
0.16
0.32
0.8
0.16
0.64
0
0.32
0.48
0.16
0.16
1.12
0.32
0
0.16
0.16
0.16
0.32
1.12
0.8
0.32
0.32
0.16
0.48
0.8
1.12
0.32
0.32
0.16
0.48
0.64
0.32
0.64
0.16
0.8
0.48
0.64
0.64
0.64
0.64
0.16
0.48
0.48
1.12
0.48
0.16
0.8
0.32
0.16
0.64
0.32
0.64
0
0.8
0.16
0.8
0.48
0.16
1.12
0.16
0.64
0.96
1.12
0.8
0.96
1.28
1.28
0.48
1.12
0.96
1.76
1.12
1.28
1.12
0.32
1.44
1.28
1.12
1.44
0.8
0.64
1.92
0.8
1.12
0.64
1.28
0.48
1.44
0.64
0.48
0.8
0.8
0.8
1.6
0.96
0.48
1.12
1.44
1.12
1.6
0.8
1.12
1.28
0.8
0.96
0.48
0.32
0.16
0.64
0.32
0.64
0.96
0.64
0.16
0.48
0.96
0.64
0.32
0.48
0.48
0.8
0.32
0.64
0.48
0.48
0.48
0.32
1.28
0.48
0.32
0.48
0.8
0.8
0.32
0.48
0.32
0.64
0.32
0.96
0.32
0.32
0.64
0.8
0.48
0
0.32
0.16
0.16
0.64
0.48
1.44
0.96
0.48
0.16
0.8
0.16
0.32
0.32
0.48
0.96
0.64
0.64
0.96
1.12
0.32
0.48
0.64
1.28
0.48
0.64
0.48
0.96
0.16
0.16
0.96
0.16
0.64
0.16
0
0.64
0.64
1.6
1.76
1.28
1.44
1.76
1.28
1.44
1.12
1.12
1.12
0.64
0.32
0.32
0.32
0.32
1.12
2.08
1.44
0.8
2.72
1.76
1.76
0.64
2.08
1.44
1.92
1.92
1.28
2.24
1.28
0.16
0.16
0.8
0.8
0.8
0.16
0.64
1.92
0.96
1.92
1.92
1.44
1.12
1.92
1.12
1.44
1.28
1.6
1.28
1.6
0.32
0.16
0.8
0.8
0.96
2.08
0.8
2.4
0.96
0.96
1.76
1.6
2.24
1.76
1.44
1.92
1.44
1.92
1.6
1.92
0.64
0.64
0.64
0.32
0.48
0.64
1.92
1.6
2.24
1.92
2.72
2.24
1.28
1.28
1.76
1.76
1.44
1.6
0.96
1.28
1.44
0.96
0.8
0.48
0.72
0.64
0.64
4.16
2.24
1.28
3.84
4
4.96
4.96
5.28
5.12
6.08
6.08
4.64
3.2
3.68
1.92
1.12
1.12
3.52
6.72
4.96
6.08
2.08
1.92
2.08
1.6
2.88
3.84
5.12
4.8
4.32
5.28
3.52
2.72
1.76
0.32
0
1.76
6.88
10.72
8.16
1.44
1.76
3.04
2.56
4.8
4.96
4.8
4.48
4.8
5.6
5.28
4.64
5.92
3.04
1.28
0.48
4.32
7.52
6.08
4
4.48
9.12
6.88
8.48
9.6
9.76
8.32
8.8
9.28
8.48
10.4
7.36
4.96
4.64
4.64
3.52
6.56
2.4
3.84
3.68
1.6
3.2
3.2
4.16
4.64
4.96
8
6.88
8.64
7.52
5.6
7.04
5.28
8
8.16
8.32
4.64
7.68
6.88
9.28
4.72
4.32
4.48
4.64
4.64
3.68
3.84
9.44
11.36
10.08
10.72
5.92
6.4
5.12
4.32
4.32
4
8.96
8.48
8.8
3.52
6.24
5.44
5.44
9.76
8.32
8.8
4.96
4.16
9.12
9.28
6.08
5.28
5.92
4.64
6.24
4.8
7.04
7.52
8.32
7.52
8
7.52
11.68
10.08
13.76
12
3.52
3.68
5.44
10.72
8.96
9.76
9.6
9.44
3.84
6.24
4.96
5.92
5.12
4.96
3.84
4.64
7.52
10.56
12.32
13.6
11.84
7.2
7.52
7.36
5.44
3.68
3.52
9.76
4.48
4.48
8.16
11.52
9.28
9.76
9.92
8.64
11.52
8.48
6.56
7.36
5.44
5.28
4.16
4
4.8
10.88
12.32
5.6
9.28
15.36
9.92
11.36
7.2
11.52
7.2
8.64
5.92
8.16
5.28
11.84
6.72
4.64
4.16
4
5.28
9.76
8.96
5.6
12.8
11.04
10.88
7.36
8.64
10.4
7.36
9.92
12.48
13.6
11.04
8.16
7.68
10.56
9.6
12.64
10.72
10.24
3.36
9.92
7.04
8.8
13.28
11.36
8.32
7.84
11.68
12
13.44
8.64
11.84
10.88
7.68
10.4
5.12
6.4
12.8
13.92
6.88
5.76
8.16
9.44
6.08
7.36
9.12
8
6.56
7.68
8.48
7.84
9.6
9.92
10.08
9.28
10.56
8.96
8
3.68
5.92
9.76
9.28
8
8.32
11.84
7.2
9.92
11.84
10.24
11.36
8.8
5.28
7.52
9.44
10.08
11.36
7.84
8.16
4.64
8
10.88
8.96
13.6
10.88
11.36
7.68
9.92
5.76
4.96
9.12
7.84
10.24
9.92
8.8
11.04
13.44
12.8
5.44
7.68
11.52
10.24
8.32
10.4
8.16
15.2
14.88
14.08
9.76
15.84
15.52
13.12
14.56
11.52
15.04
14.24
13.92
12.8
8.32
16.48
14.72
15.04
15.36
14.24
10.24
10.88
9.44
9.28
11.68
12.96
15.68
13.6
12.8
11.84
12.64
13.12
14.24
8.32
10.24
13.12
12.64
14.24
15.36
14.56
15.52
15.84
14.72
13.76
14.4
14.72
13.6
15.36
15.36
14.88
14.72
13.92
14.4
6.56
9.12
12.8
11.36
8.64
14.24
12.16
12.32
12.8
15.2
12.96
15.36
16.16
13.76
12.8
13.76
14.88
14.08
13.44
7.84
12.8
15.52
10.08
14.24
14.88
12.16
14.72
14.4
12.64
11.04
8.48
9.76
10.88
10.08
8.16
10.24
13.92
13.92
13.92
8.16
16.8
14.88
12.64
7.68
14.88
10.72
10.24
7.84
7.84
14.24
14.88
14.88
13.6
13.44
16
18.72
7.2
17.44
17.6
18.08
16.4
10.72
8.96
7.36
15.04
11.84
10.56
7.52
11.2
14.24
17.6
13.12
13.28
17.12
16
9.6
16.8
16.8
18.24
16.8
16.8
15.84
16.24
16.8
14.4
16.96
15.68
16
16.64
17.28
17.44
16.8
16
8.64
16
15.84
16
16.48
11.84
16.48
16.8
17.12
15.36
15.68
17.28
17.28
15.52
15.68
14.56
15.52
16.64
15.68
17.76
8.16
17.12
16.48
17.44
16.8
16.32
15.2
18.24
17.92
13.76
14.88
18.72
14.56
16.96
13.92
18.08
12.16
12.8
18.24
7.84
16.32
15.52
17.6
11.2
17.6
16.48
18.24
17.28
14.24
15.68
17.44
15.84
16.8
17.28
17.12
17.28
17.12
15.84
12.96
7.2
12.32
15.04
16.16
14.24
11.52
16
15.84
13.6
16.16
15.52
19.04
12.64
14.4
16.8
15.84
16.8
18.24
16.8
9.12
15.84
13.12
17.44
16.24
17.6
15.84
15.84
16.96
16
16.96
17.28
16.64
17.44
14.4
18.4
17.6
16.32
14.88
8.16
15.68
17.6
17.44
16.64
17.12
16.48
16.8
17.44
15.84
14.24
18.4
16.96
18.08
18.24
14.72
16.32
15.84
14.88
8.96
16.8
14.4
15.52
18.08
13.76
17.12
15.52
14.4
12.64
14.72
12.32
14.4
14.08
15.68
14.24
12.16
12.64
14.88
9.12
16.64
16.32
17.2
16.96
17.6
16.8
16.56
16.8
14.08
16.32
12.8
11.68
11.68
15.52
17.6
16.96
8.32
16.48
18.4
14.56
14.88
15.84
17.6
16
14.08
17.12
16
15.84
16.96
16.64
15.52
15.68
16.64
16.16
18.08
16.64
7.84
17.44
15.36
12.96
17.28
18.24
15.84
16.32
18.08
16.16
19.2
18.4
17.12
16.32
16
16.4
15.68
15.2
8.16
17.6
14.4
17.44
16.48
14.4
15.2
12.64
13.12
12.64
13.68
16.48
15.84
16.48
15.84
16.8
16.48
12.88
17.28
15.52
14.4
10.56
9.28
8.32
7.2
6.56
7.52
6.88
4.16
4.96
6.88
17.76
17.6
18.88
17.44
18.24
9.12
18.4
5.49333
1.92
2.24
1.76
1.92
1.12
2.72
1.92
2.56
1.12
1.6
2.72
2.24
1.92
1.92
1.44
2.24
0.8
1.44
1.28
1.6
1.28
1.6
2.56
0.64
1.92
1.28
1.76
1.28
1.6
1.12
0.96
0.64
1.6
1.44
1.44
1.76
0.96
1.44
0.64
1.92
1.12
1.76
1.28
1.28
1.6
0.8
1.44
0.48
0.96
1.92
1.44
0.96
1.28
1.28
1.76
1.12
1.44
1.6
1.6
1.6
1.28
1.44
1.44
2.24
1.76
1.12
1.6
1.12
1.44
1.76
0.8
1.44
0.8
0.64
1.28
0.8
0.48
0.64
1.12
0.8
1.44
0.32
1.12
1.44
0.8
0.96
0.32
0.72
1.12
0.64
0.64
0.8
0.8
1.12
0.8
0.8
0.96
1.28
0.64
0.96
0
1.44
0.64
0.96
0.48
0.8
0.96
0.48
1.12
1.44
0.8
1.12
0.64
0.96
0
0.96
1.28
0.96
1.12
0.8
0.8
1.12
0.16
0.8
0.64
0.48
0.64
0.96
0.32
0.8
0.64
1.28
0.48
1.28
1.12
0.96
1.12
0.96
1.12
1.28
0.64
0.48
0.64
0.64
1.12
0.96
0.48
1.28
0.64
0.48
0.64
0.96
0.8
0.48
0.8
0.48
0.48
1.12
0.32
1.44
0.8
0.64
0.96
0.8
0.64
0.48
0.64
1.44
1.12
0.96
1.12
1.28
1.12
0.64
1.44
0.48
0.8
0.96
0.48
0.64
0.96
1.12
0.48
0.64
0.96
1.28
1.12
0.8
1.12
0.64
0.48
0.8
0.48
1.12
0.16
1.44
0.8
0.32
1.12
0.8
0.64
0.64
0.32
1.12
1.28
1.76
1.28
1.28
0.32
0.96
0.8
1.44
0.8
1.44
1.12
0.96
1.12
0.96
0.96
0.48
0.8
0.64
1.12
0.48
0.96
0.8
0.64
0.8
0.64
1.6
0.8
0.64
1.44
1.12
0.96
0.48
0.96
1.6
0.64
1.12
1.12
0.64
0.8
1.44
0.8
0.8
0.96
0.48
0.64
1.76
1.44
0.48
0.8
1.6
0
0.96
1.44
0.96
0.8
0.48
1.44
0.8
0.96
1.44
1.28
1.44
0.48
1.28
1.28
0.16
1.6
0.8
0.32
0.8
0.48
1.12
1.12
0.8
0.8
0.96
0.96
0.16
0.96
1.12
1.28
0.8
0.96
0.64
0.96
0.32
0.96
0.48
0.8
0.64
1.12
1.28
0.48
1.28
0.16
0.32
0.8
0.8
0.64
1.12
0.32
0.48
0.96
0.8
0.8
0.64
0.64
1.28
0.48
0.64
