3.80123
3.2
3.84
3.84
3.04
4.32
3.52
3.84
3.2
4.32
2.4
1.12
3.2
1.76
1.12
1.6
2.4
3.2
3.2
3.52
1.76
4.48
2.88
2.24
1.92
6.56
2.72
3.84
2.72
4.64
3.36
3.36
3.04
3.52
1.76
4.96
4.16
4.32
2.24
3.36
2.24
1.44
2.72
2.88
4
3.68
3.36
2.4
2.88
4.32
1.92
2.4
1.28
2.72
4.32
3.36
4.16
4.48
4.48
4.8
3.36
4.96
3.52
3.04
5.12
3.36
4.48
4.48
3.68
5.28
5.12
2.88
4
4.8
2.88
5.92
4
5.76
3.68
6.72
2.56
4.8
3.2
4
4.96
6.56
2.88
5.28
3.2
3.36
4.8
1.92
4.32
4.64
4.32
4.8
4
4.64
4.32
4.48
5.92
4.64
5.44
4.16
5.12
4.32
3.84
6.08
4.48
3.84
3.84
4.16
4
6.24
5.12
3.84
4.8
6.56
5.6
3.84
7.52
2.88
4.96
4.32
4.64
4.8
5.44
3.68
6.24
5.12
1.92
5.12
4.64
4.48
5.76
4.16
4.48
4.96
5.28
3.52
6.08
3.84
4.48
4.96
4.64
3.68
5.12
3.84
5.12
4.8
1.76
7.36
3.52
5.12
5.6
5.6
4.16
4
4.16
4
6.72
4.48
4.64
6.08
3.36
3.52
6.24
4.32
6.24
2.4
5.76
3.84
4.16
3.68
6.08
4.96
6.56
3.2
5.12
5.28
6.24
5.28
3.52
3.04
4.32
4.96
5.44
4.16
5.12
3.84
4.48
5.6
5.12
5.12
4.64
3.84
5.44
3.2
4
4.8
3.68
4.48
6.72
4.16
6.56
4.64
4.32
5.76
1.92
5.12
4.64
5.28
4.48
5.12
5.92
4.8
4.96
7.2
4
4.32
5.44
4.96
6.4
3.52
4
5.6
6.72
5.92
1.6
4.48
6.24
5.44
4
4.64
4.32
4.48
4.64
4.8
5.6
5.6
3.36
3.36
7.68
7.04
4.16
4.8
4.64
2.56
4.32
5.28
4.8
5.76
4.64
4.64
7.36
4.16
4.8
5.92
6.72
3.52
3.36
5.6
7.36
3.84
5.28
2.88
7.84
1.92
3.68
7.36
4.16
4
5.6
6.88
3.36
4.8
5.28
6.88
3.2
3.04
9.76
3.2
5.6
5.12
6.24
6.24
2.4
3.84
5.28
4.64
6.72
4.64
6.08
4.8
3.84
3.04
10.08
3.04
3.84
9.92
4
5.44
7.84
5.6
3.36
4.8
6.56
4.48
3.36
4.16
5.44
6.72
3.68
8.32
2.56
5.28
8.48
3.68
5.28
5.44
6.72
3.36
3.52
5.44
4.32
1.76
8.16
3.68
6.24
5.92
2.72
3.36
7.68
4.16
4.64
5.28
3.52
6.88
2.88
3.52
3.36
4
5.28
3.68
3.36
2.56
3.2
3.52
3.52
3.84
4.64
4.48
3.84
4.16
3.2
4
4.16
3.36
3.68
4
4.64
3.84
4.16
4.64
2.56
3.2
3.2
3.68
3.68
3.52
4.96
4
4.32
5.44
4.48
4.16
4.64
3.68
5.28
4.16
3.68
4.16
4.48
3.04
2.4
3.84
4
4.8
4.16
4.16
3.68
4.48
3.68
2.72
4
4.48
3.04
2.56
4.8
2.88
3.36
3.68
3.36
2.08
4.8
4.32
4
4
4.48
5.92
3.68
4.48
3.68
5.76
4.16
3.84
4.16
4
2.4
5.12
4
3.2
3.68
3.04
3.36
4.32
4.64
3.04
2.88
4.32
2.56
4.64
4
4.16
3.28
2.24
2.56
3.84
2.56
3.04
2.72
2.08
2.4
3.04
2.24
2.72
2.4
1.76
1.28
2.24
1.92
2.08
2.72
1.76
1.92
1.92
2.56
2.08
1.92
1.92
1.92
1.44
1.92
1.76
1.76
2.08
1.92
2.08
1.6
2.56
2.4
2.88
1.84
1.92
2.08
2.4
2.72
1.92
1.92
2.88
2.24
2.56
3.04
3.36
3.04
2.72
2.88
4
3.2
3.36
3.04
2.72
2.72
2.72
3.84
2.72
2.4
2.88
1.76
3.52
2.4
3.2
3.36
2.24
2.72
3.2
2.56
1.92
2.72
2.4
2.08
2.08
2.4
2.56
1.6
1.44
1.76
1.92
1.92
2.08
1.44
1.76
1.92
2.08
2.08
2.24
1.92
2.56
2.56
1.6
1.76
2.08
2.4
1.76
2.72
1.6
2.24
1.28
2.08
1.76
2.72
1.44
3.36
1.92
2.72
2.08
1.92
1.76
3.2
1.76
3.2
2.56
2.24
1.28
2.08
1.44
2.24
2.24
2.08
2.56
1.92
2.72
2.08
1.92
3.04
2.4
1.92
2.24
2.4
1.76
2.72
2.4
3.2
3.04
2.4
3.2
2.56
2.24
2.72
2.24
2.4
1.44
2.08
2.56
2.72
2.56
1.76
2.56
2.72
2.56
1.76
1.44
1.76
2.72
2.08
1.92
2.24
2.56
2.56
1.76
1.92
2.72
1.76
1.92
1.92
1.92
1.92
1.28
1.6
1.76
2.24
2.08
2.72
2.08
1.92
1.76
1.28
1.44
1.28
1.44
1.44
1.76
1.12
1.44
1.92
1.12
1.76
1.12
1.44
1.28
1.76
1.6
1.12
1.28
1.44
1.28
1.28
1.12
1.28
1.28
1.28
0.48
1.44
0.8
0.8
0.8
0.96
1.6
1.12
1.28
1.12
1.12
1.28
1.44
1.6
1.44
1.28
1.76
0.64
1.28
1.12
1.76
0.96
1.12
0.96
0.8
1.28
1.92
1.12
1.12
0.8
1.28
1.12
0.64
1.12
1.12
1.92
0.8
1.28
1.12
1.12
0.48
0.96
1.44
1.12
1.12
2.08
1.12
1.44
0.96
1.28
1.12
1.12
1.12
1.12
1.6
1.44
2.08
1.12
1.6
1.28
1.44
0.64
1.12
1.44
0.96
0.96
1.28
1.28
1.28
0.8
0.32
0.64
0.64
1.12
0.8
0.64
0.8
0.64
0.48
0.96
0.48
0.8
0.48
0.64
0.8
0.48
0.96
0.48
0.32
0.8
0.48
0.64
1.12
1.76
0.64
0.48
1.12
0.32
0.64
0.48
0.48
1.12
0.64
0.96
1.28
1.12
0.96
1.6
0.96
0.96
0.48
0.96
1.6
1.12
1.76
0.8
0.32
0.32
0.8
1.12
1.44
0.16
0.8
1.12
0.64
0.64
1.6
0.8
1.12
0.48
1.04
0.8
0.8
0.48
0.48
0.48
0.64
0.32
0.96
0.48
0.8
0.64
0.48
0.8
0.64
0.64
0.96
0.64
0.48
0.16
0.16
1.28
0.32
0.64
1.28
0.32
0.16
0.8
0.96
0.4
0.64
0.96
0.64
0.64
0.96
0.48
0.8
0.8
0.96
0.48
0.48
0.8
0.16
0.64
0.16
0.8
0.96
0.8
0.8
0.32
0.16
0.16
0.48
0.8
0
0.8
0.16
0.48
0.48
0.64
0.48
0.8
0.96
0.32
0.32
0.8
0.64
0.48
0.48
0
0.96
0.32
1.12
0.8
0.48
0.48
0.8
0.8
0.48
0.8
1.12
0.64
0.64
0.32
0.48
0.8
0.16
1.12
0.48
0.32
0.32
0.48
0.16
0.48
0.48
0.48
0.8
0.48
0.64
0.8
1.28
0.32
0.8
0.8
0.64
0.8
0.64
1.12
0.64
0.48
0.32
0.8
0.32
0.48
0
0.32
0.48
0.8
0.64
0.96
0.48
0.32
0.64
0.64
0.16
0.64
0.48
0.64
0.48
0.16
0.48
0.64
0.48
0.32
0.48
0.4
0.48
0.16
0.96
0.32
0.8
0.64
1.28
0.16
0.48
0.48
0.32
0.32
0.48
0
0.8
0.8
0
0.64
0.16
0.64
0.48
0.32
0.64
0.48
0.32
0.96
0.8
0.64
0.64
0.64
0.64
0.8
0.32
0.64
0.48
0.48
0.48
0.96
0.64
0.8
0.48
0.8
0.8
0.64
0.64
0.64
0.16
0.8
0.48
0.64
0.48
0.16
0.48
0
0.48
0.8
0.48
0.16
0.64
0.8
0
0.16
0.16
0.16
0.96
0.32
0.48
0.32
0.32
0.16
0.48
1.12
0.16
0.48
0.64
0
0.48
0.96
0.8
0
0.64
0.8
0.48
0.48
0.32
1.12
0.64
0.32
0.8
0.32
0.8
0.96
0.48
0
0.64
0.8
0.8
1.12
0.8
0.48
0.64
0.8
1.12
0.64
0.8
0.48
1.44
0.48
0.64
0.16
0.48
0.16
0.24
0.8
0.16
0.72
0.64
0.96
0.16
0.96
0.48
0.96
0.32
0
0.32
0.32
0.48
0.8
0.48
0.48
0.32
0.32
0.8
0.32
0.48
0.16
0.32
0.32
0.64
0.64
0.64
0.48
0.64
0.16
0.48
0.48
0.48
0.8
0.32
0.64
0.8
0.32
0.48
0.8
0.32
0
0.48
0.64
0.64
0.48
0.56
0.64
0.32
0.64
0.48
0.48
0.64
0.64
0.16
0.4
0.48
0.48
1.12
0.16
0.56
0.32
0.96
0.48
0.48
0.64
0.48
0.48
0.48
0.16
0.16
0.8
0.48
0.48
0.64
0
0.64
0.48
0.16
0.64
0.48
0.48
0.8
0.96
0.64
0.32
0.48
0.32
0.32
0.8
0.4
0.48
0.8
0.16
0.32
1.12
0.48
0.16
0.56
0.64
0.8
0.32
1.28
0.32
0.48
0.64
0.64
0.96
0.96
0.96
0.32
0.72
0.32
0.64
0.16
0.96
0.48
0
0.16
0.32
0.8
0.48
0
0.96
0.32
0.48
0.32
0.48
0.32
0.96
0.48
0.32
0.64
0.48
0.64
0.48
0.8
0.64
0.64
0
1.12
0.16
0.08
0.32
0.96
0.48
0.48
0.48
0.16
0.32
0.16
0.32
0.8
1.28
0.16
0.16
0.16
0.32
0.96
0.32
0.16
0.64
0.64
0.16
0.96
0.48
0.48
0.16
0.48
0.96
0.16
0.32
0.64
0.64
0.72
0.48
0.48
0.32
0
0.64
0.96
0.16
0.32
0.16
0.16
0.8
0.64
0.8
0.8
0.16
0.32
0.48
0.32
0.32
0.48
0.48
0.32
0.8
0.32
0.56
1.12
0.16
0.64
0
0.64
0.8
0.48
0.32
0.64
0.32
0.4
0.16
0.96
0.48
0.64
0.64
0.64
0.32
0.48
0.64
0.48
0.16
0.16
0.32
0.48
0.32
0.16
0.32
0.48
0.32
0.48
0.8
0.48
0.48
0.64
0.64
0.16
0.32
0.32
0.32
0.64
0.48
0.8
0.32
0.48
0.32
0.32
0.48
0.8
0.16
0.48
0.16
0.16
0.48
0.64
0.32
0.64
0.16
0.32
0.32
0.16
0.64
0.32
0.64
0.48
0.48
0.56
0.32
0
0.64
1.28
0.96
0.8
0.64
0.32
0.16
0.64
0.32
0.96
0.32
0.8
0.48
0.48
0.48
0.64
0.32
0.32
0.48
0.48
0.16
0.8
0.16
0.8
0.16
0.32
0.32
0.96
0.32
0.96
0.64
0.32
0.48
0.48
0.8
0.16
0.96
0.32
0.72
0.16
1.12
0.16
0.16
0.16
0.48
0.16
0.16
0.16
0.8
0.48
0.32
0.48
0.32
0.8
0.64
0.32
0.64
0.16
0.64
0.32
0.32
0.16
1.28
0
0.32
0.8
0.48
0.64
0.64
0.32
0.48
0.48
0.32
0.8
0.48
0.32
0.96
0.8
1.12
1.6
0.96
1.44
1.76
0.96
1.44
1.44
1.44
1.28
0.32
1.76
0.96
0.96
1.76
0.64
0.8
1.28
0.8
0.96
0.48
1.28
0.96
0.8
0
0.32
1.76
0.96
0.8
1.28
0.48
0.16
0.96
1.12
0.96
0.48
0.8
0.96
1.12
0.64
0.32
0.64
0
0.64
0.96
1.12
0.32
0.16
0.48
0.8
0
0.32
0.64
0.32
0.8
0
0.48
0.32
0.64
0.64
0.32
0.8
0.16
0.96
0.48
0.8
0.48
0.48
0.48
0.64
0.16
0.32
0.8
0.32
0
1.44
0.8
0.64
0.32
0.8
0.64
0.16
0
0
0.48
0.16
0.48
0.48
0.48
0.32
0.16
0.64
0.48
0.48
0.48
0.32
0.32
0.48
0.8
0.32
0.64
0.32
0.96
0.48
0.48
0.16
0.32
0.32
0.16
0.64
0.8
0.64
0.8
0
0.48
0.64
1.28
1.44
1.6
1.44
1.12
0.48
1.76
1.12
1.28
1.6
0.96
0.8
0.32
0.64
0.32
0
0.48
0.96
2.4
1.44
1.76
1.76
0.96
1.6
1.12
0.8
1.44
1.28
1.6
1.28
2.08
1.92
0.16
0.16
0.8
0.48
1.28
0.32
0.64
1.76
0.32
2.4
1.44
1.44
1.44
1.92
1.6
1.6
1.28
0.8
1.6
1.92
0.8
0.64
0.32
0.16
1.12
1.44
1.44
2.08
0.8
0.96
2.88
1.12
1.92
0.96
2.24
1.12
1.28
2.4
1.44
1.76
1.12
0.48
0.48
0.32
0.8
0.32
1.28
1.44
2.4
2.08
1.92
1.6
1.6
0.8
1.12
1.12
0.96
1.12
1.28
1.28
1.92
0.48
0.32
1.12
0.32
0.64
1.12
1.12
4.16
2.72
1.44
3.2
3.84
6.08
4.16
3.84
5.12
6.56
5.12
3.84
3.68
2.4
1.44
1.12
1.12
3.36
6.4
4.16
5.92
1.28
2.24
1.92
1.12
3.84
3.2
4.48
4.32
4.32
4.64
4
4.48
0.32
0.32
0.48
1.76
8
7.68
8.64
1.44
2.24
3.2
2.08
4.8
4.8
4.96
5.12
4.48
4.32
6.08
3.68
5.6
2.8
0.48
0.16
3.84
6.88
6.56
4.8
5.6
8.64
6.72
8
8.8
9.76
10.24
7.2
9.44
8.32
8.64
8
5.76
3.68
3.84
5.44
6.24
2.88
3.68
4
1.44
4
4.16
3.2
4.96
4.48
7.84
8
7.84
6.08
5.6
6.24
5.92
6.88
8
8.32
4.96
7.04
4.48
10.56
5.76
4.48
4
5.12
5.28
3.68
3.52
9.12
10.72
11.36
12.16
7.04
5.44
5.12
4.64
5.12
3.68
9.6
8.64
7.84
3.36
5.6
5.92
5.12
9.6
8
7.84
5.12
4.32
10.56
8.48
7.36
5.6
5.92
5.44
5.28
4.96
8.96
6.88
8.32
8.16
8.64
8.8
12.64
12
15.2
6.72
5.44
3.84
4
9.76
9.12
9.28
9.44
11.04
3.68
6.08
5.6
5.76
5.28
4.96
4
3.68
9.44
6.88
10.88
14.56
11.68
9.28
8.64
8.16
6.72
3.36
4.32
9.76
4.16
10.4
10.08
7.36
7.2
9.44
10.88
10.08
7.04
9.44
5.12
7.04
5.6
4.48
4.64
4.8
5.44
9.76
12
6.24
9.92
16.16
10.4
10.24
7.52
11.36
8.64
11.2
5.12
7.84
5.6
10.24
6.56
3.36
4.32
4.48
6.24
10.4
10.24
6.24
12.48
10.4
8.48
8.8
7.68
10.56
7.2
10.24
10.88
13.44
10.88
9.28
7.84
11.04
8.64
13.44
10.72
10.56
3.84
9.92
7.52
9.12
13.6
10.88
8.8
9.12
9.92
14.08
10.24
9.12
11.52
10.72
8.48
8
6.4
7.04
10.4
10.4
6.88
12.32
8.64
10.88
7.04
7.68
8.64
7.52
6.88
7.52
8.32
8
9.6
8.64
10.24
8.96
10.56
9.6
9.76
2.72
5.76
8.16
10.24
9.76
11.2
9.6
7.84
10.72
13.92
8.64
10.08
9.6
2.08
10.4
8.8
9.92
10.4
9.12
8.96
4.16
6.56
10.24
8.16
11.04
13.44
10.08
8.48
9.92
6.56
4.64
4
8.96
7.36
8.96
11.36
9.76
12.64
15.36
8.16
9.92
10.08
8
11.52
10.24
7.68
14.24
14.4
15.36
11.04
15.04
13.28
16.32
15.04
15.2
14.72
14.56
12.64
13.12
9.28
14.88
14.24
12.96
15.04
12.32
7.04
11.68
13.28
12.64
12
12.32
13.6
13.44
13.12
14.24
11.84
12.96
14.08
7.52
10.88
11.52
11.52
11.84
17.28
14.72
15.68
14.4
16.32
15.2
15.84
13.92
13.12
14.56
15.68
14.72
12
12.96
11.84
6.24
12.32
12.96
12.64
12.64
12
12.16
13.44
13.12
13.76
13.92
14.72
14.4
13.6
11.84
12.96
12.48
15.2
14.4
5.92
14.72
14.56
9.12
13.92
14.56
13.44
13.92
14.4
15.04
14.88
8.96
12.64
9.92
10.24
8.8
9.28
11.04
13.76
12.32
7.84
15.68
16.96
11.68
8.16
16.32
11.04
9.44
8
8.48
13.12
14.56
13.7067
14.4
14.56
16
16.32
7.84
16.96
17.6
16.32
17.04
13.6
9.6
7.36
12.8
12.32
12.32
9.28
12.8
15.2
17.12
14.56
13.92
15.68
15.68
7.68
16.32
18.24
15.84
16.48
16
15.68
17.36
16.32
16
16.16
15.68
15.36
17.6
17.6
17.28
15.84
17.6
8.48
17.44
14.24
15.84
15.2
15.2
15.36
16.32
17.92
15.04
16.64
17.92
16.32
16
14.88
16.64
14.88
15.2
16.48
17.6
8.64
14.72
16.96
16.8
14.88
14.72
16.64
16.96
17.76
15.68
16.48
18.08
16.16
16.96
14.4
13.28
12.96
11.52
17.12
8.8
16.32
17.44
16.32
15.68
17.76
16.64
18.4
16.48
13.76
16.48
17.28
15.6
16.16
17.44
15.68
15.52
15.52
15.2
6.24
13.44
12.32
14.56
17.28
15.2
16.16
17.12
15.36
14.88
16.64
19.04
14.88
14.88
15.36
16.8
17.44
18.4
17.44
9.6
15.84
14.24
16.64
16.8
17.6
15.04
17.12
16.64
17.44
17.6
17.28
17.44
17.6
18.4
16.64
18.88
15.68
16.64
6.88
17.6
16.64
18.08
18.4
17.44
17.44
19.2
16.16
12.16
18.08
17.6
17.12
19.04
14.88
16.48
17.28
14.72
15.52
8.64
17.28
17.92
15.68
12.16
18.4
16.64
13.6
16.16
15.36
13.76
16.32
13.92
13.6
9.6
12.48
11.6
14.56
19.04
7.52
18.24
17.12
17.76
18.4
14.4
17.92
15.12
10.24
15.52
13.12
12.8
12.8
13.92
18.24
18.4
18.4
8.64
19.2
18.4
18.4
17.76
18.4
14.08
13.12
18.4
15.04
18.24
10.56
14.72
16.48
16.96
15.84
16.64
19.2
15.36
18.4
8.64
9.44
13.28
16.32
17.76
18.24
17.6
18.4
17.44
19.2
17.6
18.4
18.24
17.28
15.52
17.28
14.24
16.32
8.96
16.32
18.08
12.96
13.92
12.32
11.84
14.24
11.52
15.12
15.2
15.68
16.64
17.28
17.6
14.5067
16.16
2.4
7.04
9.68
9.6
6.72
8.96
7.2
6.4
5.12
4
7.52
17.44
17.6
18.72
18.08
18.72
9.44
18.08
5.84
4.16
1.92
0.96
1.28
2.08
0.8
2.08
1.76
1.92
2.24
2.72
0.96
2.24
1.28
1.76
1.28
3.04
1.92
1.44
1.6
3.2
1.6
1.6
1.28
1.44
1.44
1.28
1.6
1.12
1.44
0.96
0.64
1.6
2.56
1.28
1.92
0.96
0.64
1.12
0.8
1.44
1.6
0.8
0.96
1.6
0.96
1.92
1.76
1.28
1.12
1.28
1.6
1.44
1.6
1.28
1.12
0.8
1.44
0.8
0.64
0.64
2.08
1.12
1.28
2.24
1.12
0.8
0.8
0.96
1.44
0.8
1.12
0.96
0
0.8
0.32
1.12
1.12
1.12
0.8
0.64
0.64
0.48
1.12
0.64
0.32
1.12
0.64
0.64
0.64
0.16
0.96
1.12
0.16
0.8
0.72
1.12
0.8
0.96
0.48
0.64
0.48
0.96
0.8
1.28
0.32
0.8
0.32
0.64
0.8
1.12
0.16
0.32
1.12
0.64
0.48
0.96
0.8
0.8
0.96
0.48
0.96
0.48
0.8
0.96
0.64
0.48
1.12
1.28
0.48
0.64
0.32
0.8
0.96
0.96
0.96
0.64
1.12
0.48
0.64
0.8
1.12
1.28
0.8
0.64
1.28
0.8
0.64
0.48
1.12
0.96
0.96
0.64
1.6
0.8
0.64
0.64
0.8
0.96
1.12
0.8
0.48
0.8
0.64
0.48
0.96
1.12
0.48
0.8
0.64
0.64
0.96
0.96
1.28
1.12
1.12
0.8
0.64
0.48
1.28
0.48
0.48
0.96
0.96
0.16
1.28
0.16
1.28
1.12
0.96
1.12
0.64
0.8
0.48
0.8
0.96
0.8
0.8
0.8
1.6
0.64
0.96
0.48
0.32
0.16
0.64
1.12
0.96
1.28
0.32
0.96
0.64
1.12
0.48
1.6
0.96
0.32
0.8
0.96
0.8
0.8
1.12
1.12
1.6
1.28
1.44
1.28
0.64
0.8
1.6
1.44
0.96
0.96
0.48
0.96
0.48
0.96
0.64
1.12
1.28
0.64
0.48
0.96
0.32
0.96
1.12
0.48
1.28
0.96
1.44
0.96
1.12
0.8
0.48
0.8
1.12
1.6
0.96
0.32
0.8
0.96
1.12
0.48
1.12
0.32
1.44
0.96
0.96
0.96
0.96
0.48
1.76
0.8
1.12
0.64
0.48
0.8
0.96
1.44
0.64
0.96
0.8
0.96
0.64
0.96
0.64
1.28
1.12
0.96
0.32
0.8
0.48
0.64
0.32
1.6
0.8
1.12
0.64
0.8
0.8
0.96
0.64
0.48
1.76
0.48
0.32
0.8
1.28
0.32
1.12
0.16
0.48
1.12
