4.12516
4.8
1.6
3.41333
3.68
4.16
3.04
2.88
2.88
3.92
4.56
3.36
4.64
4.16
4.96
3.36
3.84
2.56
3.52
4.8
3.68
2.56
4.96
3.84
4.16
3.2
4.32
3.2
2.72
3.68
3.36
3.2
3.36
4
3.36
3.68
4.48
2.88
3.36
3.36
3.04
5.92
4.16
3.84
5.28
4.8
4.56
4.32
3.36
4.96
3.68
2.88
3.36
3.36
4.16
4.48
5.6
4.64
5.12
6.72
3.04
3.04
6.56
4.8
5.92
5.44
3.52
5.76
2.88
4.32
5.92
3.36
4.16
4.96
6.88
3.2
3.84
3.2
4
5.44
6.24
5.28
5.44
5.36
5.12
5.12
3.36
4.64
4.8
7.04
5.12
2.08
5.6
5.6
4.64
2.72
5.44
3.2
3.2
5.92
4
5.92
4.64
6.08
2.56
6.24
5.12
3.2
7.52
4.96
1.6
5.76
5.12
5.6
3.68
4.8
5.76
7.04
3.84
4.8
5.6
4.64
6.88
3.84
3.2
7.36
4.8
7.36
3.36
3.04
4
5.44
4.96
6.24
3.68
5.28
4.96
7.84
2.56
3.36
6.24
5.76
5.76
3.04
4.16
4.8
4.8
6.88
6.72
1.92
5.44
4.96
5.6
6.56
3.36
2.72
5.28
6.4
6.24
4.64
3.2
4.32
5.44
7.04
5.12
3.68
3.68
4.96
5.44
4.64
2.72
3.36
5.6
4.96
5.92
3.68
6.72
2.72
5.92
5.6
4.64
5.76
5.28
5.28
4.8
4.48
5.12
5.12
2.56
4.96
4.64
4.96
4.32
5.28
6.24
7.2
7.68
2.56
5.6
7.2
3.52
4.64
6.56
5.76
2.72
5.44
4.64
3.52
5.92
4.32
5.44
3.68
8.16
4.8
4.64
4.96
6.4
4.96
4.8
6.4
3.36
7.52
3.36
5.12
6.4
1.92
2.24
4.48
4.64
8.8
3.2
6.08
3.36
5.12
5.44
7.2
3.84
6.08
8.64
3.36
4.16
5.76
5.12
5.44
6.56
4.16
3.68
7.2
3.52
5.92
5.28
6.88
3.52
5.76
8.64
4.48
5.76
6.4
4.48
5.28
5.44
8
3.84
6.88
5.12
3.2
7.84
5.76
2.24
4.32
4.96
6.4
7.2
5.44
4.64
7.68
3.52
4.8
7.52
5.76
5.12
4.48
4.8
8.48
2.08
5.76
8
5.12
2.72
4.64
8.32
4.32
5.6
4.96
9.44
3.36
5.76
8.16
3.36
4.32
7.36
3.68
4.16
1.76
5.12
4.64
5.28
6.08
6.88
3.68
5.44
6.88
4.8
5.6
4.64
4.16
6.24
4.16
5.76
4.64
5.76
2.72
2.88
4
3.84
5.44
3.2
4
3.52
4
4.96
3.68
4.16
3.2
3.04
3.04
3.36
4.32
3.68
3.36
3.2
3.2
2.24
3.52
5.12
3.2
4
3.36
3.36
4.96
3.84
3.04
3.68
3.68
4
3.84
2.88
2.88
4.64
4.48
4.48
3.68
2.88
4.48
5.92
2.56
4.8
5.28
4.32
3.36
4.64
4.48
4.96
3.36
4.64
5.44
3.2
4.16
3.04
4.8
3.84
2.56
3.84
3.2
4.64
2.72
4.16
4.48
6.08
3.2
4
4.32
2.88
3.36
2.88
4.8
3.52
3.2
3.68
3.52
2.88
2.24
3.68
3.68
3.52
4.96
3.2
3.36
4.64
2.56
3.84
3.04
3.68
4.64
4.48
3.04
4.96
3.04
2.72
3.84
1.6
2.88
4
2.08
2.88
2.72
4.32
4
4.16
3.2
3.36
3.84
3.2
2.56
2.4
4
2.88
3.2
2.56
2.4
2.24
2.24
2.4
2.4
2.08
2.08
2.72
2.72
3.36
1.92
2.24
2.56
1.44
2.72
2.08
2.56
1.76
2.24
2.88
1.6
2.56
1.92
1.44
3.04
2.56
2.24
1.76
2.08
2.72
3.04
2.56
2.56
2.08
2.72
2.88
1.92
2.4
2.72
2.08
1.92
2.56
2.56
2.08
2.56
3.68
2.88
2.24
2.24
2.24
2.24
3.04
3.36
2.24
0.8
3.2
1.44
1.76
2.08
2.56
2.4
3.04
3.36
2.24
2.72
2.4
2.56
1.92
2.4
2.88
3.52
1.92
2.72
2.72
2.56
1.6
2.56
1.92
2.72
1.44
3.04
2.4
2.24
2.24
2.4
1.76
2.88
1.44
3.36
2.56
2.24
3.04
2.24
3.2
2.88
1.92
2.08
2.72
1.76
1.76
2.4
2.08
3.04
1.44
1.6
3.04
2.72
2.08
2.24
1.6
3.04
2.24
1.92
2.4
2.88
2.56
2.4
2.08
2.4
2.88
3.84
2.56
2.08
3.2
3.04
2.24
3.36
2.4
2.4
2.56
1.92
2.4
3.04
1.76
3.84
2.56
3.04
2.72
2.56
3.04
3.2
2.88
2.88
3.2
2.08
2.4
2.88
2.4
3.68
3.2
3.04
2.24
2.72
3.52
2.4
1.76
2.56
1.76
2.72
2.4
3.04
2.08
1.6
3.52
1.6
2.08
1.92
3.52
3.04
2.08
2.4
4
2.56
2.24
2.24
1.92
1.6
1.92
1.92
2.88
2.24
2.72
1.6
1.44
2.4
1.6
2.88
3.52
3.04
2.08
2.4
2.08
2.08
1.6
2.24
1.44
2.72
1.92
2.08
2.72
3.2
1.6
2.08
1.76
2.72
2.24
2.08
2.08
2.72
1.6
2.24
1.76
1.28
3.36
2.08
1.92
2.72
1.12
1.92
2.72
2.4
2.4
2.56
2.4
1.92
1.76
1.44
3.04
1.92
2.56
3.04
3.36
1.92
1.44
2.4
2.08
2.88
3.36
2.72
3.36
2.72
1.12
1.92
2.08
2.88
3.36
3.04
2.4
1.76
2.08
1.76
1.44
2.88
1.92
1.6
2.72
1.92
2.08
1.6
1.44
1.76
2.08
2.24
2.88
1.92
2.4
2.72
1.6
1.44
1.28
2.24
1.44
2.08
2.88
2.72
1.92
1.44
1.76
1.12
1.76
1.76
2.24
1.28
2.08
1.44
2.08
1.92
2.56
2.88
1.44
2.56
2.56
1.6
2.08
1.44
1.76
1.28
1.76
1.28
0.96
1.44
1.12
0.96
1.28
1.6
1.12
0.96
0.48
1.28
0.64
0.48
1.28
0.96
0.8
2.24
0.8
1.92
1.44
0.64
1.44
1.28
0.48
1.28
0.96
0.64
1.28
1.44
1.28
0.8
0.8
1.44
1.76
1.28
1.44
1.92
0.96
0.8
0.64
1.76
0.96
1.6
1.92
0.8
0.64
1.44
1.28
1.44
0.48
1.12
1.44
0.96
0.96
0.8
1.12
1.12
1.12
0.96
1.76
1.44
2.08
1.92
0.8
1.6
1.44
1.76
1.6
0.96
1.12
1.44
0.64
0.64
0.96
1.44
1.28
0.8
1.76
0.64
1.6
0.8
1.44
1.28
0.8
0.8
1.28
1.44
1.76
2.08
1.6
1.92
1.6
1.6
1.44
1.44
1.44
0.96
2.24
1.6
1.12
1.6
2.24
1.44
1.76
0.96
2.4
1.92
1.76
1.6
2.08
2.56
1.44
2.56
0.96
1.44
2.4
1.6
1.76
2.4
1.92
1.28
2.24
1.76
1.28
1.6
1.28
0.8
2.08
2.08
1.6
1.6
1.12
1.6
2.08
0.96
0.8
1.6
1.12
2.24
0.8
1.12
1.28
1.12
1.76
0.32
2.08
1.92
1.28
2.24
0.96
1.44
1.12
2.24
1.28
1.12
1.12
1.28
1.92
1.12
0.96
2.56
1.6
2.4
1.44
1.12
1.44
2.4
1.92
3.2
1.44
1.28
1.92
1.28
1.28
2.4
2.4
1.28
1.44
0.96
0.8
1.28
1.28
1.76
1.6
0.96
2.4
1.6
0.8
1.92
1.28
1.12
0.8
0.96
0.64
1.28
1.28
0.8
1.12
0.48
1.28
1.12
0.8
1.28
1.12
1.6
1.12
0.96
0.48
1.12
0.96
0.8
1.12
1.44
0.96
1.28
1.92
1.12
0.8
2.08
1.6
0.8
0.8
0.64
1.28
1.28
2.4
0.8
0.96
1.12
0.8
0.64
1.44
1.44
1.12
1.6
1.92
1.28
1.44
0.96
1.28
1.12
1.28
1.12
1.28
1.12
0.64
0.96
1.12
1.44
2.08
0.48
1.28
1.44
0.64
1.12
1.28
0.8
1.92
1.28
1.44
1.76
0.8
1.28
1.28
1.76
1.28
1.28
1.44
0.64
1.28
1.12
0.64
1.12
0.8
2.08
0.96
0.96
1.44
1.92
1.6
1.76
1.12
1.44
1.44
0.64
1.44
0.64
0.96
1.12
1.28
1.12
1.76
0.96
1.76
0.8
1.44
1.28
1.6
1.6
1.76
1.44
1.12
1.92
1.6
0.96
0.64
0.8
0.48
1.12
1.44
1.92
0.64
1.12
0.8
0.96
0.96
2.24
1.12
1.92
0.48
0.96
1.6
1.28
1.12
2.08
0.96
0.64
1.12
0.8
0.96
1.28
1.6
1.28
1.12
1.28
1.28
1.28
0.96
1.28
1.76
0.8
1.6
1.44
1.44
0.88
1.28
2.08
1.76
0.64
0.64
0.8
0.96
1.6
1.12
1.6
1.28
0.64
0.64
1.76
1.12
1.76
1.6
1.76
1.44
0.64
1.12
0.96
1.28
0.96
0.96
1.6
0.8
1.6
1.6
0.8
1.6
0.48
0.96
0.96
1.6
1.92
0.32
1.28
1.6
1.12
1.6
2.24
0.96
0.8
0.8
0.64
1.6
0.8
1.44
1.6
1.6
1.28
1.28
1.6
1.76
1.12
1.6
1.28
0.64
1.76
1.12
0.48
1.44
1.28
1.12
0.64
1.28
1.12
0.8
0.64
0.48
0.8
1.92
0.96
0.96
1.6
0.96
0.64
0.8
0.8
1.28
0.32
1.6
0.96
1.44
1.28
1.28
0.8
0.96
1.44
1.28
1.44
1.28
0.8
1.44
1.12
2.24
0.48
1.6
1.12
1.12
1.44
1.12
1.28
0.64
1.6
1.12
1.44
1.44
0.32
1.76
0.48
1.44
1.44
1.76
0.8
1.12
0.8
0.64
1.92
1.28
0.96
1.6
1.44
0.96
1.44
1.92
1.28
1.28
1.12
0.48
1.12
0.64
1.12
1.28
0.96
0.8
0.48
0.8
0.48
0.8
1.44
0.64
1.92
1.12
0.96
1.12
1.28
1.44
1.44
1.12
1.12
1.76
1.44
0.96
0.96
1.44
1.28
1.44
1.12
0.64
2.08
1.28
1.6
1.76
1.44
0.96
1.76
0.48
0.8
0.8
0.48
0.96
1.28
1.28
0.32
0.96
0.8
1.44
0.64
1.28
1.44
1.28
0.96
1.6
2.72
1.44
1.44
1.44
1.92
0.96
0.8
1.76
2.4
1.28
1.6
0.8
1.44
1.12
2.4
1.76
1.92
1.6
1.12
0.96
0.64
1.92
1.28
1.28
0.8
0.64
1.28
1.28
1.12
1.6
1.12
0.64
1.28
1.12
1.44
1.76
0.64
0.8
0.96
2.08
0.8
0.64
0.96
1.28
0.8
1.6
0.96
0.64
0.64
1.28
1.12
0.8
1.6
0.8
2.24
1.44
1.12
0.96
0.8
1.12
0.96
1.44
1.12
1.6
1.92
0.96
0.48
1.12
0.96
0.64
0.96
0.96
1.76
0.48
0.32
1.44
1.12
2.08
1.28
0.8
0.96
0.96
0.64
1.6
0.96
1.28
1.28
1.28
1.28
1.6
1.28
0.96
1.28
0.64
1.76
2.24
1.28
0.8
1.44
0.64
1.92
2.88
2.72
2.4
1.76
0.32
2.08
1.28
1.28
0.96
0.96
1.12
2.4
1.28
1.76
0.48
1.76
1.44
1.12
0.96
1.76
1.92
1.44
0.96
1.28
0.96
1.44
1.6
1.28
1.28
1.6
0.96
1.12
0.96
1.6
1.12
1.12
1.44
0.32
1.6
1.6
1.6
2.72
1.28
1.92
1.6
3.04
2.72
1.92
1.76
2.24
1.12
0.8
1.12
1.76
0.8
1.28
1.92
2.56
2.56
1.76
2.24
1.28
0.96
1.44
1.76
2.4
2.24
2.4
2.08
1.44
2.24
1.6
2.24
2.88
2.88
4.16
4
2.88
2.56
1.92
2.24
2.24
1.44
1.76
3.2
4
4
3.36
4.48
4.32
4.16
3.04
3.84
4.48
3.36
4.64
5.28
5.44
5.76
3.52
4.8
5.6
2.08
4.48
4.32
3.14667
2.08
4.48
5.28
3.84
3.2
4
3.2
2.72
3.52
5.12
4.96
3.04
6.72
3.68
1.92
3.2
4.8
4.32
3.68
3.68
3.04
3.68
3.84
4.16
4.64
5.44
4.96
3.52
2.08
1.92
1.28
1.76
3.36
4.32
3.36
1.92
3.68
3.04
3.36
2.08
3.2
3.04
2.4
2.24
1.12
2.4
1.12
0.96
1.28
0.32
1.76
0.96
0.8
1.12
1.92
1.12
1.44
0.32
1.12
0.96
0.96
1.6
1.12
1.44
1.44
1.44
2.24
1.44
1.6
1.12
1.28
1.28
1.28
2.08
1.28
1.28
0.64
1.12
1.28
1.28
2.08
2.4
3.04
2.56
1.92
2.88
3.2
2.56
1.76
2.56
1.92
0.8
0.8
2.08
0.8
1.44
3.84
4.16
3.36
3.2
2.56
2.88
2.72
3.2
1.44
4.96
4.16
2.08
4
3.68
2.88
2.08
1.28
0.64
0.96
1.28
2.24
3.2
3.52
4.32
2.72
3.04
3.68
4
4.8
3.04
3.36
4.16
2.24
2.88
5.44
3.04
2.56
1.28
2.24
2.56
2.56
4.16
4.32
7.2
8.8
5.12
7.36
5.92
4.16
4.48
2.56
6.72
7.04
7.04
4.48
3.84
2.24
6.72
13.12
10.08
11.36
12.16
11.36
10.88
7.68
7.84
4.32
3.52
4.96
4.64
8
8.32
8
9.12
5.12
5.28
2.08
3.52
2.24
3.2
4.64
4
5.76
4.32
5.28
2
1.65333
1.84
3.52
3.04
6.56
4.96
2
1.6
1.28
5.28
10.24
9.92
10.72
10.24
11.52
6.24
5.12
4.96
7.04
6.88
6.24
5.92
4.8
7.04
8.32
9.44
10.4
6.4
3.52
4.64
7.84
7.84
8.32
9.6
6.24
7.36
8.16
7.36
7.36
10.08
13.76
6.24
13.6
12.16
11.52
10.56
7.84
8.8
8.96
12.32
9.92
8.32
7.2
8.48
11.84
12.64
11.84
10.88
12
10.88
10.56
6.24
8.96
8.16
9.92
6.72
7.52
8
10.88
12
12.32
11.84
10.08
6.72
7.84
12.32
5.92
9.28
8.64
5.76
3.36
6.08
4.64
6.08
3.84
8.32
13.44
13.44
15.68
10.72
6.4
8
8
8.96
11.52
9.28
11.68
9.92
11.52
9.92
3.68
10.88
10.08
9.28
9.92
12.16
12.96
10.88
10.56
9.92
10.24
9.92
10.08
8.48
8.64
8.8
10.72
7.52
4.48
2.4
7.68
11.04
11.84
7.04
9.92
11.2
10.4
14.56
11.04
9.44
8.8
11.68
15.84
11.52
13.6
10.24
12
8.8
11.68
8.48
8.48
9.12
8.16
4.64
6.88
7.36
6.4
5.28
6.24
8.16
8.16
13.12
9.28
9.28
11.04
9.92
10.56
11.52
6.72
13.28
13.44
12.64
13.92
12.48
10.24
11.36
12.8
12.16
14.24
13.12
10.08
11.04
10.4
12.48
8.32
10.56
9.6
9.6
6.24
10.08
11.52
9.92
10.88
10.72
10.08
14.08
11.68
12.96
12.8
10.88
9.6
10.72
8.8
12.16
8.64
7.36
10.24
4.32
7.04
8.96
5.44
12.32
10.72
8
9.28
16.32
14.4
15.84
14.56
12.8
11.68
8.96
8.32
7.52
9.76
14.56
12.48
6.08
11.36
12.8
12.8
13.76
10.72
13.76
15.04
15.36
12.96
12.8
12
15.84
16.48
15.36
16.64
13.44
16.16
12.32
6.56
14.88
13.76
12.32
12
15.68
14.08
8.16
7.04
6.72
9.44
10.56
12.16
14.72
13.12
16
13.36
10.96
7.84
13.28
16.64
17.12
13.6
10.24
13.04
13.12
14.4
12.96
16.8
9.6
8.96
8.16
10.72
14.08
8.8
16.16
5.44
14.08
8.16
14.24
11.04
12
7.84
10.4
12.8
7.52
9.6
7.84
6.4
7.52
10.24
9.76
11.04
9.92
11.52
9.28
4
7.2
11.04
8.32
9.12
11.84
13.824
8
10.4
9.6
9.6
9.76
10.56
10.88
14.24
15.36
14.24
14.08
15.2
12.64
14.88
16.08
11.68
16.24
17.44
16.96
17.84
17.12
16.16
12.8
8.64
16.32
13.44
17.6
15.84
15.84
17.92
13.92
14.4
14.08
9.12
15.84
12.96
14.88
17.28
11.84
15.68
17.6
12.64
7.84
15.2
18.08
12.8
15.84
12.48
10.56
16.64
16.64
14.56
14.08
13.44
14.24
15.84
14.4
10.72
10.24
9.28
11.52
12.64
6.88
16
11.52
16
14.88
13.6
13.92
11.36
8.32
7.84
10.08
9.44
9.28
10.56
11.12
9.76
11.52
9.28
6.56
11.68
13.12
12.56
10.04
10.6133
9.12
8
11.2
11.68
14.4
16.32
7.68
9.92
11.52
12.32
10.88
8.96
10.56
11.68
8.64
11.52
10.56
11.04
12
9.28
12.96
13.28
12.64
5.76
12.8
12.48
11.52
12.32
11.68
11.32
11.8933
13.6
14.24
13.76
13.4
13.44
16.16
14.4
17.12
14.72
13.2
14.24
14.88
15.2
12
16.16
17.12
16
14.64
8.48
15.36
16.8
15.2
15.52
15.2
14.72
17.92
15.2
13.44
15.36
16
13.44
15.2
12.32
13.6
14.4
12.32
13.44
8
14.88
17.12
15.04
15.84
14.72
15.84
11.04
17.12
11.52
15.52
14.72
15.52
12.64
16.48
15.76
7.36
9.28
10.56
8.48
14.56
15.84
10.24
14.56
8
14.72
16.48
14.08
17.28
12.64
16.8
16.32
15.52
14.4
12.96
4.16
12.64
17.12
14.88
14.4
16
17.6
15.04
16.48
18.24
18.4
16.64
13.44
7.68
13.12
15.36
18.24
16.48
16.64
9.12
15.04
18.56
13.28
15.68
15.2
16.32
16.96
7.68
17.6
15.52
15.52
17.04
8.96
15.84
16.96
6.08
18.08
16
17.12
15.04
13.6
13.12
9.76
10.08
8.64
13.12
17.28
16.8
17.12
13.28
8.48
12.48
14.4
15.68
9.76
14.48
13.76
17.76
14
15.52
14.24
16.64
13.12
13.28
16.24
6.08
17.12
9.44
18.08
16.48
10.72
18.24
14.4
11.68
16.32
15.84
15.68
14.64
16.96
16.64
15.52
6.88
16
16.16
14.24
8.96
14.56
14.08
12.64
15.2
15.2
16.96
14.88
8.8
14.72
16.8
16
16.32
7.2
17.28
14.72
15.68
14.4
14.96
16.16
14.08
5.12
16.48
17.28
15.2
13.92
17.44
14.08
16.8
15.52
6.56
7.52
15.52
13.12
10.08
15.52
17.6
15.84
15.84
17.12
14.56
16.16
14.08
15.68
17.76
15.2
11.68
7.52
16.64
17.12
8.16
15.68
15.36
13.92
13.2267
12.8
14.64
13.92
16.96
13.76
15.84
16.64
16.32
15.84
18.4
10.88
14.24
17.44
16
14.24
17.92
15.36
15.68
16.96
5.28
18.24
16.3733
12.32
16.64
16.16
16.32
16.08
7.68
11.36
14.4
17.44
17.48
18.88
17.92
9.6
8.16
13.84
14.88
12.16
15.52
15.68
17.44
7.68
12.32
19.2
13.6
17.92
12.16
13.76
17.12
19.2
16.16
15.36
16.16
16.16
16.64
18.56
16.96
16.8
8.8
12.32
12.96
17.12
18.24
17.04
9.12
16.16
13.52
16.24
15.68
14.56
12.16
7.68
8.96
16.32
8.8
16.32
15.52
17.44
17.44
15.04
17.76
14.72
13.76
16.16
14.72
17.92
15.2
16.64
13.6
7.52
15.68
16.08
14.56
16.48
10.88
12
16.32
12
15.84
14.4
11.36
18.08
14.4
16.48
12.64
18.56
6.88
16.48
13.12
13.76
15.52
16.4
15.36
16.64
15.84
15.04
16.96
19.04
16.96
14.96
12.24
17.92
15.68
8.64
17.6
17.12
19.2
15.52
14.4
7.68
14.72
14.24
14.56
9.92
8.32
11.52
13.76
16.84
8.8
17.28
15.776
16.32
16.64
16.52
15.52
15.12
15.84
16.64
14.72
15.36
8.48
14.08
16.16
13.92
16.96
13.28
16.16
16.48
13.6
11.52
15.04
17.28
13.28
18.88
11.44
18.8
14.08
19.04
15.2
15.68
16.96
16.32
15.2
17.28
17.76
14.4
17.12
16.16
14.56
9.44
16.32
15.52
11.36
17.28
15.24
15.2
15.04
14.72
12.48
16
13.76
15.76
16.8
7.04
16.2133
15.0691
16.32
11.64
5.984
5.12
4.48
6.08
4.16
2.24
2.56
5.28
15.36
12.48
8.48
3.04
1.44
1.92
1.12
1.92
1.12
2.08
1.92
2.88
1.6
2.08
1.76
1.76
2.24
0.8
1.12
1.76
2.08
2.08
1.92
1.12
1.76
1.6
1.6
1.6
1.6
1.12
1.76
2.4
0.96
1.44
2.56
1.92
0.96
1.12
1.12
1.6
1.6
1.28
2.08
1.28
0.8
0.96
1.12
0.8
1.12
1.44
1.28
0.96
1.12
1.44
1.44
1.92
1.92
1.12
1.28
0.96
0.8
1.28
2.08
1.92
0.48
0.48
0.8
1.28
0.64
0.8
1.6
1.44
1.6
1.12
1.28
1.28
1.36
1.12
1.12
1.44
0.96
1.28
0.96
0.32
0.48
1.12
0.64
0.64
1.12
1.12
1.12
1.12
0.64
1.44
1.12
1.28
0.96
1.12
1.12
0.48
2.24
1.92
1.12
0.48
1.28
0.96
1.6
1.6
0.8
1.76
1.28
0.96
1.44
1.44
1.44
0.96
0.96
1.28
1.28
0.96
1.6
0.64
0.48
1.6
0.48
2.08
1.28
0.8
1.44
1.12
1.6
1.12
0.96
2.4
1.6
0.96
0.8
1.44
0.8
1.12
1.28
0.64
1.92
1.44
1.6
0
1.6
2.24
1.28
1.12
1.76
1.44
1.76
0.96
1.12
0.8
0.8
1.28
0.64
1.44
0.48
1.92
1.04
1.6
0.96
0.96
0.64
1.12
0.48
1.12
0.48
1.28
1.92
1.12
0.8
1.28
0.96
1.12
1.44
0.8
1.12
0.64
0.48
0.48
0.96
1.6
0.64
1.28
0.64
1.6
1.12
0.96
0.48
1.6
1.28
0.64
0.48
1.12
0.8
1.12
1.44
1.28
1.12
1.28
1.44
0.8
0.8
1.44
1.12
1.6
1.12
1.28
0.48
1.12
0.64
1.6
1.28
0.8
1.12
1.12
1.12
1.44
0.64
0.8
1.12
1.6
1.92
1.44
1.6
1.92
0.96
1.28
0.64
1.12
1.44
1.44
0.8
0.96
1.6
0.96
1.12
0.96
0.64
0.8
1.6
1.6
1.6
0.96
1.6
1.12
1.12
0.64
1.6
1.92
1.28
1.92
0.96
0.48
1.12
1.28
1.44
1.44
0.8
1.28
0.8
1.12
1.6
2.08
1.44
1.44
0.96
1.44
0.8
1.76
1.28
1.28
1.44
0.96
1.44
1.44
1.12
0.8
1.12
0.64
1.76
1.12
1.76
0.64
0.8
1.12
1.92
0.96
1.12
0.64
0.96
1.12
0.32
1.44
0.64
1.6
0.8
0.96
1.6
1.12
0.64
1.44
1.44
0.8
0.64
1.6
1.44
1.28
1.76
1.6
1.28
1.28
1.12
0.8
1.12
1.28
1.6
0.8
0.64
2.08
1.44
1.28
0.96
2.08
0.64
1.12
1.12
1.92
0.64
1.28
0.8
0.96
1.92
1.76
1.28
1.12
2.08
1.12
1.6
1.76
