0
51000
0
0
1000
0
0
1367
535
102
766
232
780
0
0
1
0
448
653
1
0
1
0
1117
0
0
0
1303
699
0
601
1
395
1
998
0
0
0
577
1
429
0
0
992
0
0
1004
998
0
999
0
1001
0
1000
1000
0
0
564
437
0
0
981
0
0
1016
0
1002
0
758
243
0
998
0
0
0
1001
0
0
2001
997
1001
0
109
604
134
1999
0
2750
1248
0
154
175
995
1001
1003
0
1001
1001
1000
999
1000
121
884
315
693
993
691
995
1001
1000
1998
1000
1002
999
1
999
1001
1002
0
1001
999
1001
361
996
1002
999
1138
0
550
453
1002
0
999
1000
1003
999
1998
0
1000
1003
0
999
1000
1001
1004
1000
2993
2001
0
999
3000
0
1000
0
1005
996
0
1000
1004
995
1000
1004
1996
855
147
998
446
557
894
1510
490
2001
0
0
1004
1996
0
1000
1002
0
1001
1001
1539
66
937
924
998
1003
1002
997
1998
0
482
522
997
1000
1684
317
1002
0
1002
1003
998
998
999
1000
999
1002
3997
1000
0
1002
1000
998
2001
0
999
0
1002
0
1000
1002
997
278
1000
1
355
8
1003
998
43
957
1000
1002
1002
999
0
1000
1004
1108
0
1006
0
999
717
1002
999
714
286
1000
1000
2999
0
1000
1003
0
1002
40
1001
0
714
1004
0
1002
1331
449
2001
701
1298
0
1000
2001
2000
0
999
0
1003
1003
0
995
61
280
1000
1004
2995
0
1000
1003
0
4997
0
1000
0
0
1002
1005
0
995
1490
1109
1003
0
374
136
1005
0
1999
996
1000
1002
510
1370
0
1007
0
994
205
1998
0
2002
1708
1291
0
999
1003
1998
0
995
4
1002
0
1002
1
672
997
1001
1000
1001
0
1002
1005
999
2908
1086
632
368
0
1000
1001
1005
2993
0
1000
1
1002
999
1998
474
528
1005
0
995
1001
1001
1000
1005
0
999
409
795
206
1000
1000
1821
176
826
1003
998
999
641
361
3000
1997
4
0
544
457
998
1001
0
743
2
1003
1002
999
998
998
82
790
1288
0
175
831
995
1003
340
38
135
997
1010
0
1002
999
1032
1005
0
1002
997
1000
1001
1100
0
1003
0
776
451
1024
1001
0
1004
1004
997
999
617
940
838
2674
0
0
2194
0
1174
0
1045
0
1065
1759
1127
470
3492
0
0
1039
1037
0
1007
1797
1158
289
3316
0
0
1071
0
1010
0
1101
1000
223
3574
0
0
0
1267
1217
0
1000
247
4600
0
0
0
0
1412
0
1013
0
1031
1030
1758
2436
0
0
1033
323
473
2046
0
0
2304
0
1759
0
370
1325
0
1785
0
1074
0
311
4808
0
0
0
0
1102
0
1505
960
525
959
2137
0
3698
0
0
0
1433
0
1041
0
1000
1071
994
453
3075
0
0
1478
1318
0
937
1366
1315
0
2200
0
1028
518
722
1167
3898
0
0
0
1335
0
1038
0
1003
1001
2895
0
0
3354
0
0
0
237
891
1000
1000
3594
0
0
0
3704
0
0
0
970
985
756
997
1111
1000
3831
0
0
0
1201
0
1122
0
2378
0
0
1037
1165
2820
0
0
1256
0
1041
0
997
2441
0
0
1287
2752
0
0
1658
0
904
998
1034
1205
811
3781
0
0
0
1302
1148
0
1038
0
1804
1851
0
1193
0
1486
0
2068
0
1670
0
1000
3829
0
0
0
1433
0
321
1226
3583
0
0
0
1458
0
1046
0
992
1004
1356
64
2396
0
0
861
1109
2474
0
0
1102
1122
0
1038
0
1003
1871
1310
0
725
348
967
960
1036
2440
0
0
1599
0
1008
0
1035
997
997
1003
1001
1071
1000
1012
1064
1311
1686
0
1047
0
1067
270
3175
0
0
0
836
1001
1000
1032
993
1785
1214
0
1009
0
1002
999
1037
962
1036
1096
2833
0
0
1177
0
1037
0
1001
1004
995
1000
1001
1007
965
1000
999
1000
1028
1001
1004
1000
995
973
999
1032
969
1027
1037
963
973
1027
971
1033
969
1027
1004
1075
925
1001
996
973
999
999
1000
1004
999
997
1001
1004
996
1001
998
1002
999
999
999
1004
999
1000
998
1002
999
1001
998
1003
999
998
999
1004
998
998
1002
1004
997
1001
997
1039
989
972
1030
972
1000
998
1032
969
999
1030
1002
1070
2451
0
0
1221
1338
0
1010
0
1001
998
1000
1073
960
1007
1213
0
1010
0
999
1000
999
1076
953
1004
998
1174
826
109
3694
0
0
1207
0
1012
0
996
1002
1000
999
999
1001
1001
999
1040
965
996
1001
1032
967
1030
1003
995
999
1005
1107
888
1005
1034
1511
788
1120
0
1041
0
1034
1000
3892
0
0
0
1118
0
1009
0
1001
1000
1001
1000
1002
1029
997
999
1001
999
1037
2612
0
0
1094
1332
0
1037
0
1000
972
1029
1100
989
465
2295
0
1247
0
1076
0
962
1003
1000
1033
1123
915
323
3776
0
0
0
1233
0
1011
0
1038
993
1036
1000
594
2853
0
0
1206
0
1013
0
1020
979
996
1001
1029
1004
995
1038
967
1594
1511
0
1075
0
1181
281
1749
0
1320
1985
0
1263
0
1106
0
969
1033
301
1813
0
1336
0
408
1109
0
1085
1905
0
2736
0
0
1147
1246
0
1010
0
999
1032
970
999
1034
995
1002
997
1073
930
1004
144
251
4497
0
0
0
1261
0
1008
0
1000
1039
961
1034
1372
1587
566
1854
0
1340
1248
0
1009
0
1000
1035
964
999
1032
970
1028
1001
516
1657
0
1588
1200
0
1044
0
995
1005
997
1002
998
1004
2086
0
0
954
970
1034
1170
1082
744
1003
1881
1194
0
1038
0
1074
434
1554
0
1486
1256
0
1007
0
1040
1103
76
1761
0
1298
0
1038
0
1014
1170
816
1034
1289
0
1009
0
1032
969
1029
1002
1144
1002
1501
710
1365
240
332
1001
1036
0
1038
1160
1311
938
1257
626
1439
0
1046
0
1065
1092
910
1071
1075
424
1437
3334
0
0
1012
1011
0
998
1029
972
999
1030
1003
1000
866
2765
0
0
848
1215
1102
1204
0
1008
0
1000
999
1000
1031
1456
1505
1889
0
1112
2993
0
0
1007
1007
0
1002
999
998
1001
1000
1001
998
1001
1030
1001
1037
2493
0
0
1123
913
511
768
1112
1000
3548
0
0
0
1004
1108
1233
1108
0
1041
0
1717
786
1373
0
1041
0
1711
939
951
3792
0
0
0
1233
954
1379
0
1011
0
998
1039
994
1107
131
1098
361
574
3203
0
0
1210
21
1037
0
2331
0
0
799
580
1996
0
1002
2154
0
0
768
1000
2425
0
0
2021
0
591
1108
0
1053
2124
0
0
2017
0
0
1300
687
1032
968
1008
1825
274
894
1015
0
1024
999
966
1029
1264
776
817
232
913
1462
0
171
3143
0
0
0
863
999
1000
1001
1000
1000
1000
999
1000
1689
2602
0
0
450
390
64
1121
898
991
500
1885
0
1096
1262
1194
997
1006
0
999
1001
998
1037
996
1413
475
526
2382
0
954
405
998
1074
0
1112
773
1650
0
2603
0
0
1000
1000
3542
0
0
0
748
712
949
995
1000
1034
1000
1145
1000
385
2451
0
1829
0
837
105
1038
0
1291
1510
0
710
398
1717
0
440
1043
564
886
1117
0
2212
0
0
2241
0
1551
0
1035
1001
1466
1037
1462
0
976
134
192
934
1035
969
1000
1000
1069
1002
840
1185
1938
0
1038
0
1006
0
1253
779
1409
460
1208
1002
471
544
1972
1987
0
1181
0
1462
1365
0
1006
0
1039
993
1001
976
1071
1207
1357
1002
1009
0
360
1907
0
2617
0
0
743
645
1033
965
1194
1939
0
585
499
668
1088
0
1382
2108
0
0
894
1001
1033
1375
772
835
822
844
1054
1001
0
73
1003
1039
0
1007
957
2055
0
0
1276
710
670
103
1656
48
1004
1013
0
1064
2602
0
0
857
580
463
203
981
56
1195
944
1550
0
1018
0
1087
898
1031
1788
180
1063
0
1008
0
998
1002
1998
0
1113
0
1000
1127
806
1519
0
311
698
1006
0
999
1001
1001
997
1000
1002
999
1743
290
966
1006
0
999
1202
897
934
1432
941
1505
999
1003
0
1036
996
1134
898
1428
540
495
710
1043
0
962
1034
1006
1082
1804
1347
0
1268
1353
981
1054
0
1005
0
1036
1142
822
999
1002
997
1001
999
1002
998
1001
1000
1000
999
1002
999
999
1000
1000
1001
1000
108
218
1002
1002
0
1001
999
1000
1001
999
1002
0
856
1005
0
999
1001
1000
1001
0
1000
1001
1001
0
999
1002
0
1000
999
999
1002
911
1051
999
1002
999
1001
999
1002
999
999
1003
0
999
1002
846
156
963
964
1000
1001
1000
999
1001
1001
998
1000
1001
1000
999
1001
1000
1000
999
1000
1001
1000
999
1000
1001
1000
1000
1001
999
1000
999
1002
1000
999
999
1000
1001
1000
1000
999
854
1056
1000
1001
1001
1000
999
1000
1001
1000
999
1000
1001
1001
998
1000
1001
1000
999
1000
1001
1000
999
932
997
1002
999
1001
1000
1000
999
1002
999
1000
999
1002
999
1000
1000
999
1001
1000
999
1000
1002
999
1000
1000
1000
1000
1001
999
1000
999
1000
1001
1000
999
1002
999
1000
1000
1000
1000
1000
999
1001
1000
1000
999
1000
1001
1000
999
1000
1002
999
999
1002
999
1000
1001
968
997
1001
1001
999
1000
1001
1000
999
975
1024
699
1183
1000
1002
1000
1000
1000
1000
1000
999
1000
1001
1000
999
1000
904
1096
999
1001
1001
1001
998
1000
1001
1000
999
1000
1001
1000
999
1001
1000
1000
999
1002
999
1000
999
1001
1000
1000
999
1000
1001
1000
1000
1001
1000
999
1000
1001
999
1000
1000
1001
999
1000
999
1002
999
1000
999
1001
1002
0
999
1002
1000
999
999
1000
1004
0
999
1000
1001
1000
999
769
1154
999
1001
1002
1000
1000
998
1001
1001
999
979
1018
1001
1001
999
1000
1001
1000
999
1000
1001
1000
1000
999
1001
1000
999
1000
1002
999
999
1002
1001
0
999
1002
1000
999
999
1002
1001
0
999
1002
1000
846
728
834
1000
1000
1000
1001
1000
1000
999
1000
1001
1000
999
1000
1002
999
999
1002
838
163
924
1000
1001
1001
998
1001
1002
0
999
1000
1002
999
999
1000
1001
1000
999
1000
1001
1000
999
1002
999
1000
999
1000
1001
1000
999
1001
1000
1001
908
988
998
1001
1001
999
980
1019
1001
1000
1001
1000
1000
1000
1000
1000
999
1001
1001
999
744
999
1000
1002
998
1000
1002
999
999
1001
1000
1000
999
1001
1000
999
1001
587
416
505
460
414
275
999
1002
999
1000
1001
999
1000
1000
1001
999
1000
1000
1001
999
1000
1000
1001
1000
999
1000
1002
999
1000
1000
1000
999
1002
998
1001
1000
1001
786
215
1000
1003
1000
999
1000
1001
998
1001
1001
1000
998
1001
1001
998
999
1001
999
1001
999
909
1092
999
1000
1001
999
1001
999
1001
999
1001
999
1001
999
1001
999
1001
999
1001
999
1001
999
1001
999
1001
999
1001
999
1001
999
1001
999
1001
999
1001
999
1001
999
1001
999
1001
1000
1000
999
1001
999
1001
999
1001
999
1001
999
1001
999
1001
914
1086
999
1001
999
1001
999
1001
999
1001
999
1001
999
1001
999
1001
999
1001
999
1001
999
1001
999
1001
999
1001
999
1001
999
1001
999
1001
999
1001
999
1001
999
1001
999
1001
999
1001
999
1001
999
1001
999
1001
999
1001
999
1001
999
1001
999
1001
999
1001
999
1001
1000
1000
999
1001
1000
1000
999
1001
999
1001
999
1001
999
1001
999
1001
999
1001
999
1001
999
1001
1000
1000
999
1001
999
1001
999
1001
999
1001
999
1001
999
1001
999
1001
999
1001
59
1000
1002
895
967
997
1001
1000
919
997
1001
1000
1000
673
999
999
1001
1000
1000
1001
998
1001
999
1000
1000
1001
750
1249
1000
1001
1999
1000
1000
1001
999
1000
1000
1001
999
906
965
784
1320
1025
1000
1001
1000
999
1000
1001
999
1000
1000
1001
999
1000
1000
1001
1000
1000
999
814
1186
1000
1000
1001
999
1000
1000
1001
999
1000
1000
1001
999
1000
1000
1001
999
1000
1000
1001
999
1000
1000
1001
1000
999
0
1000
1001
1001
999
1000
1000
981
1018
892
1020
1000
1001
1001
1000
1001
999
1000
1000
1001
998
1000
1001
1000
999
1000
1001
1000
999
1000
1001
1000
999
1000
1001
1000
999
1001
1000
1000
999
1000
937
66
999
1001
1001
1001
998
1001
1001
999
999
1001
1000
1001
998
1000
1001
1000
999
1000
1001
1000
999
1000
766
1234
999
1002
1000
923
1038
1000
845
1156
744
1088
999
1002
1000
999
1003
0
998
1002
1001
0
1001
998
1001
1000
999
707
1292
999
1001
729
689
845
1001
964
39
1124
1000
1001
1001
1000
999
1000
1001
1000
999
1000
869
1131
924
790
1211
678
1080
1000
1002
1000
1000
1001
1000
852
1078
1069
998
1003
999
1001
1000
1000
999
1001
1000
582
419
502
998
1002
931
1067
998
1003
1000
1000
1000
1000
1002
0
1054
998
1003
1000
1000
1001
0
24
1004
0
808
1190
998
1003
1001
0
1001
1002
0
1001
0
966
38
1183
999
1003
968
1028
1002
1001
1001
0
1000
1001
0
1000
1000
1001
0
1000
908
1090
839
997
1004
0
1002
0
999
1000
1001
0
1000
1001
0
1000
1001
0
1002
999
1000
1002
0
1000
1000
1001
0
1000
1001
0
1000
1000
1001
0
1000
1000
1000
1002
0
1242
997
1003
1001
0
1000
1000
1000
1000
1001
0
1000
1000
1000
1001
0
1000
1000
1002
0
1000
999
1002
1000
1001
0
1000
1000
1001
0
1000
1000
1001
0
1000
1000
1001
0
1000
1000
1001
0
1002
998
1001
0
1068
999
839
1158
997
1003
1001
0
1000
1000
1002
0
1000
1000
911
94
999
1003
1000
1000
999
1000
1001
1000
999
1000
1001
1002
0
999
1001
1001
0
1000
1002
0
1000
1000
1000
1000
999
1001
1000
1000
999
1000
1003
0
999
1002
0
1000
1001
0
1145
999
950
1010
1001
1001
871
133
1001
1001
1000
999
1001
1000
999
1002
0
1000
999
1001
1001
0
999
1002
0
1000
999
942
65
938
1062
999
1004
0
998
995
1002
999
999
1000
1002
998
1002
998
1002
998
1001
1001
1000
998
1001
1001
999
999
1001
1001
787
1211
999
1001
1001
1000
999
1002
1000
998
1000
884
1036
979
999
1002
1000
999
1000
1000
1001
1000
999
1001
1000
1000
1000
999
1001
1001
998
1000
928
997
1000
1000
1001
999
994
1006
1001
999
1000
856
1144
882
1119
999
1001
1000
1000
999
1001
999
1000
1000
1001
999
1000
1000
1001
0
0
0
0
0
686
836
0
2583
2518
2453
839
1038
973
866
763
313
239
0
0
0
0
0
0
0
0
3
0
0
0
0
0
0
10
0
0
0
1083
1018
4191
4126
4061
3996
3931
2519
2454
2389
0
0
17507
17442
17377
17312
17247
17182
17117
17052
16987
16922
16857
16792
16727
16662
16597
16532
16467
16402
2849
2784
2719
213
1808
1743
816
2252
2187
2122
4588
4523
4458
4393
4328
0
10577
10512
10447
10382
10317
10252
10187
10122
10057
9992
9927
0
0
0
0
32844
32779
32714
32649
32584
32519
32454
32389
32324
32259
32194
32129
32064
31999
31934
31869
31804
31739
31674
31609
31544
31479
31414
31349
31284
31219
31154
31089
31024
30959
30894
30829
30764
24058
2671
2606
2541
909
566
1297
1232
23412
23347
23282
23217
23152
23087
23022
22957
22892
22827
22762
22697
22632
22567
22502
22437
22372
22307
22242
22177
22112
22047
21982
21917
4960
4895
4830
4765
4700
3595
6087
6022
5957
5892
5827
5762
5697
0
0
0
67360
67295
67230
67165
67100
67035
66970
66905
66840
66775
66710
66645
66580
66515
66450
66385
66320
66255
66190
66125
66060
65995
65930
65865
65800
65735
65670
65605
65540
65475
65410
65345
65280
65215
65150
65085
65020
64955
64890
64825
64760
64695
64630
64565
64500
64435
64370
64305
64240
64175
64110
64045
63980
63915
63850
63785
63720
63655
63590
63525
63460
63395
63330
63265
63200
63135
63070
63005
31333
31268
19337
813
2794
2729
2664
0
0
22549
22484
22419
22354
22289
22224
22159
22094
22029
21964
21899
21834
21769
21704
21639
21574
21509
21444
21379
21314
21249
21184
21119
23043
22978
22913
22848
22783
22718
22653
22588
22523
22458
22393
22328
22263
22198
22133
22068
22003
21938
21873
21808
21743
21678
21613
21548
43611
43546
43481
43416
43351
43286
43221
43156
43091
43026
42961
42896
42831
42766
42701
42636
42571
42506
42441
42376
42311
42246
42181
42116
42051
41986
41921
41856
41791
41726
41661
41596
41531
41466
41401
41336
41271
41206
41141
41076
41011
40946
40881
40816
29932
29867
29802
29737
29672
29607
29542
29477
29412
29347
29282
29217
0
47731
47666
47601
47536
47471
47406
47341
47276
47211
47146
47081
47016
46951
46886
46821
46756
46691
46626
46561
46496
46431
46366
46301
46236
46171
46106
46041
45976
45911
45846
45781
45716
45651
45586
45521
45456
45391
45326
45261
45196
45131
45066
45001
44936
44871
44806
44741
44676
32131
14740
14675
14610
14545
14480
14415
14350
14285
14220
14155
14090
14025
13960
13895
13830
43616
43551
43486
43421
43356
43291
43226
43161
43096
43031
42966
42901
42836
42771
42706
42641
42576
42511
42446
42381
42316
42251
42186
42121
42056
41991
41926
41861
41796
41731
41666
41601
41536
41471
41406
41341
41276
41211
41146
41081
41016
40951
40886
40821
21841
36396
36331
36266
36201
36136
36071
36006
35941
35876
35811
35746
35681
35616
35551
35486
35421
35356
35291
35226
35161
35096
35031
34966
34901
34836
34771
34706
34641
34576
34511
34446
34381
34316
34251
34186
34121
34056
3088
3023
13887
13822
13757
13692
13627
13562
13497
13432
13367
13302
13237
13172
13107
13042
18784
18719
18654
18589
18524
18459
18394
18329
18264
18199
18134
18069
17419
19532
19467
19402
19337
19272
19207
19142
19077
19012
18947
18882
18817
18752
18687
18622
18557
18492
18427
18362
18297
1966
1901
1836
0
0
67822
67757
67692
67627
67562
67497
67432
67367
67302
67237
67172
67107
67042
66977
66912
66847
66782
66717
66652
66587
66522
66457
66392
66327
66262
66197
66132
66067
66002
65937
65872
65807
65742
65677
65612
65547
65482
65417
65352
65287
65222
65157
65092
65027
64962
64897
64832
64767
64702
64637
64572
64507
64442
64377
64312
64247
64182
64117
64052
63987
63922
63857
63792
63727
63662
63597
63532
63467
68414
68349
68284
68219
68154
68089
68024
67959
67894
67829
67764
67699
32723
927
3824
3759
3694
3629
5797
5732
5667
5602
5537
5472
0
7360
7295
7230
7165
7100
7035
6970
6905
44363
44298
44233
44168
44103
44038
43973
43908
43843
43778
43713
43648
43583
43518
43453
43388
43323
43258
43193
43128
43063
42998
42933
42868
42803
42738
42673
42608
42543
42478
42413
42348
42283
42218
42153
42088
42023
41958
41893
41828
41763
41698
41633
41568
41503
8100
8035
6248
6183
6118
6053
5988
5923
5858
10337
10272
10207
10142
10077
10012
9947
9882
9817
9752
9687
8788
8723
8658
8593
8528
8463
8398
8333
8268
10532
10467
10402
10337
10272
10207
10142
10077
10012
9947
9882
772
1789
1724
0
4791
4726
4661
4596
4531
6740
6675
6610
6545
6480
6415
6350
4075
4010
3945
3880
3815
931
267
1686
1621
0
9
0
0
0
0
0
4
0
0
0
0
0
0
7
0
0
0
0
0
0
9
0
0
0
0
0
5
0
65
464
184
282
646
8
0
0
225
479
458
499
59
0
0
0
0
0
1297
1232
1481
1416
749
464
361
0
3708
3643
3578
3513
116
777
482
243
372
413
320
543
359
746
67
2
0
1719
1654
132
0
0
0
0
0
3
0
0
0
0
0
0
3
0
0
0
0
1385
1320
929
1009
703
0
2143
2078
2013
1587
1522
132
0
0
0
16
0
0
0
0
0
2
444
209
555
631
336
587
209
209
0
0
0
0
4
0
0
0
0
0
0
5
0
0
0
0
0
0
14
0
0
0
0
0
1
0
0
0
571
227
2
7
0
0
0
0
0
0
0
0
0
0
0
0
12
0
0
0
0
0
0
0
0
0
0
0
0
3
0
0
0
0
0
0
7
0
0
0
0
0
0
0
0
0
0
0
0
7
0
0
0
0
0
0
0
0
0
0
0
0
3
0
0
0
0
0
0
5
0
0
0
0
0
1
0
0
0
0
0
0
7
0
0
0
0
0
2
0
0
0
0
0
0
2
0
0
0
0
0
0
6
0
0
0
0
0
5
0
0
0
0
0
0
4
0
0
0
0
0
0
0
0
0
0
0
0
2
0
0
0
0
0
0
6
0
0
0
0
0
2
0
0
0
0
0
0
6
0
0
0
0
0
2
0
0
0
0
0
0
11
0
0
0
0
0
0
10
0
0
0
0
0
6
0
0
0
0
0
0
7
0
0
0
0
0
2
0
0
0
0
0
0
8
0
0
0
0
0
0
14
0
0
0
0
0
6
0
0
0
0
0
0
9
0
0
0
0
0
3
0
0
0
0
0
0
6
0
0
0
0
0
1
13
0
0
0
0
0
6
0
0
0
0
0
0
5
0
0
0
0
0
3
0
0
0
0
0
0
4
0
0
0
0
0
0
7
0
0
0
0
0
2
0
0
0
0
0
0
6
0
0
0
0
0
0
0
0
0
0
0
0
5
0
0
0
0
0
0
14
0
0
0
0
0
8
0
0
0
0
0
0
8
0
0
0
0
0
4
0
0
0
0
0
0
3
0
0
0
0
0
1
17
0
0
0
0
0
2
0
0
0
0
0
0
15
0
0
0
0
0
2
0
0
0
0
0
0
8
0
0
0
0
0
0
10
0
0
0
0
0
3
0
0
0
0
0
0
16
0
0
0
0
0
6
0
0
0
0
0
0
5
0
0
0
0
0
0
11
0
0
0
0
0
0
0
0
0
0
0
0
9
0
0
0
0
0
2
0
0
0
0
0
0
6
0
0
0
0
0
4
12
0
0
0
0
0
2
0
0
0
0
0
0
7
0
0
0
0
0
3
0
0
0
0
0
0
3
0
0
0
0
0
0
14
0
0
0
0
0
1
0
0
0
0
0
1
7
0
0
0
0
0
2
0
0
0
0
0
0
8
0
0
0
0
0
2
7
0
0
0
0
0
7
0
0
0
0
0
0
8
0
0
0
0
0
0
0
0
0
0
0
0
5
0
0
0
0
0
0
13
0
0
0
0
0
4
0
0
0
0
0
0
9
0
0
0
0
0
0
0
0
0
0
0
0
6
0
0
0
0
0
5
12
0
0
0
0
0
7
0
0
0
0
0
0
7
0
0
0
0
0
1
0
0
0
0
0
0
3
0
0
0
0
0
0
12
0
0
0
0
0
5
0
0
0
0
0
0
7
0
0
0
0
0
4
0
0
0
0
0
0
7
0
0
0
0
0
0
5
0
0
0
0
0
3
0
0
0
0
0
0
5
0
0
0
0
0
0
0
0
0
0
0
1
9
0
0
0
0
0
1
11
0
0
0
0
0
8
0
0
0
0
0
1
10
0
0
0
0
0
0
0
0
0
0
0
0
7
0
0
0
0
0
1
6
0
0
0
0
0
0
0
0
0
0
0
0
9
0
0
0
0
0
8
0
0
0
0
0
0
2
0
0
0
0
0
2
10
0
0
0
0
0
1
0
0
0
0
0
0
7
0
0
0
0
0
4
0
0
0
0
0
2
9
0
0
0
0
0
0
8
0
0
0
0
0
4
0
0
0
0
0
0
10
0
0
0
0
0
2
0
0
0
0
0
0
4
0
0
0
0
0
0
13
0
0
0
0
0
2
0
0
0
0
0
0
9
0
0
0
0
0
6
0
0
0
0
0
0
4
0
0
0
0
0
6
11
0
0
0
0
0
6
0
0
0
0
0
0
9
0
0
0
0
0
0
0
0
0
0
0
0
5
0
0
0
0
0
0
13
0
0
0
0
0
1
0
0
0
0
0
0
7
0
0
0
0
0
3
0
0
0
0
0
0
5
0
0
0
0
0
0
15
0
0
0
0
0
13
0
0
0
0
0
0
6
0
0
0
0
0
1
0
0
0
0
0
0
1
0
0
0
0
0
2
9
0
0
0
0
0
4
0
0
0
0
0
0
12
0
0
0
0
0
5
0
0
0
0
0
0
4
0
0
0
0
0
0
11
0
0
0
0
0
6
0
0
0
0
0
0
3
0
0
0
0
0
3
0
0
0
0
0
0
8
0
0
0
0
0
2
14
0
0
0
0
0
4
0
0
0
0
0
1
9
0
0
0
0
0
3
0
0
0
0
0
0
6
0
0
0
0
0
0
16
0
0
0
0
0
8
0
0
0
0
0
0
6
0
0
0
0
0
0
0
0
0
0
0
0
10
0
0
0
0
0
1
10
0
0
0
0
0
0
0
0
0
0
0
6
11
0
0
0
0
0
4
0
0
0
0
0
0
9
0
0
0
0
0
0
6
0
0
0
0
0
5
0
0
0
0
0
1
10
0
0
0
0
0
2
0
0
0
0
0
0
8
0
0
0
0
0
0
12
0
0
0
0
0
7
0
0
0
0
0
0
11
0
0
0
0
0
0
0
0
0
0
0
0
7
0
0
0
0
0
0
14
0
0
0
0
0
4
0
0
0
0
0
0
12
0
0
0
0
0
1
0
0
0
0
0
0
3
0
0
0
0
0
4
10
0
0
0
0
0
5
0
0
0
0
0
0
10
0
0
0
0
0
1
0
0
0
0
0
0
3
0
0
0
0
0
2
9
0
0
0
0
0
0
0
0
0
0
0
0
12
0
0
0
0
0
5
0
0
0
0
0
0
6
0
0
0
0
0
0
9
0
0
0
0
0
3
0
0
0
0
0
0
8
0
0
0
0
0
4
0
0
0
0
0
0
9
0
0
0
0
0
0
9
0
0
0
0
0
2
0
0
0
0
0
0
16
0
0
0
0
0
1
0
0
0
0
0
0
11
0
0
0
0
0
0
9
0
0
0
0
0
3
0
0
0
0
0
0
9
0
0
0
0
0
3
0
0
0
0
0
0
6
0
0
0
0
0
0
8
0
0
0
0
0
4
0
0
0
0
0
0
6
0
0
0
0
0
6
0
0
0
0
0
0
5
0
0
0
0
0
2
12
0
0
0
0
0
0
0
0
0
0
0
1
9
0
0
0
0
0
4
0
0
0
0
0
0
4
0
0
0
0
0
0
13
0
0
0
0
0
8
0
0
0
0
0
0
11
0
0
0
0
0
3
0
0
0
0
0
0
7
0
0
0
0
0
0
11
0
0
0
0
0
5
0
0
0
0
0
0
10
0
0
0
0
0
6
0
0
0
0
0
0
6
0
0
0
0
0
0
9
0
0
0
0
0
2
0
0
0
0
0
0
5
0
0
0
0
0
0
0
0
0
0
0
1
3
0
0
0
0
0
0
14
0
0
0
0
0
2
0
0
0
0
0
2
7
0
0
0
0
0
0
0
0
0
0
0
0
6
0
0
0
0
0
0
14
0
0
0
0
0
3
0
0
0
0
0
0
10
0
0
0
0
0
0
0
0
0
0
0
0
5
0
0
0
0
0
2
10
0
0
0
0
0
1
0
0
0
0
0
0
12
0
0
0
0
0
3
0
0
0
0
0
0
3
0
0
0
0
0
0
4
0
0
0
0
0
3
0
0
0
0
0
0
2
0
0
0
0
0
0
0
0
0
0
0
0
2
0
0
0
0
0
0
10
0
0
0
0
0
11
0
0
0
0
0
0
4
0
0
0
0
0
0
0
0
0
0
0
0
11
0
0
0
0
0
0
5
0
0
0
0
0
5
0
0
0
0
0
0
8
0
0
0
0
0
3
0
0
0
0
0
0
0
0
0
0
0
0
0
8
0
0
0
0
0
15
0
0
0
0
0
0
10
0
0
0
0
0
0
0
0
0
0
0
0
3
0
0
0
0
0
1
7
0
0
0
0
0
2
0
0
0
0
0
2
10
0
0
0
0
0
0
0
0
0
0
0
0
4
0
0
0
0
0
0
8
0
0
0
0
0
2
0
0
0
0
0
0
14
0
0
0
0
0
1
0
0
0
0
0
0
5
0
0
0
0
0
0
9
0
0
0
0
0
7
0
0
0
0
0
0
4
0
0
0
0
0
1
0
0
0
0
0
0
9
0
0
0
0
0
3
17
0
0
0
0
0
2
0
0
0
0
0
0
4
0
0
0
0
0
0
0
0
0
0
0
0
2
0
0
0
0
0
2
13
0
0
0
0
0
5
0
0
0
0
0
0
5
0
0
0
0
0
0
0
0
0
0
0
0
4
0
0
0
0
0
0
6
0
0
0
0
0
6
0
0
0
0
0
0
5
0
0
0
0
0
0
0
0
0
0
0
0
3
0
0
0
0
0
0
6
0
0
0
0
0
0
0
0
0
0
0
0
8
0
0
0
0
0
0
0
0
0
0
0
0
7
0
0
0
0
0
0
11
0
0
0
0
0
0
0
0
0
0
0
0
4
0
0
0
0
0
0
0
0
0
0
0
0
7
0
0
0
0
0
1
8
0
0
0
0
0
1
0
0
0
0
0
0
10
0
0
0
0
0
0
0
0
0
0
0
0
9
0
0
0
0
0
0
11
0
0
0
0
0
0
0
0
0
0
0
2
9
0
0
0
0
0
1
0
0
0
0
0
0
9
0
0
0
0
0
0
9
0
0
0
0
0
2
0
0
0
0
0
0
7
0
0
0
0
0
0
0
0
0
0
0
0
8
0
0
0
0
0
0
9
0
0
0
0
0
1
0
0
0
0
0
0
100
0
61
0
0
0
0
0
0
0
0
0
0
0
0
0
0
0
0
0
9
0
0
0
0
0
3
0
0
0
0
0
0
7
0
0
0
0
0
0
0
0
0
0
0
0
6
0
0
0
0
0
4
7
0
0
0
0
0
7
0
0
0
0
0
0
5
0
0
0
0
0
1
0
0
0
0
0
0
3
0
0
0
0
0
0
7
0
0
0
0
0
0
0
0
0
0
0
0
11
0
0
0
0
0
1
0
0
0
0
0
0
0
0
0
0
0
0
0
9
0
0
0
0
0
0
0
0
0
0
0
0
2
0
0
0
0
0
0
0
0
0
0
0
0
4
0
0
0
0
0
0
3
0
0
0
0
0
5
0
0
0
0
0
0
8
0
0
0
0
0
2
0
0
0
0
0
0
0
0
0
0
0
0
0
9
0
0
0
0
0
9
0
0
0
0
0
0
7
0
0
0
0
0
0
0
0
0
0
0
0
5
0
0
0
0
0
0
9
0
0
0
0
0
0
0
0
0
0
0
0
9
0
0
0
0
0
7
0
0
0
0
0
0
1
0
0
0
0
0
0
7
0
0
0
0
0
2
0
0
0
0
0
0
5
0
0
0
0
0
0
0
0
0
0
0
0
10
0
0
0
0
0
2
8
0
0
0
0
0
2
0
0
0
0
0
0
3
0
0
0
0
0
0
0
0
0
0
0
0
7
0
0
0
0
0
2
13
0
0
0
0
0
3
0
0
0
0
0
0
10
0
0
0
0
0
0
0
0
0
0
0
0
3
0
0
0
0
0
0
8
0
0
0
0
0
3
0
0
0
0
0
0
8
0
0
0
0
0
1
0
0
0
0
0
0
5
0
0
0
0
0
0
10
0
0
0
0
0
6
0
0
0
0
0
2
9
0
0
0
0
0
1
0
0
0
0
0
0
4
0
0
0
0
0
0
5
0
0
0
0
0
4
0
0
0
0
0
1
9
0
0
0
0
0
0
0
0
0
0
0
0
4
0
0
0
0
0
1
7
0
0
0
0
0
8
0
0
0
0
0
0
9
0
0
0
0
0
1
0
0
0
0
0
0
0
0
0
0
0
0
0
7
0
0
0
0
0
0
0
0
0
0
0
0
8
0
0
0
0
0
0
0
0
0
0
0
0
5
0
0
0
0
0
0
10
0
0
0
0
0
2
0
0
0
0
0
0
13
0
0
0
0
0
0
0
0
0
0
0
0
0
0
0
0
0
0
0
4
0
0
0
0
0
2
0
0
0
0
0
0
5
0
0
0
0
0
0
0
0
0
0
0
0
1
0
0
0
0
0
0
11
0
0
0
0
0
2
0
0
0
0
0
0
4
0
0
0
0
0
1
0
0
0
0
0
0
1
0
0
0
0
0
0
14
0
0
0
0
0
0
0
0
0
0
0
5
4
0
0
0
0
0
3
0
0
0
0
0
0
4
0
0
0
0
0
0
11
0
0
0
0
0
0
0
0
0
0
0
0
2
0
0
0
0
0
0
0
0
0
0
0
0
2
0
0
0
0
0
0
9
0
0
0
0
0
0
0
0
0
0
0
0
3
0
0
0
0
0
0
0
0
0
0
0
0
5
0
0
0
0
0
0
9
0
0
0
0
0
0
0
0
0
0
0
0
8
0
0
0
0
0
4
0
0
0
0
0
0
0
0
0
0
0
0
0
8
0
0
0
0
0
2
0
0
0
0
0
0
6
0
0
0
0
0
3
0
0
0
0
0
0
4
0
0
0
0
0
0
6
0
0
0
0
114
291
238
612
166
397
337
227
189
0
0
0
0
17
71
0
0
0
0
0
0
1
0
0
0
0
0
0
13
0
0
0
0
0
2
0
0
0
0
0
0
8
0
0
0
0
0
0
0
0
0
0
0
0
6
0
0
0
0
0
0
4
0
0
0
0
0
3
0
0
0
0
0
0
11
0
0
0
0
0
0
0
0
0
0
0
123
48
381
213
145
539
127
0
104
0
0
0
0
0
0
0
0
0
0
0
0
7
0
0
0
0
0
1
0
0
0
0
0
0
5
0
0
0
0
0
0
11
0
0
0
0
0
4
0
0
0
0
0
0
7
0
0
0
0
0
2
0
0
0
0
0
0
7
0
0
0
0
0
0
5
0
0
0
0
0
3
0
0
0
0
0
0
5
0
0
0
0
0
0
0
0
0
0
0
0
4
0
0
0
0
0
4
8
0
0
0
0
0
6
0
0
0
0
0
0
9
0
0
0
4
140
166
0
32
434
86
588
248
220
0
30
243
267
154
749
219
0
1160
1095
448
0
512
192
303
382
0
0
0
0
0
0
0
0
0
0
6
0
0
150
162
429
95
316
89
0
0
0
0
12
0
0
0
0
0
0
0
0
0
0
0
0
5
0
0
0
0
0
0
0
0
0
0
0
0
0
0
0
0
0
0
0
2
0
0
0
0
0
3
0
0
0
0
0
0
1
0
0
0
0
0
3
0
0
0
0
0
0
6
0
0
0
0
0
1
8
0
0
0
0
0
0
0
0
0
0
0
0
5
0
0
0
0
0
0
0
0
0
0
141
46
1
0
0
0
0
0
0
6
0
0
0
0
0
0
0
0
0
0
0
0
11
0
0
0
0
0
0
7
0
0
0
0
0
4
0
0
0
0
0
0
9
0
0
0
0
0
1
0
0
0
0
0
0
4
0
0
0
0
0
0
7
0
0
0
0
0
1
0
0
0
0
0
0
7
0
0
0
0
0
1
0
0
0
0
0
0
3
0
0
0
0
0
0
14
0
0
0
0
0
1
0
0
0
0
0
0
2
0
0
0
0
0
0
0
0
0
0
0
0
5
0
0
0
0
0
0
10
0
0
0
0
0
5
0
0
0
0
0
0
10
0
0
0
0
0
0
0
0
0
0
0
0
6
0
0
0
0
0
0
14
0
0
0
0
0
0
0
0
0
0
0
0
9
0
0
0
0
0
3
0
0
0
0
0
0
6
0
0
0
0
0
3
13
0
0
0
0
0
1
0
0
0
0
0
0
7
0
0
0
0
0
0
0
0
0
0
0
0
5
0
0
0
0
0
4
15
0
0
0
0
0
0
0
0
0
0
0
0
8
0
0
0
0
0
0
0
0
0
0
0
0
6
0
0
0
0
0
0
11
0
0
0
0
0
7
0
0
0
0
0
0
7
0
0
0
0
0
2
0
0
0
0
0
0
5
0
0
0
0
0
3
11
0
0
0
0
0
3
0
0
0
0
0
0
10
0
0
0
0
0
1
0
0
0
0
0
0
6
0
0
0
0
0
0
10
0
0
0
0
0
6
0
0
0
0
0
0
11
0
0
0
0
0
0
0
0
0
0
0
0
4
0
0
0
0
0
0
6
0
0
0
0
0
0
0
0
0
0
0
0
6
0
0
0
0
0
4
0
0
0
0
0
0
3
0
0
0
0
0
0
11
0
0
0
0
0
2
0
0
0
0
0
0
6
0
0
0
0
0
0
0
0
0
0
0
0
6
0
0
0
0
0
2
10
0
0
0
0
0
10
0
0
0
0
0
0
6
0
0
0
0
0
0
0
0
0
0
0
0
5
0
0
0
0
0
0
10
0
0
0
0
0
4
0
0
0
0
0
0
10
0
0
0
0
0
0
0
0
0
0
0
1
4
0
0
0
0
0
0
9
0
0
0
0
0
0
0
0
0
0
0
0
8
0
0
0
0
0
5
0
0
0
0
0
0
5
0
0
0
0
0
0
12
0
0
0
0
0
4
0
0
0
0
0
0
3
0
0
0
0
0
0
0
0
0
0
0
0
3
0
0
0
0
0
0
6
0
0
0
0
0
3
0
0
0
0
0
2
11
0
0
0
0
0
7
0
0
0
0
0
0
6
0
0
0
0
0
1
15
0
0
0
0
0
1
0
0
0
0
0
0
7
0
0
0
0
0
1
0
0
0
0
0
0
6
0
0
0
0
0
0
14
0
0
0
0
0
3
0
0
0
0
0
0
8
0
0
0
0
0
2
0
0
0
0
0
0
5
0
0
0
0
0
0
10
0
0
0
0
0
8
0
0
0
0
0
0
5
0
0
0
0
0
4
0
0
0
0
0
0
8
0
0
0
0
0
2
8
0
0
0
0
0
0
0
0
0
0
0
0
10
0
0
0
0
0
0
0
0
0
0
0
0
5
0
0
0
0
0
0
7
0
0
0
0
0
3
0
0
0
0
0
0
9
0
0
0
0
0
4
0
0
0
0
0
0
3
0
0
0
0
0
1
8
0
0
0
0
0
3
0
0
0
0
0
0
6
0
0
0
0
0
0
0
0
0
0
0
0
5
0
0
0
0
0
0
15
0
0
0
0
0
4
0
0
0
0
0
0
8
0
0
0
0
0
6
0
0
0
0
0
0
4
0
0
0
0
77
130
500
291
95
0
0
0
3
0
0
0
0
0
0
8
0
0
0
0
0
9
0
0
0
0
0
0
7
0
0
0
0
0
0
14
0
0
0
0
0
0
0
0
0
0
0
0
7
0
0
0
0
0
2
0
0
0
0
0
0
9
0
0
0
0
0
0
7
0
0
0
0
0
3
0
0
0
0
0
0
2
0
0
0
0
0
0
0
0
0
0
0
0
3
0
0
0
0
0
0
7
0
0
0
0
0
2
0
0
0
0
0
0
8
0
0
0
0
0
2
0
0
0
0
0
0
4
0
0
0
0
0
0
5
0
0
0
0
0
3
0
0
0
0
0
0
9
0
0
0
0
0
0
0
0
0
0
0
0
5
0
0
0
0
0
0
7
0
0
0
0
0
3
0
0
0
0
0
0
5
0
0
0
0
0
2
0
0
0
0
0
0
5
0
0
0
0
0
0
7
0
0
0
0
0
0
0
0
0
0
0
0
4
0
0
0
0
0
4
0
0
0
0
0
0
5
0
0
0
0
0
2
10
0
0
0
0
0
0
0
0
0
0
0
0
6
0
0
0
0
0
0
0
0
0
0
0
0
7
0
0
0
0
0
0
8
0
0
0
0
0
0
0
0
0
0
0
0
6
0
0
0
0
0
0
0
0
0
0
0
0
2
0
0
0
0
0
0
10
215
1211
2211
3211
4211
5211
6211
7211
8211
9211
10211
11211
12211
13211
11703
168
940
2874
2809
2744
0
