0
60000
0
0
722
0
281
0
0
0
2002
0
0
1998
0
647
351
1
0
999
0
0
0
304
702
0
0
0
0
0
0
2993
0
0
1000
0
1003
999
549
451
0
999
0
99
1
904
0
0
0
0
0
0
0
996
0
0
0
0
1006
0
0
0
0
253
415
335
0
0
0
0
0
991
0
0
0
0
0
0
0
0
1003
0
0
1004
997
1001
1000
689
987
771
990
1017
989
1002
1032
967
1130
975
928
1067
1000
3288
0
0
0
978
1
1000
4974
0
0
0
0
1175
0
1567
1450
0
1000
2042
0
0
964
1032
968
1263
1941
0
1432
0
1040
2906
0
0
1025
1661
0
1000
2716
0
0
2516
0
0
3782
0
0
0
1218
2349
0
0
978
1519
1152
1000
3371
0
0
0
1783
0
922
926
2476
0
1522
2941
0
0
1785
0
1406
0
1037
0
1001
1000
996
1003
972
1010
991
1000
999
1003
998
1000
997
1003
998
997
998
1000
1001
999
232999
1000
6000
1000
0
1000
1002
6998
5000
724
1276
0
3000
1000
660
340
1001
0
999
0
3000
1000
1003
0
997
0
1002
0
3998
475
3525
0
0
544
460
0
0
941
60
0
996
0
1002
181
818
0
1000
1000
0
998
0
532
471
0
0
376
624
0
0
219
744
38
0
0
996
0
0
0
1003
0
0
1000
0
0
1000
0
0
1002
0
0
998
0
742
258
0
998
0
1000
0
1002
0
998
0
0
1001
0
0
1002
0
0
999
0
0
1000
0
1000
0
0
732
268
0
997
0
0
1003
0
0
0
999
0
0
0
1002
0
0
0
0
1000
0
0
0
1000
0
0
999
0
0
999
0
1002
0
998
0
0
999
0
0
1003
0
0
0
999
0
0
0
1001
0
0
0
301
546
0
0
1
52
355
742
0
0
0
0
1000
0
0
0
1004
0
0
0
999
0
0
0
999
0
0
0
1000
0
0
0
1001
0
0
0
999
0
0
0
1000
0
0
0
0
891
0
0
0
0
1110
0
0
0
0
996
0
0
0
0
1006
0
0
0
0
998
0
0
0
0
0
1001
0
0
0
0
0
0
1000
0
0
0
0
0
0
1004
0
0
0
0
997
0
0
0
0
998
0
0
0
0
999
0
0
0
0
1002
0
0
0
0
1000
0
0
0
0
999
0
0
999
0
0
999
0
0
110
895
0
0
0
993
0
0
0
1004
0
0
0
1001
0
0
0
1000
0
0
0
998
0
0
0
1001
0
0
0
999
0
0
0
0
1001
0
0
0
0
1001
0
0
0
999
0
0
0
999
0
0
0
1001
0
0
0
999
0
0
0
1001
0
0
0
0
999
0
0
0
0
1002
0
0
0
0
1000
0
0
0
0
1000
0
0
0
0
999
1000
1001
1000
1000
999
1001
1000
1004
1075
956
1001
967
1002
999
1031
963
1000
1000
3928
0
0
0
1228
0
1005
0
1001
998
999
1001
999
1001
999
1001
999
1001
999
1001
999
1589
410
314
999
999
1002
1001
999
1000
1000
1000
1000
1000
1000
1000
1000
1000
1000
1001
999
1002
1000
72
1004
0
1001
1001
999
1003
1001
1000
999
1004
996
1000
1000
1003
996
1002
999
1002
994
1000
1001
1000
999
1000
1000
999
1000
1001
1001
999
1002
998
1002
998
1001
999
1003
997
1001
1000
1001
998
1001
999
684
1004
0
1001
1002
998
999
1000
1001
1000
999
1000
1001
1000
999
1001
1000
1000
999
999
1002
1000
999
999
1001
1000
1000
1000
1000
1001
999
999
1001
1001
999
1000
1001
999
1000
1000
1000
1000
1001
1000
999
1000
1000
999
1001
1000
1000
999
1001
1000
1000
999
1001
1000
1000
1000
1000
1001
999
999
1001
1000
1000
999
1001
1000
1000
999
1001
1000
1000
999
1001
1000
1000
999
1001
1000
1000
999
1001
1000
1000
999
1001
1000
1000
999
1001
1000
1000
999
1001
1000
1000
999
1001
1000
1000
999
1001
1000
1000
999
1001
1000
1000
999
1001
1000
1000
999
1000
1001
999
1000
1000
1001
999
1000
1000
1000
1001
999
1000
1001
999
1000
1000
1001
999
1000
1000
1001
999
1000
1000
1001
999
1000
1000
1001
999
1000
1000
1001
999
1000
1000
1001
999
1000
1001
1000
999
1000
1000
1001
999
1000
1002
999
999
1000
1000
1001
999
1000
1002
999
999
1000
1000
1001
999
1000
1000
1002
998
1000
1000
1001
999
1000
1000
1001
999
1000
1000
1001
999
1002
998
1001
999
1002
998
1001
999
1000
1003
998
999
1000
1000
1001
999
1000
1000
1004
996
1000
1000
771
1005
0
999
1001
999
999
1000
1002
998
1000
1001
1000
999
1000
1002
999
1000
999
420
164
1003
0
1001
999
1001
999
1000
1000
1001
998
1001
1000
1000
999
1002
999
1001
998
1001
1002
999
1001
1001
999
998
999
1001
1000
1000
999
1001
1000
1000
999
1001
1000
1002
253
1004
0
1001
999
1000
1000
1001
999
1001
999
1003
997
1003
999
998
1000
1000
1001
1000
999
1000
1000
1000
1000
1000
1000
423
25
1006
0
1000
999
999
1000
1000
999
1002
998
1002
998
1002
998
1002
999
1000
1002
998
999
1001
1000
1000
1000
1002
1001
997
999
1001
999
1004
998
1001
997
1001
1000
1000
451
1004
0
1000
1000
1001
1000
999
999
1001
1001
1000
260
996
1005
0
997
1001
1000
999
1000
1000
1000
607
772
996
1002
1000
999
35
1001
1002
0
1001
61
998
997
1006
999
998
998
1001
1000
1000
999
1002
999
413
1003
0
1000
1001
999
1003
998
1000
1000
999
1000
1000
999
1001
1000
1000
999
1002
1000
1001
999
999
1000
1000
902
1006
0
1001
998
999
1000
1000
1000
1000
1000
1000
999
1001
1001
999
1000
1001
1000
1000
999
1000
1001
999
999
1001
1003
999
998
1000
999
1001
1001
1004
997
1000
997
1001
999
1001
998
1000
1003
998
1000
1000
1002
998
1000
1001
998
1001
91
581
831
1004
0
1000
1001
1003
997
1000
1001
999
998
1001
999
1001
999
1001
999
1001
1002
999
998
1000
1002
999
1000
1001
999
1000
1000
999
1001
997
1002
1001
999
1001
999
1000
1000
999
1002
1001
997
1001
1000
1001
999
1002
1001
999
1000
1000
999
1000
1001
998
1000
1000
1000
1000
1000
1000
1002
999
1000
999
1000
1000
1000
1000
1000
1000
1000
1000
1000
1000
1000
1000
1000
1001
1004
995
1000
1000
1000
1000
1000
181
993
1003
0
1000
1000
1000
1000
1000
1000
1000
1000
583
1003
0
1000
1000
999
1003
997
1001
999
759
793
216
1003
0
1005
998
998
1000
999
36
1003
0
804
993
1004
998
1001
1001
997
1002
1000
1000
998
1001
1001
1002
565
1006
0
999
998
1001
634
1003
0
1002
1001
998
1000
999
999
1002
999
1001
1000
104
1003
0
1003
999
997
1000
1002
1000
999
998
1001
1000
1000
999
1001
1001
1000
999
1001
999
1002
448
71
100
1004
0
999
1000
1000
999
1001
999
1003
1000
999
1000
999
999
1001
1000
1002
998
1001
1000
1000
999
1001
999
1000
1001
999
1001
1001
1000
1000
997
1002
1001
1000
45
1004
0
1001
999
1001
1000
1000
1001
999
998
1001
999
1001
1002
999
998
1002
603
1003
0
1006
196
1004
0
1000
1001
999
1001
1000
1000
998
999
233
168
842
1006
0
996
1002
998
1001
1000
1003
998
998
104
668
1005
0
1000
1001
1000
1001
999
691
1008
0
341
997
1001
1003
1000
1001
998
999
9
1001
999
999
1000
1000
680
1007
0
516
58
1003
0
667
875
214
794
1003
0
1001
0
1002
874
1001
0
475
526
530
472
326
1004
0
1713
39
797
352
965
1003
561
379
685
925
299
746
267
113
644
1000
396
1186
20
390
1253
388
849
999
699
1302
999
551
309
484
1271
999
633
377
1044
996
1001
431
575
466
803
999
1657
504
54
175
758
1002
0
1003
1001
1005
0
1
1014
1001
1
281
717
558
683
133
999
642
508
777
1003
0
14
1005
0
998
1002
694
41
324
273
1003
0
1274
0
445
1087
0
306
120
1004
0
440
133
658
1115
1000
455
294
996
1004
0
1002
998
1000
999
236
920
1083
0
64
1008
0
996
70
992
364
1008
0
998
997
1001
798
320
692
217
216
56
993
1005
0
1002
228
1005
0
1000
1001
999
1000
647
178
511
52
997
303
1005
0
999
1004
1000
996
1001
1000
451
879
130
1007
0
71
815
1007
0
995
1003
998
66
261
3
1000
1004
1002
26
982
26
809
969
44
1005
0
340
5
1000
1005
0
180
117
1255
0
1005
0
1001
1001
789
673
337
1004
0
1000
998
1004
1002
789
643
370
668
324
464
200
162
134
875
1004
0
1000
1000
999
998
600
120
566
442
1005
0
1002
996
999
1002
998
1006
994
1001
1006
996
997
740
990
1008
995
1000
122
1740
266
0
1003
0
1003
998
1004
998
1003
996
1002
998
1001
998
18
1004
0
1004
0
701
1002
0
1003
999
999
999
1006
997
998
1000
1001
1000
517
1003
0
1003
0
487
1009
0
996
997
1003
456
486
302
701
1003
0
52
1005
0
601
1003
0
1002
1000
998
106
1003
0
1000
1001
1002
998
1000
998
1001
999
999
1001
1002
999
1000
999
999
1001
1002
999
1000
131
643
851
1007
0
998
999
106
1002
0
1001
999
1000
1005
995
1000
1002
1000
1000
1000
999
1002
998
1000
1002
997
999
1000
1157
0
1002
0
1002
998
1000
315
76
1001
0
1001
107
586
1003
0
1001
999
999
1000
733
1003
0
77
1001
0
5
999
999
1000
999
1003
998
998
174
1002
0
1001
1003
998
1000
486
609
652
1006
0
997
1001
1001
1002
998
998
1002
999
1003
996
1001
507
648
272
1003
0
1000
1244
999
1003
0
1005
997
1001
996
1001
1000
1003
193
689
127
1006
100
822
96
1003
0
1003
997
658
1003
0
1002
1000
997
1002
55
420
1065
40
1001
1004
0
1002
1000
998
878
52
1
1003
1000
1002
997
1001
997
1000
228
1002
0
1003
1001
998
105
27
1002
0
1005
1000
636
1005
0
1002
998
998
1000
1000
51
1
1002
0
1004
398
1100
0
1005
0
1000
999
519
814
1005
0
999
1001
997
1001
1001
192
1005
0
1002
998
1000
1002
1000
997
999
1000
1003
999
1000
999
1000
1000
999
1000
1301
0
344
664
280
304
1005
0
183
999
783
1217
0
329
1002
0
1002
999
998
663
41
1002
0
1002
1003
996
1000
1001
1001
998
1006
995
1001
998
588
877
1005
0
1001
998
1000
319
1003
0
1001
998
999
1001
1003
1001
0
1002
1000
998
867
583
1000
1002
0
1001
515
561
769
1006
0
1126
393
610
667
1005
0
1000
1289
0
557
515
732
1005
0
755
248
1004
0
999
999
1000
1000
70
1003
0
1000
1002
998
1001
1001
997
218
1004
0
1000
999
1001
1000
1002
1000
998
999
1000
999
1000
1001
1001
998
1001
998
1001
1000
1001
999
1001
1003
1000
1001
995
1002
997
1001
999
1001
1001
1000
997
1001
999
1001
312
1002
0
1000
1000
1000
999
1002
998
1002
1001
38
1004
0
1002
693
1003
0
1000
1000
999
1002
1000
1001
71
1003
0
1000
1001
997
1000
1002
999
1000
1002
998
1000
999
1003
999
998
1000
394
1004
0
998
1003
1000
996
1000
1005
996
1001
1000
1003
0
999
746
1006
0
636
1005
0
997
999
1002
1000
998
1000
1001
665
267
739
1004
0
1000
1000
104
145
266
43
374
629
999
1001
1000
1001
998
1003
998
785
1005
0
1000
997
1002
729
362
1004
0
37
1007
0
998
1076
0
771
1004
0
1198
0
1006
0
227
462
545
228
45
119
1001
1008
0
993
1003
1002
997
1001
998
1001
1001
999
1001
999
223
1041
999
1004
0
577
559
1008
0
518
1003
0
826
179
834
1154
6
1005
0
998
542
162
1005
0
1003
997
999
999
1002
1157
0
1084
185
1002
745
1006
0
1274
0
1005
0
723
1005
0
1000
998
14
578
163
838
165
508
221
344
148
415
348
1000
1003
0
1001
439
1005
0
151
589
819
193
134
304
200
269
404
722
119
20
1000
1004
0
1001
104
581
24
1001
0
1003
999
1151
999
299
296
351
524
867
995
1004
1001
997
999
337
356
190
520
490
162
745
558
450
1004
0
641
294
1162
0
1045
0
157
1009
66
438
205
86
998
999
1004
1001
996
1302
0
79
868
87
920
1006
0
998
377
76
742
578
1002
0
50
338
274
163
50
435
1002
0
1002
1000
1000
1000
1002
78
1032
934
71
623
387
134
1000
1002
0
1000
1002
999
1002
997
1002
1001
998
999
1002
999
1002
999
1000
1000
1001
997
1002
1000
999
999
1003
454
624
873
1004
0
999
999
914
1004
0
1000
1003
999
998
1000
1001
999
1000
999
1001
1002
997
384
1005
0
1001
998
1002
999
999
998
1003
999
1000
1001
1000
999
1001
1001
999
999
1001
999
1001
998
998
176
1002
0
1003
1001
998
1000
1000
1000
1002
998
1000
1001
999
1000
1000
1001
1000
998
999
1001
1003
605
599
708
1002
0
1003
52
993
1001
1002
998
1002
1001
1000
996
653
377
197
452
625
693
988
458
27
178
163
844
131
1003
0
1003
1000
998
1001
999
998
1002
1001
999
999
1000
1001
999
155
1004
0
1002
233
1005
0
348
1176
0
1004
0
1001
1000
1000
998
297
1003
0
1000
1001
1000
999
1000
1000
1000
998
1002
1001
999
1000
286
1003
0
566
1004
0
1000
1001
50
326
681
1004
0
1003
477
680
1004
0
998
749
638
1054
0
1004
0
1001
999
999
1002
1000
1048
0
1006
0
998
1000
1000
1001
999
1001
997
1064
0
1004
0
1002
345
278
1002
0
1002
1004
998
998
662
652
1001
0
1003
91
1001
1003
0
999
1001
1000
999
1000
1000
1000
200
852
160
1133
0
617
392
12
1001
184
826
220
589
348
15
1000
1003
0
1001
999
1000
1001
864
1004
0
1002
999
999
391
1004
0
1000
374
1004
0
1000
1002
998
1002
997
1002
999
1001
999
1001
999
1001
998
999
1003
1000
1000
1000
997
1001
1002
998
1004
998
998
1002
998
1000
410
1000
1002
0
1001
1001
999
360
1003
0
1003
998
999
495
225
1001
0
1003
997
1001
1001
1002
996
1001
999
1053
0
1005
0
998
999
1002
1001
1000
999
1002
998
1002
998
1001
1000
1002
711
1005
0
999
999
1002
998
1002
998
999
1001
797
51
1002
0
1002
0
1002
997
1000
1001
1003
0
1217
0
1002
0
1001
0
1002
998
1000
1001
999
1000
1001
0
1003
997
327
1000
1002
0
1000
1000
1000
1001
1001
998
1000
1000
1003
997
1002
1001
997
1000
1004
996
1000
1002
998
1000
1003
997
1000
1002
998
1000
1000
1002
1001
997
1000
1000
1000
1002
999
811
1001
0
1000
1001
1000
999
1001
1002
997
1000
1000
1177
999
1001
1002
0
999
1001
0
1001
87
843
1000
1000
1001
937
1061
1000
1001
1001
0
1001
0
1000
1002
1000
1001
0
1000
1000
1001
0
1000
1000
1000
959
42
1000
1000
1001
1001
0
1001
1000
1000
1000
1000
1000
1000
1000
1000
1000
1002
0
1002
0
1000
999
1000
1000
1000
1000
1001
999
1000
1000
1000
1000
992
1008
1000
1000
964
1036
950
1050
1000
1000
1000
1000
1000
1000
1000
1000
1000
1000
1000
1000
1000
1000
1000
1000
1000
1000
1000
1000
1000
1000
1000
1000
0
0
0
0
0
0
0
0
0
0
0
0
0
2
0
0
0
0
0
0
8
0
0
0
0
0
2
0
0
0
0
0
0
5
0
0
0
0
0
3
0
0
0
0
0
141
1
109
0
0
0
0
0
10
0
354
14
291
59
156
284
0
386
4
0
0
7
0
0
0
0
0
0
0
0
0
0
0
0
1
0
0
0
0
0
0
6
0
0
0
0
0
4
0
0
0
0
0
0
7
0
37
0
0
0
0
0
0
0
0
0
0
4
0
0
0
0
0
0
0
0
190
0
0
98
0
0
0
0
0
0
0
8
0
0
0
0
0
0
0
371
0
121
37
0
5
0
0
0
0
0
482
169
328
502
271
488
293
176
0
992
927
726
85
1064
999
518
260
460
23
839
0
183
1113
1048
9
1587
1522
212
0
1656
1591
27
0
1744
1679
243
297
0
2652
2587
2522
0
648
1410
1345
235
808
742
599
354
539
736
561
615
563
493
474
642
1498
1433
525
131
820
387
922
35
1054
989
1282
1217
1177
1112
0
2713
2648
2583
157
887
0
2959
2894
2829
1484
916
343
786
768
1609
1544
656
855
221
736
0
3644
3579
3514
3449
1151
1086
1319
1254
3946
3881
3816
3751
3296
2433
2368
2303
2842
2777
2712
1749
1684
2251
2186
2121
0
0
5311
5246
5181
5116
5051
4986
9550
9485
9420
9355
9290
9225
9160
9095
9030
8965
1718
1653
934
1763
1698
460
2581
2516
2451
7341
7276
7211
7146
7081
7016
6951
6886
1703
1638
0
8852
8787
8722
8657
8592
8527
8462
8397
8332
1312
13423
13358
13293
13228
13163
13098
13033
12968
12903
12838
12773
12708
12643
12578
6440
6375
6310
6245
6180
6115
6050
4378
4313
4248
4183
4118
1507
1442
9847
9782
9717
9652
9587
9522
9457
9392
9327
9262
4890
4825
2823
2758
2693
1467
1402
5457
5392
5327
5262
5197
5132
4541
4476
4411
4346
4281
5707
5642
5577
5512
5447
5382
4737
4672
4607
4542
4477
2377
2312
2247
6254
6189
6124
6059
5994
5929
5864
1727
1662
9757
9692
9627
9562
9497
9432
9367
9302
9237
9172
6310
6245
6180
6115
6050
5985
5920
0
10970
10905
10840
10775
10710
10645
10580
10515
10450
10385
12935
12870
12805
12740
2819
2754
2689
1308
1243
7646
7581
7516
7451
7386
7321
7256
7191
0
13664
13599
13534
13469
13404
13339
13274
13209
13144
13079
13014
12949
12884
12819
3705
3640
3575
3510
2483
2418
2353
3878
3813
3748
3683
273
2722
2657
2592
6429
6364
6299
6234
6169
6104
6039
5065
5000
4935
4870
4805
4740
7619
7554
7489
7424
7359
7294
7229
7164
3693
3628
3563
3498
0
7870
7805
7740
7675
7610
7545
7480
7415
2410
2798
2733
2668
16321
16256
16191
16126
16061
15996
15931
15866
15801
15736
15671
15606
15541
15476
15411
15346
15281
0
7311
7246
7181
7116
7051
6986
6921
6856
17556
17491
17426
17361
17296
17231
17166
17101
17036
16971
16906
16841
16776
16711
16646
16581
16516
16451
50
1947
1882
0
13165
13100
13035
12970
12905
12840
12775
12710
12645
12580
12515
12450
12385
12320
7647
7582
7517
7452
7387
7322
7257
7192
0
10658
10593
10528
10463
10398
10333
10268
10203
10138
10073
10008
647
5539
5474
5409
5344
5279
5214
821
1734
1669
854
3797
3732
3667
3602
654
872
2005
1940
1875
3862
3797
3732
3667
1534
1469
2241
2176
2111
2876
2811
2746
2203
2138
2073
1231
1166
2544
2479
2414
4792
4727
4662
4597
4532
0
0
5152
5087
5022
4957
4892
4827
590
1524
1459
2645
2580
2515
0
856
0
1958
1893
314
298
883
947
32
915
68
734
504
510
816
0
2312
2247
2182
1551
1486
0
0
6119
6054
5989
5924
5859
5794
5729
410
794
3229
3164
3099
3034
0
5716
5651
5586
5521
5456
5391
0
1924
1859
1092
875
313
0
2658
2593
2528
0
0
2107
2042
1977
0
1771
1706
0
0
1210
1145
250
343
163
188
62
412
363
459
376
404
0
168
0
0
0
0
0
0
0
0
0
0
0
2
0
0
0
0
0
0
9
0
0
0
0
0
0
0
0
0
0
0
0
3
0
0
0
0
0
524
0
110
0
0
302
227
517
278
187
422
89
159
46
11
0
441
0
0
539
22
170
0
278
18
52
0
66
0
0
94
0
0
3
0
0
0
0
59
41
0
0
0
0
0
0
0
0
0
0
0
0
0
5
0
0
0
0
40
133
0
86
2
0
0
0
4
0
0
0
0
0
0
6
0
0
0
0
0
0
0
0
0
0
0
0
2
0
0
0
0
0
0
4
0
0
0
0
0
0
0
0
0
0
0
0
2
0
0
0
0
0
0
0
0
0
0
0
0
2
0
0
0
0
0
0
8
0
0
0
0
0
2
0
0
0
0
0
0
6
0
0
0
0
0
0
0
0
0
0
0
0
5
0
0
0
0
0
0
7
0
0
0
0
0
3
0
0
0
0
0
0
5
0
0
0
0
0
0
0
0
0
0
0
0
5
0
0
0
0
0
0
7
0
0
0
0
0
0
0
0
0
0
0
0
5
0
0
0
0
0
2
0
0
0
0
0
0
7
0
0
0
0
0
0
8
0
0
0
0
0
0
0
0
0
0
0
0
8
0
0
0
0
0
0
0
0
0
0
0
0
1
0
0
0
0
0
0
9
0
0
0
0
0
1
0
0
0
0
0
0
4
0
0
0
0
0
0
0
0
0
0
0
0
5
0
0
0
0
0
0
8
0
0
0
0
0
2
0
0
0
0
0
0
5
0
0
0
0
0
0
0
0
0
0
0
0
2
0
0
0
0
0
0
7
0
0
0
0
0
0
555
0
0
0
0
0
2
0
0
0
0
0
0
0
0
0
0
0
0
0
0
0
0
0
0
0
5
0
0
0
0
0
0
0
0
0
0
0
0
4
0
0
0
0
0
0
0
0
0
0
0
0
0
0
0
0
0
0
0
22
0
0
0
0
0
0
0
0
0
0
0
0
5
0
0
0
0
0
0
0
0
0
0
0
0
1
0
0
0
0
0
0
7
0
0
0
0
0
3
0
0
0
0
0
0
5
0
0
0
0
0
0
0
0
0
0
0
0
0
0
0
0
0
0
0
4
0
0
0
0
0
2
0
0
0
0
0
0
9
0
0
0
0
0
0
0
0
0
0
0
0
3
0
0
0
0
0
0
9
0
0
0
0
0
0
0
0
0
0
0
0
2
0
0
0
0
0
0
0
0
0
0
0
0
4
0
0
0
0
0
0
7
0
0
0
0
0
0
0
0
0
0
0
0
5
0
0
0
0
0
0
0
0
0
0
0
0
3
0
0
0
0
0
0
7
0
0
0
0
0
3
0
0
0
0
0
0
6
0
0
0
0
0
0
0
0
0
0
0
0
3
0
0
0
0
0
0
5
0
0
0
0
0
1
0
0
0
0
0
0
5
0
0
0
0
0
0
0
0
0
0
0
0
1
0
0
0
0
0
0
4
0
0
0
0
0
1
0
0
0
0
0
0
3
0
0
0
0
0
0
0
0
0
0
0
0
5
0
0
0
0
0
0
9
0
0
0
0
0
0
0
0
0
0
0
0
7
0
0
0
0
0
4
0
0
0
0
0
0
0
0
0
0
0
0
0
3
0
0
0
0
0
2
0
0
0
0
0
0
6
0
0
0
0
0
2
0
0
0
0
0
0
4
0
0
0
0
0
0
9
0
0
0
0
0
3
0
0
0
0
0
0
7
0
0
0
0
0
0
0
0
0
0
0
0
144
299
288
137
49
21
0
4
0
0
0
0
0
0
0
0
0
0
0
0
3
0
0
0
0
0
3
0
0
0
0
0
0
0
0
0
0
0
0
0
3
0
0
0
0
0
0
0
0
0
0
0
0
10
0
0
0
0
0
0
0
0
0
0
0
0
4
0
0
0
0
0
0
6
0
0
0
0
0
3
0
0
0
0
0
0
3
0
0
0
0
0
2
0
0
0
0
0
0
6
0
0
0
0
0
0
11
0
0
0
0
0
0
0
448
186
186
0
114
4
0
0
0
0
0
0
11
0
0
0
0
0
0
0
0
0
0
0
0
7
0
0
0
0
0
0
0
0
0
0
0
0
1
0
0
0
0
0
0
9
0
0
0
0
0
4
0
0
0
0
0
0
6
0
0
0
0
0
0
0
0
0
0
0
0
4
0
0
0
0
0
0
9
0
0
0
0
0
1
0
0
0
0
0
0
8
0
0
0
0
0
0
0
0
0
0
0
0
0
0
0
0
0
0
0
10
0
0
0
0
0
3
0
0
0
0
0
0
5
0
0
0
0
0
0
0
0
0
0
0
0
1
0
0
0
0
0
0
7
0
0
0
0
0
3
0
0
0
0
0
0
7
0
0
0
0
0
1
0
0
0
0
0
0
3
0
0
0
0
0
0
2
0
0
0
0
0
3
0
0
0
0
0
0
10
0
0
0
0
0
2
0
0
0
0
0
0
3
0
0
0
0
0
0
9
0
0
0
0
0
2
0
0
0
0
0
0
9
0
0
0
0
0
3
0
0
0
0
0
0
6
0
0
0
0
0
0
5
0
0
0
0
0
1
0
0
0
0
0
0
8
0
0
0
0
0
0
0
0
0
0
0
0
2
0
0
0
0
0
3
6
0
0
0
0
0
1
0
0
0
0
0
0
5
0
0
0
0
0
0
0
0
0
0
0
0
4
0
0
0
0
0
2
8
0
0
0
0
0
2
0
0
0
0
0
0
7
0
0
0
0
0
0
0
0
0
0
0
0
5
0
0
0
0
0
0
10
0
0
0
0
0
0
0
0
0
0
0
0
5
0
614
1614
2614
3614
4614
5614
6614
7614
8614
9614
10614
11614
12614
13614
14614
4313
8077
8078
8079
9699
9634
0
948
910
5938
5873
5808
5743
5678
5855
6855
