0
49000
0
0
216
94
694
0
733
1
263
595
1
404
0
0
1000
0
1002
0
1998
999
0
0
678
326
0
0
0
996
0
0
0
0
0
1004
0
0
1001
997
998
0
0
1000
0
0
1003
0
999
0
0
999
0
1001
0
0
1
998
0
0
1001
0
549
453
0
0
997
0
901
0
0
0
1101
1997
1000
0
1000
0
1002
0
999
1000
1001
1002
1003
996
1003
998
2996
0
1000
1003
0
999
1001
998
2000
1594
0
1407
0
1002
0
2001
321
677
1003
0
999
1001
1003
0
1003
761
1000
1003
1000
0
1002
4998
1000
0
0
1466
424
113
1741
0
1
1258
0
1001
0
1003
999
163
1003
0
1002
2260
1
1
1561
1
2438
541
1
459
92
549
1007
0
996
22
4000
1000
0
0
2373
1627
1000
1000
0
0
1000
0
1003
0
1000
998
1000
1002
999
1001
1004
999
998
999
1046
2001
0
2002
1998
0
999
0
1003
0
1999
0
675
326
1006
0
998
998
1060
1000
1002
1000
0
999
649
1
1002
1000
1001
0
1002
1000
998
1002
999
999
1001
0
1001
1000
2005
993
365
639
1007
0
425
990
1006
999
996
3335
2000
1000
3000
0
0
0
1000
1005
0
0
0
692
1008
0
1001
284
987
1004
2995
2001
999
0
0
1000
1005
999
522
307
742
2994
1000
0
1000
1004
0
1003
996
999
1954
46
999
1999
139
863
1004
0
999
1002
801
1001
0
1001
999
1000
73
1006
797
199
997
1000
1005
997
563
624
994
1004
1071
254
1000
1
229
860
150
433
993
1007
1003
998
1001
998
1002
995
999
1001
999
1000
171
1004
0
1001
999
998
1002
999
999
1001
1000
999
1000
1000
1001
999
1000
1000
1001
999
184
999
998
1003
999
1000
1001
1001
999
1000
1001
110
1004
0
1004
997
1000
999
1001
1001
1000
998
1004
997
1000
999
1001
1073
0
989
1015
0
1000
21
1001
998
1001
999
1002
1000
1000
998
39
118
1001
999
1019
1005
0
1001
41
1004
0
1003
1001
1000
999
997
1001
1000
999
438
1024
552
1080
0
871
138
992
7
1006
1086
0
1012
0
995
1144
0
1006
0
1003
1000
998
1001
999
1003
1000
1000
999
1000
1001
999
998
999
1002
999
1001
998
1002
999
1001
999
1001
1000
1000
999
591
1009
0
1001
1000
998
1001
999
1004
998
999
1000
1002
999
998
1000
281
986
998
1008
1002
997
1000
1000
1001
1001
998
1000
94
985
995
1019
1086
0
1009
0
1002
1000
998
1001
1023
0
999
1000
1001
999
1001
1000
1001
999
1001
998
1001
999
1001
999
1001
999
1001
999
1001
999
1001
999
1001
999
1001
999
1001
999
1001
999
1001
999
1001
999
1001
999
1001
999
1001
999
1001
999
1001
999
1001
999
1001
999
897
1110
0
1010
0
1000
1001
998
1001
999
1001
999
1001
999
1001
999
1001
999
1001
999
1001
999
1001
999
1002
28
1001
994
1126
0
1009
0
1002
998
1002
999
1002
998
1000
1000
1000
228
1004
0
1006
1000
999
1000
1001
1000
999
1000
1001
1000
999
1002
999
1000
999
1000
1001
1000
999
1000
1001
1000
999
1000
1001
1000
999
1000
18
1000
996
1004
1000
1000
999
1001
1001
1000
1000
999
1000
1000
1000
999
1001
1033
1008
0
1002
1113
0
1009
0
1002
1001
998
1000
1001
1000
999
1000
999
1003
998
1001
1000
1002
997
1002
999
1001
998
1001
999
1002
1018
0
999
1002
998
1001
999
1002
998
1001
999
1002
998
1001
999
1002
998
1001
999
1002
998
1001
999
1002
998
1001
999
1002
998
1001
999
1002
998
1001
999
1003
997
1001
999
1003
997
1001
999
1003
997
144
1003
0
1017
0
999
1002
998
1000
1001
1001
999
1000
1000
1001
999
999
1002
1000
999
999
1001
1001
998
1001
1000
1000
999
1001
1000
1198
0
1011
0
1001
998
1001
1000
999
999
1001
1001
998
1001
1000
1002
997
1156
0
1009
0
1183
0
1009
0
1002
999
1002
997
1001
999
1002
999
1058
0
1010
0
1002
997
1001
999
1001
998
1002
199
986
995
1009
1000
1000
999
1001
1000
1000
1097
0
1013
80
998
995
1009
1000
999
1002
999
1000
999
1097
0
1009
0
1002
999
1000
999
1001
1000
1000
999
77
1009
0
1001
1001
999
1000
1000
1000
1264
0
1010
0
1001
1000
1000
999
1001
21
1000
997
1004
63
984
994
1013
998
999
193
982
997
1010
999
1002
1001
998
999
1002
1001
998
999
1002
1000
999
998
1003
1000
999
998
1003
1000
999
998
1003
1000
999
998
1002
1001
1182
0
1012
0
999
1000
1001
1000
998
1250
0
1010
0
1001
1001
1000
998
1001
1001
999
999
1001
1001
998
1000
1001
1001
998
1000
1000
1055
0
789
230
416
998
911
108
829
256
42
1009
0
1001
1000
1001
999
1000
1000
1001
999
1000
1001
1000
1000
999
1002
999
999
999
1001
1000
140
988
994
1010
1000
999
1001
1000
999
1001
999
1000
1000
153
1259
0
1009
0
1002
1000
999
999
1001
1000
1001
998
1001
1000
1001
999
1001
999
114
986
995
1008
1001
1000
998
1000
1002
1000
998
1000
1002
1000
998
1000
1002
999
1000
999
1001
1000
1000
999
1001
1000
129
991
991
1009
1000
999
1000
1000
1000
1000
1000
1001
1000
1001
999
1000
1000
1001
999
1000
1000
1001
999
1000
1000
1001
999
22
1210
1065
0
1010
0
1002
998
1001
1000
1001
999
999
1000
1001
1000
1000
1000
1000
999
1000
1000
1001
999
1000
1124
0
1010
0
1001
1000
999
1000
1000
1001
999
1000
1000
1001
999
1000
1000
1001
999
1000
1000
1001
999
1000
1000
1001
999
1000
1000
1001
999
1000
1000
1001
999
1000
1000
1001
999
1000
1000
1001
999
1000
1000
1001
998
1001
999
1003
997
10
1002
1107
0
1011
0
1001
998
1000
1001
1000
999
1000
1001
1000
999
1000
1001
1000
999
1000
1001
1000
999
1000
1001
1001
998
1001
1000
1000
999
1000
1001
1000
999
1000
1000
999
1001
1001
999
1000
1000
1002
998
999
1001
1001
999
999
1001
1001
998
1000
1002
999
999
1000
1002
999
999
999
1004
999
999
1000
1003
1175
0
1013
0
998
1000
1097
0
950
1061
0
1011
0
1220
0
1011
0
1000
853
1208
0
1010
0
1004
997
1000
1015
0
1209
810
196
992
1053
0
1013
0
998
1000
999
1003
998
1000
999
1004
996
1001
28
980
998
1009
999
1004
996
1001
999
1004
996
1001
1000
1003
995
1002
1001
1001
997
1000
1001
1001
998
1000
1001
1001
998
1000
1001
1001
996
1002
1000
998
999
1002
1000
999
999
1002
1000
999
999
1002
1000
998
1000
1001
1001
1000
998
1001
1001
998
1000
1001
1001
998
1000
1001
1001
998
1000
1001
1001
998
1000
1000
1001
998
1000
1001
1000
999
1000
1001
1000
999
999
1000
1001
999
1000
999
1001
1000
1000
999
1001
1000
1000
999
1001
1000
1000
999
1001
89
1205
0
21
52
1004
0
1002
999
1000
999
1001
1000
1000
51
995
1005
0
1000
78
785
485
694
97
193
817
1047
0
1006
0
1000
1000
999
1001
55
1003
0
1001
1001
999
999
1000
1001
35
1002
0
1002
999
999
1001
155
110
137
999
1000
1002
999
1000
123
1001
0
1002
999
999
1212
0
1146
0
1120
999
1000
1000
1000
1001
999
1000
1001
1000
999
1000
1000
986
1014
1000
1001
0
0
0
2
10
0
0
2
6
0
0
0
6
0
0
0
0
0
0
4
0
0
1
9
0
0
2
10
0
0
2
7
0
0
0
5
0
0
6
13
0
0
7
11
0
0
6
0
0
0
9
0
0
0
2
0
0
0
7
0
0
2
10
0
0
2
11
0
0
7
13
0
0
2
6
0
0
2
0
0
0
7
0
0
3
8
0
0
3
8
0
0
0
12
0
0
0
6
0
0
4
12
0
0
5
13
0
0
10
0
0
1
7
0
0
0
4
0
0
0
9
0
0
0
9
0
0
1
12
0
0
3
11
0
0
2
6
0
0
2
0
0
0
6
0
0
0
7
0
0
0
10
0
0
0
6
0
0
0
6
0
0
1
8
0
0
0
10
0
0
1
0
0
0
4
0
0
0
3
0
0
0
5
0
0
0
5
9
0
84
189
316
273
224
5
0
0
0
1
0
10
189
278
475
114
560
586
420
698
457
552
618
639
15
711
857
0
601
1066
1036
472
981
1197
654
175
0
3868
3838
3808
3778
916
783
543
2772
2742
2712
763
751
524
951
533
1898
1868
843
546
2394
2364
2334
973
3167
3137
3107
467
2565
2535
2505
1380
1350
5916
5886
5856
5826
5796
5766
5334
5304
742
0
3812
3782
3752
3722
8519
8489
8459
8429
8399
8369
8339
8309
8279
10488
10458
10428
10398
10368
10338
10308
10278
10248
10218
10188
3782
3752
3722
3692
5189
5159
5129
5099
5069
5039
4440
4410
4380
4350
4320
15957
15927
15897
15867
15837
15807
15777
15747
15717
15687
15657
15627
15597
26530
26500
26470
26440
26410
26380
26350
26320
26290
26260
26230
26200
26170
26140
27406
27376
34964
34934
34904
34874
34844
34814
34784
34754
34854
24146
24116
23632
20435
20405
15209
15179
15149
26807
26777
26747
26717
26687
26657
26627
26597
26567
26537
26507
26477
26447
26417
26387
26357
26327
26297
26267
26237
26207
26177
26147
26117
26087
26057
26027
23639
23609
23579
23598
26851
26821
26791
26761
26731
26701
26671
26641
26611
26581
26551
26521
26491
26461
26431
26401
26371
20153
20123
20093
20063
20033
20003
19973
19943
19913
19883
19853
19823
19793
19763
19733
22362
22332
22302
22272
22242
22212
22182
22152
23050
23020
22990
22960
22930
22900
16195
16165
16135
16105
16075
16045
16015
15985
15955
15925
15895
15865
15835
15805
15775
15745
33104
33074
33044
33014
32984
32954
32924
32894
32864
32834
32804
32774
32744
32714
32684
32654
32624
32594
32564
32534
32504
32474
32444
32414
36685
36655
36625
36595
36565
36535
36505
36475
24829
24799
27917
27887
27857
27827
27797
27767
29235
29205
29175
29145
29115
29085
29055
29025
28995
28965
28935
28905
28875
60143
60113
60083
60053
60023
59993
59963
59933
59903
59873
59843
59813
59783
59753
59723
59693
59663
59633
59603
59573
59543
59513
59483
59453
59423
59393
59363
59333
59303
59273
59243
59213
59183
59153
59123
59093
59063
59033
59003
58973
58943
58913
58883
58853
58823
58793
58763
58733
58703
58673
58643
65091
65092
65062
65032
65002
64972
64942
64912
64913
64914
64915
64885
64855
64921
78691
78661
78631
78601
78571
78541
78511
78481
78451
78421
78391
78361
78331
129113
129083
129053
129023
128993
128963
128933
128903
128873
128843
128813
128783
128753
128723
128693
128663
128633
128603
128573
128543
128513
128483
128453
128423
128393
128363
128333
128303
128273
128243
128213
128183
128153
128123
128124
128094
128064
128034
128004
127974
127975
127976
127977
127978
127979
127980
127981
127982
127983
127984
127985
127986
128348
129795
131209
131348
132348
133348
134348
135348
136348
137348
138348
139348
140348
141348
142348
143348
144348
145348
145852
146728
147728
147829
