3.54257
4.32
3.68
2.88
4.16
3.2
3.36
3.30667
3.328
2.72
2.88
2.72
2.88
3.52
3.92
3.52
2.08
3.84
2.4
2.72
4.32
1.92
4
2.24
3.04
3.36
4.32
3.04
4
2.88
3.84
3.84
3.52
3.2
3.36
3.36
2.96
4.08
1.76
3.04
3.52
4.16
2.72
3.04
3.04
3.2
3.04
2.72
5.12
3.84
3.04
3.04
3.2
4.96
3.36
3.04
2.72
2.24
5.6
4
2.24
2.88
4.16
5.12
3.84
6.08
3.04
5.76
4
3.52
6.08
3.36
3.04
3.36
4.16
4
4.48
2.08
4.56
4.64
4.96
4
4.96
4.96
4
3.84
4.8
2.72
4.64
4.48
6.24
2.72
4.48
4
3.36
4.32
5.12
5.44
3.84
4.64
4.16
6.08
3.2
4.64
3.68
6.88
2.4
5.28
5.28
5.44
5.28
3.68
2.08
5.44
6.24
4.64
3.04
4.96
4.8
3.04
7.04
3.2
3.36
4.96
4.64
4.8
4
6.88
3.68
4.64
2.56
3.2
5.12
7.52
4.8
3.36
3.36
5.76
2.88
3.36
5.28
4
5.44
6.88
2.88
5.44
3.2
5.12
1.76
6.56
3.52
6.72
3.36
2.56
4.64
3.36
4
5.12
6.88
4.32
3.36
4.8
3.52
4.48
5.92
3.36
2.4
6.08
4.8
4.32
5.12
6.08
2.72
4.64
7.68
4.48
3.2
4.32
5.76
4.48
4.32
3.84
5.12
4.32
6.72
5.12
3.36
3.52
6.56
4.8
5.28
5.44
5.28
4.32
5.12
4.96
5.6
4.32
6.4
4
3.2
5.44
4.8
5.28
4.32
2.56
4.64
6.56
6.4
4.48
6.24
4.96
3.68
4.72
4.64
4.16
6.56
6.08
3.36
5.44
6.88
3.36
3.36
3.36
4.8
3.2
6.56
2.72
4.16
7.2
4.32
2.88
3.2
9.12
3.52
3.52
5.28
6.72
4.69333
5.12
5.6
3.52
5.6
4
4.8
4.64
4.64
6.08
7.36
3.84
3.04
5.6
4.48
4.16
8.32
4.48
4
6.72
5.28
2.56
4.32
4.64
3.52
5.92
3.68
3.84
3.2
4.96
4
4.48
2.88
4.48
4.32
5.12
3.68
4.48
3.84
5.12
2.24
3.68
4.32
4.32
3.84
3.68
3.2
3.36
3.2
4.96
3.68
3.04
3.2
4.96
3.84
3.68
3.2
3.84
3.36
4.64
2.08
4.32
4.8
3.52
3.84
3.84
3.68
3.84
4.16
4.8
3.2
4.96
2.72
3.52
4.16
4.48
3.04
3.68
6.56
2.24
3.52
3.04
4.32
2.72
3.04
3.04
4
5.28
3.2
3.52
3.68
2.88
3.04
3.04
3.84
4.16
2.56
4.8
3.68
2.56
4.32
3.36
4.16
3.52
3.68
5.28
4
4.96
5.28
3.52
3.2
5.6
3.52
3.84
5.44
4
5.92
2.72
3.2
3.84
4.96
3.36
3.52
5.92
3.68
5.92
3.84
4.48
4
4.48
4.48
3.36
6.08
2.72
4.32
3.68
3.2
2.08
3.36
4.16
3.36
4.16
4
3.52
2.88
3.04
2.72
4.96
3.04
4
3.36
3.84
2.4
2.56
3.04
3.68
2.4
3.2
3.04
3.52
3.04
3.52
4
3.68
2.88
3.68
4.8
2.72
3.36
3.84
3.68
3.2
2.88
3.2
2.56
2.88
2.08
4
3.2
3.2
3.36
3.36
3.2
2.72
2.88
3.36
3.04
2.88
3.2
3.04
4
2.72
3.04
4
3.04
1.76
2.88
2.24
3.36
3.2
2.4
2.88
2.56
2.88
2.88
2.24
2.4
3.52
3.04
2.88
2.88
1.6
1.92
1.44
1.28
1.6
1.92
1.92
2.72
2.4
1.6
1.92
0.8
2.08
2.24
1.76
2.24
1.92
2.08
1.6
1.12
1.44
1.6
1.28
1.6
1.76
1.28
1.76
1.76
2.08
1.44
1.28
1.28
2.24
1.92
1.92
2.08
1.28
1.76
1.92
1.6
1.12
0.96
1.28
0.8
1.92
1.76
1.6
1.76
2.08
1.28
1.28
1.92
1.12
1.6
1.76
1.28
2.08
1.76
1.44
0.32
1.2
1.44
2.08
1.92
2.08
0.96
0.96
1.44
0.96
0.96
1.76
1.76
1.92
1.28
1.44
0.8
1.12
1.44
0.64
1.44
1.44
0.32
0.64
0.8
0.64
1.04
1.28
0.96
1.28
0.64
0.64
0.8
1.12
0.8
1.12
0.8
0.96
0.56
0.8
0.64
0.96
0.64
1.12
0.16
0.48
0.32
0.64
1.12
0.8
0.96
0.96
0.64
0.8
0.32
0.32
0.48
0.96
1.28
0.48
0.48
0.08
0.32
0.8
0.64
0.48
0.8
0.8
0.64
0.48
0.48
0.8
0.96
0.96
0.8
0.64
0.64
1.12
0.96
0.64
0.96
0.64
0.96
1.28
1.04
1.12
0.48
0.32
0.96
1.28
0.8
0.8
0.48
1.28
0.96
1.28
0.8
0.48
0.96
1.44
0.64
1.12
1.12
0.16
0.16
0.8
0.48
0.48
0.32
0.64
0.8
0.64
0.64
0.8
0.64
0.8
0.8
0.48
0.32
0.16
0.16
0.48
0.32
0.16
0.32
0.16
0.16
0.16
0.32
0.0533333
0.32
0.32
0.16
0.16
0.16
0.0533333
0.32
0.16
0.32
0.48
0.8
0.32
0.24
0.64
0.16
0.32
0.64
0.48
0.16
0.16
0.16
0.64
0.48
0.32
0.32
0.48
0.32
0.16
0.16
0.16
0.16
0.16
0.16
0.16
0.16
0.48
0.48
0.0533333
0.16
0.32
0.16
0.16
0.04
0.32
0.16
0.32
0.00301887
0
0.0106667
0.00141593
0.000551724
0.000963855
0.8
1.12
0.32
0.32
1.28
0.48
0.64
0.32
0.32
0.16
1.12
0.8
0.96
0.48
0.64
0.64
0.64
1.28
0.8
0.64
0.64
0.96
0.48
1.12
1.44
1.12
0.8
0.64
0.32
0.32
0.96
0.48
0.16
0.16
0.32
0.16
0.16
0
0.0266667
0.0533333
0.032
0
0.64
1.44
0.96
2.08
1.12
1.6
2.56
0.64
1.44
0.8
3.84
2.56
2.56
3.36
4
2.24
2.88
4.16
3.84
3.04
1.44
3.36
2.4
1.28
1.12
1.12
0.48
0.128
0.48
1.6
2.08
0.8
1.44
3.68
4.16
3.52
6.56
5.6
4.96
4.48
4.16
4.32
4.32
4.16
3.84
3.36
6.56
3.68
2.56
3.04
1.76
0.48
0
3.84
4.64
4.32
5.6
4.64
2.08
7.04
5.92
7.52
7.84
6.88
5.76
6.24
6.56
7.68
8.96
5.6
8.8
10.72
9.28
13.92
10.4
8
12.48
12.32
8.32
11.52
9.28
10.88
8.16
10.08
12.48
11.84
8.64
9.28
12.32
8.64
7.04
7.04
12
13.12
11.04
17.44
15.68
5.76
6.24
7.84
7.84
12.32
11.84
11.84
12.48
10.72
13.92
11.36
10.4
7.84
14.56
11.68
14.88
11.36
11.36
15.2
14.24
8.64
14.4
16.8
12.48
14.72
15.04
17.28
18.4
19.2
17.28
11.36
12.48
14.72
9.92
12.96
18.08
17.12
16.16
18.08
7.52
18.4
17.92
16.96
17.92
18.4
18.4
15.84
17.92
17.44
19.2
17.28
16.48
16.56
15.52
15.84
14.88
14.88
14.72
8
12.8
15.2
13.28
16.32
14.4
17.44
16.16
16.64
15.68
15.84
14.72
17.6
17.44
17.6
17.76
17.44
17.44
8.96
15.36
18.24
15.2
18.24
16.96
13.28
15.36
13.76
12.64
11.04
17.76
17.6
17.28
13.52
15.68
17.76
15.84
4.64
16.8
10.4
11.36
9.28
8
8
7.84
9.44
9.44
6.88
8
8.64
10
12
10.56
12.8
14.08
12.96
12
13.76
8.96
9.92
11.04
12.68
12.64
11.36
9.28
14.4
9.44
9.92
16.54
18.3418
18.4
17.44
18.4
8.96
18.24
18.4
14.8267
19.04
16.8
14.08
8.32
6.72
8.64
7.36
9.44
8.96
10.4
8.96
12.8
15.52
9.28
15.8691
15.8933
16.1867
15.84
14.16
13.76
8.8
13.76
14.24
17.44
16.2057
15.68
14.88
16.48
15.52
16.64
15.52
12.8533
16.96
18.08
12.96
16.7467
18.08
17.6
16.48
17.92
14.4
16.64
17.6
17.92
14.56
16.48
17.12
13.184
15.84
15.68
13.2267
16.4
18.24
17.76
17.6
9.76
18.08
16.96
17.28
17.6
14.08
17.12
14.72
12
13.76
13.52
14.88
14.08
15.36
17.12
17.28
8.8
13.3867
16
17.36
17.04
18.4
16.8
17.92
12.64
18.4
16.16
17.28
15.6
15.12
11.36
18.08
9.6
16.32
17.28
17.92
16.48
14.16
19.2
18.24
14.9867
12.64
9.44
14.56
12.8
14.72
8.32
8.16
10.4
5.92
12.32
9.6
13.92
14.08
16
15.04
12.8
10.88
13.6
14.56
14.72
10.1333
8.69333
8
5.6
12.32
15.68
13.6
14.4
14.656
13.44
13.12
16.8
13.28
13.28
14.88
14.5067
6.72
15.52
12.96
14.56
14.816
16.32
18.08
12.64
10.56
12.8
10.24
11.36
11.84
11.36
8.74667
9.28
10.3467
8.48
10.4
9.56
13.92
9.28
4.48
8.64
12.6
17.92
14.72
14.4
18.4
18.16
9.44
16.8
17.2
18.24
18.4
18.352
16.224
18.08
19.2
14.56
15.68
17.9911
5.68
2.08
10.72
1.44
11.84
7.2
0.96
1.6
0.64
0.96
1.12
0.64
0.48
0.96
0.48
0.64
0.96
0.64
0.64
0.96
1.12
0.8
1.92
0.64
0.8
0.64
0.32
0.32
1.12
1.12
0.48
1.44
0.96
0.96
0.96
0.8
0.64
0.64
0.48
0.32
1.76
0.8
0.48
1.12
1.44
0.64
0.8
0.48
1.92
0.48
0.64
0.48
1.12
0.48
0.8
0.48
0.64
0.32
0.48
0
0.96
0.64
0.8
0.32
0.32
0.16
0
0.48
0.96
0.48
0.48
0.48
1.12
0.64
0.64
0.48
0.32
0.0027234
0.00126984
0.00516129
