3.54177
4
3.52
2.88
3.84
3.52
3.36
2.61333
3.328
3.36
1.12
2.88
3.04
2.88
4
2.56
2.08
3.84
3.52
2.88
2.56
3.04
1.44
2.4
3.04
2.88
3.36
3.68
4
2.24
4
3.68
3.52
2.88
2.72
4
4
4
1.44
3.04
3.84
3.52
4.16
3.36
3.84
4.16
3.84
3.04
3.36
3.04
2.88
4.48
3.68
3.04
4.48
3.84
3.84
2.72
4.48
5.12
3.04
3.52
4.16
6.4
3.04
4.48
4
5.12
4.96
3.84
4.48
4.32
5.92
4.16
5.44
3.84
4.8
2.72
4.8
4.16
2.72
3.36
4.8
4.16
3.84
3.52
5.92
3.36
3.2
4.8
5.28
4
5.44
5.28
3.68
2.72
6.56
3.52
5.44
2.4
3.68
4.64
5.12
2.88
5.28
4.64
5.6
2.56
3.68
4.48
4.96
6.08
5.6
3.84
1.92
6.56
4
5.6
3.04
4.48
4.64
4.48
4.64
4.64
4.8
4.8
4.64
4.16
4
5.76
3.36
4.64
4.64
3.04
4.96
4.64
5.92
3.2
5.12
3.68
5.92
3.84
5.44
3.68
4.32
3.2
4.8
5.28
4.48
4.16
2.56
5.92
3.52
4.8
4.32
4.16
4.16
3.04
4.48
5.28
5.28
5.6
4
6.08
4.32
5.12
5.84
2.72
2.4
6.24
2.72
5.76
3.2
5.92
4.32
3.2
6.88
6.08
3.2
3.84
6.56
3.52
5.44
4
7.84
3.36
5.92
4.96
2.72
7.2
2.88
5.12
6.08
4.16
5.12
4.64
5.44
6.24
3.68
4.32
4.8
6.4
3.52
3.36
7.84
4.8
6.4
1.6
4.32
5.28
5.44
4.16
7.2
4.96
3.84
5.12
5.12
5.28
6.24
4.64
3.04
3.68
6.08
4.32
5.44
1.92
4.48
4.16
5.28
4.64
3.84
6.24
6.08
3.2
2.88
9.28
3.52
3.52
4.48
4.96
5.70667
4.32
4.32
4.96
4.8
6.4
4.16
3.2
6.08
6.88
4.32
6.56
4
3.84
4.48
6.24
4.16
5.44
5.28
4
5.44
4.8
3.36
4
7.52
4.16
4
5.28
4
4.16
4
3.52
4.16
6.08
4.32
3.2
5.6
3.36
2.88
2.72
4.48
3.84
3.36
3.52
3.84
4.8
4
3.2
3.52
3.84
4.64
4
4.8
3.36
3.36
4.48
4.16
3.04
3.68
3.84
3.52
2.88
2.88
4.96
3.2
3.04
4.8
3.68
3.52
4.64
3.36
4.8
3.2
2.88
5.28
3.68
2.88
2.4
4.48
2.88
2.4
3.2
3.68
3.52
4.64
4.32
3.52
2.88
4.64
2.88
2.72
3.2
3.36
2.88
4.48
4.32
4.96
2.72
3.84
2.88
2.72
4
4
4.56
2.88
4.64
4.64
3.68
4.64
4.8
4
5.12
3.36
3.36
4.32
5.12
3.36
5.76
2.24
3.84
4.48
4.96
3.52
3.36
6.08
4.16
5.92
3.36
4.96
4.48
4.96
3.2
3.36
5.92
3.2
4.64
3.04
4.32
1.92
3.52
4.32
2.72
3.52
2.88
4.48
3.04
2.72
3.84
4.16
4.48
3.36
3.36
2.08
3.04
4.16
3.2
3.2
2.24
3.2
4
3.04
3.52
4
3.36
3.52
3.04
3.36
3.52
2.88
4.96
4.32
3.84
3.2
2.88
2.72
3.36
2.24
2.24
3.2
2.72
3.68
3.2
3.04
2.88
2.72
3.36
3.52
3.04
3.04
2.56
4
3.68
2.72
2.88
3.84
3.04
1.76
3.04
2.72
3.2
3.2
2.56
2.56
3.2
2.88
1.92
2.56
1.92
3.2
3.36
2.72
2.72
1.92
1.44
2.72
1.76
1.92
1.76
2.4
2.56
1.12
2.56
1.28
1.92
2.24
1.92
1.6
2.08
1.76
1.6
0.96
1.28
2.08
1.76
2.56
1.76
1.76
1.92
1.92
1.6
2.08
1.76
1.28
1.44
2.56
1.92
1.44
1.44
1.44
1.92
1.28
1.6
0.96
0.96
1.28
1.6
1.44
2.08
1.44
2.08
1.44
1.44
1.28
1.6
1.6
1.6
2.08
1.44
1.44
1.28
1.44
0.48
1.36
1.44
2.08
1.76
1.76
1.44
1.28
1.28
0.96
0.64
1.12
1.76
2.08
2.24
1.12
0.8
1.28
1.76
0.48
1.6
1.28
0.64
1.12
0.8
0.64
1.44
0.96
0.8
1.6
0.8
0.8
0.64
1.6
0.8
1.44
0.64
0.64
1.28
0.32
0.8
1.44
0.8
1.28
0.64
0.32
0.8
0.64
0.96
1.28
0.64
1.6
0.96
0.96
0.96
0.48
0.48
0.32
1.12
0.64
0.16
0.32
0.32
0.32
0.32
1.28
0.16
0.32
0.8
0.8
0.48
0.16
0.48
0.96
0.96
0.32
0.8
0.8
0.48
1.76
0.32
0.64
0.96
0.32
0.96
0.64
1.2
0.96
0.64
0.4
1.12
0.64
1.28
1.28
0.8
1.12
0.96
0.96
0.8
0.16
0.96
1.12
1.12
0.8
0.96
0.16
0.32
0.32
0.64
0.48
0.32
0.8
0.48
0.48
0.48
0.32
0.32
0.8
0.64
0.32
0.32
0.64
0.32
0.64
0.48
0.48
0.32
0.8
0.08
0.16
0.16
0.0533333
0.16
0.16
0.32
0.48
0.32
0.64
0.32
0.16
0.32
0.32
0.16
0.32
0.24
0.16
0.48
0.16
0.16
0.48
0.48
0.4
0.32
0.32
0.16
0.16
0.24
0
0.16
0.08
0.16
0.16
0.32
0.48
0.08
0.16
0.48
0.16
0.16
0.32
0.32
0.08
0.16
0.16
0.16
0.32
0.0355556
0.01
0.0106667
0
0.000717489
0
0
0.00340426
0.00149533
0.48
1.12
0.48
0.32
0.64
1.12
0.48
0.32
0.64
0.16
0.48
0.64
0.64
0.48
0.48
0.8
0.8
0.64
0.16
0.48
0.48
0.96
0.96
0.48
0.8
1.92
1.12
0.64
0.64
0.32
0.16
0.213333
0.0533333
0
0.32
0.32
0
0.0533333
0.16
0
0
0.16
0
0.8
1.28
1.28
1.44
0.96
2.08
0.88
1.6
1.12
2.72
3.04
3.36
3.2
3.52
2.56
2.56
3.36
3.68
3.52
2.08
2.4
2.24
1.6
1.28
1.28
0.8
0.16
0.48
1.28
2.72
0.96
1.28
4.16
4.16
3.68
5.6
6.08
5.44
4.64
4.48
3.2
4.48
4.16
2.72
4.16
6.4
3.36
1.76
3.84
1.6
0.32
0
3.52
4.96
4.16
5.44
4.8
2.08
7.2
7.36
5.6
8
6.72
6.56
4.96
7.04
8
8.48
6.24
8
12.48
8.96
13.76
10.4
7.68
13.44
10.72
8.16
10.24
10.08
9.44
9.92
10.56
12.16
10.4
10.72
9.76
12.64
6.88
6.72
6.72
12.32
13.12
10.4
14.4
14.08
6.72
8.96
5.76
7.04
9.76
11.52
11.2
13.6
13.92
11.68
10.88
12.96
10.72
8.96
10.24
10.56
13.76
13.44
16.32
14.56
8.32
13.12
16.8
14.88
14.56
12.8
16.96
17.12
18.88
19.2
14.24
10.56
15.84
10.72
11.68
16.8
16.96
17.44
18.08
9.76
17.92
17.76
18.24
18.4
17.76
18.4
16.16
15.36
18.08
17.6
17.12
17.92
16.72
14.72
15.84
16.8
12.8
14.72
7.36
12.48
14.88
14.56
12.32
16
14.4
15.52
15.52
13.76
16.48
16.16
14.72
17.12
15.36
18.08
16.4
17.28
9.44
15.52
17.6
16.8
16.8
17.92
17.92
17.28
14.08
13.6
14.4
15.68
17.6
17.44
16
17.2
17.28
17.6
6.72
17.6
12.32
12.8
9.28
9.44
8.48
9.76
10.72
7.84
8.96
8.32
9.44
9.36
10.08
14.08
14.72
14.56
12.08
13.6
8.96
9.28
8.48
10.8
12.76
12.64
12.16
10.32
11.04
8.64
8.16
16.23
18.1818
18.4
18.24
18.4
12.32
15.04
18.4
14.9333
18.4
17.6
16.64
9.12
7.52
8.16
8.8
9.92
8.32
9.44
8.64
12.96
12.48
11.36
15.3745
17.0133
15.84
16.16
14.4
15.84
7.84
12
15.84
15.2
16.2514
16
14.56
16.48
14.88
16.8
13.6
13.0133
15.68
16.96
16.8
16.48
16.32
16.48
16.8
17.44
12.8
16.32
18.08
16.32
14.24
14.24
14.56
13.312
12.32
16.5867
15.52
13.84
14.08
14.72
17.088
17.44
8.8
16.32
18.24
17.28
17.44
15.04
16.8
14.88
16.64
15.36
13.44
12.16
14.24
14.24
13.6
14.4
16.48
13.6533
16.48
16.48
15.52
15.68
17.6
15.84
16.64
17.28
16.64
16.64
17.44
16.64
15.2
15.2
16.32
8.8
17.44
16.48
15.2
17.44
16.24
13.6
16.64
17.3333
18.24
13.6
12.32
14.88
12.64
12.64
9.76
9.12
4.48
11.84
10.88
13.12
13.6
14.08
13.28
14.24
14.72
12.48
15.68
13.92
11.5733
8.85333
8.8
5.28
9.44
14.88
14.72
15.84
15.168
12.8
13.6
17.28
15.2
15.36
15.04
14.9867
7.36
15.2
12.32
13.76
16.128
17.6
19.2
8.96
11.52
12.3733
10.1867
12
11.84
10.24
8.56
9.12
10.24
10.7733
9.6
10.24
9.2
13.84
8.48
4.48
8.64
11.84
17.6
14.88
15.36
18.4
17.3333
16.9067
14.88
17.6
18.24
17.92
18.4
17.2693
19.04
18.72
17.44
17.872
6.02667
2.08
10.72
0.96
13.12
6.24
1.76
1.76
0.96
0.64
0.8
0.64
0.8
0.8
0.64
0.8
1.28
0.8
0.8
0.48
0.96
0.48
1.6
0.8
1.12
1.12
0.96
0.64
1.6
1.44
0.96
0.64
1.28
1.12
1.28
0.32
0.48
1.12
0.64
1.12
0.8
0.96
0.8
0.8
1.6
0.8
0.96
0.8
1.6
1.44
0.64
0.96
0.48
0.32
0.64
0
0.64
0.64
0.32
0.32
0.8
0.32
1.12
0.48
0.16
0.32
0.32
0.32
0.64
0
0.48
0.32
0.8
0.32
0
0.32
0.00391837
0
