3.7075
5.12
3.04
4
3.30667
3.46667
4.48
3.52
4.16
4.48
3.04
2.72
2.56
3.84
3.2
2.4
3.36
2.08
3.36
3.36
4.32
3.52
2.72
3.84
4
4.16
3.36
4
2.72
3.28
4.96
2.72
4.32
3.52
4.32
3.2
3.04
3.04
3.68
5.44
2.4
2.4
3.92
2.72
5.44
2.88
4.16
3.2
2.72
4
4.32
3.52
3.52
3.52
2.72
3.52
3.04
4.64
3.52
5.28
4.48
4.16
5.44
5.28
3.36
3.52
2.08
5.12
4
4.48
4.32
4
5.44
5.92
3.84
3.68
4.48
3.84
4.16
5.12
2.4
4.8
4
5.28
4.64
3.84
2.24
4.32
6.24
4.72
4.8
3.68
5.12
4.96
6.24
4.32
3.04
4
5.28
6.72
3.36
4.8
4.8
4
2.72
4.8
6.56
6.08
3.84
2.72
5.76
4.48
4.16
5.28
4.64
5.44
3.52
3.52
5.6
6.24
3.84
4.8
4.16
4.96
3.52
4.64
4.32
4.96
5.28
4.32
7.2
4.8
5.44
4.8
4.16
5.12
4.64
4.64
4.96
4.8
3.36
7.04
4.16
2.08
5.76
6.56
5.12
4
6.4
3.52
4.64
4.96
4.96
6.4
5.12
4.96
4.96
4
4.64
4.32
4.8
4
4.64
3.52
4.96
4.64
5.12
2.24
5.28
6.88
6.08
4.8
4.64
5.28
5.76
3.84
4.32
4.8
4.8
4.8
5.76
4.32
2.56
4.96
4.16
4.8
6.08
4
6.56
4.48
4.64
5.28
4.48
2.72
6.56
6.08
3.2
4.96
5.12
4.8
5.44
2.4
5.92
4.64
4
4.96
3.68
5.28
2.72
7.68
3.52
5.92
4.96
5.92
4.32
2.88
6.56
3.36
6.88
3.52
3.04
3.04
5.92
5.12
4.8
6.56
4.64
4.96
4.8
7.04
3.04
3.52
6.4
6.56
4.32
3.84
6.24
3.84
4.96
7.36
2.4
5.28
3.84
3.04
5.12
6.4
6.24
5.44
7.2
2.88
4
5.76
5.28
7.04
3.52
3.68
7.04
5.12
3.84
3.52
4.96
7.2
4.32
6.08
4.96
7.52
3.84
3.52
8.16
4.64
4.64
5.76
5.44
3.68
5.44
4.8
6.24
2.4
3.36
3.36
3.36
5.92
3.36
3.68
4.48
5.76
4.8
4
5.92
4.32
3.84
5.12
4.48
4.96
5.76
4.16
5.6
5.28
1.92
4.32
4.32
5.44
4.64
6.24
5.76
4.64
6.56
3.52
3.04
5.92
3.68
5.76
3.68
5.92
5.6
3.04
5.76
4.8
2.24
6.24
5.44
4.64
3.84
3.52
4.48
4.96
3.52
4.48
5.28
3.52
4.96
4.96
3.52
5.44
3.04
4.16
7.04
2.4
4.64
5.28
4
3.84
4.64
4.8
2.72
5.12
3.68
3.68
4.64
4.32
3.84
4
3.36
3.36
3.2
3.36
4.64
2.72
4.16
4
3.68
4.32
3.84
3.52
4
4.48
4.96
4.32
4
4.16
3.04
4.16
5.28
2.88
3.68
4.16
2.56
2.88
3.04
4.8
4.96
3.36
2.4
3.2
4
3.2
2.4
2.24
3.2
2.24
1.76
1.6
1.28
2.24
2.08
2.24
0.96
2.08
1.12
1.28
1.76
1.92
1.92
1.28
0.48
1.12
1.12
0.64
0.32
0.64
0.48
0.16
0.32
0.16
0
0.32
0.8
1.28
0.64
0.8
0.32
0.48
0.48
0.16
0.16
0.8
0.64
0.16
0.16
0.64
0.32
0.56
0.16
0.8
0.48
1.12
0.32
0.48
0.64
0.48
0.48
1.12
0.48
0
0.48
0
0.48
0.32
0.96
0.48
0
0.64
0.64
0.48
0.32
0
0.16
0.64
0.64
0.64
0.8
0.48
0.16
0.64
0.64
0.32
1.44
0.96
0.64
1.28
0.32
0.8
0.48
0.64
1.12
0.32
0.96
0.96
1.28
0.56
0.32
1.44
0.48
1.76
1.28
0.96
0.96
0.16
0.8
1.28
0.96
1.76
1.92
1.28
2.4
0.48
0.96
0.48
1.44
2.4
1.6
2.08
1.44
1.12
1.12
0.96
1.12
2.08
2.4
0.96
2.4
0.64
0.64
1.44
1.12
2.08
2.4
1.12
1.6
0.96
0.32
0.8
0.96
2.24
1.76
1.28
1.76
0.64
1.28
0.96
0.48
1.12
1.6
1.12
1.76
0.8
1.28
0.16
1.12
1.44
0.96
1.44
1.28
0.8
1.12
0.48
0.8
1.12
1.28
1.28
0.32
0.64
0.48
0.64
1.28
1.12
0.96
0.32
1.76
0.48
0.64
0.32
0.8
0.8
0.8
0.16
0.16
0.64
0.64
0.32
0.64
0.48
0.48
0.16
0.48
0.8
0.8
0
0.16
0.32
0.32
0.48
0.64
1.12
1.12
0.48
0.48
1.12
0.16
0.32
0.48
0.32
0.48
0.48
0.96
0.64
0.96
0.8
0.96
0.32
0.48
0.32
1.28
1.44
0.96
0.8
0.32
0.48
1.12
1.12
1.6
1.6
0.96
1.76
0.64
1.6
1.6
1.44
2.4
2.56
1.76
1.92
1.6
0.64
1.6
1.12
1.92
1.76
0.8
1.6
0.64
1.44
0.8
2.08
1.92
2.24
1.92
2.08
0.32
1.44
0.8
1.28
1.76
1.76
0.96
1.76
0.96
1.12
0.64
0.8
1.28
2.24
1.44
1.28
0.8
0.96
0.96
1.92
2.08
1.28
1.76
1.76
0.8
1.76
0.96
1.92
1.44
1.28
1.12
2.08
1.28
0.32
0.96
0.64
0.8
0.96
0.96
1.28
1.28
0.64
1.44
0.96
0.64
0.96
0.96
0.8
0.32
0.16
0.48
0.8
0.96
0.96
1.12
0.8
0.64
0.16
0.64
0.32
0.32
0.16
0.48
0.8
0.8
0.8
0.48
0.64
0.64
1.28
0.64
0.64
0.48
0.96
0.96
1.12
1.28
1.44
0.64
1.76
1.92
0.32
0.16
1.44
0.16
0.32
0.16
0.48
0.48
0.32
0.32
0.16
0.32
0.8
0.48
0.48
1.12
0.8
0.48
0.48
0.8
1.44
0.96
1.28
0.96
0.64
0.16
0.32
0.8
1.44
1.28
1.76
1.12
1.44
0.32
0.8
0.96
1.44
1.92
1.12
0.32
1.44
1.12
0.96
1.28
1.28
1.6
1.44
0.64
1.28
0
1.92
1.44
1.6
1.6
1.76
1.12
0.64
1.12
2.08
2.24
2.08
0.96
1.12
1.44
0.64
0.8
1.28
0.96
0.64
1.12
0.8
1.12
0.96
1.44
1.44
0.64
1.44
1.12
0.8
1.92
1.28
1.6
1.44
0.96
1.6
1.28
1.6
1.28
0.64
1.76
0.64
0.64
0.16
0.64
0.48
0.64
0.48
0.32
0.96
0.64
0.64
0.48
0.32
0
0.64
0.8
0.8
0.64
0
0.48
0.8
0.64
0.32
0.96
0.96
0.64
0.32
0.32
0.64
0.56
0.72
1.12
0.32
0.32
0.8
0.48
0.96
0.48
0.64
0.4
0.32
0.8
0.32
0.48
0.64
0.64
1.28
1.44
0.96
0.56
0.48
0.16
0.8
1.6
0.64
1.28
1.28
0.8
0.48
1.12
1.6
1.92
1.76
0.96
0.48
1.44
1.92
0.64
1.12
1.92
1.44
1.76
0.64
1.12
1.76
0.8
2.08
1.92
2.4
2.08
1.12
0.48
0.16
0.64
1.6
1.92
1.76
0.96
0.8
1.44
0.48
1.76
0.8
1.76
0.64
1.28
0.8
0.96
1.12
1.44
1.76
2.08
1.92
1.28
0.8
1.12
1.6
1.28
0.8
1.28
1.28
1.12
0.8
0.64
0.32
1.28
0.48
1.6
1.76
0.8
1.12
1.76
0.64
0.96
0.32
0.48
0.8
0.32
0.32
0.8
0.56
0.64
0.64
0.8
0.64
0.48
0.48
0.16
0.32
0.8
1.12
0.32
0.48
0.48
0.48
0.96
0.16
1.28
0.16
0.8
0.64
0.64
0.72
0.8
0.48
0.96
0.96
1.28
1.28
0.48
1.28
0.48
0.48
0.96
0.48
0.8
0.96
0.96
1.12
0.48
0.8
0.96
0.8
1.76
1.76
0.8
0.48
0.32
0.8
1.44
0.8
1.44
2.4
1.12
1.6
1.28
0.96
0.8
0.8
0.96
2.56
1.76
2.08
1.6
1.12
1.76
1.28
2.56
1.28
1.44
1.28
1.12
1.6
1.44
1.28
2.08
1.44
1.44
1.28
0.8
0.8
2.4
1.28
1.76
1.44
0.64
1.12
0.64
0.8
0.48
0.8
1.6
1.12
1.28
0.64
0.96
1.44
0.96
0.96
0.8
1.12
1.28
0.8
0.96
0.96
1.44
1.6
0.16
0.96
0.32
1.28
0.96
1.12
1.12
1.44
0.72
0.72
0.48
0.8
0.32
0.48
0.48
0.16
0.8
0.32
0.96
0.8
0.16
0.56
0.64
0.64
0.64
0.64
0.16
0.32
0.48
0.48
0.8
0.8
0.64
0.32
0.48
0.16
0.64
0.88
0.48
0.56
0.8
0.96
0.64
0.96
0.48
0.8
0.32
0.96
0.96
0.32
1.28
0.16
0.8
1.6
1.44
1.28
1.28
0.64
1.6
1.12
1.12
0.48
0.32
1.6
1.44
1.92
2.4
1.44
1.12
0.96
1.76
1.6
1.6
0.16
1.76
0.64
1.28
1.28
1.76
1.44
2.08
1.12
1.6
0.8
1.28
0.96
1.6
0.96
1.44
0.64
1.44
1.76
1.76
1.44
1.12
0.8
2.08
0.48
2.08
0.32
1.28
0.96
1.92
1.28
2.08
0.8
2.08
0.64
0.64
1.6
1.44
0.96
1.6
0.64
2.24
0.64
0.8
1.28
1.76
0.32
2.08
0.48
1.44
1.6
1.12
1.44
1.12
0.48
0.8
1.28
0.16
0.96
0.64
1.12
1.12
0.8
0.48
0.16
0
0.32
0.48
1.12
0.32
0.32
0.8
0.64
0.16
0.8
0.32
0.32
0.48
0.48
0.32
0.48
0.16
0.32
0.8
0.32
0.64
0.8
0.48
0.16
0.48
0.48
0.8
0.64
0.64
0.48
1.12
0.64
1.28
0.48
1.28
1.12
1.12
1.12
0.64
0.48
1.6
0.96
1.44
1.28
0.96
1.44
0.96
0.64
1.28
0.48
0.96
1.6
0.48
1.28
0.8
0.64
0.48
0.16
0.64
0.8
1.28
1.12
0.48
0.24
0.48
0.48
0
0.32
0.8
0
0.48
0.48
0.8
0.64
0.4
0.96
0.8
0.48
0.48
0.64
0.8
0.64
0.16
0.32
0.64
0.64
0.8
0.96
1.12
0.32
0.96
0.32
0.32
0.8
0.8
0.16
0.32
1.28
0.48
0.48
1.76
1.6
1.76
2.24
1.76
1.76
1.12
1.92
2.56
1.6
1.92
3.04
2.4
1.28
3.36
0.96
1.12
2.24
2.4
3.36
2.88
1.76
1.92
2.72
2.24
2.08
1.44
1.76
1.6
2.08
1.76
1.6
1.76
1.6
1.44
0.8
1.44
0.32
0.48
2.08
1.12
0.8
1.28
1.28
0.8
1.44
1.92
1.6
1.6
1.76
1.44
1.6
2.08
0.96
1.76
1.12
2.24
1.76
1.12
1.76
0.8
0.64
0.48
0.48
0.8
1.28
0.32
0.32
0.64
0.64
0.48
0.16
0.48
0.48
0
0.64
0.8
1.44
0.96
0.48
1.44
1.12
0.64
1.12
1.28
1.44
1.92
3.52
4.96
2.88
2.88
4
1.28
3.2
2.4
3.2
1.76
2.08
2.24
3.36
1.92
0.96
2.24
0.96
1.28
2.24
1.6
0.96
1.12
0.96
1.76
1.12
1.12
1.12
1.6
2.08
1.44
2.24
2.08
2.88
4.32
3.36
2.72
2.24
2.72
4.48
3.52
1.12
1.76
2.88
4.48
3.04
2.24
5.44
8.48
4.64
3.52
3.2
2.08
4.16
3.68
5.28
7.04
7.04
7.52
6.72
7.36
5.92
2.72
5.6
5.6
4.64
9.28
10.56
9.44
7.68
7.36
8.16
8.48
6.56
8.96
12.8
7.2
10.08
9.28
6.24
5.92
5.6
3.2
4.64
5.44
6.72
5.44
8.48
5.12
7.84
7.84
7.68
4.64
4.32
4.8
8.64
9.76
7.04
8.8
7.2
8
7.52
6.08
6.08
4
6.56
4.96
7.04
6.4
9.12
7.84
8.16
1.44
2.08
4.96
6.88
3.68
7.36
4.64
4.16
5.44
5.28
5.44
3.68
5.44
7.68
5.92
7.52
7.04
5.76
9.76
4.96
5.6
5.44
2.88
4.8
5.92
4.96
3.04
3.36
3.68
6.56
8.96
4.32
8.16
10.72
9.6
6.72
7.36
8.64
7.68
6.56
8.16
5.28
6.4
6.24
7.68
6.4
5.44
6.4
8.64
6.4
4.8
5.6
8.48
6.4
11.36
7.2
7.68
8.48
8.96
8
7.2
6.88
7.2
7.84
6.88
8.8
6.88
6.88
6.88
8.96
3.68
11.52
11.04
10.08
11.52
9.76
9.28
10.88
10.08
5.76
8.48
8.8
4.96
4
4.32
3.36
7.2
8
7.36
10.88
4.64
6.88
6.24
7.52
9.28
5.92
9.44
7.52
9.76
6.4
4.8
4.8
5.28
5.44
8.16
7.68
5.6
6.56
6.24
4.16
9.28
5.76
6.56
5.6
6.08
6.88
8.48
7.36
7.84
6.56
5.6
5.92
5.28
8.16
6.4
4.32
3.68
4.64
3.52
2.08
4.32
4.48
7.36
6.24
4.48
6.08
5.76
3.84
5.76
4.16
3.68
3.2
4.8
4.48
4
3.36
2.56
2.08
1.76
3.04
1.44
1.28
1.44
1.28
1.76
4.16
11.52
1.6
1.92
2.08
2.56
2.4
1.44
1.12
1.44
1.12
1.6
1.92
0.8
1.76
2.24
3.04
1.92
1.92
1.76
2.4
3.04
2.08
1.76
1.12
1.92
1.44
1.12
1.6
2.4
1.12
2.72
1.44
2.08
1.6
1.92
1.12
1.76
3.04
2.24
1.76
2.24
1.6
1.6
1.12
2.08
2.56
1.76
2.72
2.08
2.4
1.28
1.28
1.44
0.96
1.6
1.6
1.92
2.08
1.92
1.76
1.6
1.28
1.6
1.12
2.24
1.76
2.24
2.56
1.92
1.44
1.12
1.28
1.6
1.76
1.44
1.12
0.96
0.96
0.32
0.64
1.12
1.44
1.6
1.28
0.8
0.8
1.6
1.12
0.96
0.48
0.16
1.28
1.44
1.12
0.64
1.28
1.28
0.8
0.48
0.64
1.28
0.96
1.44
0.8
0.96
0.48
0.96
1.44
0.64
0.8
0.96
0.64
0.64
0.96
0.48
1.12
1.28
1.76
1.44
1.12
0.96
0.48
0.8
0.64
0.8
0.96
0.8
1.12
0.64
0.32
0.8
0.96
0.96
0.8
1.44
0.8
0.8
1.28
0.96
0.88
1.6
0.64
0.8
0.8
0.8
1.12
1.44
1.6
1.12
1.44
1.12
0.8
0.64
0.64
1.76
0.32
0.8
1.28
0.48
1.28
1.12
0.88
1.12
0.96
1.12
1.12
0.96
0.8
0.8
0.96
0.8
1.12
0.96
1.44
0.8
1.28
0.8
1.44
0.48
0.96
0.64
1.44
0.64
1.28
1.12
0.96
0.96
0.96
0.8
0.8
1.28
0.96
0.8
1.44
1.12
0.64
1.12
1.44
0.96
0.96
0.64
0.96
1.44
0.48
1.28
0.8
1.12
1.36
1.76
0.96
0.64
0.64
0.48
0.96
0.8
0.96
0.48
0.96
0.32
2.08
0.96
0.96
0.96
0.96
0.96
0.64
1.44
1.12
1.68
1.28
0.96
0.8
0.8
1.28
1.6
1.44
1.12
0.72
1.28
0.16
1.44
1.28
0.48
1.28
1.6
0.64
0.8
1.28
0.8
0.64
1.44
0.8
0.64
0.96
0.64
1.52
1.12
0.96
1.12
1.76
1.12
1.6
0.8
0.32
1.04
0.8
0.8
1.28
0.96
0.48
1.12
0.96
2.08
0.64
0.96
1.76
0.48
1.44
2.08
0.96
0.8
0.8
1.6
0.96
0.64
0.8
1.12
0.32
1.28
0.96
0.64
1.92
1.12
0.8
1.28
1.12
1.28
1.6
0.96
1.6
1.12
1.28
0.8
0.48
0.48
1.6
1.12
0.8
0.64
0.48
0.96
0.8
1.2
0.16
1.12
0.64
0.8
1.12
0.8
0.8
0.8
0.64
0.96
0.96
1.12
1.28
0.8
1.28
1.28
1.28
1.6
1.6
0.96
1.28
1.28
0.96
1.28
1.28
