0
53000
0
0
0
1000
0
0
0
1004
999
0
968
1
0
1
0
0
1027
0
1003
0
1001
0
118
141
0
82
660
0
0
545
454
0
565
392
1
0
0
1
267
773
0
0
0
0
0
998
0
0
517
427
1
62
992
0
0
0
1000
1003
0
997
595
1405
0
0
0
0
146
809
50
0
0
995
80
926
995
1002
1000
998
1602
401
997
1003
1001
997
1000
474
2137
1150
0
0
410
601
793
997
1999
1000
1000
234
768
1002
0
999
1005
996
2000
998
1002
999
0
126
2002
0
998
1002
0
513
238
895
2004
996
2000
0
1000
0
1001
0
832
276
726
998
3000
0
1000
0
1002
0
2004
994
1000
1001
0
376
1003
0
999
1000
450
3190
1000
0
0
1000
1004
0
1001
1002
996
1000
1997
1000
1003
0
1000
4997
1000
0
0
1000
0
1003
1
998
1000
970
99
1000
1001
1003
997
1
1000
350
1003
1000
998
0
1002
0
1001
998
1001
1001
0
999
491
691
1000
1001
1004
478
998
1000
1004
1000
705
1294
1411
594
1734
262
0
1003
0
2997
0
1000
865
144
993
1002
999
999
287
1002
1
998
1343
1000
3000
0
1000
0
670
1062
0
1004
0
1002
995
1001
1000
0
1000
1000
1001
1001
1000
999
1
1000
1001
1001
630
916
999
109
1002
0
1001
1002
2995
0
1000
375
174
996
1003
998
1001
81
1000
1005
0
999
999
93
1002
0
1001
0
1002
999
1003
1000
1002
0
470
2004
996
0
1001
0
523
777
1005
0
124
1001
1999
2000
0
1000
0
1002
0
1114
2002
0
998
1001
1001
0
2001
305
1001
0
1198
1000
648
358
1005
0
997
2998
0
1000
1004
0
1998
0
1003
0
1000
1001
998
998
2000
643
1
315
690
996
1000
1001
1000
566
173
1000
1000
991
11
1000
721
282
209
191
314
688
1001
0
1000
1000
877
995
120
996
1001
1000
999
1000
1003
999
249
764
132
94
946
61
1006
0
1000
1002
115
1011
0
998
1004
992
1002
1001
997
333
1005
0
1001
1001
998
846
986
1007
999
1006
998
999
1000
1000
999
999
1000
1001
1000
999
1000
1001
999
1000
1000
1000
1000
1000
1000
1000
1000
1001
1001
998
1000
1002
998
1000
1001
999
1002
999
999
1000
1000
1000
1000
1000
1000
1000
1000
1000
1000
1000
1000
1001
1001
1002
997
1030
1012
1061
926
1037
999
964
971
1030
971
1028
1004
1002
966
1069
994
963
1041
964
1107
932
1031
155
2038
0
1113
1279
0
990
1009
1003
1000
1002
995
1001
1002
1000
997
1001
1002
1000
997
1002
1001
999
998
1000
1002
1000
998
1000
1002
1000
998
998
1003
999
999
999
1002
999
999
1000
1002
999
999
1001
1002
999
998
1002
1001
999
998
1002
1001
999
998
1002
1001
999
999
1001
1000
999
1001
1000
1000
999
1001
1000
999
1000
1002
1000
997
1001
1002
1000
997
1001
1002
1000
997
1000
1002
1000
998
1000
1001
1000
999
999
1003
999
999
999
1003
999
999
999
1003
999
999
996
1001
999
882
991
1006
999
1001
998
1002
999
1001
998
1002
999
1001
998
1002
999
1001
998
1002
999
1001
998
1002
999
1001
999
1002
998
1001
998
1003
998
1001
999
1001
999
1000
1000
1001
999
1000
1000
1001
999
1000
1000
1001
999
1001
1001
999
999
1000
1000
1001
999
1000
1000
1001
999
1000
851
989
1006
1001
999
1001
999
1000
1000
1001
999
1002
998
1001
998
1001
999
1002
998
1001
1000
999
999
1002
999
1000
999
1002
999
1000
1001
1000
999
1000
999
1002
999
1001
998
1004
997
1002
997
1003
998
1002
997
1003
998
1002
997
1003
998
1002
998
1001
999
1002
998
1001
999
1002
998
1002
998
1003
997
1002
998
1002
998
1032
968
1001
1032
1037
929
1012
1022
968
1031
989
1010
1004
1464
763
723
1282
0
1006
0
1000
678
1118
0
919
967
1089
961
1023
1213
365
293
2034
0
36
1006
0
1002
1000
999
1035
996
1001
969
2006
0
2465
0
0
1007
0
1001
1178
2934
0
0
1151
0
1012
0
998
1051
1715
0
1320
0
892
1035
1040
1352
1275
554
4417
0
0
0
0
1008
0
1002
999
1042
987
1035
1136
723
999
2560
0
0
806
1335
1299
3146
0
0
0
894
969
1027
1004
1033
1039
999
3508
0
0
0
1217
1315
0
1074
0
1264
348
1690
0
1404
1260
0
1039
0
1073
1036
1702
1003
0
1876
0
1813
0
1589
0
717
1149
1514
288
2290
0
814
902
1124
347
2769
0
0
883
815
1003
1109
1214
999
875
4568
0
0
0
0
1568
0
1012
0
1002
996
1002
999
1031
1033
1149
2632
0
0
1366
780
2261
0
0
1010
0
1002
1000
1034
1003
1025
1525
1618
0
3336
0
0
1057
0
1041
0
996
2219
0
0
60
2794
0
0
1007
0
1007
995
1000
1028
1074
410
1536
0
2376
0
1315
0
1091
0
1022
888
1978
1140
0
1377
1353
570
3616
0
0
0
1424
0
963
1010
1067
996
2390
0
0
915
3195
0
0
1152
0
1038
0
1110
1037
67
1000
1000
1000
1000
7023
0
0
0
0
0
0
1102
1384
0
990
1010
1032
993
1003
1072
1486
1400
2189
0
0
1174
676
868
1036
2793
0
0
2638
0
0
757
904
859
997
570
1499
0
2041
0
2387
0
1837
0
1402
1202
0
1115
0
1000
1000
681
6057
0
0
0
0
0
1169
0
988
1010
1004
997
1026
1001
1113
848
1000
999
5446
0
0
0
0
1079
1481
0
1041
0
969
1043
991
1121
2636
0
0
1439
0
2168
0
837
999
1141
651
2314
0
213
6491
0
0
0
0
0
0
1354
166
1001
991
1011
1067
1643
1277
310
2114
0
1282
1331
0
962
1010
1068
964
1055
1362
1013
826
827
347
4141
0
0
0
898
970
1039
1089
954
2289
0
0
1925
0
1009
838
1021
1460
1467
0
999
1000
144
289
8593
0
0
0
0
0
0
0
1419
0
988
1009
1004
999
1000
998
1002
1000
1001
1027
998
511
1828
0
1803
0
2294
0
1160
169
1003
1041
0
1028
1043
999
4715
0
0
0
0
1270
1015
1007
0
1003
999
1033
1182
352
2311
0
1236
0
1074
0
1074
964
962
1686
1237
728
2260
0
647
1406
0
961
1041
1002
1083
874
1923
2998
0
0
2817
0
0
1193
0
1009
0
1001
1031
969
1031
1001
1032
1064
2592
0
0
1608
0
1103
744
1063
1129
757
1077
0
815
1486
0
1638
1063
0
3690
0
0
0
1412
0
1009
0
1003
1002
995
999
1034
968
1000
1003
997
1040
1025
1000
1004
1034
977
1022
1355
396
1523
2155
0
0
927
1038
975
1062
1070
931
815
2042
0
1348
1074
580
596
846
276
962
1074
1151
980
868
864
1069
1329
791
1789
0
1476
0
1088
0
990
1010
1000
1001
999
1000
1001
1029
967
1027
1067
974
963
997
1001
1011
1177
814
1007
995
1002
996
1218
856
923
979
993
1000
1003
999
998
1000
1001
1000
999
1000
1001
1000
999
1000
1001
1000
999
999
1000
1000
1000
1000
999
1000
1000
1005
995
1000
1001
1000
1001
998
1000
1002
999
998
1002
1000
1000
998
1001
1001
1000
998
1001
1001
1000
998
1002
1000
999
1000
1001
1000
999
1000
1001
1000
998
1000
1001
1000
999
1001
1001
998
1000
1001
1001
998
1000
999
1003
998
1000
999
1003
998
1000
999
1003
998
1000
999
1003
1343
0
1008
0
1000
1002
997
1000
1000
1002
998
1000
1000
1002
998
1000
1000
1002
998
1000
1000
1002
998
1000
1000
1002
998
1000
1000
1035
995
1003
996
1000
1038
1001
968
996
999
1003
998
1799
1167
0
1009
0
998
1000
1039
1103
826
311
835
351
1462
1219
0
360
754
888
1038
2466
0
0
1073
1467
0
1009
0
1000
1001
1029
969
1003
997
998
1000
1003
998
1002
999
998
1031
969
1000
1000
1000
1268
730
998
1002
1000
1002
1000
999
1000
1000
1000
999
999
1001
1001
1001
998
1000
999
1000
1002
999
1001
999
999
1001
999
1000
1000
1001
999
1000
1001
1000
999
1000
1001
1000
999
1000
1002
999
999
1000
1003
998
1000
1000
999
1001
999
1001
1000
1000
999
1000
1001
999
1000
1002
999
999
1003
998
999
1002
998
1000
1003
998
999
1001
1000
999
1000
1002
999
999
1002
999
1000
999
1001
929
183
1002
0
1001
1001
999
999
1001
1000
1000
1289
1001
1003
0
999
1001
1000
1000
999
1001
1001
999
999
1001
1002
998
999
1001
1000
1000
1000
1001
1001
998
999
1002
999
1000
999
1001
1002
1000
999
1000
999
1000
1000
1000
1000
999
999
1001
1000
1002
997
1001
1001
999
999
1003
998
1000
1000
1000
1000
1000
999
1003
998
1000
1000
1000
1000
1000
1000
1000
1000
1000
999
1001
1001
999
999
1002
1000
999
999
1003
998
1000
1000
1000
1000
1000
1000
1000
1000
1000
1000
119
997
82
1001
0
1001
1000
999
1000
1002
999
999
1000
1001
999
1001
415999
1000
1000
1000
1001
999
1000
1000
1001
999
1000
1000
1001
999
1000
1000
1001
999
1000
1000
1001
999
1000
1000
1001
999
1000
1000
1001
999
1002
999
1001
999
999
1000
1001
999
1000
1000
1000
1000
1000
1000
1001
999
1000
1000
1001
999
1000
1000
1001
999
1000
1000
1001
1001
998
1000
1001
999
1000
1000
1001
999
1000
1000
1001
999
1000
1000
1001
999
1000
1000
1001
999
1000
1000
1001
999
1000
1000
1001
999
1000
1000
1001
999
1000
1000
1001
999
1000
1000
1001
999
1000
1000
1001
999
1000
1000
1001
999
1000
1000
1001
999
1000
1000
1001
999
1000
1000
1001
999
1000
1000
1001
999
1000
1000
1001
999
1000
1000
1001
999
1001
999
1001
999
1000
1000
1001
999
1000
1000
1001
999
1000
0
1000
0
1002
0
999
0
1001
0
999
0
1001
0
999
0
1001
0
999
0
1001
0
999
0
1001
0
999
0
1001
0
1000
0
1000
0
1001
0
999
0
999
0
1002
0
998
0
1001
0
1000
0
1000
0
1000
0
0
1000
0
0
1003
0
0
998
0
0
999
0
0
873
0
0
950
178
0
997
0
0
1001
0
0
1002
0
0
932
1
69
996
0
0
999
0
0
1003
0
0
1001
0
0
999
0
0
999
0
0
1002
0
0
998
0
0
1001
0
0
1000
0
0
1003
0
0
996
0
0
1002
0
0
1001
0
0
998
0
0
999
0
0
1002
0
0
998
0
0
1001
0
0
999
0
0
1002
0
0
999
0
0
1000
0
0
999
0
0
800
0
0
1201
0
0
997
0
0
1002
0
0
1001
0
0
999
0
0
1001
0
0
999
0
0
1001
0
0
1001
0
0
999
0
0
999
0
0
1002
0
0
999
0
0
1001
0
0
998
0
0
1001
0
0
999
0
0
1002
0
0
998
0
0
1001
0
0
770
13
220
723
0
1
1231
41
0
998
0
0
1001
0
0
1002
0
0
999
0
0
1002
0
0
999
0
0
1000
0
0
999
0
0
1003
0
0
997
0
0
1001
0
0
928
54
1
1014
0
0
1000
0
0
1003
0
0
1000
0
0
1002
0
0
999
0
0
999
0
0
999
0
0
1002
0
0
998
0
0
1001
0
0
1000
0
0
1000
0
0
999
0
0
1001
0
0
1001
0
0
999
0
0
999
0
0
1001
0
0
999
0
0
1001
0
0
999
0
0
1001
0
0
999
0
0
1002
0
0
1000
0
0
999
0
0
999
0
0
1001
0
0
999
0
0
1001
0
0
999
0
0
1001
0
0
999
0
0
1001
0
0
999
0
0
1001
0
0
999
0
0
1001
0
0
1000
0
0
1000
0
0
1000
0
0
1000
0
0
999
0
0
1001
0
0
999
0
0
1002
0
0
998
0
0
1001
0
0
1000
0
0
1002
0
0
997
0
0
1001
0
0
1002
0
0
1000
0
0
997
0
0
1001
0
0
1000
0
0
1002
0
0
997
0
0
1001
0
0
999
0
0
1003
0
0
997
0
0
1001
0
0
1002
0
0
1000
0
0
997
0
0
1002
0
0
1000
0
0
1002
0
0
996
0
0
1001
0
0
1001
0
0
1001
0
0
997
0
0
1001
0
0
999
0
0
1003
0
0
997
0
0
1001
0
1001
0
999
0
998
0
1001
0
1001
0
1001
0
841
158
811
16
1171
0
999
0
1002
0
1002
0
997
0
1002
0
907
0
1091
0
999
0
1003
0
998
0
1001
0
999
0
850
153
997
0
999
0
1001
0
1002
0
999
0
1000
0
999
0
1002
0
998
0
1001
0
1001
0
1000
0
998
0
1001
0
1000
0
1002
0
997
0
1001
0
1000
0
1000
0
999
0
1001
0
999
0
1001
0
1002
0
998
0
905
0
1094
0
999
0
1002
0
999
0
1001
0
999
0
1001
0
999
0
1001
0
999
0
1001
0
999
0
1001
0
1001
0
999
0
1000
0
1000
0
999
0
1001
0
1000
0
1000
0
1000
0
1001
0
998
0
1001
0
1000
0
1000
0
999
0
1002
0
999
0
1000
0
999
0
1001
0
1001
0
999
0
999
0
1002
0
999
0
1000
0
1000
1000
999
1002
998
1001
999
1001
999
1008
1001
0
1000
1002
998
1002
999
1000
1000
1001
998
1001
1000
1002
998
1001
1001
998
1001
1000
998
1001
1001
1000
998
1001
999
1002
999
1000
1000
1000
1000
1000
999
17
1001
0
1000
1001
999
1001
1000
1000
999
1003
999
999
999
1001
1000
999
1000
1000
1001
999
1000
1000
1001
0
0
0
0
0
0
1646
1585
1592
1531
0
2804
2743
2682
882
134
43
0
0
0
0
0
0
0
0
0
0
0
0
0
0
11
0
22
534
870
735
1077
1016
0
3179
3118
3057
2996
0
8962
8901
8840
8779
8718
8657
8596
8535
8474
15274
15213
15152
15091
15030
14969
14908
14847
17446
17385
17324
17263
17202
17141
17080
17019
16958
16897
16836
16775
16714
16653
16592
16531
16470
16409
2381
2320
2259
5638
5577
5516
5455
5394
5333
1748
1687
0
5051
4990
4929
4868
4807
4746
34489
34428
34367
34306
34245
34184
34123
34062
34001
33940
33879
33818
33757
33696
33635
33574
33513
33452
33391
33330
33269
33208
33147
33086
33025
32964
32903
32842
32781
32720
32659
32598
32537
32476
32415
4782
20248
20187
20126
20065
20004
19943
19882
19821
19760
19699
19638
19577
19516
19455
19394
19333
19272
19211
19150
19089
19028
0
31897
31836
31775
31714
31653
31592
31531
31470
31409
31348
31287
31226
31165
31104
31043
30982
30921
30860
30799
30738
30677
30616
30555
30494
30433
30372
30311
30250
30189
30128
30067
30006
31577
31516
31455
2719
2658
2597
12878
12817
12756
12695
12634
12573
12512
12451
12390
12329
12268
12207
12146
6237
1146
1085
7869
7808
7747
7686
7625
7564
7503
7442
3416
0
12128
12067
12006
11945
11884
11823
11762
11701
11640
11579
11518
11457
11396
223
0
0
0
0
0
0
5
0
0
0
0
0
0
0
10
0
0
0
0
0
0
0
8
0
0
0
0
0
1
3
0
0
0
0
0
0
0
10
0
0
0
0
0
0
5
10
0
0
0
0
0
0
3
10
0
0
0
0
0
0
3
0
0
0
0
0
0
2
5
0
0
0
0
0
0
6
13
0
0
0
0
0
0
4
15
0
0
0
0
0
0
12
0
0
0
0
0
0
3
8
0
0
0
0
0
0
2
16
0
0
0
0
0
0
5
10
0
0
0
0
0
0
8
0
0
0
0
0
0
2
9
0
0
0
0
0
0
0
10
0
0
0
0
0
0
8
10
0
0
0
0
0
0
5
0
0
0
0
0
0
0
12
0
0
0
0
0
0
4
7
0
0
0
0
0
0
9
10
0
0
0
0
0
0
6
0
0
0
0
0
0
4
7
0
0
0
0
0
3
3
13
0
0
0
0
0
0
8
16
0
0
0
0
0
0
1
0
0
0
0
0
0
4
8
0
0
0
0
0
0
2
10
0
0
0
0
0
0
0
12
0
0
0
0
0
2
10
0
0
0
0
0
0
3
10
0
0
0
0
0
0
4
12
0
0
0
0
0
0
6
12
0
0
0
0
0
0
4
0
0
0
0
0
0
6
8
0
0
0
0
0
0
1
18
0
0
0
0
0
0
0
14
0
0
0
0
0
0
10
0
0
0
0
0
0
1
10
0
0
0
0
0
0
6
10
0
0
0
0
0
0
2
13
0
0
0
0
0
0
7
0
0
0
0
0
0
2
7
0
0
0
0
0
0
3
11
0
0
0
0
0
0
8
9
0
0
0
0
0
0
6
0
0
0
0
0
0
1
12
0
0
0
0
0
0
0
6
0
0
0
0
0
0
0
16
0
0
0
0
0
0
9
0
0
0
0
0
0
3
3
0
0
0
0
0
0
0
10
0
0
0
0
0
0
2
14
0
0
0
0
0
1
7
0
0
0
0
0
0
3
8
0
0
0
0
0
0
2
10
0
0
0
0
0
0
2
9
0
0
0
0
0
0
8
0
0
0
0
0
0
0
7
0
0
0
0
0
0
2
11
0
0
0
0
0
0
7
17
0
0
0
0
0
1
8
0
0
0
0
0
0
11
6
0
0
0
0
0
0
0
10
0
0
0
0
0
0
0
7
0
0
0
0
0
0
1
0
0
0
0
0
0
5
5
0
0
0
0
0
0
3
9
0
0
0
0
0
0
10
20
0
0
0
0
0
0
2
0
0
0
0
0
0
0
8
0
0
0
0
0
0
7
12
0
0
0
0
0
0
5
11
0
0
0
0
0
5
1
0
0
0
0
0
0
1
8
0
0
0
0
0
0
0
12
0
0
0
0
0
0
6
11
0
0
0
0
0
0
6
0
0
0
0
0
0
2
7
0
0
0
0
0
0
9
17
0
0
0
0
0
0
6
14
0
0
0
0
0
1
8
0
0
0
0
0
0
3
5
0
0
0
0
0
0
0
10
0
0
0
0
0
1
4
15
0
0
0
0
0
0
5
0
0
0
0
0
0
2
8
0
0
0
0
0
0
6
12
0
0
0
0
0
0
4
10
0
0
0
0
0
0
13
0
0
0
0
0
0
6
10
0
0
0
0
0
0
4
6
0
0
0
0
0
1
9
15
0
0
0
0
0
2
3
0
0
0
0
0
0
3
8
0
0
0
0
0
0
0
12
0
0
0
0
0
0
11
14
0
0
0
0
0
0
13
0
0
0
0
0
0
0
11
0
0
0
0
0
0
3
15
0
0
0
0
0
0
5
11
0
0
0
0
0
0
6
0
0
0
0
0
0
0
6
0
0
0
0
0
0
0
11
0
0
0
0
0
0
1
10
0
0
0
0
0
0
11
0
0
0
0
0
0
0
14
0
0
0
0
0
0
0
10
0
0
0
0
0
0
1
13
0
0
0
0
0
0
7
0
0
0
0
0
0
5
9
0
0
0
0
0
0
0
11
0
0
0
0
0
2
4
15
0
0
0
0
0
0
13
0
0
0
0
0
0
0
13
0
0
0
0
0
0
0
11
0
0
0
0
0
0
1
11
0
0
0
0
0
2
2
0
0
0
0
0
0
4
9
0
0
0
0
0
0
0
7
0
0
0
0
0
0
2
12
0
0
0
0
0
0
14
0
0
0
0
0
0
0
6
0
0
0
0
0
0
8
9
0
0
0
0
0
0
6
11
0
0
0
0
0
0
2
0
0
0
0
0
0
2
5
0
0
0
0
0
0
2
9
0
0
0
0
0
0
0
12
0
0
0
0
0
0
7
0
0
0
0
0
0
10
9
0
0
0
0
0
0
4
11
0
0
0
0
0
0
2
9
0
0
0
0
0
0
7
0
0
0
0
0
0
1
6
0
0
0
0
0
0
0
8
0
0
0
0
0
0
7
12
0
0
0
0
0
0
1
0
0
0
0
0
0
0
2
0
0
0
0
0
0
3
8
0
0
0
0
0
0
3
10
0
0
0
0
0
0
0
0
0
0
0
0
0
2
9
0
0
0
0
0
0
4
9
0
0
0
0
0
0
7
12
0
0
0
0
0
0
5
0
0
0
0
0
0
5
7
0
0
0
0
0
0
3
12
0
0
0
0
0
0
9
11
0
0
0
0
0
0
5
0
0
0
0
0
0
0
6
0
0
0
0
0
0
3
9
0
0
0
0
0
0
3
11
0
0
0
0
0
0
8
0
0
0
0
0
0
1
8
0
0
0
0
0
0
8
10
0
0
0
0
0
0
2
7
0
0
0
0
0
0
3
0
0
0
0
0
0
0
7
0
0
0
0
0
0
4
10
0
0
0
0
0
0
4
10
0
0
0
0
0
0
4
0
0
0
0
0
0
0
9
0
0
0
0
0
0
5
13
0
0
0
0
0
0
6
14
0
0
0
0
0
0
1
0
0
0
0
0
0
0
6
0
0
0
0
0
2
7
13
0
0
0
0
0
0
7
11
0
0
0
0
0
1
8
0
0
0
0
0
0
0
11
0
0
0
0
0
0
0
10
0
0
0
0
0
0
3
14
0
0
0
0
0
2
7
0
0
0
0
0
0
0
9
0
0
0
0
0
0
1
13
0
0
0
0
0
0
4
20
0
0
0
0
0
0
11
0
0
0
0
0
0
0
7
0
0
0
0
0
0
0
13
0
0
0
0
0
0
5
13
0
0
0
0
0
0
10
0
0
0
0
0
0
1
4
0
0
0
0
0
0
2
9
0
0
0
0
0
0
3
12
0
0
0
0
0
0
5
0
0
0
0
0
0
2
9
0
0
0
0
0
0
1
10
0
0
0
0
0
0
8
13
0
0
0
0
0
0
4
0
0
0
0
0
0
0
14
0
0
0
0
0
0
0
12
0
0
0
0
0
0
6
9
0
0
0
0
0
2
3
0
0
0
0
0
0
0
6
0
0
0
0
0
0
1
10
0
0
0
0
0
0
6
12
0
0
0
0
0
1
4
0
0
0
0
0
0
7
8
0
0
0
0
0
0
0
8
0
0
0
0
0
0
5
10
0
0
0
0
0
0
10
0
0
0
0
0
0
0
10
0
0
0
0
0
0
1
4
0
0
0
0
0
0
0
13
0
0
0
0
0
2
7
0
0
0
0
0
0
0
6
0
0
0
0
0
0
0
6
0
0
0
0
0
0
1
12
0
0
0
0
0
0
5
0
0
0
0
0
0
0
9
0
0
0
0
0
0
0
7
0
0
0
0
0
0
2
11
0
0
0
0
0
0
5
0
0
0
0
0
0
0
6
0
0
0
0
0
0
1
7
0
0
0
0
0
0
0
14
0
0
0
0
0
0
4
0
0
0
0
0
0
0
5
0
0
0
0
0
0
2
7
0
0
0
0
0
0
0
15
0
0
0
0
0
0
8
0
0
0
0
0
0
0
8
0
0
0
0
0
0
0
11
0
0
0
0
0
0
6
17
0
0
0
0
0
0
8
0
0
0
0
0
0
1
7
0
0
0
0
0
0
0
7
0
0
0
0
0
0
10
15
0
0
0
0
0
6
10
0
0
0
0
0
0
0
4
0
0
0
0
0
0
2
14
0
0
0
0
0
0
5
16
0
0
0
0
0
0
6
0
0
0
0
0
0
0
5
0
0
0
0
0
0
2
12
0
0
0
0
0
0
8
20
0
0
0
0
0
0
7
0
0
0
0
0
0
1
9
0
0
0
0
0
0
8
8
0
0
0
0
0
0
1
10
0
0
0
0
0
0
6
0
0
0
0
0
0
0
7
0
0
0
0
0
0
1
10
0
0
0
0
0
0
5
11
0
0
0
0
0
0
4
0
0
0
0
0
0
0
7
0
0
0
0
0
0
8
12
0
0
0
0
0
0
5
10
0
0
0
0
0
0
3
0
0
0
0
0
0
0
13
0
0
0
0
0
0
0
14
0
0
0
0
0
0
1
12
0
0
0
0
0
0
2
0
0
0
0
0
0
2
12
0
0
0
0
0
0
0
17
0
0
0
0
0
0
1
9
0
0
0
0
0
0
4
0
0
0
0
0
0
0
10
0
0
0
0
0
0
7
16
0
0
0
0
0
0
0
5
0
0
0
0
0
0
0
0
0
0
0
0
0
0
6
0
0
0
0
0
0
4
11
0
0
0
0
0
0
2
10
0
0
0
0
0
0
10
0
0
0
0
0
0
0
7
0
0
0
0
0
0
1
6
0
0
0
0
0
0
2
15
0
0
0
0
0
7
13
0
0
0
0
0
0
0
8
0
0
0
0
0
0
0
12
0
0
0
0
0
0
2
16
0
0
0
0
0
0
5
0
0
0
0
0
0
2
10
0
0
0
0
0
0
3
9
0
0
0
0
0
0
7
11
0
0
0
0
0
0
12
0
0
0
0
0
0
0
4
0
0
0
0
0
0
0
10
0
0
0
0
0
2
10
12
0
0
0
0
0
0
4
0
0
0
0
0
0
0
7
0
0
0
0
0
0
0
7
0
0
0
0
0
2
5
11
0
0
0
0
0
0
13
0
0
0
0
0
0
0
6
0
0
0
0
0
0
0
7
0
0
0
0
0
0
6
15
0
0
0
0
0
0
6
0
0
0
0
0
0
0
6
0
0
0
0
0
0
7
12
0
0
0
0
0
0
6
15
0
0
0
0
0
0
6
0
0
0
0
0
0
0
4
0
0
0
0
0
0
5
11
0
0
0
0
0
6
6
15
0
0
0
0
0
0
3
0
0
0
0
0
0
0
9
0
0
0
0
0
0
1
9
0
0
0
0
0
0
1
10
0
0
0
0
0
0
1
0
0
0
0
0
0
6
11
0
0
0
0
0
0
4
7
0
0
0
0
0
0
3
7
0
0
0
0
0
2
6
0
0
0
0
0
0
7
10
0
0
0
0
0
0
2
3
0
0
0
0
0
0
0
3
0
0
0
0
0
4
14
0
0
0
0
0
0
0
11
0
0
0
0
0
0
0
9
0
0
0
0
0
0
2
10
0
0
0
0
0
1
5
0
0
0
0
0
0
3
11
0
0
0
0
0
0
0
12
0
0
0
0
0
0
3
17
0
0
0
0
0
0
4
0
0
0
0
0
0
0
11
0
0
0
0
0
0
0
10
0
0
0
0
0
0
6
18
0
0
0
0
0
4
10
0
0
0
0
0
0
4
3
0
0
0
0
0
0
1
8
0
0
0
0
0
0
8
15
0
0
0
0
0
0
2
0
0
0
0
0
0
0
2
0
0
0
0
0
0
6
15
0
0
0
0
0
0
2
16
0
0
0
0
0
0
1
0
0
0
0
0
0
1
11
0
0
0
0
0
0
10
16
0
0
0
0
0
0
4
12
0
0
0
0
0
0
5
0
0
0
0
0
0
0
7
0
0
0
0
0
0
2
13
0
0
0
0
0
0
5
8
0
0
0
0
0
0
4
0
0
0
0
0
0
0
7
0
0
0
0
0
0
5
13
0
0
0
0
0
0
2
9
0
0
0
0
0
0
7
0
0
0
0
0
0
2
11
0
0
0
0
0
1
0
3
0
0
0
0
0
0
4
5
0
0
0
0
0
1
7
0
0
0
0
0
0
1
9
0
0
0
0
0
0
0
7
0
0
0
0
0
0
3
10
0
0
0
0
0
0
8
0
0
0
0
0
0
0
8
0
0
0
0
0
0
0
8
0
0
0
0
0
0
0
11
0
0
0
0
0
6
9
0
0
0
0
0
0
6
8
0
0
0
0
0
0
0
7
0
0
0
0
0
0
12
10
0
0
0
0
0
0
10
0
0
0
0
0
0
0
7
0
0
0
0
0
0
0
10
0
0
0
0
0
0
7
12
0
0
0
0
0
0
9
0
0
0
0
0
0
0
13
0
0
0
0
0
0
3
14
0
0
0
0
0
0
3
16
0
0
0
0
0
3
0
0
0
0
0
0
0
0
4
0
0
0
0
0
0
4
11
0
0
0
0
0
0
16
11
0
0
0
0
0
0
2
0
0
0
0
0
0
0
4
0
0
0
0
0
0
0
9
0
0
0
0
0
0
4
12
0
0
0
0
0
0
5
0
0
0
0
0
0
0
7
0
0
0
0
0
0
1
17
0
0
0
0
0
0
2
12
0
0
0
0
0
0
0
0
0
0
0
0
0
4
6
0
0
0
0
0
0
6
8
0
0
0
0
0
0
0
11
0
0
0
0
0
0
12
0
0
0
0
0
0
0
8
0
0
0
0
0
0
0
8
0
0
0
0
0
0
0
10
0
0
0
0
0
7
5
0
0
0
0
0
0
3
13
0
0
0
0
0
0
0
8
0
0
0
0
0
0
0
9
0
0
0
0
0
0
13
0
0
0
0
0
0
4
13
0
0
0
0
0
0
5
7
0
0
0
0
0
0
3
12
0
0
0
0
0
0
8
0
0
0
0
0
0
0
11
0
0
0
0
0
0
0
7
0
0
0
0
0
0
2
9
0
0
0
0
0
0
6
0
0
0
0
0
0
6
6
0
0
0
0
0
0
0
11
0
0
0
0
0
0
2
15
0
0
0
0
0
1
9
0
0
0
0
0
0
0
5
0
0
0
0
0
0
5
11
0
0
0
0
0
0
6
12
0
0
0
0
0
2
3
0
0
0
0
0
0
0
2
0
0
0
0
0
0
8
10
0
0
0
0
0
0
6
17
0
0
0
0
0
0
0
0
0
0
0
0
0
0
8
0
0
0
0
0
0
4
14
0
0
0
0
0
0
3
11
0
0
0
0
0
0
1
0
0
0
0
0
0
0
13
0
0
0
0
0
0
6
13
0
0
0
0
0
0
6
9
0
0
0
0
0
0
1
0
0
0
0
0
0
0
18
0
0
0
0
0
0
4
12
0
0
0
0
0
0
2
7
0
0
0
0
0
0
1
0
0
0
0
0
0
0
13
0
0
0
0
0
0
0
13
0
0
0
0
0
0
0
9
0
0
0
0
0
0
8
0
0
0
0
0
0
0
6
0
0
0
0
0
0
2
6
0
0
0
0
0
0
3
7
0
0
0
0
0
0
1
0
0
0
0
0
0
0
10
0
0
0
0
0
0
0
6
0
0
0
0
0
0
0
12
0
0
0
0
0
0
6
0
0
0
0
0
0
8
6
0
0
0
0
0
0
0
7
0
0
0
0
0
0
0
15
0
0
0
0
0
0
15
0
0
0
0
0
0
2
6
0
0
0
0
0
0
0
7
0
0
0
0
0
0
2
13
0
0
0
0
0
0
8
0
0
0
0
0
0
0
2
0
0
0
0
0
0
2
6
0
0
0
0
0
0
9
19
0
0
0
0
0
0
5
0
0
0
0
0
0
0
6
0
0
0
0
0
0
0
13
0
0
0
0
0
0
10
9
0
0
0
0
0
0
8
0
0
0
0
0
0
0
5
0
0
0
0
0
0
0
11
0
0
0
0
0
4
5
16
0
0
0
0
0
0
5
0
0
0
0
0
0
0
3
0
0
0
0
0
0
4
16
0
0
0
0
0
2
7
10
0
0
0
0
0
0
4
0
0
0
0
0
0
0
13
0
0
0
0
0
1
4
10
0
0
0
0
0
0
0
8
0
0
0
0
0
0
8
0
0
0
0
0
0
7
9
0
0
0
0
0
0
1
8
0
0
0
0
0
0
8
9
0
0
0
0
0
0
4
0
0
0
0
0
0
6
6
0
0
0
0
0
0
3
11
0
0
0
0
0
0
1
10
0
0
0
0
0
3
2
0
0
0
0
0
1
6
16
0
0
0
0
0
0
4
5
0
0
0
0
0
0
0
13
0
0
0
0
0
0
12
0
0
0
0
0
1
0
14
0
0
0
0
0
0
0
11
0
0
0
0
0
0
2
8
0
0
0
0
0
1
13
0
0
0
0
0
0
1
6
0
0
0
0
0
0
0
6
0
0
0
0
0
0
6
15
0
0
0
0
0
0
6
0
0
0
0
0
0
0
4
0
0
0
0
0
0
0
8
0
0
0
0
0
1
3
14
0
0
0
0
0
0
8
0
0
0
0
0
0
0
6
0
0
0
0
0
0
5
14
0
0
0
0
0
0
7
14
0
0
0
0
0
0
1
0
0
0
0
0
0
0
8
0
0
0
0
0
2
3
6
0
0
0
0
0
0
7
14
0
0
0
0
0
0
6
0
0
0
0
0
0
1
15
0
0
0
0
0
0
8
11
0
0
0
0
0
0
1
10
0
0
0
0
0
0
6
0
0
0
0
0
0
6
4
0
0
0
0
0
0
1
12
0
0
0
0
0
0
1
13
0
0
0
0
0
0
4
0
0
0
0
0
0
4
13
0
0
0
0
0
0
3
4
0
0
0
0
0
0
4
15
0
0
0
0
0
0
11
0
0
0
0
0
0
3
5
0
0
0
0
0
0
1
4
0
0
0
0
0
0
1
9
0
0
0
0
0
0
9
0
0
0
0
0
0
0
9
0
0
0
0
0
0
0
7
0
0
0
0
0
0
6
7
0
0
0
0
0
0
8
0
0
0
0
0
0
0
6
0
0
0
0
0
0
0
8
0
0
0
0
0
0
9
18
0
0
0
0
0
0
1
0
0
0
0
0
0
0
4
0
0
0
0
0
0
3
16
0
0
0
0
0
0
3
12
0
0
0
0
0
1
0
0
0
0
0
0
0
0
3
0
0
0
0
0
0
0
8
0
0
0
0
0
0
6
14
0
0
0
0
0
0
3
0
0
0
0
0
0
0
3
0
0
0
0
0
0
0
12
0
0
0
0
0
0
6
12
0
0
0
0
0
0
3
0
0
0
0
0
0
0
7
0
0
0
0
0
0
1
16
0
0
0
0
0
0
1
8
0
0
0
0
0
0
1
0
0
0
0
0
0
0
3
0
0
0
0
0
0
0
11
0
0
0
0
0
0
5
9
0
0
0
0
0
0
5
0
0
0
0
0
0
1
15
0
0
0
0
0
0
4
9
0
0
0
0
0
0
1
10
0
0
0
0
0
0
0
0
0
0
0
0
0
0
10
0
0
0
0
0
0
6
8
0
0
0
0
0
0
4
9
0
0
0
0
0
0
5
0
0
0
0
0
0
0
7
0
0
0
0
0
0
0
9
0
0
0
0
0
0
3
6
0
0
0
0
0
3
11
0
0
0
0
0
0
0
8
0
0
0
0
0
0
4
12
0
0
0
0
0
0
1
10
0
0
0
0
0
3
2
0
0
0
0
0
0
0
9
0
0
0
0
0
0
5
16
0
0
0
0
0
0
2
14
0
0
0
0
0
0
5
0
0
0
0
0
0
0
2
0
0
0
0
0
0
0
11
0
0
0
0
0
0
6
14
0
0
0
0
0
0
2
0
0
0
0
0
0
0
8
0
0
0
0
0
0
3
13
0
0
0
0
0
0
6
12
0
0
0
0
0
0
3
0
0
0
0
0
0
0
8
0
0
0
0
0
0
2
12
0
0
0
0
0
0
6
14
0
0
0
0
0
0
4
0
0
0
0
0
0
9
11
0
0
0
0
0
0
4
12
0
0
0
0
0
0
2
12
0
0
0
0
0
0
3
0
0
0
0
0
0
0
7
0
0
0
0
0
0
7
11
0
0
0
0
0
0
4
10
0
0
0
0
0
0
5
0
0
0
0
0
0
0
10
0
0
0
0
0
0
6
8
0
0
0
0
0
0
1
7
0
0
0
0
0
0
4
0
0
0
0
0
0
4
9
0
0
0
0
0
0
6
11
0
0
0
0
0
0
0
12
0
0
0
0
0
0
13
0
0
0
0
0
0
3
11
0
0
0
0
0
0
1
9
0
0
0
0
0
0
9
9
0
0
0
0
0
0
3
0
0
0
0
0
0
0
9
0
0
0
0
0
0
1
11
0
0
0
0
0
0
0
17
0
0
0
0
0
0
3
0
0
0
0
0
0
0
8
0
0
0
0
0
0
8
10
0
0
0
0
0
0
3
14
0
0
0
0
0
0
5
0
0
0
0
0
0
1
10
0
0
0
0
0
0
1
7
0
0
0
0
0
0
4
11
0
0
0
0
0
2
12
0
0
0
0
0
0
1
7
0
0
0
0
0
0
5
6
0
0
0
0
0
0
6
13
0
0
0
0
0
5
8
0
0
0
0
0
0
0
4
0
0
0
0
0
0
6
7
0
0
0
0
0
0
7
15
0
0
0
0
0
0
3
0
0
0
0
0
0
3
8
0
0
0
0
0
0
0
7
0
0
0
0
0
0
6
9
0
0
0
0
0
0
11
0
0
0
0
0
0
1
7
0
0
0
0
0
0
0
4
0
0
0
0
0
0
0
10
0
0
0
0
0
0
10
0
0
0
0
0
0
0
8
0
0
0
0
0
0
1
7
0
0
0
0
0
0
6
9
0
0
0
0
0
0
6
0
0
0
0
0
0
1
9
0
0
0
0
0
0
2
10
0
0
0
0
0
0
3
13
0
0
0
0
0
0
10
0
0
0
0
0
0
0
6
0
0
0
0
0
0
0
12
0
0
0
0
0
0
3
11
0
0
0
0
0
0
7
0
0
0
0
0
0
0
6
0
0
0
0
0
0
3
10
0
0
0
0
0
0
5
9
0
0
0
0
0
0
10
0
0
0
0
0
0
4
7
0
0
0
0
0
0
3
8
0
0
0
0
0
0
3
12
0
0
0
0
0
0
3
0
0
0
0
0
0
0
6
0
0
0
0
0
0
0
12
0
0
0
0
0
0
3
11
0
0
0
0
0
0
7
0
0
0
0
0
0
0
11
0
0
0
0
0
0
3
15
0
0
0
0
0
0
10
13
0
0
0
0
0
0
5
0
0
0
0
0
0
0
7
0
0
0
0
0
0
3
8
0
0
0
0
0
0
8
16
0
0
0
0
0
0
4
0
0
0
0
0
0
1
6
0
0
0
0
0
0
4
12
0
0
0
0
0
0
2
13
0
0
0
0
0
0
9
0
0
0
0
0
0
2
7
0
0
0
0
0
0
0
5
0
0
0
0
0
0
8
13
0
0
0
0
0
4
3
0
0
0
0
0
0
0
11
0
0
0
0
0
0
2
11
0
0
0
0
0
0
7
11
0
0
0
0
0
0
7
0
0
0
0
0
0
0
4
0
0
0
0
0
0
0
5
0
0
0
0
0
0
4
11
0
0
0
0
0
0
10
0
0
0
0
0
0
0
12
0
0
0
0
0
0
4
8
0
0
0
0
0
0
6
13
0
0
0
0
0
0
5
0
0
0
0
0
0
0
8
0
0
0
0
0
0
3
11
0
0
0
0
0
0
2
12
0
0
0
0
0
1
4
0
0
0
0
0
0
0
8
0
0
0
0
0
0
1
11
0
0
0
0
0
0
3
10
0
0
0
0
0
0
5
0
0
0
0
0
0
2
8
0
0
0
0
0
0
1
8
0
0
0
0
0
0
4
9
0
0
0
0
0
1
9
0
0
0
0
0
0
2
6
0
0
0
0
0
0
2
8
0
0
0
0
0
0
1
9
0
0
0
0
0
0
9
0
0
0
0
0
0
3
5
0
0
0
0
0
0
5
15
0
0
0
0
0
0
6
17
0
0
0
0
0
3
7
0
0
0
0
0
0
0
8
0
0
0
0
0
0
4
9
0
0
0
0
0
0
6
8
0
0
0
0
0
6
5
0
0
0
0
0
0
2
3
0
0
0
0
0
0
9
6
0
0
0
0
0
0
4
11
0
0
0
0
0
0
5
0
0
0
0
0
0
2
8
0
0
0
0
0
0
4
9
0
0
0
0
0
0
3
9
0
0
0
0
0
0
4
0
0
0
0
0
0
4
8
0
0
0
0
0
0
0
6
0
0
0
0
0
0
9
13
0
0
0
0
0
0
4
0
0
0
0
0
0
0
8
0
0
0
0
0
0
1
8
0
0
0
0
0
0
6
15
0
0
0
0
0
0
6
0
0
0
0
0
0
3
8
0
0
0
0
0
0
1
11
0
0
0
0
0
0
5
16
0
0
0
0
0
0
6
0
0
0
0
0
0
0
3
0
0
0
0
0
0
3
11
0
0
0
0
0
0
0
15
0
0
0
0
0
0
5
0
0
0
0
0
0
2
10
0
0
0
0
0
0
0
13
0
0
0
0
0
0
6
14
0
0
0
0
0
1
5
0
0
0
0
0
0
0
5
0
0
0
0
0
0
2
7
0
0
0
0
0
0
3
11
0
0
0
0
0
1
4
0
0
0
0
0
0
0
8
0
0
0
0
0
0
0
15
0
0
0
0
0
0
4
16
0
0
0
0
0
0
3
0
0
0
0
0
0
0
8
0
0
0
0
0
0
0
12
0
0
0
0
0
0
3
11
0
0
0
0
0
0
5
0
0
0
0
0
0
2
3
0
0
0
0
0
0
4
4
0
0
0
0
0
1
9
19
0
0
0
0
0
0
10
0
0
0
0
0
0
7
6
0
0
0
0
0
0
2
9
0
0
0
0
0
0
4
19
0
0
0
0
0
0
6
0
0
0
0
0
0
0
11
0
0
0
0
0
0
0
9
0
0
0
0
0
0
4
11
0
0
0
0
0
0
5
0
0
0
0
0
0
0
7
0
0
0
0
0
0
3
6
0
0
0
0
0
0
4
12
0
0
0
0
0
3
3
0
0
0
0
0
0
0
6
0
0
0
0
0
0
1
12
0
0
0
0
0
0
3
9
0
0
0
0
0
2
3
0
0
0
0
0
0
0
6
0
0
0
0
0
0
1
4
0
0
0
0
0
0
5
8
0
0
0
0
0
0
7
0
0
0
0
0
0
2
7
0
0
0
0
0
0
3
7
0
0
0
0
0
0
3
8
0
0
0
0
0
0
9
0
0
0
0
0
0
0
4
0
0
0
0
0
0
0
13
0
0
0
0
0
0
6
13
0
0
0
0
0
2
10
0
0
0
0
0
0
0
8
0
0
0
0
0
0
3
6
0
0
0
0
0
0
5
12
0
0
0
0
0
0
6
0
0
0
0
0
0
0
10
0
0
0
0
0
0
5
8
0
0
0
0
0
0
7
10
0
0
0
0
0
0
2
0
0
0
0
0
0
0
7
0
0
0
0
0
0
0
13
0
0
0
0
0
0
1
11
0
0
0
0
0
1
4
0
0
0
0
0
0
1
7
0
0
0
0
0
0
1
10
0
0
0
0
0
1
3
12
0
0
0
0
0
0
2
0
0
0
0
0
0
2
5
0
0
0
0
0
0
4
9
0
0
0
0
0
0
4
12
0
0
0
0
0
0
1
0
0
0
0
0
0
0
17
0
0
0
0
0
0
0
4
0
0
0
0
0
0
1
12
0
0
0
0
0
0
6
0
0
0
0
0
0
0
6
0
0
0
0
0
0
1
6
0
0
0
0
0
0
7
19
0
0
0
0
0
0
10
0
0
0
0
0
0
0
4
0
0
0
0
0
0
5
15
0
0
0
0
0
0
0
12
0
0
0
0
0
0
2
0
0
0
0
0
0
0
9
0
0
0
0
0
0
2
8
0
0
0
0
0
0
4
12
0
0
0
0
0
1
11
0
0
0
0
0
0
0
8
0
0
0
0
0
0
0
12
0
0
0
0
0
0
9
14
0
0
0
0
0
0
2
0
0
0
0
0
0
0
9
0
0
0
0
0
0
3
13
0
0
0
0
0
2
4
11
0
0
0
0
0
0
7
0
0
0
0
0
0
0
5
0
0
0
0
0
0
0
9
0
0
0
0
0
0
7
13
0
0
0
0
0
0
6
0
0
0
0
0
0
0
7
0
0
0
0
0
0
2
6
0
0
0
0
0
0
4
8
0
0
0
0
0
0
6
0
0
0
0
0
0
0
7
0
0
0
0
0
0
0
13
0
0
0
0
0
0
6
10
0
0
0
0
0
0
1
0
0
0
0
0
0
0
3
0
0
0
0
0
0
4
17
0
0
0
0
0
0
5
12
0
0
0
0
0
0
5
0
0
0
0
0
0
0
7
0
0
0
0
0
0
0
7
0
0
0
0
0
0
0
12
0
0
0
0
0
0
7
0
0
0
0
0
0
0
7
0
0
0
0
0
0
0
3
0
0
0
0
0
0
6
14
0
0
0
0
0
0
8
0
0
0
0
0
0
0
5
0
0
0
0
0
0
0
7
0
0
0
0
0
0
3
10
0
0
0
0
0
0
9
0
0
0
0
0
0
6
9
0
0
0
0
0
0
3
5
0
0
0
0
0
0
3
11
0
0
0
0
0
0
9
0
0
0
0
0
0
0
13
0
0
0
0
0
0
6
7
0
0
0
0
0
0
0
10
0
0
0
0
0
0
10
0
0
0
0
0
0
3
5
0
0
0
0
0
0
3
8
0
0
0
0
0
0
2
16
0
0
0
0
0
0
6
0
0
0
0
0
0
0
3
0
0
0
0
0
0
2
10
0
0
0
0
0
0
3
12
0
0
0
0
0
0
4
0
0
0
0
0
0
1
13
0
0
0
0
0
0
6
5
0
0
0
0
0
0
3
11
0
0
0
0
0
0
8
0
0
0
0
0
0
0
3
0
0
0
0
0
0
5
11
0
0
0
0
0
0
6
13
0
0
0
0
0
0
4
0
0
0
0
0
0
0
7
0
0
0
0
0
0
1
7
0
0
0
0
0
0
0
13
0
0
0
0
0
0
5
0
0
0
0
0
0
3
9
0
0
0
0
0
0
6
10
0
0
0
0
0
0
0
15
0
0
0
0
0
1
10
0
0
0
0
0
0
0
15
0
0
0
0
0
0
4
9
0
0
0
0
0
0
4
9
0
0
0
0
0
0
10
0
0
0
0
0
0
0
12
0
0
0
0
0
0
7
10
0
0
0
0
0
0
10
9
0
0
0
0
0
0
9
0
0
0
0
0
0
0
8
0
0
0
0
0
0
1
14
0
0
0
0
0
0
4
9
0
0
0
0
0
2
5
0
0
0
0
0
0
0
15
0
0
0
0
0
0
4
9
0
0
0
0
0
0
2
18
0
0
0
0
0
1
9
0
0
0
0
0
0
1
6
0
0
0
0
0
0
4
8
0
0
0
0
0
0
2
17
0
0
0
0
0
0
6
0
0
0
0
0
0
0
4
0
0
0
0
0
0
2
11
0
0
0
0
0
1
6
14
0
0
0
0
0
0
6
0
0
0
0
0
0
0
8
0
0
0
0
0
0
0
8
0
0
0
0
0
0
2
10
0
0
0
0
0
0
5
0
0
0
0
0
0
1
8
0
0
0
0
0
1
2
12
0
0
0
0
0
0
2
12
0
0
0
0
0
0
5
0
0
0
0
0
0
5
10
0
0
0
0
0
0
0
9
0
0
0
0
0
0
6
12
0
0
0
0
0
0
5
0
0
0
0
0
0
0
10
0
0
0
0
0
0
5
10
0
0
0
0
0
0
0
11
0
0
0
0
0
0
2
0
0
0
0
0
0
0
7
0
0
0
0
0
0
1
12
0
0
0
0
0
0
4
14
0
0
0
0
0
0
7
0
0
0
0
0
0
0
5
0
0
0
0
0
0
0
8
0
0
0
0
0
1
0
16
0
0
0
0
0
0
10
0
0
0
0
0
0
0
12
0
0
0
0
0
0
1
16
0
0
0
0
0
0
6
10
0
0
0
0
0
0
1
0
0
0
0
0
0
3
15
0
0
0
0
0
0
0
12
0
0
0
0
0
0
3
11
0
0
0
0
0
0
10
0
0
0
0
0
0
0
9
0
0
0
0
0
0
0
7
0
0
0
0
0
0
1
13
0
0
0
0
0
0
1
0
0
0
0
0
0
2
5
0
0
0
0
0
0
2
7
0
0
0
0
0
0
5
10
0
0
0
0
0
0
9
0
0
0
0
0
0
2
9
0
0
0
0
0
0
1
11
0
0
0
0
0
0
3
10
0
0
0
0
0
0
7
0
0
0
0
0
0
0
8
0
0
0
0
0
0
0
8
0
0
0
0
0
0
3
15
0
0
0
0
0
0
7
0
0
0
0
0
0
1
2
0
0
0
0
0
0
0
7
0
0
0
0
0
0
5
7
0
0
0
0
0
0
3
0
0
0
0
0
0
2
6
0
0
0
0
0
0
0
7
0
0
0
0
0
0
0
9
0
0
0
0
0
0
6
0
0
0
0
0
0
1
7
0
0
0
0
0
0
0
11
0
0
0
0
0
0
4
13
0
0
0
0
0
0
14
0
0
0
0
0
0
0
8
0
0
0
0
0
0
2
9
0
0
0
0
0
0
5
13
0
0
0
0
0
0
4
0
0
0
0
0
0
3
9
0
0
0
0
0
0
1
8
0
0
0
0
0
0
3
4
0
0
0
0
0
0
5
0
0
0
0
0
0
2
8
0
0
0
0
0
0
2
14
0
0
0
0
0
0
2
12
0
0
0
0
0
0
8
0
0
0
0
0
0
0
9
0
0
0
0
0
0
2
9
0
0
0
0
0
0
5
9
0
0
0
0
0
0
7
0
0
0
0
0
0
1
8
0
0
0
0
0
0
1
9
0
0
0
0
0
0
5
8
0
0
0
0
0
2
8
0
0
0
0
0
0
2
5
0
0
0
0
0
5
2
9
0
0
0
0
0
0
4
11
0
0
0
0
0
0
1
0
0
0
0
0
0
1
10
0
0
0
0
0
0
5
17
0
0
0
0
0
0
7
14
0
0
0
0
0
0
3
0
0
0
0
0
0
0
6
0
0
0
0
0
0
4
9
0
0
0
0
0
0
5
9
0
0
0
0
0
0
7
0
0
0
0
0
0
0
9
0
0
0
0
0
0
6
10
0
0
0
0
0
0
1
6
0
0
0
0
0
0
7
0
0
0
0
0
0
0
6
0
0
0
0
0
0
1
9
0
0
0
0
0
0
4
10
0
0
0
0
0
2
3
0
0
0
0
0
0
0
4
0
0
0
0
0
0
0
16
0
0
0
0
0
0
4
12
0
0
0
0
0
0
4
0
0
0
0
0
0
0
11
0
0
0
0
0
0
2
12
0
0
0
0
0
0
4
14
0
0
0
0
0
0
4
0
0
0
0
0
0
0
10
0
0
0
0
0
0
4
7
0
0
0
0
0
0
7
11
0
0
0
0
0
0
10
0
0
0
0
0
0
0
12
0
0
0
0
0
0
3
11
0
0
0
0
0
0
0
12
0
0
0
0
0
0
11
0
0
0
0
0
0
0
10
0
0
0
0
0
0
1
9
0
0
0
0
0
0
4
11
0
0
0
0
0
0
3
0
0
0
0
0
0
4
9
0
0
0
0
0
0
1
10
0
0
0
0
0
0
1
10
0
0
0
0
0
0
7
0
0
0
0
0
0
3
9
0
0
0
0
0
0
0
13
0
0
0
0
0
0
2
11
0
0
0
0
0
0
7
0
0
0
0
0
0
0
8
0
0
0
0
0
0
2
10
0
0
0
0
0
0
5
15
0
0
0
0
0
0
8
0
0
0
0
0
0
5
9
0
0
0
0
0
0
7
11
0
0
0
0
0
0
3
10
0
0
0
0
0
0
2
0
0
0
0
0
0
0
7
0
0
0
0
0
0
0
9
0
0
0
0
0
0
1
7
0
0
0
0
0
0
9
0
0
0
0
0
0
0
9
0
0
0
0
0
0
0
12
0
0
0
0
0
0
6
11
0
0
0
0
0
0
5
0
0
0
0
0
0
3
8
0
0
0
0
0
0
1
8
0
0
0
0
0
0
7
12
0
0
0
0
0
0
3
0
0
0
0
0
0
0
11
0
0
0
0
0
0
3
9
0
0
0
0
0
0
3
14
0
0
0
0
0
0
7
0
0
0
0
0
0
0
11
0
0
0
0
0
0
4
8
0
0
0
0
0
0
7
14
0
0
0
0
0
0
6
0
0
0
0
0
0
1
12
0
0
0
0
0
0
0
16
0
0
0
0
0
0
7
13
0
0
0
0
0
0
10
0
0
0
0
0
0
0
7
0
0
0
0
0
0
2
13
0
0
0
0
0
0
3
16
0
0
0
0
0
0
7
0
0
0
0
0
0
0
6
0
0
0
0
0
0
2
12
0
0
0
0
0
0
6
11
0
0
0
0
0
0
9
0
0
0
0
0
0
0
6
0
0
0
0
0
0
0
5
0
0
0
0
0
4
5
10
0
0
0
0
0
0
4
0
0
0
0
0
0
0
9
0
0
0
0
0
0
0
7
0
0
0
0
0
0
3
13
0
0
0
0
0
0
4
0
0
0
0
0
0
0
7
0
0
0
0
0
0
3
9
0
0
0
0
0
0
2
13
0
0
0
0
0
0
1
0
0
0
0
0
0
0
6
0
0
0
0
0
0
2
9
0
0
0
0
0
0
8
13
0
0
0
0
0
0
2
0
0
0
0
0
0
6
10
0
0
0
0
0
0
1
11
0
0
0
0
0
0
8
14
0
0
0
0
0
0
6
0
0
0
0
0
0
0
4
0
0
0
0
0
0
6
12
0
0
0
0
0
0
3
12
0
0
0
0
0
0
9
0
0
0
0
0
0
1
5
0
0
0
0
0
0
1
12
0
0
0
0
0
0
4
12
0
0
0
0
0
0
5
0
0
0
0
0
0
0
6
0
0
0
0
0
0
1
9
0
0
0
0
0
0
0
9
0
0
0
0
0
0
12
0
0
0
0
0
0
4
7
0
0
0
0
0
0
5
11
0
0
0
0
0
0
0
12
0
0
0
0
0
0
3
0
0
0
0
0
0
0
8
0
0
0
0
0
0
0
13
0
0
0
0
0
0
7
7
0
0
0
0
0
0
3
0
0
0
0
0
0
0
5
0
0
0
0
0
0
0
9
0
0
0
0
0
0
3
8
0
0
0
0
0
6
1
0
0
0
0
0
0
0
9
0
0
0
0
0
0
0
11
0
0
0
0
0
0
6
11
0
0
0
0
0
0
4
0
0
0
0
0
0
0
6
0
0
0
0
0
0
0
8
0
0
0
0
0
0
1
10
0
0
0
0
0
0
3
0
0
0
0
0
0
0
12
0
0
0
0
0
0
2
7
0
0
0
0
0
0
6
12
0
0
0
0
0
0
5
0
0
0
0
0
0
0
10
0
0
0
0
0
0
0
8
0
0
0
0
0
0
0
9
0
0
0
0
0
0
8
0
0
0
0
0
0
1
5
0
0
0
0
0
0
0
11
0
0
0
0
0
0
0
12
0
0
0
0
0
0
2
0
0
0
0
0
0
1
10
0
0
0
0
0
0
5
6
0
0
0
0
0
0
1
10
0
0
0
0
0
0
5
0
0
0
0
0
0
1
10
0
0
0
0
0
0
1
8
0
0
0
0
0
0
2
12
0
0
0
0
0
0
1
0
0
0
0
0
0
0
10
0
0
0
0
0
0
2
8
0
0
0
0
0
0
1
9
0
0
0
0
0
0
4
0
0
0
0
0
0
0
10
0
0
0
0
0
0
6
12
0
0
0
0
0
0
5
16
0
0
0
0
0
0
9
0
0
0
0
0
0
0
7
0
0
0
0
0
0
0
16
0
0
0
0
0
0
8
11
0
0
0
0
0
0
5
0
0
0
0
0
0
0
7
0
0
0
0
0
0
2
5
0
0
0
0
0
0
5
9
0
0
0
0
0
0
6
0
0
0
0
0
0
2
8
0
0
0
0
0
0
2
10
0
0
0
0
0
0
0
10
0
0
0
0
0
1
5
0
0
0
0
0
0
1
9
0
0
0
0
0
0
5
9
0
0
0
0
0
0
3
10
0
0
0
0
0
0
2
0
0
0
0
0
0
0
11
0
0
0
0
0
0
2
9
0
0
0
0
0
0
7
16
0
0
0
0
0
0
6
0
0
0
0
0
0
0
4
0
0
0
0
0
0
0
10
0
0
0
0
0
0
0
8
0
0
0
0
0
0
8
0
0
0
0
0
0
0
6
0
0
0
0
0
0
4
8
0
0
0
0
0
0
2
19
0
0
0
0
0
0
12
0
0
0
0
0
0
0
8
0
0
0
0
0
0
0
9
0
0
0
0
0
0
4
12
0
0
0
0
0
0
4
0
0
0
0
0
0
0
5
0
0
0
0
0
0
3
11
0
0
0
0
0
0
4
12
0
0
0
0
0
0
6
0
0
0
0
0
0
0
12
0
0
0
0
0
0
0
8
0
0
0
0
0
0
3
12
0
0
0
0
0
0
8
0
0
0
0
0
0
4
5
0
0
0
0
0
0
0
11
0
0
0
0
0
0
6
10
0
0
0
0
0
0
6
0
0
0
0
0
0
0
12
0
0
0
0
0
0
4
10
0
0
0
0
0
0
0
10
0
0
0
0
0
2
2
0
0
0
0
0
0
0
3
0
0
0
0
0
0
1
10
0
0
0
0
0
0
2
10
0
0
0
0
0
0
4
0
0
0
0
0
0
0
8
0
0
0
0
0
0
1
14
0
0
0
0
0
0
0
11
0
0
0
0
0
0
6
0
0
0
0
0
0
0
10
0
0
0
0
0
0
1
7
0
0
0
0
0
0
7
12
0
0
0
0
0
0
7
0
0
0
0
0
0
0
13
0
0
0
0
0
0
3
7
0
0
0
0
0
0
9
16
0
0
0
0
0
0
0
0
0
0
0
0
0
0
8
0
0
0
0
0
0
1
12
0
0
0
0
0
0
2
11
0
0
0
0
0
0
8
0
0
0
0
0
0
0
6
0
0
0
0
0
0
4
6
0
0
0
0
0
0
7
21
0
0
0
0
0
0
6
0
0
0
0
0
0
2
14
0
0
0
0
0
0
4
13
0
0
0
0
0
0
6
8
0
0
0
0
0
3
7
0
0
0
0
0
0
0
8
0
0
0
0
0
0
2
7
0
0
0
0
0
0
0
11
0
0
0
0
0
0
10
0
0
0
0
0
0
6
16
0
0
0
0
0
0
1
6
0
0
0
0
0
0
3
12
0
0
0
0
0
0
2
0
0
0
0
0
0
5
12
0
0
0
0
0
0
1
13
0
0
0
0
0
0
1
9
0
0
0
0
0
0
8
0
0
0
0
0
0
0
5
0
0
0
0
0
0
4
10
0
0
0
0
0
0
9
9
0
0
0
0
0
0
1
0
0
0
0
0
0
0
5
0
0
0
0
0
0
1
8
0
0
0
0
0
0
1
10
0
0
0
0
0
1
6
0
0
0
0
0
0
4
6
0
0
0
0
0
0
5
9
0
0
0
0
0
0
6
13
0
0
0
0
0
0
4
0
0
0
0
0
0
0
9
0
0
0
0
0
0
2
12
0
0
0
0
0
0
5
11
0
0
0
0
0
0
3
0
0
0
0
0
0
0
7
0
0
0
0
0
0
7
6
0
0
0
0
0
0
0
12
0
0
0
0
0
0
1
0
0
0
0
0
0
4
5
0
0
0
0
0
0
1
11
0
0
0
0
0
0
6
13
0
0
0
0
0
0
6
0
0
0
0
0
0
0
8
0
0
0
0
0
0
3
9
0
0
0
0
0
0
6
9
0
0
0
0
0
0
8
0
0
0
0
0
0
0
14
0
0
0
0
0
0
0
9
0
0
0
0
0
0
4
14
0
0
0
0
0
0
5
0
0
0
0
0
0
0
4
0
0
0
0
0
0
0
8
0
0
0
0
0
0
4
9
0
0
0
0
0
0
5
0
0
0
0
0
0
2
7
0
0
0
0
0
0
2
12
0
0
0
0
0
0
0
9
0
0
0
0
0
0
12
0
0
0
0
0
0
2
8
0
0
0
0
0
0
0
8
0
0
0
0
0
0
7
14
0
0
0
0
0
0
11
0
0
0
0
0
0
0
8
0
0
0
0
0
0
2
10
0
0
0
0
0
0
4
14
0
0
0
0
0
0
14
0
0
0
0
0
0
0
10
0
0
0
0
0
0
5
13
0
0
0
0
0
0
2
17
0
0
0
0
0
0
3
0
0
0
0
0
0
0
10
0
0
0
0
0
0
2
13
0
0
0
0
0
0
2
10
0
0
0
0
0
0
9
0
0
0
0
0
0
1
14
0
0
0
0
0
0
3
9
0
0
0
0
0
0
9
9
0
0
0
0
0
0
2
0
0
0
0
0
0
3
13
0
0
0
0
0
0
0
9
0
0
0
0
0
0
2
9
0
0
0
0
0
4
2
0
0
0
0
0
0
2
5
0
0
0
0
0
0
2
10
0
0
0
0
0
0
5
18
0
0
0
0
0
0
6
0
0
0
0
0
0
0
7
0
0
0
0
0
0
3
8
0
0
0
0
0
0
5
11
0
0
0
0
0
0
7
0
0
0
0
0
0
0
5
0
0
0
0
0
0
4
12
0
0
0
0
0
0
7
14
0
0
0
0
0
0
4
0
0
0
0
0
0
0
6
0
0
0
0
0
0
0
9
0
0
0
0
0
0
4
7
0
0
0
0
0
0
3
0
0
0
0
0
0
0
7
0
0
0
0
0
0
0
6
0
0
0
0
0
0
6
13
0
0
0
0
0
0
13
0
0
0
0
0
0
0
3
0
0
0
0
0
0
0
6
0
0
0
0
0
0
3
18
0
0
0
0
0
0
4
0
0
0
0
0
0
2
16
0
0
0
0
0
0
4
9
0
0
0
0
0
0
0
15
0
0
0
0
0
0
9
0
0
0
0
0
0
0
8
0
0
0
0
0
0
0
7
0
0
0
0
0
0
6
7
0
0
0
0
0
0
8
0
0
0
0
0
0
1
7
0
0
0
0
0
0
0
11
0
0
0
0
0
1
3
13
0
0
0
0
0
0
10
0
0
0
0
0
0
0
10
0
0
0
0
0
0
6
7
0
0
0
0
0
0
5
13
0
0
0
0
0
0
4
0
0
0
0
0
0
3
6
0
0
0
0
0
0
0
9
0
0
0
0
0
0
3
13
0
0
0
0
0
0
9
0
0
0
0
0
0
0
8
0
0
0
0
0
0
0
8
0
0
0
0
0
0
4
14
0
0
0
0
0
0
7
0
0
0
0
0
0
0
11
0
0
0
0
0
0
3
10
0
0
0
0
0
0
0
14
0
0
0
0
0
0
7
0
0
0
0
0
0
6
6
0
0
0
0
0
0
3
12
0
0
0
0
0
0
3
9
0
0
0
0
0
0
6
0
0
0
0
0
0
0
7
0
0
0
0
0
0
2
13
0
0
0
0
0
0
0
13
0
0
0
0
0
0
6
0
0
0
0
0
0
0
10
0
0
0
0
0
0
0
11
0
0
0
0
0
0
3
12
0
0
0
0
0
0
7
0
0
0
0
0
0
0
4
0
0
0
0
0
0
2
14
0
0
0
0
0
0
4
10
0
0
0
0
0
0
2
0
0
0
0
0
0
2
8
0
0
0
0
0
0
4
8
0
0
0
0
0
1
2
4
0
0
0
0
0
0
2
0
0
0
0
0
0
0
10
0
0
0
0
0
0
1
6
0
0
0
0
0
0
16
14
0
0
0
0
0
0
9
0
0
0
0
0
0
0
4
0
0
0
0
0
0
2
16
0
0
0
0
0
0
9
9
0
0
0
0
0
0
1
0
0
0
0
0
0
0
6
0
0
0
0
0
0
2
15
0
0
0
0
0
0
1
13
0
0
0
0
0
0
5
0
0
0
0
0
0
1
7
0
0
0
0
0
0
0
12
0
0
0
0
0
0
5
12
0
0
0
0
0
1
7
0
0
0
0
0
0
0
12
0
0
0
0
0
0
2
12
0
0
0
0
0
0
6
18
0
0
0
0
0
0
3
0
0
0
0
0
0
0
5
0
0
0
0
0
0
2
8
0
0
0
0
0
3
5
15
0
0
0
0
0
0
3
0
0
0
0
0
0
0
15
0
0
0
0
0
0
5
4
0
0
0
0
0
0
2
13
0
0
0
0
0
2
2
0
0
0
0
0
0
0
4
0
0
0
0
0
0
1
9
0
0
0
0
0
0
9
12
0
0
0
0
0
0
4
0
0
0
0
0
0
0
7
0
0
0
0
0
0
0
12
0
0
0
0
0
0
6
16
0
0
0
0
0
0
7
0
0
0
0
0
0
3
8
0
0
0
0
0
0
0
7
0
0
0
0
0
0
9
12
0
0
0
0
0
1
10
0
0
0
0
0
0
0
7
0
0
0
0
0
0
0
13
0
0
0
0
0
4
7
19
0
0
0
0
0
3
7
0
0
0
0
0
0
0
9
0
0
0
0
0
0
6
13
0
0
0
0
0
0
5
12
0
0
0
0
0
0
8
0
0
0
0
0
0
3
9
0
0
0
0
0
0
1
5
0
0
0
0
0
0
4
12
0
0
0
0
0
0
8
0
0
0
0
0
0
0
6
0
0
0
0
0
0
0
8
0
0
0
0
0
0
11
11
0
0
0
0
0
1
8
0
0
0
0
0
0
0
4
0
0
0
0
0
0
5
7
0
0
0
0
0
0
1
11
0
0
0
0
0
0
5
0
0
0
0
0
0
0
6
0
0
0
0
0
0
1
8
0
0
0
0
0
1
2
13
0
0
0
0
0
0
2
0
0
0
0
0
0
0
8
0
0
0
0
0
0
2
7
0
0
0
0
0
0
0
16
0
0
0
0
0
0
9
0
0
0
0
0
0
0
7
0
0
0
0
0
0
0
13
0
0
0
0
0
0
6
11
0
0
0
0
0
0
3
0
0
0
0
0
0
2
10
0
0
0
0
0
0
3
9
0
0
0
0
0
0
2
12
0
0
0
0
0
0
12
0
0
0
0
0
0
0
8
0
0
0
0
0
0
0
5
0
0
0
0
0
0
2
15
0
0
0
0
0
1
3
0
0
0
0
0
0
1
9
0
0
0
0
0
0
1
7
0
0
0
0
0
0
12
11
0
0
0
0
0
0
3
0
0
0
0
0
0
1
7
0
0
0
0
0
0
1
11
0
0
0
0
0
0
4
10
0
0
0
0
0
0
6
0
0
0
0
0
0
0
10
0
0
0
0
0
0
4
10
0
0
0
0
0
0
0
13
0
0
0
0
0
0
7
0
0
0
0
0
0
0
16
0
0
0
0
0
0
3
7
0
0
0
0
0
0
4
8
0
0
0
0
0
0
11
0
0
0
0
0
0
3
7
0
0
0
0
0
0
4
6
0
0
0
0
0
0
4
12
0
0
0
0
0
0
4
0
0
0
0
0
0
0
9
0
0
0
0
0
0
2
13
0
0
0
0
0
0
2
11
0
0
0
0
0
0
6
0
0
0
0
0
0
0
9
0
0
0
0
0
0
1
11
0
0
0
0
0
0
3
12
0
0
0
0
0
0
10
0
0
0
0
0
0
0
8
0
0
0
0
0
0
0
14
0
0
0
0
0
0
7
14
0
0
0
0
0
0
5
0
0
0
0
0
0
2
8
0
0
0
0
0
0
3
14
0
0
0
0
0
0
7
6
0
0
0
0
0
0
0
0
0
0
0
0
0
8
14
0
0
0
0
0
0
0
12
0
0
0
0
0
0
3
13
0
0
0
0
0
0
7
0
0
0
0
0
0
0
12
0
0
0
0
0
0
0
12
0
0
0
0
0
0
11
8
0
0
0
0
0
0
3
0
0
0
0
0
0
0
11
0
0
0
0
0
0
6
12
0
0
0
0
0
0
8
10
0
0
0
0
0
0
7
0
0
0
0
0
0
0
5
0
0
0
0
0
0
3
10
0
0
0
0
0
0
10
10
0
0
0
0
0
0
5
0
0
0
0
0
0
0
6
0
0
0
0
0
0
4
8
0
0
0
0
0
0
5
14
0
0
0
0
0
3
7
0
0
0
0
0
0
0
9
0
0
0
0
0
0
0
13
0
0
0
0
0
0
7
13
0
0
0
0
0
0
3
0
0
0
0
0
0
0
8
0
0
0
0
0
0
2
8
0
0
0
0
0
0
0
13
0
0
0
0
0
3
3
0
0
0
0
0
0
4
10
0
0
0
0
0
0
0
14
0
0
0
0
0
0
0
11
0
0
0
0
0
0
6
0
0
0
0
0
0
0
15
0
0
0
0
0
0
0
9
0
0
0
0
0
0
7
11
0
0
0
0
0
0
8
0
0
0
0
0
0
0
7
0
0
0
0
0
0
5
11
0
0
0
0
0
0
0
16
0
0
0
0
0
0
3
0
0
0
0
0
0
5
9
0
0
0
0
0
0
11
12
0
0
0
0
0
0
0
8
0
0
0
0
0
0
10
0
0
0
0
0
0
1
4
0
0
0
0
0
0
0
10
0
0
0
0
0
0
8
11
0
0
0
0
0
0
9
0
0
0
0
0
0
0
11
0
0
0
0
0
0
3
15
0
0
0
0
0
0
1
13
0
0
0
0
0
0
1
0
0
0
0
0
0
0
10
0
0
0
0
0
0
1
12
0
0
0
0
0
0
2
11
0
0
0
0
0
0
7
0
0
0
0
0
0
0
10
0
0
0
0
0
0
2
5
0
0
0
0
0
0
2
11
0
0
0
0
0
0
4
0
0
0
0
0
0
2
8
0
0
0
0
0
0
3
12
0
0
0
0
0
0
7
12
0
0
0
0
0
0
8
0
0
0
0
0
0
0
7
0
0
0
0
0
0
1
9
0
0
0
0
0
0
3
14
0
0
0
0
0
0
3
0
0
0
0
0
0
1
6
0
0
0
0
0
0
0
10
0
0
0
0
0
0
5
12
0
0
0
0
0
1
5
0
0
0
0
0
0
0
5
0
0
0
0
0
0
0
6
0
0
0
0
0
1
3
15
0
0
0
0
0
0
2
0
0
0
0
0
0
1
4
0
0
0
0
0
0
7
11
0
0
0
0
0
0
3
13
0
0
0
0
0
0
6
0
0
0
0
0
0
2
10
0
0
0
0
0
0
3
10
0
0
0
0
0
0
2
12
0
0
0
0
0
1
5
0
0
0
0
0
0
0
6
0
0
0
0
0
0
2
9
0
0
0
0
0
0
5
11
0
0
0
0
0
2
2
0
0
0
0
0
0
0
5
0
0
0
0
0
0
1
13
0
0
0
0
0
0
3
8
0
0
0
0
0
1
6
0
0
0
0
0
0
0
4
0
0
0
0
0
0
1
8
0
0
0
0
0
0
1
12
0
0
0
0
0
0
8
0
0
0
0
0
0
1
7
0
0
0
0
0
0
0
10
0
0
0
0
0
0
4
15
0
0
0
0
0
0
6
0
0
0
0
0
0
0
6
0
0
0
0
0
0
8
6
0
0
0
0
0
0
1
12
0
0
0
0
0
0
7
0
0
0
0
0
0
0
10
0
0
0
0
0
0
6
12
0
0
0
0
0
0
1
17
0
0
0
0
0
0
8
0
0
0
0
0
0
0
7
0
0
0
0
0
0
1
10
0
0
0
0
0
0
7
6
0
0
0
0
0
0
5
0
0
0
0
0
0
0
10
0
0
0
0
0
0
0
6
0
0
0
0
0
0
5
18
0
0
0
0
0
0
8
0
0
0
0
0
0
0
3
0
0
0
0
0
0
1
8
0
0
0
0
0
0
6
10
0
0
0
0
0
0
1
0
0
0
0
0
0
0
6
0
0
0
0
0
0
0
12
0
0
0
0
0
0
3
10
0
0
0
0
0
0
5
0
0
0
0
0
0
4
11
0
0
0
0
0
0
1
7
0
0
0
0
0
0
4
13
0
0
0
0
0
0
6
0
0
0
0
0
0
1
9
0
0
0
0
0
0
0
8
0
0
0
0
0
0
7
10
0
0
0
0
0
0
3
0
0
0
0
0
0
0
10
0
0
0
0
0
0
2
8
0
0
0
0
0
0
0
12
0
0
0
0
0
0
9
0
0
0
0
0
0
0
9
0
0
0
0
0
0
0
12
0
0
0
0
0
0
5
8
0
0
0
0
0
2
7
0
0
0
0
0
0
0
14
0
0
0
0
0
0
2
9
0
0
0
0
0
3
1
12
0
0
0
0
0
0
8
0
0
0
0
0
0
0
3
0
0
0
0
0
0
2
10
0
0
0
0
0
0
3
11
0
0
0
0
0
0
7
0
0
0
0
0
0
0
9
0
0
0
0
0
0
2
9
0
0
0
0
0
0
1
7
0
0
0
0
0
0
3
0
0
0
0
0
0
1
6
0
0
0
0
0
0
0
8
0
0
0
0
0
0
0
8
0
0
0
0
0
0
8
0
0
0
0
0
0
0
7
0
0
0
0
0
0
3
12
0
0
0
0
0
0
3
14
0
0
0
0
0
0
4
0
0
0
0
0
0
0
6
0
0
0
0
0
0
5
11
0
0
0
0
0
0
0
11
0
0
0
0
0
0
2
0
0
0
0
0
0
0
14
0
0
0
0
0
0
5
11
0
0
0
0
0
0
1
12
0
0
0
0
0
0
7
0
0
0
0
0
0
0
5
0
0
0
0
0
0
3
11
0
0
0
0
0
0
9
17
0
0
0
0
0
0
4
0
0
0
0
0
0
0
6
0
0
0
0
0
0
2
14
0
0
0
0
0
0
6
11
0
0
0
0
0
0
5
0
0
0
0
0
0
0
14
0
0
0
0
0
0
7
11
0
0
0
0
0
0
1
13
0
0
0
0
0
0
3
0
0
0
0
0
0
0
7
0
0
0
0
0
0
4
11
0
0
0
0
0
0
2
18
0
0
0
0
0
0
8
0
0
0
0
0
0
0
4
0
0
0
0
0
0
2
11
0
0
0
0
0
0
7
9
0
0
0
0
0
1
9
0
0
0
0
0
0
2
8
0
0
0
0
0
0
4
8
0
0
0
0
0
0
2
12
0
0
0
0
0
0
1
0
0
0
0
0
0
0
6
0
0
0
0
0
0
3
11
0
0
0
0
0
0
3
8
0
0
0
0
0
0
7
0
0
0
0
0
0
0
11
0
0
0
0
0
0
5
4
0
0
0
0
0
2
0
9
0
0
0
0
0
0
5
0
0
0
0
0
0
0
10
0
0
0
0
0
1
2
9
0
0
0
0
0
0
0
6
0
0
0
0
0
2
7
0
0
0
0
0
0
3
10
0
0
0
0
0
0
4
15
0
0
0
0
0
0
1
10
0
0
0
0
0
0
12
0
0
0
0
0
0
0
10
0
0
0
0
0
0
5
9
0
0
0
0
0
0
8
17
0
0
0
0
0
0
5
0
0
0
0
0
0
0
7
0
0
0
0
0
0
2
9
0
0
0
0
0
0
3
9
0
0
0
0
0
0
5
0
0
0
0
0
0
3
13
0
0
0
0
0
0
0
8
0
0
0
0
0
0
3
9
0
0
0
0
0
0
6
0
0
0
0
0
0
0
5
0
0
0
0
0
0
4
6
0
0
0
0
0
0
4
10
0
0
0
0
0
0
8
0
0
0
0
0
0
0
7
0
0
0
0
0
0
0
15
0
0
0
0
0
3
4
12
0
0
0
0
0
0
2
0
0
0
0
0
0
0
6
0
0
0
0
0
0
5
16
0
0
0
0
0
0
3
8
0
0
0
0
0
0
2
0
0
0
0
0
0
0
10
0
0
0
0
0
0
0
11
0
0
0
0
0
0
5
8
0
0
0
0
0
2
4
0
0
0
0
0
0
0
5
0
0
0
0
0
0
0
9
0
0
0
0
0
0
3
15
0
0
0
0
0
0
7
0
0
0
0
0
0
0
5
0
0
0
0
0
2
6
15
0
0
0
0
0
0
3
13
0
0
0
0
0
0
6
0
0
0
0
0
0
0
8
0
0
0
0
0
0
2
9
0
0
0
0
0
0
2
11
0
0
0
0
0
0
6
0
0
0
0
0
0
2
6
0
0
0
0
0
0
5
6
0
0
0
0
0
0
3
11
0
0
0
0
0
0
3
0
0
0
0
0
0
1
7
0
0
0
0
0
0
5
11
0
0
0
0
0
0
7
11
0
0
0
0
0
0
3
0
0
0
0
0
0
0
8
0
0
0
0
0
0
0
14
0
0
0
0
0
0
4
12
0
0
0
0
0
0
8
0
0
0
0
0
0
0
10
0
0
0
0
0
0
2
13
0
0
0
0
0
0
2
9
0
0
0
0
0
0
4
0
0
0
0
0
0
0
6
0
0
0
0
0
0
0
6
0
0
0
0
0
0
6
15
0
0
0
0
0
0
3
0
0
0
0
0
0
5
9
0
0
0
0
0
0
4
13
0
0
0
0
0
0
2
11
0
0
0
0
0
0
4
0
0
0
0
0
0
2
8
0
0
0
0
0
0
6
12
0
0
0
0
0
0
2
12
0
0
0
0
0
0
5
0
0
0
0
0
0
0
13
0
0
0
0
0
0
2
14
0
0
0
0
0
0
4
12
0
0
0
0
0
0
3
0
0
0
0
0
0
2
10
0
0
0
0
0
0
0
12
0
0
0
0
0
0
6
9
0
0
0
0
0
0
3
0
0
0
0
0
0
7
7
0
0
0
0
0
1
4
15
0
0
0
0
0
0
6
8
0
0
0
0
0
0
10
0
0
0
0
0
1
3
6
0
0
0
0
0
0
5
8
0
0
0
0
0
0
0
10
0
0
0
0
0
0
6
0
0
0
0
0
0
5
12
0
0
0
0
0
0
0
7
0
0
0
0
0
0
4
11
0
0
0
0
0
1
5
0
0
0
0
0
0
0
8
0
0
0
0
0
0
1
7
0
0
0
0
0
0
0
14
0
0
0
0
0
0
3
0
0
0
0
0
0
0
3
0
0
0
0
0
0
2
15
0
0
0
0
0
0
1
6
0
0
0
0
0
0
9
0
0
0
0
0
0
4
9
0
0
0
0
0
0
0
5
0
0
0
0
0
0
2
10
0
0
0
0
0
1
10
0
0
0
0
0
0
5
6
0
0
0
0
0
0
0
7
0
0
0
0
0
0
4
12
0
0
0
0
0
0
6
0
0
0
0
0
0
0
5
0
0
0
0
0
0
0
4
0
0
0
0
0
0
4
16
0
0
0
0
0
0
4
0
0
0
0
0
0
0
8
0
0
0
0
0
0
2
9
0
0
0
0
0
0
4
15
0
0
0
0
0
0
11
0
0
0
0
0
0
0
3
0
0
0
0
0
0
0
10
0
0
0
0
0
0
4
9
0
0
0
0
0
3
3
0
0
0
0
0
0
0
4
0
0
0
0
0
0
2
6
0
0
0
0
0
0
6
15
0
0
0
0
0
0
4
0
0
0
0
0
0
0
9
0
0
0
0
0
0
3
11
0
0
0
0
0
0
0
8
0
0
0
0
0
1
2
0
0
0
0
0
0
6
10
0
0
0
0
0
0
0
13
0
0
0
0
0
0
1
9
0
0
0
0
0
0
1
0
0
0
0
0
0
6
9
0
0
0
0
0
0
4
8
0
0
0
0
0
0
3
7
0
0
0
0
0
0
5
0
0
0
0
0
0
0
12
0
0
0
0
0
0
5
10
0
0
0
0
0
0
4
15
0
0
0
0
0
0
4
0
0
0
0
0
0
2
8
0
0
0
0
0
0
0
7
0
0
0
0
0
0
3
10
0
0
0
0
0
2
9
0
0
0
0
0
0
0
12
0
0
0
0
0
0
0
4
0
0
0
0
0
0
2
11
0
0
0
0
0
0
5
0
0
0
0
0
0
3
4
0
0
0
0
0
0
2
12
0
0
0
0
0
0
3
9
0
0
0
0
0
0
3
0
0
0
0
0
0
2
6
0
0
0
0
0
0
0
7
0
0
0
0
0
0
9
15
0
0
0
0
0
3
9
0
0
0
0
0
0
0
8
0
0
0
0
0
0
4
10
0
0
0
0
0
0
11
15
0
0
0
0
0
0
4
0
0
0
0
0
0
0
2
0
0
0
0
0
0
1
9
0
0
0
0
0
0
11
16
0
0
0
0
0
0
7
0
0
0
0
0
0
0
11
0
0
0
0
0
0
12
15
0
0
0
0
0
0
4
10
0
0
0
0
0
0
6
0
0
0
0
0
0
4
7
0
0
0
0
0
0
6
17
0
0
0
0
0
0
1
14
0
0
0
0
0
0
0
0
0
0
0
0
0
0
3
0
0
0
0
0
0
12
14
0
0
0
0
0
0
11
15
0
0
0
0
0
0
3
0
0
0
0
0
0
0
12
0
0
0
0
0
0
7
8
0
0
0
0
0
0
5
10
0
0
0
0
0
0
10
0
0
0
0
0
0
0
7
0
0
0
0
0
0
9
10
0
0
0
0
0
0
7
11
0
0
0
0
0
0
3
0
0
0
0
0
3
1
12
0
0
0
0
0
0
1
12
0
0
0
0
0
0
3
11
0
0
0
0
0
0
6
0
0
0
0
0
0
3
6
0
0
0
0
0
0
0
4
0
0
0
0
0
0
1
8
0
0
0
0
0
0
10
0
0
0
0
0
0
4
7
0
0
0
0
0
0
0
14
0
0
0
0
0
0
2
8
0
0
0
0
0
1
8
0
0
0
0
0
0
7
11
0
0
0
0
0
0
0
9
0
0
0
0
0
0
0
9
0
0
0
0
0
0
12
0
0
0
0
0
0
0
10
0
0
0
0
0
0
0
11
0
0
0
0
0
0
9
13
0
0
0
0
0
1
7
0
0
0
0
0
0
0
4
0
0
0
0
0
0
2
5
0
0
0
0
0
2
8
8
0
0
0
0
0
0
6
0
0
0
0
0
0
0
1
0
0
0
0
0
0
0
7
0
0
0
0
0
0
3
17
0
0
0
0
0
0
4
0
0
0
0
0
0
0
4
0
0
0
0
0
0
0
13
0
0
0
0
0
0
2
8
0
0
0
0
0
0
12
0
0
0
0
0
0
1
6
0
0
0
0
0
0
0
9
0
0
0
0
0
0
7
13
0
0
0
0
0
0
6
0
0
0
0
0
0
1
9
0
0
0
0
0
0
6
19
0
0
0
0
0
0
5
7
0
0
0
0
0
0
4
0
0
0
0
0
0
2
12
0
0
0
0
0
0
2
13
0
0
0
0
0
0
2
11
0
0
0
0
0
0
5
0
0
0
0
0
0
3
7
0
0
0
0
0
0
1
4
0
0
0
0
0
0
0
6
0
0
0
0
0
1
14
0
0
0
0
0
0
1
9
0
0
0
0
0
0
3
7
0
0
0
0
0
0
2
13
0
0
0
0
0
0
3
0
0
0
0
0
0
0
13
0
0
0
0
0
0
0
6
0
0
0
0
0
0
5
9
0
0
0
0
0
0
5
0
0
0
0
0
0
0
10
0
0
0
0
0
0
1
7
0
0
0
0
0
0
5
12
0
0
0
0
0
0
11
0
0
0
0
0
0
2
9
0
0
0
0
0
0
0
4
0
0
0
0
0
3
11
18
0
0
0
0
0
3
5
0
0
0
0
0
0
0
5
0
0
0
0
0
0
0
13
0
0
0
0
0
0
0
10
0
0
0
0
0
0
1
0
0
0
0
0
0
0
3
0
0
0
0
0
0
6
8
0
0
0
0
0
0
6
12
0
0
0
0
0
0
4
0
0
0
0
0
0
0
2
0
0
0
0
0
0
6
16
0
0
0
0
0
0
2
11
0
0
0
0
0
0
1
0
0
0
0
0
0
0
11
0
0
0
0
0
0
4
12
0
0
0
0
0
0
3
8
0
0
0
0
0
0
3
0
0
0
0
0
0
4
18
0
0
0
0
0
0
7
15
0
0
0
0
0
0
0
5
0
0
0
0
0
0
0
0
0
0
0
0
0
4
9
0
0
0
0
0
0
9
12
0
0
0
0
0
0
0
8
0
0
0
0
0
0
6
0
0
0
0
0
0
0
6
0
0
0
0
0
0
6
11
0
0
0
0
0
0
0
10
0
0
0
0
0
0
7
0
0
0
0
0
0
2
11
0
0
0
0
0
0
0
4
0
0
0
0
0
0
0
10
0
0
0
0
0
4
8
0
0
0
0
0
0
0
5
0
0
0
0
0
0
2
5
0
0
0
0
0
0
0
11
0
0
0
0
0
0
9
0
0
0
0
0
0
1
7
0
0
0
0
0
0
0
7
0
0
0
0
0
1
10
14
0
0
0
0
0
2
11
0
0
0
0
0
0
0
3
0
0
0
0
0
0
0
9
0
0
0
0
0
0
11
17
0
0
0
0
0
0
7
0
0
0
0
0
0
0
8
0
0
0
0
0
0
0
12
0
0
0
0
0
0
9
11
0
0
0
0
0
0
2
0
0
0
0
0
0
0
0
0
0
0
0
0
0
6
11
0
0
0
0
0
0
4
19
0
0
0
0
0
0
4
0
0
0
0
0
0
2
7
0
0
0
0
0
2
3
12
0
0
0
0
0
0
4
15
0
0
0
0
0
0
7
0
0
0
0
0
0
0
6
0
0
0
0
0
0
0
7
0
0
0
0
0
0
0
10
0
0
0
0
0
0
4
0
0
0
0
0
0
4
13
0
0
0
0
0
0
3
15
0
0
0
0
0
0
0
12
0
0
0
0
0
0
6
0
0
0
0
0
0
5
12
0
0
0
0
0
0
0
13
0
0
0
0
0
0
6
13
0
0
0
0
0
2
7
0
0
0
0
0
0
0
6
0
0
0
0
0
0
0
4
0
0
0
0
0
0
2
12
0
0
0
0
0
0
5
0
0
0
0
0
0
2
9
0
0
0
0
0
0
0
6
0
0
0
0
0
6
0
17
0
0
0
0
0
2
11
0
0
0
0
0
0
0
5
0
0
0
0
0
0
3
6
0
0
0
0
0
0
5
11
0
0
0
0
0
0
6
0
0
0
0
0
0
0
8
0
0
0
0
0
0
4
10
0
0
0
0
0
0
9
16
0
0
0
0
0
0
5
0
0
0
0
0
0
0
8
0
0
0
0
0
0
5
12
0
0
0
0
0
2
3
8
0
0
0
0
0
0
4
0
0
0
0
0
0
0
6
0
0
0
0
0
0
0
7
0
0
0
0
0
0
10
14
0
0
0
0
0
0
1
0
0
0
0
0
0
0
7
0
0
0
0
0
0
3
14
0
0
0
0
0
0
7
12
0
0
0
0
0
0
8
0
0
0
0
0
0
0
4
0
0
0
0
0
0
1
7
0
0
0
0
0
0
4
17
0
0
0
0
0
0
3
0
0
0
0
0
0
2
9
0
0
0
0
0
0
6
4
0
0
0
0
0
0
3
14
0
0
0
0
0
0
7
0
0
0
0
0
0
0
6
0
0
0
0
0
0
0
11
0
0
0
0
0
0
9
20
0
0
0
0
0
0
9
0
0
0
0
0
0
0
8
0
0
0
0
0
0
4
9
0
0
0
0
0
0
1
9
0
0
0
0
0
0
0
0
0
0
0
0
0
0
9
0
0
0
0
0
0
0
12
0
0
0
0
0
0
2
12
0
0
0
0
0
0
4
0
0
0
0
0
0
4
9
0
0
0
0
0
0
3
16
0
0
0
0
0
0
7
10
0
0
0
0
0
0
1
0
0
0
0
0
0
2
11
0
0
0
0
0
0
3
9
0
0
0
0
0
0
4
8
0
0
0
0
0
0
4
0
0
0
0
0
0
1
11
0
0
0
0
0
0
0
10
0
0
0
0
0
0
1
12
0
0
0
0
0
3
11
0
0
0
0
0
0
1
8
0
0
0
0
0
0
0
8
0
0
0
0
0
0
4
9
0
0
0
0
0
2
6
0
0
0
0
0
0
3
3
0
0
0
0
0
0
0
3
0
0
0
0
0
0
0
15
0
0
0
0
0
0
5
0
0
0
0
0
1
2
8
0
0
0
0
0
0
0
7
0
0
0
0
0
0
6
17
0
0
0
0
0
0
9
0
0
0
0
0
0
1
3
0
0
0
0
0
0
0
7
0
0
0
0
0
0
7
12
0
0
0
0
0
0
8
0
0
0
0
0
0
0
4
0
0
0
0
0
0
0
18
0
0
0
0
0
0
3
13
0
0
0
0
0
0
5
0
0
0
0
0
0
0
6
0
0
0
0
0
0
3
13
0
0
0
0
0
0
0
10
0
0
0
0
0
0
6
0
0
0
0
0
0
0
5
0
0
0
0
0
0
0
12
0
0
0
0
0
0
8
10
0
0
0
0
0
0
0
0
0
0
0
0
0
0
7
0
0
0
0
0
0
4
9
0
0
0
0
0
0
6
10
0
0
0
0
0
0
2
0
0
0
0
0
0
6
8
0
0
0
0
0
0
2
12
0
0
0
0
0
0
6
14
0
0
0
0
0
0
4
0
0
0
0
0
0
1
5
0
0
0
0
0
0
6
10
0
0
0
0
0
0
0
6
0
0
0
0
0
0
5
0
0
0
0
0
0
1
7
0
0
0
0
0
0
0
7
0
0
0
0
0
0
0
7
0
0
0
0
0
0
9
0
0
0
0
0
0
0
9
0
0
0
0
0
0
0
4
0
0
0
0
0
0
2
12
0
0
0
0
0
0
2
0
0
0
0
0
0
5
12
0
0
0
0
0
0
0
5
0
0
0
0
0
0
4
14
0
0
0
0
0
3
6
0
0
0
0
0
0
0
3
0
0
0
0
0
0
0
8
0
0
0
0
0
0
1
12
0
0
0
0
0
0
9
0
0
0
0
0
0
0
3
0
0
0
0
0
0
1
7
0
0
0
0
0
2
7
20
0
0
0
0
0
0
3
0
0
0
0
0
0
0
3
0
0
0
0
0
0
0
13
0
0
0
0
0
3
3
10
0
0
0
0
0
0
3
0
0
0
0
0
0
1
4
0
0
0
0
0
0
2
9
0
0
0
0
0
0
4
13
0
0
0
0
0
0
4
0
0
0
0
0
0
2
7
0
0
0
0
0
0
0
13
0
0
0
0
0
0
0
8
0
0
0
0
0
0
6
0
0
0
0
0
0
0
13
0
0
0
0
0
0
2
10
0
0
0
0
0
0
0
16
0
0
0
0
0
0
6
0
0
0
0
0
0
0
8
0
0
0
0
0
0
0
7
0
0
0
0
0
0
3
6
0
0
0
0
0
5
12
0
0
0
0
0
0
3
10
0
0
0
0
0
0
0
7
0
0
0
0
0
0
4
12
0
0
0
0
0
0
6
0
0
0
0
0
0
7
5
0
0
0
0
0
0
0
6
0
0
0
0
0
0
1
11
0
0
0
0
0
0
6
0
0
0
0
0
0
1
11
0
0
0
0
0
0
0
8
0
0
0
0
0
0
5
16
0
0
0
0
0
2
7
0
0
0
0
0
0
0
8
0
0
0
0
0
0
0
7
0
0
0
0
0
0
4
10
0
0
0
0
0
3
11
0
0
0
0
0
0
0
7
0
0
0
0
0
0
0
14
0
0
0
0
0
0
2
10
0
0
0
0
0
0
5
0
0
0
0
0
0
0
5
0
0
0
0
0
0
0
8
0
0
0
0
0
0
4
15
0
0
0
0
0
1
1
0
0
0
0
0
0
0
3
0
0
0
0
0
0
9
12
0
0
0
0
0
0
6
13
0
0
0
0
0
0
2
0
0
0
0
0
0
0
4
0
0
0
0
0
0
5
12
0
0
0
0
0
0
7
13
0
0
0
0
0
0
0
0
0
0
0
0
0
0
14
0
0
0
0
0
0
2
12
0
0
0
0
0
0
0
13
0
0
0
0
0
0
3
0
0
0
0
0
0
1
6
0
0
0
0
0
0
5
12
0
0
0
0
0
0
2
10
0
0
0
0
0
0
2
0
0
0
0
0
0
2
9
0
0
0
0
0
0
0
10
0
0
0
0
0
0
1
12
0
0
0
0
0
0
4
0
0
0
0
0
0
0
8
0
0
0
0
0
0
7
9
0
0
0
0
0
0
0
12
0
0
0
0
0
0
7
0
0
0
0
0
0
9
11
0
0
0
0
0
0
0
7
0
0
0
0
0
0
1
12
0
0
0
0
0
3
11
0
0
0
0
0
0
0
7
0
0
0
0
0
0
0
8
0
0
0
0
0
0
9
12
0
0
0
0
0
0
4
0
0
0
0
0
0
0
4
0
0
0
0
0
0
3
4
0
0
0
0
0
0
3
20
0
0
0
0
0
1
11
0
0
0
0
0
0
0
6
0
0
0
0
0
0
4
8
0
0
0
0
0
0
8
17
0
0
0
0
0
2
6
0
0
0
0
0
0
0
3
0
0
0
0
0
0
9
11
0
0
0
0
0
0
3
13
0
0
0
0
0
0
1
0
0
0
0
0
0
0
1
0
0
0
0
0
2
2
13
0
0
0
0
0
0
4
17
0
0
0
0
0
0
1
0
0
0
0
0
0
0
7
0
0
0
0
0
0
3
14
0
0
0
0
0
0
6
9
0
0
0
0
0
0
4
0
0
0
0
0
0
0
9
0
0
0
0
0
0
0
8
0
0
0
0
0
0
3
12
0
0
0
0
0
0
4
0
0
0
0
0
0
1
10
0
0
0
0
0
0
0
10
0
0
0
0
0
0
0
10
0
0
0
0
0
0
3
0
0
0
0
0
0
2
10
0
0
0
0
0
0
5
11
0
0
0
0
0
0
4
8
0
0
0
0
0
1
7
0
0
0
0
0
0
2
17
0
0
0
0
0
0
0
9
0
0
0
0
0
0
0
11
0
0
0
0
0
5
3
0
0
0
0
0
0
0
9
0
0
0
0
0
0
0
12
0
0
0
0
0
0
0
8
0
0
0
0
0
0
5
0
0
0
0
0
0
0
14
0
0
0
0
0
0
0
6
0
0
0
0
0
0
7
10
0
0
0
0
0
6
7
0
0
0
0
0
0
0
7
0
0
0
0
0
0
0
2
0
0
0
0
0
0
3
14
0
0
0
0
0
5
4
0
0
0
0
0
0
0
7
0
0
0
0
0
0
5
13
0
0
0
0
0
1
11
13
0
0
0
0
0
0
0
0
0
0
0
0
0
0
5
0
0
0
0
0
5
3
18
0
0
0
0
0
0
3
13
0
0
0
0
0
0
5
0
0
0
0
0
0
0
6
0
0
0
0
0
0
3
13
0
0
0
0
0
5
2
13
0
0
0
0
0
0
2
0
0
0
0
0
0
2
8
0
0
0
0
0
0
3
16
0
0
0
0
0
0
1
7
0
0
0
0
0
0
3
0
0
0
0
0
0
12
10
0
0
0
0
0
0
3
6
0
0
0
0
0
0
0
12
0
0
0
0
0
0
3
0
0
0
0
0
0
7
9
0
0
0
0
0
0
4
17
0
0
0
0
0
0
3
10
0
0
0
0
0
0
9
0
0
0
0
0
0
4
6
0
0
0
0
0
0
0
7
0
0
0
0
0
0
4
9
0
0
0
0
0
0
11
0
0
0
0
0
0
5
11
0
0
0
0
0
0
0
7
0
0
0
0
0
0
6
13
0
0
0
0
0
0
10
0
0
0
0
0
0
4
8
0
0
0
0
0
0
0
12
0
0
0
0
0
0
7
15
0
0
0
0
0
0
6
0
0
0
0
0
0
0
2
0
0
0
0
0
0
0
8
0
0
0
0
0
0
6
9
0
0
0
0
0
2
13
0
0
0
0
0
0
0
4
0
0
0
0
0
0
0
9
0
0
0
0
0
0
7
14
0
0
0
0
0
0
3
0
0
0
0
0
0
0
2
0
0
0
0
0
0
7
18
0
0
0
0
0
0
8
13
0
0
0
0
0
0
1
0
0
0
0
0
0
0
3
0
0
0
0
0
0
2
10
0
0
0
0
0
0
9
15
0
0
0
0
0
0
3
0
0
0
0
0
0
0
8
0
0
0
0
0
0
0
11
0
0
0
0
0
0
0
7
0
0
0
0
0
0
5
0
0
0
0
0
0
5
9
0
0
0
0
0
0
6
11
0
0
0
0
0
0
0
7
0
0
0
0
0
0
6
0
0
0
0
0
0
0
11
0
0
0
0
0
0
0
6
0
0
0
0
0
0
3
6
0
0
0
0
0
0
7
0
0
0
0
0
0
0
12
0
0
0
0
0
0
0
8
0
0
0
0
0
0
0
11
0
0
0
0
0
0
13
0
0
0
0
0
0
4
6
0
0
0
0
0
0
0
4
0
0
0
0
0
0
8
15
0
0
0
0
0
0
8
0
0
0
0
0
0
0
4
0
0
0
0
0
0
1
5
0
0
0
0
0
0
6
15
0
0
0
0
0
0
8
0
0
0
0
0
0
0
3
0
0
0
0
0
0
1
12
0
0
0
0
0
0
0
10
0
0
0
0
0
0
8
0
0
0
0
0
0
0
4
0
0
0
0
0
0
4
7
0
0
0
0
0
0
8
15
0
0
0
0
0
0
5
0
0
0
0
0
0
0
8
0
0
0
0
0
2
2
16
0
0
0
0
0
0
5
20
0
0
0
0
0
0
2
0
0
0
0
0
0
2
7
0
0
0
0
0
0
3
7
0
0
0
0
0
0
0
10
0
0
0
0
0
0
3
0
0
0
0
0
0
2
9
0
0
0
0
0
0
7
11
0
0
0
0
0
0
0
12
0
0
0
0
0
0
3
0
0
0
0
0
0
0
16
0
0
0
0
0
0
7
6
0
0
0
0
0
0
0
13
0
0
0
0
0
0
8
0
0
0
0
0
0
2
9
0
0
0
0
0
0
0
10
0
0
0
0
0
0
3
12
0
0
0
0
0
0
4
0
0
0
0
0
0
6
7
0
0
0
0
0
0
2
6
0
0
0
0
0
0
8
9
0
0
0
0
0
0
8
0
0
0
0
0
0
2
12
0
0
0
0
0
0
0
9
0
0
0
0
0
0
9
14
0
0
0
0
0
0
10
0
0
0
0
0
0
1
6
0
0
0
0
0
0
0
8
0
0
0
0
0
0
5
12
0
0
0
0
0
0
9
0
0
0
0
0
0
0
5
0
0
0
0
0
0
0
8
0
0
0
0
0
0
2
16
0
0
0
0
0
0
7
0
0
0
0
0
0
0
3
0
0
0
0
0
0
0
5
0
0
0
0
0
0
3
14
0
0
0
0
0
0
3
0
0
0
0
0
0
0
2
0
0
0
0
0
0
0
4
0
0
0
0
0
5
4
16
0
0
0
0
0
0
9
0
0
0
0
0
0
0
7
0
0
0
0
0
0
2
7
0
0
0
0
0
2
6
12
0
0
0
0
0
0
2
0
0
0
0
0
0
0
6
0
0
0
0
0
0
4
12
0
0
0
0
0
0
4
7
0
0
0
0
0
0
3
0
0
0
0
0
0
3
12
0
0
0
0
0
0
3
13
0
0
0
0
0
0
0
6
0
0
0
0
0
0
4
0
0
0
0
0
0
0
8
0
0
0
0
0
0
3
12
0
0
0
0
0
0
1
10
0
0
0
0
0
0
6
0
0
0
0
0
0
5
8
0
0
0
0
0
0
1
12
0
0
0
0
0
0
5
9
0
0
0
0
0
0
8
0
0
0
0
0
0
6
14
0
0
0
0
0
0
1
7
0
0
0
0
0
0
1
13
0
0
0
0
0
0
8
0
0
0
0
0
0
3
8
0
0
0
0
0
0
0
5
0
0
0
0
0
0
5
11
0
0
0
0
0
3
11
0
0
0
0
0
0
0
5
0
0
0
0
0
0
0
7
0
0
0
0
0
1
10
11
0
0
0
0
0
5
2
0
0
0
0
0
0
0
10
0
0
0
0
0
0
1
8
0
0
0
0
0
0
0
12
0
0
0
0
0
3
11
0
0
0
0
0
0
0
7
0
0
0
0
0
0
6
8
0
0
0
0
0
1
9
11
0
0
0
0
0
0
3
0
0
0
0
0
0
0
4
0
0
0
0
0
0
3
13
0
0
0
0
0
2
6
10
0
0
0
0
0
0
2
0
0
0
0
0
0
0
5
0
0
0
0
0
0
4
7
0
0
0
0
0
1
7
18
0
0
0
0
0
0
2
0
0
0
0
0
0
2
7
0
0
0
0
0
0
0
8
0
0
0
0
0
0
6
13
0
0
0
0
0
0
0
0
0
0
0
0
0
0
5
0
0
0
0
0
0
2
10
0
0
0
0
0
0
3
8
0
0
0
0
0
0
7
0
0
0
0
0
0
4
13
0
0
0
0
0
0
2
8
0
0
0
0
0
0
0
5
0
0
0
0
0
1
2
0
0
0
0
0
0
0
10
0
0
0
0
0
0
0
12
0
0
0
0
0
0
0
9
0
0
0
0
2
3
9
0
0
0
0
0
0
0
13
0
0
0
0
0
0
0
3
0
0
0
0
0
0
0
10
0
0
0
0
0
3
7
0
0
0
0
0
0
0
11
0
0
0
0
0
0
1
7
0
0
0
0
0
0
1
16
0
0
0
0
0
3
12
0
0
0
0
0
0
4
6
0
0
0
0
0
0
3
13
0
0
0
0
0
0
8
15
0
0
0
0
0
3
11
0
0
0
0
0
0
0
6
0
0
0
0
0
0
4
9
0
0
0
0
0
5
9
15
0
0
0
0
0
0
6
0
0
0
0
0
0
0
6
0
0
0
0
0
0
2
12
0
0
0
0
0
0
6
13
0
0
0
0
0
0
5
0
0
0
0
0
0
0
7
0
0
0
0
0
0
3
11
0
0
0
0
0
0
4
14
0
0
0
0
0
0
1
0
0
0
0
0
0
0
15
0
0
0
0
0
0
5
8
0
0
0
0
0
0
5
13
0
0
0
0
0
1
4
0
0
0
0
0
0
0
12
0
0
0
0
0
0
4
15
0
0
0
0
0
0
2
8
0
0
0
0
0
0
2
0
0
0
0
0
0
5
12
0
0
0
0
0
0
9
13
0
0
0
0
0
0
0
8
0
0
0
0
0
0
6
0
0
0
0
0
0
2
8
0
0
0
0
0
0
7
14
0
0
0
0
0
0
0
10
0
0
0
0
0
2
11
0
0
0
0
0
0
0
11
0
0
0
0
0
0
0
9
0
0
0
0
0
0
1
8
0
0
0
0
0
0
6
0
0
0
0
0
0
0
8
0
0
0
0
0
0
3
9
0
0
0
0
0
0
1
9
0
0
0
0
0
0
4
0
0
0
0
0
0
0
13
0
0
0
0
0
0
0
10
0
0
0
0
0
0
3
13
0
0
0
0
0
1
7
0
0
0
0
0
0
0
8
0
0
0
0
0
0
0
9
0
0
0
0
0
0
9
13
0
0
0
0
0
1
8
0
0
0
0
0
0
0
2
0
0
0
0
0
0
3
8
0
0
0
0
0
0
3
12
0
0
0
0
0
2
4
0
0
0
0
0
0
0
3
0
0
0
0
0
0
5
11
0
0
0
0
0
0
6
13
0
0
0
0
0
0
5
0
0
0
0
0
0
0
5
0
0
0
0
0
0
0
13
0
0
0
0
0
0
8
10
0
0
0
0
0
0
12
0
0
0
0
0
0
0
4
0
0
0
0
0
0
1
18
0
0
0
0
0
0
3
10
0
0
0
0
0
0
6
0
0
0
0
0
0
0
8
0
0
0
0
0
0
3
21
0
0
0
0
0
0
1
5
0
0
0
0
0
0
5
0
0
0
0
0
0
0
7
0
0
0
0
0
0
5
14
0
0
0
0
0
0
2
8
0
0
0
0
0
0
2
0
0
0
0
0
0
2
12
0
0
0
0
0
0
1
12
0
0
0
0
0
0
0
10
0
0
0
0
0
0
0
0
0
0
0
0
0
3
13
0
0
0
0
0
0
5
5
0
0
0
0
0
0
2
10
0
0
0
0
0
0
13
0
0
0
0
0
0
0
5
0
0
0
0
0
0
0
9
0
0
0
0
0
0
9
14
0
0
0
0
0
1
10
0
0
0
0
0
0
4
9
0
0
0
0
0
0
1
10
0
0
0
0
0
0
1
13
0
0
0
0
0
4
7
0
0
0
0
0
0
0
5
0
0
0
0
0
0
0
9
0
0
0
0
0
0
7
15
0
0
0
0
0
5
9
0
0
0
0
0
0
0
7
0
0
0
0
0
0
1
9
0
0
0
0
0
0
3
16
0
0
0
0
0
0
9
0
0
0
0
0
0
0
6
0
0
0
0
0
0
6
12
0
0
0
0
0
0
10
9
0
0
0
0
0
0
3
0
0
0
0
0
0
0
6
0
0
0
0
0
0
2
11
0
0
0
0
0
0
2
14
0
0
0
0
0
0
4
0
0
0
0
0
0
0
11
0
0
0
0
0
0
3
12
0
0
0
0
0
0
2
7
0
0
0
0
0
0
3
0
0
0
0
0
0
0
7
0
0
0
0
0
0
5
10
0
0
0
0
0
0
3
6
0
0
0
0
0
0
9
0
0
0
0
0
0
4
13
0
0
0
0
0
0
0
8
0
0
0
0
0
0
3
8
0
0
0
0
0
0
6
0
0
0
0
0
0
1
14
0
0
0
0
0
0
5
8
0
0
0
0
0
0
1
17
0
0
0
0
0
0
6
0
0
0
0
0
0
1
10
0
0
0
0
0
0
3
9
0
0
0
0
0
0
3
16
0
0
0
0
0
0
3
0
0
0
0
0
0
0
10
0
0
0
0
0
0
0
8
0
0
0
0
0
0
2
11
0
0
0
0
0
0
9
0
0
0
0
0
1
3
8
0
0
0
0
0
0
0
8
0
0
0
0
0
0
7
12
0
0
0
0
0
0
10
0
0
0
0
0
0
0
3
0
0
0
0
0
0
0
3
0
0
0
0
0
3
6
16
0
0
0
0
0
0
11
0
0
0
0
0
0
0
1
0
0
0
0
0
0
2
10
0
0
0
0
0
0
9
11
0
0
0
0
0
0
9
0
0
0
0
0
0
0
7
0
0
0
0
0
0
0
16
0
0
0
0
0
0
8
16
0
0
0
0
0
3
5
0
0
0
0
0
0
0
7
0
0
0
0
0
0
8
13
0
0
0
0
0
0
2
18
0
0
0
0
0
0
5
0
0
0
0
0
0
0
4
0
0
0
0
0
0
6
12
0
0
0
0
0
0
7
16
0
0
0
0
0
0
0
0
0
0
0
0
0
4
9
0
0
0
0
0
0
0
16
0
0
0
0
0
0
1
11
0
0
0
0
0
0
2
0
0
0
0
0
0
3
9
0
0
0
0
0
0
3
10
0
0
0
0
0
0
1
10
0
0
0
0
0
0
3
0
0
0
0
0
0
1
17
0
0
0
0
0
0
6
15
0
0
0
0
0
0
2
8
0
0
0
0
0
0
5
0
0
0
0
0
0
2
9
0
0
0
0
0
0
5
8
0
0
0
0
0
0
0
11
0
0
0
0
0
0
8
0
0
0
0
0
0
0
8
0
0
0
0
0
0
0
7
0
0
0
0
0
0
2
6
0
0
0
0
0
2
6
0
0
0
0
0
0
0
5
0
0
0
0
0
0
2
7
0
0
0
0
0
0
5
15
0
0
0
0
0
0
4
0
0
0
0
0
0
2
6
0
0
0
0
0
0
0
4
0
0
0
0
0
0
5
13
0
0
0
0
0
8
6
0
0
0
0
0
0
0
1
0
0
0
0
0
0
0
6
0
0
0
0
0
0
6
9
0
0
0
0
0
0
3
0
0
0
0
0
0
0
4
0
0
0
0
0
0
0
8
0
0
0
0
0
0
10
13
0
0
0
0
0
0
3
0
0
0
0
0
0
0
4
0
0
0
0
0
0
9
15
0
0
0
0
0
0
2
15
0
0
0
0
0
0
3
0
0
0
0
0
0
0
4
0
0
0
0
0
0
4
11
0
0
0
0
0
2
12
15
0
0
0
0
0
0
0
0
0
0
0
0
0
5
9
0
0
0
0
0
0
5
14
0
0
0
0
0
0
0
9
0
0
0
0
0
0
8
0
0
0
0
0
0
6
10
0
0
0
0
0
0
4
14
0
0
0
0
0
0
1
6
0
0
0
0
0
0
7
0
0
0
0
0
0
2
8
0
0
0
0
0
0
6
12
0
0
0
0
0
0
0
11
0
0
0
0
0
0
8
0
0
0
0
0
0
4
9
0
0
0
0
0
0
0
7
0
0
0
0
0
0
0
11
0
0
0
0
0
0
10
0
0
0
0
0
0
0
9
0
0
0
0
0
0
2
10
0
0
0
0
0
0
5
14
0
0
0
0
0
0
5
0
0
0
0
0
0
2
8
0
0
0
0
0
0
1
4
0
0
0
0
0
0
8
14
0
0
0
0
0
4
8
0
0
0
0
0
0
0
8
0
0
0
0
0
0
0
12
0
0
0
0
0
1
1
17
0
0
0
0
0
1
8
0
0
0
0
0
0
0
6
0
0
0
0
0
0
0
16
0
0
0
0
0
1
3
14
0
0
0
0
0
0
1
0
0
0
0
0
0
1
1
0
0
0
0
0
0
3
11
0
0
0
0
0
0
4
12
0
0
0
0
0
0
4
0
0
0
0
0
0
0
6
0
0
0
0
0
0
2
12
0
0
0
0
0
2
8
14
0
0
0
0
0
0
3
0
0
0
0
0
0
0
4
0
0
0
0
0
0
2
14
0
0
0
0
0
0
1
11
0
0
0
0
0
0
4
0
0
0
0
0
0
0
14
0
0
0
0
0
0
0
10
0
0
0
0
0
0
3
14
0
0
0
0
0
0
4
0
0
0
0
0
0
0
11
0
0
0
0
0
0
2
13
0
0
0
0
0
0
1
8
0
0
0
0
0
0
4
0
0
0
0
0
0
5
10
0
0
0
0
0
0
1
13
0
0
0
0
0
0
0
5
0
0
0
0
0
0
8
0
0
0
0
0
0
2
12
0
0
0
0
0
0
0
7
0
0
0
0
0
0
2
10
0
0
0
0
0
2
15
0
0
0
0
0
0
1
14
0
0
0
0
0
0
0
10
0
0
0
0
0
0
5
9
0
0
0
0
0
2
4
0
0
0
0
0
0
1
13
0
0
0
0
0
0
0
9
0
0
0
0
0
0
7
13
0
0
0
0
0
0
12
0
0
0
0
0
0
1
5
0
0
0
0
0
0
3
4
0
0
0
0
0
0
9
11
0
0
0
0
0
0
8
0
0
0
0
0
0
0
6
0
0
0
0
0
0
0
12
0
0
0
0
0
0
6
17
0
0
0
0
0
0
10
0
0
0
0
0
0
0
3
0
0
0
0
0
0
6
8
0
0
0
0
0
0
8
13
0
0
0
0
0
0
2
0
0
0
0
0
0
0
8
0
0
0
0
0
0
2
14
0
0
0
0
0
0
6
12
0
0
0
0
0
0
5
0
0
0
0
0
0
1
11
0
0
0
0
0
0
6
6
0
0
0
0
0
0
2
10
0
0
0
0
0
0
5
0
0
0
0
0
0
5
12
0
0
0
0
0
0
1
9
0
0
0
0
0
0
0
9
0
0
0
0
0
0
7
0
0
0
0
0
0
2
10
0
0
0
0
0
0
5
9
0
0
0
0
0
0
0
5
0
0
0
0
0
1
7
0
0
0
0
0
0
6
9
0
0
0
0
0
0
0
6
0
0
0
0
0
0
0
12
0
0
0
0
0
1
5
0
0
0
0
0
0
5
11
0
0
0
0
0
0
2
7
0
0
0
0
0
0
5
7
0
0
0
0
0
3
4
0
0
0
0
0
0
5
7
0
0
0
0
0
0
0
7
0
0
0
0
0
0
4
13
0
0
0
0
0
0
12
0
0
0
0
0
0
3
8
0
0
0
0
0
0
0
6
0
0
0
0
0
0
5
15
0
0
0
0
0
7
7
0
0
0
0
0
0
0
5
0
0
0
0
0
0
1
10
0
0
0
0
0
0
1
14
0
0
0
0
0
1
8
0
0
0
0
0
0
0
6
0
0
0
0
0
0
2
10
0
0
0
0
0
0
9
12
0
0
0
0
0
0
2
0
0
0
0
0
0
0
7
0
0
0
0
0
0
4
13
0
0
0
0
0
0
6
14
0
0
0
0
0
0
0
0
0
0
0
0
0
0
6
0
0
0
0
0
1
10
16
0
0
0
0
0
1
8
7
0
0
0
0
0
0
4
0
0
0
0
0
0
0
8
0
0
0
0
0
0
1
9
0
0
0
0
0
0
5
6
0
0
0
0
0
0
3
0
0
0
0
0
0
0
9
0
0
0
0
0
0
1
19
0
0
0
0
0
0
4
13
0
0
0
0
0
0
3
0
0
0
0
0
0
1
10
0
0
0
0
0
1
4
10
0
0
0
0
0
0
0
8
0
0
0
0
0
2
9
0
0
0
0
0
0
0
18
0
0
0
0
0
0
0
3
0
0
0
0
0
0
0
10
0
0
0
0
0
2
9
0
0
0
0
0
0
1
11
0
0
0
0
0
0
0
10
0
0
0
0
0
0
3
20
0
0
0
0
0
2
9
0
0
0
0
0
0
0
4
0
0
0
0
0
0
0
10
0
0
0
0
0
0
4
11
0
0
0
0
0
0
4
0
0
0
0
0
0
0
8
0
0
0
0
0
0
0
11
0
0
0
0
0
0
5
11
0
0
0
0
0
0
5
0
0
0
0
0
0
0
6
0
0
0
0
0
0
3
18
0
0
0
0
0
0
6
14
0
0
0
0
0
0
0
0
0
0
0
0
0
0
5
0
0
0
0
0
0
6
15
0
0
0
0
0
0
4
12
0
0
0
0
0
0
5
0
0
0
0
0
0
0
5
0
0
0
0
0
3
6
14
0
0
0
0
0
0
0
12
0
0
0
0
0
0
3
0
0
0
0
0
0
0
11
0
0
0
0
0
3
0
9
0
0
0
0
0
0
8
12
0
0
0
0
0
0
0
0
0
0
0
0
0
0
9
0
0
0
0
0
0
3
12
0
0
0
0
0
0
4
7
0
0
0
0
0
0
6
0
0
0
0
0
0
0
15
0
0
0
0
0
0
8
11
0
0
0
0
0
0
1
14
0
0
0
0
0
0
6
0
0
0
0
0
0
5
12
0
0
0
0
0
0
0
11
0
0
0
0
0
0
0
10
0
0
0
0
0
0
5
0
0
0
0
0
0
6
13
0
0
0
0
0
0
0
6
0
0
0
0
0
0
3
10
0
0
0
0
0
0
4
0
0
0
0
0
0
0
6
0
0
0
0
0
0
0
12
0
0
0
0
0
0
4
11
0
0
0
0
0
4
4
0
0
0
0
0
0
0
10
0
0
0
0
0
0
0
7
0
0
0
0
0
0
7
19
0
0
0
0
0
0
9
0
0
0
0
0
0
3
4
0
0
0
0
0
0
0
15
0
0
0
0
0
0
5
15
0
0
0
0
0
1
7
0
0
0
0
0
0
0
4
0
0
0
0
0
2
4
14
0
0
0
0
0
0
8
15
0
0
0
0
0
0
8
0
0
0
0
0
0
0
6
0
0
0
0
0
0
11
15
0
0
0
0
0
0
10
14
0
0
0
0
0
0
4
0
0
0
0
0
0
0
11
0
0
0
0
0
0
5
14
0
0
0
0
0
0
4
10
0
0
0
0
0
0
3
0
0
0
0
0
0
2
10
0
0
0
0
0
0
8
8
0
0
0
0
0
1
5
6
0
0
0
0
0
0
0
0
0
0
0
0
0
0
8
0
0
0
0
0
0
8
10
0
0
0
0
0
0
3
8
0
0
0
0
0
0
3
0
0
0
0
0
0
2
5
0
0
0
0
0
0
5
11
0
0
0
0
0
0
0
9
0
0
0
0
0
0
5
0
0
0
0
0
0
0
14
0
0
0
0
0
0
0
11
0
0
0
0
0
0
0
10
0
0
0
0
0
0
8
0
0
0
0
0
0
0
6
0
0
0
0
0
0
0
6
0
0
0
0
0
0
1
9
0
0
0
0
0
0
7
0
0
0
0
0
0
0
12
0
0
0
0
0
0
0
8
0
0
0
0
0
0
10
14
0
0
0
0
0
0
9
0
0
0
0
0
0
0
1
0
0
0
0
0
0
0
9
0
0
0
0
0
0
10
19
0
0
0
0
0
0
8
0
0
0
0
0
0
0
7
0
0
0
0
0
0
0
8
0
0
0
0
0
4
10
12
0
0
0
0
0
0
8
0
0
0
0
0
0
0
3
0
0
0
0
0
0
1
7
0
0
0
0
0
1
7
15
0
0
0
0
0
0
3
0
0
0
0
0
0
0
7
0
0
0
0
0
0
5
12
0
0
0
0
0
0
12
11
0
0
0
0
0
0
2
0
0
0
0
0
0
0
12
0
0
0
0
0
0
3
10
0
0
0
0
0
0
3
15
0
0
0
0
0
0
3
0
0
0
0
0
0
0
13
0
0
0
0
0
0
5
12
0
0
0
0
0
0
2
11
0
0
0
0
0
0
1
0
0
0
0
0
0
0
11
0
0
0
0
0
0
7
14
0
0
0
0
0
0
2
9
0
0
0
0
0
0
2
0
0
0
0
0
0
0
11
0
0
0
0
0
0
8
11
0
0
0
0
0
0
0
7
0
0
0
0
0
0
1
0
0
0
0
0
0
3
10
0
0
0
0
0
0
0
8
0
0
0
0
0
0
0
7
0
0
0
0
0
3
6
0
0
0
0
0
0
0
7
0
0
0
0
0
0
0
14
0
0
0
0
0
0
5
12
0
0
0
0
0
0
7
0
0
0
0
0
0
2
7
0
0
0
0
0
0
0
8
0
0
0
0
0
0
5
11
0
0
0
0
0
1
2
0
0
0
0
0
0
0
7
0
0
0
0
0
0
1
7
0
0
0
0
0
3
0
15
0
0
0
0
0
1
11
0
0
0
0
0
0
0
6
0
0
0
0
0
0
0
10
0
0
0
0
0
0
5
16
0
0
0
0
0
2
9
0
0
0
0
0
0
3
11
0
0
0
0
0
0
3
8
0
0
0
0
0
0
5
18
0
0
0
0
0
0
1
0
0
0
0
0
0
0
9
0
0
0
0
0
0
3
16
0
0
0
0
0
0
4
5
0
0
0
0
0
0
3
0
0
0
0
0
0
0
14
0
0
0
0
0
0
2
16
0
0
0
0
0
0
1
8
0
0
0
0
0
0
4
0
0
0
0
0
0
0
8
0
0
0
0
0
0
9
11
0
0
0
0
0
0
0
7
0
0
0
0
0
0
5
0
0
0
0
0
0
6
10
0
0
0
0
0
0
2
9
0
0
0
0
0
0
0
14
0
0
0
0
0
0
5
0
0
0
0
0
0
0
4
0
0
0
0
0
0
2
11
0
0
0
0
0
0
1
9
0
0
0
0
0
2
6
0
0
0
0
0
0
2
9
0
0
0
0
0
0
1
6
0
0
0
0
0
0
6
10
0
0
0
0
0
0
5
0
0
0
0
0
0
0
6
0
0
0
0
0
0
0
9
0
0
0
0
0
0
4
17
0
0
0
0
0
0
3
0
0
0
0
0
0
1
3
0
0
0
0
0
0
0
6
0
0
0
0
0
0
11
18
0
0
0
0
0
1
9
0
0
0
0
0
0
0
6
0
0
0
0
0
0
4
9
0
0
0
0
0
0
2
15
0
0
0
0
0
0
1
0
0
0
0
0
0
0
16
0
0
0
0
0
0
5
9
0
0
0
0
0
2
6
9
0
0
0
0
0
0
9
0
0
0
0
0
0
0
6
0
0
0
0
0
0
3
14
0
0
0
0
0
0
1
14
0
0
0
0
0
0
4
0
0
0
0
0
0
2
9
0
0
0
0
0
0
6
9
0
0
0
0
0
0
3
9
0
0
0
0
0
0
9
0
0
0
0
0
0
0
9
0
0
0
0
0
0
6
19
0
0
0
0
0
0
2
13
0
0
0
0
0
0
1
0
0
0
0
0
0
3
14
0
0
0
0
0
0
11
8
0
0
0
0
0
0
2
8
0
0
0
0
0
0
2
0
0
0
0
0
0
3
9
0
0
0
0
0
0
0
11
0
0
0
0
0
0
3
16
0
0
0
0
0
0
10
0
0
0
0
0
0
7
6
0
0
0
0
0
0
0
8
0
0
0
0
0
0
0
12
0
0
0
0
0
0
9
0
0
0
0
0
0
2
8
0
0
0
0
0
0
0
8
0
0
0
0
0
0
5
11
0
0
0
0
0
0
7
0
0
0
0
0
0
0
9
0
0
0
0
0
0
4
4
0
0
0
0
0
0
0
12
0
0
0
0
0
0
8
0
0
0
0
0
0
6
15
0
0
0
0
0
0
0
8
0
0
0
0
0
0
0
8
0
0
0
0
0
1
7
0
0
0
0
0
0
0
8
0
0
0
0
0
0
0
6
0
0
0
0
0
0
6
19
0
0
0
0
0
0
6
0
0
0
0
0
0
0
4
0
0
0
0
0
0
0
11
0
0
0
0
0
0
4
11
0
0
0
0
0
0
6
0
0
0
0
0
0
0
6
0
0
0
0
0
0
0
14
0
0
0
0
0
1
7
8
0
0
0
0
0
0
3
0
0
0
0
0
0
0
5
0
0
0
0
0
0
2
10
0
0
0
0
0
0
6
13
0
0
0
0
0
0
9
0
0
0
0
0
0
0
5
0
0
0
0
0
0
7
17
0
0
0
0
0
0
4
14
0
0
0
0
0
0
1
0
0
0
0
0
0
2
12
0
0
0
0
0
0
10
13
0
0
0
0
0
0
2
8
0
0
0
0
0
0
3
0
0
0
0
0
0
3
9
0
0
0
0
0
1
9
14
0
0
0
0
0
0
5
8
0
0
0
0
0
0
8
0
0
0
0
0
0
1
14
0
0
0
0
0
0
1
10
0
0
0
0
0
0
6
8
0
0
0
0
0
1
9
0
0
0
0
0
0
0
12
0
0
0
0
0
0
3
9
0
0
0
0
0
0
3
10
0
0
0
0
0
3
9
0
0
0
0
0
0
1
9
0
0
0
0
0
0
3
11
0
0
0
0
0
0
2
9
0
0
0
0
0
0
3
0
0
0
0
0
0
0
13
0
0
0
0
0
0
0
6
0
0
0
0
0
0
5
12
0
0
0
0
0
0
1
0
0
0
0
0
0
0
6
0
0
0
0
0
0
0
4
0
0
0
0
0
0
7
9
0
0
0
0
0
1
9
0
0
0
0
0
0
0
4
0
0
0
0
0
0
0
9
0
0
0
0
0
0
8
19
0
0
0
0
0
0
5
0
0
0
0
0
0
0
3
0
0
0
0
0
0
0
7
0
0
0
0
0
0
9
8
0
0
0
0
0
1
5
0
0
0
0
0
0
1
3
0
0
0
0
0
0
1
13
0
0
0
0
0
0
4
14
0
0
0
0
0
0
4
0
0
0
0
0
0
0
7
0
0
0
0
0
0
0
9
0
0
0
0
0
0
6
11
0
0
0
0
0
0
2
0
0
0
0
0
0
0
8
0
0
0
0
0
0
6
14
0
0
0
0
0
0
0
12
0
0
0
0
0
0
1
0
0
0
0
0
0
2
12
0
0
0
0
0
0
3
11
0
0
0
0
0
0
0
11
0
0
0
0
0
0
3
0
0
0
0
0
0
0
17
0
0
0
0
0
0
1
8
0
0
0
0
0
0
3
11
0
0
0
0
0
0
5
0
0
0
0
0
0
0
14
0
0
0
0
0
0
1
4
0
0
0
0
0
0
1
9
0
0
0
0
0
3
8
0
0
0
0
0
0
0
6
0
0
0
0
0
0
2
6
0
0
0
0
0
0
2
12
0
0
0
0
0
0
6
0
0
0
0
0
0
0
4
0
0
0
0
0
0
0
7
0
0
0
0
0
0
9
8
0
0
0
0
0
0
8
0
0
0
0
0
0
0
4
0
0
0
0
0
0
1
4
0
0
0
0
0
0
6
15
0
0
0
0
0
0
8
0
0
0
0
0
0
0
3
0
0
0
0
0
0
8
7
0
0
0
0
0
3
9
13
0
0
0
0
0
0
10
0
0
0
0
0
0
0
8
0
0
0
0
0
0
8
15
0
0
0
0
0
0
2
15
0
0
0
0
0
0
6
0
0
0
0
0
0
0
10
0
0
0
0
0
0
0
10
0
0
0
0
0
0
1
11
0
0
0
0
0
0
3
0
0
0
0
0
0
0
12
0
0
0
0
0
0
5
10
0
0
0
0
0
0
0
13
0
0
0
0
0
0
3
0
0
0
0
0
0
0
12
0
0
0
0
0
0
2
15
0
0
0
0
0
0
3
4
0
0
0
0
0
0
6
0
0
0
0
0
0
4
14
0
0
0
0
0
0
6
6
0
0
0
0
0
0
2
11
0
0
0
0
0
0
6
0
0
0
0
0
0
3
9
0
0
0
0
0
0
0
9
0
0
0
0
0
0
0
9
0
0
0
0
0
1
5
0
0
0
0
0
0
0
11
0
0
0
0
0
0
0
6
0
0
0
0
0
0
4
14
0
0
0
0
0
0
4
0
0
0
0
0
0
0
6
0
0
0
0
0
0
0
12
0
0
0
0
0
0
3
11
0
0
0
0
0
6
14
0
0
0
0
0
0
0
7
0
0
0
0
0
0
2
3
0
0
0
0
0
0
4
18
0
0
0
0
0
0
6
0
0
0
0
0
0
0
2
0
0
0
0
0
0
1
14
0
0
0
0
0
0
7
17
0
0
0
0
0
5
3
0
0
0
0
0
0
1
8
0
0
0
0
0
0
7
16
0
0
0
0
0
1
3
11
0
0
0
0
0
0
6
0
0
0
0
0
0
2
9
0
0
0
0
0
0
0
10
0
0
0
0
0
0
0
13
0
0
0
0
0
0
2
0
0
0
0
0
0
1
16
0
0
0
0
0
0
6
15
0
0
0
0
0
0
0
8
0
0
0
0
0
0
3
0
0
0
0
0
0
0
10
0
0
0
0
0
0
6
12
0
0
0
0
0
0
7
10
0
0
0
0
0
0
14
0
0
0
0
0
0
0
10
0
0
0
0
0
0
1
15
0
0
0
0
0
0
2
10
0
0
0
0
0
0
9
0
0
0
0
0
0
3
6
0
0
0
0
0
0
0
7
0
0
0
0
0
0
4
10
0
0
0
0
0
1
5
0
0
0
0
0
0
3
12
0
0
0
0
0
0
0
10
0
0
0
0
0
1
2
13
0
0
0
0
0
3
5
0
0
0
0
0
0
0
6
0
0
0
0
0
0
0
11
0
0
0
0
0
0
2
17
0
0
0
0
0
0
7
0
0
0
0
0
0
0
8
0
0
0
0
0
0
5
3
0
0
0
0
0
0
3
10
0
0
0
0
0
0
5
0
0
0
0
0
0
0
10
0
0
0
0
0
0
4
12
0
0
0
0
0
0
9
18
0
0
0
0
0
0
4
0
0
0
0
0
0
0
3
0
0
0
0
0
0
2
15
0
0
0
0
0
0
2
16
0
0
0
0
0
0
0
0
0
0
0
0
0
0
4
0
0
0
0
0
0
7
13
0
0
0
0
0
0
4
10
0
0
0
0
0
0
3
0
0
0
0
0
0
3
11
0
0
0
0
0
0
1
9
0
0
0
0
0
0
5
11
0
0
0
0
0
0
7
0
0
0
0
0
0
1
5
0
0
0
0
0
0
5
11
0
0
0
0
0
0
4
9
0
0
0
0
0
0
3
0
0
0
0
0
0
0
10
0
0
0
0
0
0
0
13
0
0
0
0
0
0
1
10
0
0
0
0
0
0
7
0
0
0
0
0
0
2
4
0
0
0
0
0
0
3
8
0
0
0
0
0
0
0
7
0
0
0
0
0
0
4
0
0
0
0
0
0
6
13
0
0
0
0
0
0
0
9
0
0
0
0
0
0
4
7
0
0
0
0
0
0
4
0
0
0
0
0
0
1
12
0
0
0
0
0
0
0
8
0
0
0
0
0
3
7
11
0
0
0
0
0
0
6
0
0
0
0
0
0
0
7
0
0
0
0
0
0
0
9
0
0
0
0
0
0
10
17
0
0
0
0
0
0
2
0
0
0
0
0
0
0
7
0
0
0
0
0
0
4
12
0
0
0
0
0
0
0
8
0
0
0
0
0
3
6
0
0
0
0
0
0
0
8
0
0
0
0
0
0
5
11
0
0
0
0
0
0
4
15
0
0
0
0
0
0
6
0
0
0
0
0
0
0
7
0
0
0
0
0
0
0
7
0
0
0
0
0
0
0
12
0
0
0
0
0
0
4
0
0
0
0
0
0
1
8
0
0
0
0
0
0
8
15
0
0
0
0
0
0
0
9
0
0
0
0
0
0
1
0
0
0
0
0
0
0
10
0
0
0
0
0
0
9
9
0
0
0
0
0
0
11
10
0
0
0
0
0
2
8
0
0
0
0
0
0
5
15
0
0
0
0
0
0
1
8
0
0
0
0
0
0
3
13
0
0
0
0
0
0
5
0
0
0
0
0
0
8
7
0
0
0
0
0
0
2
8
0
0
0
0
0
0
0
8
0
0
0
0
0
2
5
0
0
0
0
0
0
0
18
0
0
0
0
0
0
0
9
0
0
0
0
0
0
5
13
0
0
0
0
0
5
8
0
0
0
0
0
0
3
6
0
0
0
0
0
0
0
6
0
0
0
0
0
1
8
11
0
0
0
0
0
2
8
0
0
0
0
0
0
0
7
0
0
0
0
0
0
0
5
0
0
0
0
0
1
6
20
0
0
0
0
0
0
5
0
0
0
0
0
0
0
5
0
0
0
0
0
0
0
8
0
0
0
0
0
5
7
15
0
0
0
0
0
0
1
0
0
0
0
0
0
0
2
0
0
0
0
0
0
10
9
0
0
0
0
0
4
11
18
0
0
0
0
0
1
8
0
0
0
0
0
0
0
10
0
0
0
0
0
1
0
14
0
0
0
0
0
0
4
15
0
0
0
0
0
0
4
0
0
0
0
0
0
0
10
0
0
0
0
0
2
6
9
0
0
0
0
0
0
0
14
0
0
0
0
0
1
1
0
0
0
0
0
0
1
10
0
0
0
0
0
0
4
15
0
0
0
0
0
0
3
10
0
0
0
0
0
0
6
0
0
0
0
0
0
1
14
0
0
0
0
0
0
8
15
0
0
0
0
0
0
0
8
0
0
0
0
0
0
9
0
0
0
0
0
0
4
12
0
0
0
0
0
0
0
11
0
0
0
0
0
0
2
8
0
0
0
0
0
0
9
0
0
0
0
0
0
1
4
0
0
0
0
0
0
2
4
0
0
0
0
0
0
7
7
0
0
0
0
0
0
9
0
0
0
0
0
0
2
7
0
0
0
0
0
0
4
8
0
0
0
0
0
0
0
11
0
0
0
0
0
0
6
0
0
0
0
0
0
3
11
0
0
0
0
0
0
1
4
0
0
0
0
0
0
6
13
0
0
0
0
0
3
7
0
0
0
0
0
0
0
9
0
0
0
0
0
0
0
10
0
0
0
0
0
0
9
8
0
0
0
0
0
0
9
0
0
0
0
0
0
0
8
0
0
0
0
0
0
0
8
0
0
0
0
0
0
4
7
0
0
0
0
0
4
7
0
0
0
0
0
0
1
10
0
0
0
0
0
0
3
9
0
0
0
0
0
0
7
18
0
0
0
0
0
0
6
0
0
0
0
0
0
0
8
0
0
0
0
0
0
1
11
0
0
0
0
0
0
11
15
0
0
0
0
0
1
4
0
0
0
0
0
0
0
9
0
0
0
0
0
0
6
15
0
0
0
0
0
0
3
11
0
0
0
0
0
0
3
0
0
0
0
0
0
0
8
0
0
0
0
0
0
5
6
0
0
0
0
0
0
0
9
0
0
0
0
0
0
4
0
0
0
0
0
0
0
6
0
0
0
0
0
0
1
10
0
0
0
0
0
0
1
10
0
0
0
0
0
0
3
0
0
0
0
0
0
0
10
0
0
0
0
0
0
9
13
0
0
0
0
0
0
0
8
0
0
0
0
0
0
3
0
0
0
0
0
0
0
11
0
0
0
0
0
0
11
14
0
0
0
0
0
0
4
5
0
0
0
0
0
0
2
0
0
0
0
0
0
6
9
0
0
0
0
0
0
5
11
0
0
0
0
0
0
0
8
0
0
0
0
0
1
12
0
0
0
0
0
0
1
10
0
0
0
0
0
0
0
7
0
0
0
0
0
0
9
11
0
0
0
0
0
0
9
0
0
0
0
0
0
3
11
0
0
0
0
0
0
1
7
0
0
0
0
0
0
2
16
0
0
0
0
0
1
7
0
0
0
0
0
0
0
5
0
0
0
0
0
0
0
10
0
0
0
0
0
0
1
15
0
0
0
0
0
0
5
0
0
0
0
0
0
0
7
0
0
0
0
0
0
0
8
0
0
0
0
0
0
10
10
0
0
0
0
0
7
8
0
0
0
0
0
0
0
6
0
0
0
0
0
0
4
12
0
0
0
0
0
0
3
11
0
0
0
0
0
0
2
0
0
0
0
0
0
0
6
0
0
0
0
0
0
1
9
0
0
0
0
0
0
4
13
0
0
0
0
0
0
3
0
0
0
0
0
0
3
7
0
0
0
0
0
0
8
9
0
0
0
0
0
0
4
6
0
0
0
0
0
0
5
0
0
0
0
0
0
0
12
0
0
0
0
0
0
0
7
0
0
0
0
0
0
3
10
0
0
0
0
0
0
3
0
0
0
0
0
0
0
7
0
0
0
0
0
0
2
8
0
0
0
0
0
0
6
9
0
0
0
0
0
0
2
0
0
0
0
0
0
1
15
0
0
0
0
0
0
0
9
0
0
0
0
0
0
1
7
0
0
0
0
0
3
10
0
0
0
0
0
0
0
13
0
0
0
0
0
0
2
5
0
0
0
0
0
0
5
12
0
0
0
0
0
0
6
0
0
0
0
0
0
3
10
0
0
0
0
0
0
1
7
0
0
0
0
0
0
10
18
0
0
0
0
0
0
6
0
0
0
0
0
0
0
4
0
0
0
0
0
0
3
12
0
0
0
0
0
0
0
12
0
0
0
0
0
0
4
0
0
0
0
0
0
0
7
0
0
0
0
0
0
2
9
0
0
0
0
0
0
3
10
0
0
0
0
0
0
3
0
0
0
0
0
0
0
6
0
0
0
0
0
0
0
12
0
0
0
0
0
0
7
13
0
0
0
0
0
0
2
0
0
0
0
0
0
0
9
0
0
0
0
0
0
4
17
0
0
0
0
0
0
2
11
0
0
0
0
0
0
2
0
0
0
0
0
0
0
8
0
0
0
0
0
0
0
8
0
0
0
0
0
0
3
10
0
0
0
0
0
0
7
0
0
0
0
0
0
0
8
0
0
0
0
0
0
6
10
0
0
0
0
0
0
0
13
0
0
0
0
0
0
3
0
0
0
0
0
0
0
5
0
0
0
0
0
0
3
12
0
0
0
0
0
0
4
12
0
0
0
0
0
0
6
0
0
0
0
0
0
0
14
0
0
0
0
0
0
5
12
0
0
0
0
0
0
2
8
0
0
0
0
0
0
9
0
0
0
0
0
0
5
8
0
0
0
0
0
0
0
9
0
0
0
0
0
0
0
13
0
0
0
0
0
0
0
0
0
0
0
0
0
0
10
0
0
0
0
0
0
0
12
0
0
0
0
0
0
2
8
0
0
0
0
0
0
1
0
0
0
0
0
0
1
11
0
0
0
0
0
0
3
8
0
0
0
0
0
0
0
14
0
0
0
0
0
0
11
0
0
0
0
0
0
3
7
0
0
0
0
0
0
1
6
0
0
0
0
0
0
4
12
0
0
0
0
0
1
7
0
0
0
0
0
0
3
10
0
0
0
0
0
0
4
10
0
0
0
0
0
0
3
9
0
0
0
0
0
0
6
0
0
0
0
0
0
0
9
0
0
0
0
0
0
1
8
0
0
0
0
0
0
6
14
0
0
0
0
0
0
10
0
0
0
0
0
0
0
5
0
0
0
0
0
0
2
10
0
0
0
0
0
0
7
17
0
0
0
0
0
3
7
0
0
0
0
0
0
0
11
0
0
0
0
0
0
0
13
0
0
0
0
0
0
9
18
0
0
0
0
0
0
10
0
0
0
0
0
0
1
9
0
0
0
0
0
0
0
9
0
0
0
0
0
1
5
12
0
0
0
0
0
5
9
0
0
0
0
0
0
0
7
0
0
0
0
0
0
2
10
0
0
0
0
0
0
4
15
0
0
0
0
0
0
8
0
0
0
0
0
0
0
4
0
0
0
0
0
0
4
7
0
0
0
0
0
0
6
15
0
0
0
0
0
0
9
0
0
0
0
0
0
0
3
0
0
0
0
0
0
3
6
0
0
0
0
0
1
7
19
0
0
0
0
0
0
8
0
0
0
0
0
0
0
4
0
0
0
0
0
0
4
7
0
0
0
0
0
0
5
10
0
0
0
0
0
0
1
0
0
0
0
0
0
0
5
0
0
0
0
0
0
2
14
0
0
0
0
0
0
9
15
0
0
0
0
0
0
6
0
0
0
0
0
0
0
5
0
0
0
0
0
0
4
8
0
0
0
0
0
0
5
12
0
0
0
0
0
0
0
0
0
0
0
0
0
5
8
0
0
0
0
0
0
5
11
0
0
0
0
0
0
0
8
0
0
0
0
0
0
8
0
0
0
0
0
0
3
14
0
0
0
0
0
0
0
13
0
0
0
0
0
0
2
9
0
0
0
0
0
0
0
0
0
0
0
0
0
1
9
0
0
0
0
0
1
8
11
0
0
0
0
0
0
2
10
0
0
0
0
0
3
8
0
0
0
0
0
0
1
12
0
0
0
0
0
0
3
6
0
0
0
0
0
0
0
7
0
0
0
0
0
1
9
0
0
0
0
0
0
2
9
0
0
0
0
0
0
0
4
0
0
0
0
0
0
5
12
0
0
0
0
0
5
8
0
0
0
0
0
0
7
6
0
0
0
0
0
0
0
7
0
0
0
0
0
0
9
14
0
0
0
0
0
2
5
0
0
0
0
0
0
0
4
0
0
0
0
0
0
3
13
0
0
0
0
0
0
9
11
0
0
0
0
0
0
3
0
0
0
0
0
0
0
3
0
0
0
0
0
0
4
16
0
0
0
0
0
0
3
6
0
0
0
0
0
0
10
0
0
0
0
0
0
0
5
0
0
0
0
0
0
5
13
0
0
0
0
0
0
4
12
0
0
0
0
0
1
0
0
0
0
0
0
0
0
3
0
0
0
0
0
2
7
10
0
0
0
0
0
0
3
10
0
0
0
0
0
0
7
0
0
0
0
0
0
0
7
0
0
0
0
0
0
1
11
0
0
0
0
0
0
0
12
0
0
0
0
0
4
2
0
0
0
0
0
0
0
8
0
0
0
0
0
0
3
12
0
0
0
0
0
0
2
10
0
0
0
0
0
0
2
0
0
0
0
0
0
7
8
0
0
0
0
0
0
5
16
0
0
0
0
0
0
2
8
0
0
0
0
0
1
4
0
0
0
0
0
0
0
12
0
0
0
0
0
0
5
10
0
0
0
0
0
0
0
8
0
0
0
0
0
0
8
0
0
0
0
0
0
2
16
0
0
0
0
0
0
0
8
0
0
0
0
0
0
2
12
0
0
0
0
0
2
5
0
0
0
0
0
0
6
12
0
0
0
0
0
0
0
7
0
0
0
0
0
0
3
12
0
0
0
0
0
0
0
0
0
0
0
0
0
4
8
0
0
0
0
0
0
0
8
0
0
0
0
0
1
7
16
0
0
0
0
0
0
8
0
0
0
0
0
0
0
8
0
0
0
0
0
0
0
4
0
0
0
0
0
8
11
16
0
0
0
0
0
0
2
0
0
0
0
0
0
0
3
0
0
0
0
0
0
12
12
0
0
0
0
0
0
3
12
0
0
0
0
0
0
3
0
0
0
0
0
0
0
6
0
0
0
0
0
0
8
7
0
0
0
0
0
0
7
14
0
0
0
0
0
0
6
0
0
0
0
0
0
0
5
0
0
0
0
0
0
3
6
0
0
0
0
0
0
6
12
0
0
0
0
0
0
2
0
0
0
0
0
0
9
15
0
0
0
0
0
0
0
10
0
0
0
0
0
0
0
12
0
0
0
0
0
0
9
0
0
0
0
0
0
0
3
0
0
0
0
0
0
1
7
0
0
0
0
0
0
1
6
0
0
0
0
0
0
5
0
0
0
0
0
0
3
7
0
0
0
0
0
0
1
3
0
0
0
0
0
0
8
10
0
0
0
0
0
0
8
0
0
0
0
0
0
6
10
0
0
0
0
0
0
1
6
0
0
0
0
0
0
4
9
0
0
0
0
0
0
11
0
0
0
0
0
0
4
3
0
0
0
0
0
0
0
7
0
0
0
0
0
0
9
15
0
0
0
0
0
0
3
0
0
0
0
0
0
0
2
0
0
0
0
0
0
0
7
0
0
0
0
0
0
4
11
0
0
0
0
0
0
8
0
0
0
0
0
0
0
6
0
0
0
0
0
0
3
12
0
0
0
0
0
0
6
8
0
0
0
0
0
0
4
0
0
0
0
0
0
0
6
0
0
0
0
0
0
2
13
0
0
0
0
0
0
3
10
0
0
0
0
0
0
3
0
0
0
0
0
0
0
7
0
0
0
0
0
0
3
6
0
0
0
0
0
2
5
12
0
0
0
0
0
0
0
0
0
0
0
0
0
5
9
0
0
0
0
0
0
5
13
0
0
0
0
0
0
3
10
0
0
0
0
0
0
0
0
0
0
0
0
0
5
15
0
0
0
0
0
2
8
14
0
0
0
0
0
0
1
10
0
0
0
0
0
0
9
0
0
0
0
0
0
0
11
0
0
0
0
0
0
3
13
0
0
0
0
0
0
3
8
0
0
0
0
0
0
11
0
0
0
0
0
0
2
15
0
0
0
0
0
0
4
12
0
0
0
0
0
0
2
12
0
0
0
0
0
0
2
0
0
0
0
0
0
0
15
0
0
0
0
0
0
0
7
0
0
0
0
0
0
7
10
0
0
0
0
0
2
9
0
0
0
0
0
0
0
5
0
0
0
0
0
0
0
11
0
0
0
0
0
0
5
17
0
0
0
0
0
0
9
0
0
0
0
0
0
0
6
0
0
0
0
0
0
0
11
0
0
0
0
0
0
0
15
0
0
0
0
0
1
10
0
0
0
0
0
0
0
3
0
0
0
0
0
0
5
8
0
0
0
0
0
0
7
10
0
0
0
0
0
0
5
0
0
0
0
0
0
0
12
0
0
0
0
0
0
4
11
0
0
0
0
0
0
2
16
0
0
0
0
0
0
11
0
0
0
0
0
0
4
9
0
0
0
0
0
0
3
13
0
0
0
0
0
0
4
11
0
0
0
0
0
0
3
0
0
0
0
0
0
1
9
0
0
0
0
0
0
10
14
0
0
0
0
0
0
0
6
0
0
0
0
0
0
8
0
0
0
0
0
0
3
11
0
0
0
0
0
0
0
14
0
0
0
0
0
0
4
6
0
0
0
0
0
0
13
0
0
0
0
0
0
2
14
0
0
0
0
0
0
0
11
0
0
0
0
0
0
0
10
0
0
0
0
0
0
9
0
0
0
0
0
0
5
10
0
0
0
0
0
0
0
9
0
0
0
0
0
0
3
10
0
0
0
0
0
1
2
0
0
0
0
0
0
0
12
0
0
0
0
0
0
0
9
0
0
0
0
0
0
7
12
0
0
0
0
0
0
12
0
0
0
0
0
0
0
2
0
0
0
0
0
0
0
9
0
0
0
0
0
0
10
9
0
0
0
0
0
3
9
0
0
0
0
0
0
0
9
0
0
0
0
0
0
6
7
0
0
0
0
0
0
7
13
0
0
0
0
0
0
3
0
0
0
0
0
0
0
7
0
0
0
0
0
0
2
11
0
0
0
0
0
0
5
10
0
0
0
0
0
0
3
0
0
0
0
0
0
0
5
0
0
0
0
0
0
0
15
0
0
0
0
0
0
1
6
0
0
0
0
0
0
5
0
0
0
0
0
0
1
3
0
0
0
0
0
0
0
9
0
0
0
0
0
0
7
15
0
0
0
0
0
0
2
0
0
0
0
0
0
6
11
0
0
0
0
0
0
2
13
0
0
0
0
0
0
0
10
0
0
0
0
0
0
3
0
0
0
0
0
0
1
9
0
0
0
0
0
0
5
14
0
0
0
0
0
0
2
9
0
0
0
0
0
0
3
0
0
0
0
0
0
0
14
0
0
0
0
0
0
0
11
0
0
0
0
0
0
2
11
0
0
0
0
0
8
6
0
0
0
0
0
0
0
12
0
0
0
0
0
0
0
5
0
0
0
0
0
0
6
9
0
0
0
0
0
0
10
0
0
0
0
0
0
0
8
0
0
0
0
0
0
0
7
0
0
0
0
0
0
4
20
0
0
0
0
0
0
5
0
0
0
0
0
0
1
5
0
0
0
0
0
0
0
10
0
0
0
0
0
0
4
14
0
0
0
0
0
4
6
0
0
0
0
0
0
3
6
0
0
0
0
0
0
1
10
0
0
0
0
0
0
4
14
0
0
0
0
0
2
8
0
0
0
0
0
0
0
5
0
0
0
0
0
0
0
14
0
0
0
0
0
0
6
13
0
0
0
0
0
0
7
0
0
0
0
0
0
0
8
0
0
0
0
0
0
4
15
0
0
0
0
0
0
0
15
0
0
0
0
0
1
10
0
0
0
0
0
0
0
10
0
0
0
0
0
0
2
10
0
0
0
0
0
0
4
14
0
0
0
0
0
0
9
0
0
0
0
0
0
0
4
0
0
0
0
0
0
0
10
0
0
0
0
0
0
11
14
0
0
0
0
0
0
0
0
0
0
0
0
0
0
7
0
0
0
0
0
0
1
12
0
0
0
0
0
0
1
13
0
0
0
0
0
0
4
0
0
0
0
0
0
2
12
0
0
0
0
0
0
0
7
0
0
0
0
0
0
7
13
0
0
0
0
0
0
6
0
0
0
0
0
0
1
7
0
0
0
0
0
4
6
14
0
0
0
0
0
0
5
13
0
0
0
0
0
0
3
0
0
0
0
0
0
2
13
0
0
0
0
0
0
5
17
0
0
0
0
0
0
0
11
0
0
0
0
0
0
5
0
0
0
0
0
0
0
7
0
0
0
0
0
0
4
7
0
0
0
0
0
0
3
9
0
0
0
0
0
0
10
0
0
0
0
0
0
0
11
0
0
0
0
0
0
0
10
0
0
0
0
0
0
2
7
0
0
0
0
0
0
11
0
0
0
0
0
0
6
10
0
0
0
0
0
0
5
5
0
0
0
0
0
0
3
10
0
0
0
0
0
0
6
0
0
0
0
0
0
0
13
0
0
0
0
0
0
0
10
0
0
0
0
0
0
4
14
0
0
0
0
0
1
9
0
0
0
0
0
0
0
7
0
0
0
0
0
0
0
7
0
0
0
0
0
0
6
13
0
0
0
0
0
2
5
0
0
0
0
0
0
0
14
0
0
0
0
0
0
0
3
0
0
0
0
0
0
4
11
0
0
0
0
0
7
7
0
0
0
0
0
0
0
5
0
0
0
0
0
0
0
7
0
0
0
0
0
2
5
14
0
0
0
0
0
2
7
0
0
0
0
0
0
2
4
0
0
0
0
0
0
5
14
0
0
0
0
0
0
5
15
0
0
0
0
0
0
7
0
0
0
0
0
0
0
6
0
0
0
0
0
0
1
7
0
0
0
0
0
1
8
19
0
0
0
0
0
0
5
0
0
0
0
0
0
0
3
0
0
0
0
0
0
0
15
0
0
0
0
0
0
6
13
0
0
0
0
0
0
2
0
0
0
0
0
0
4
6
0
0
0
0
0
0
5
12
0
0
0
0
0
0
4
12
0
0
0
0
0
0
3
0
0
0
0
0
0
4
12
0
0
0
0
0
0
4
13
0
0
0
0
0
0
0
12
0
0
0
0
0
0
5
0
0
0
0
0
0
0
12
0
0
0
0
0
0
0
14
0
0
0
0
0
0
2
11
0
0
0
0
0
3
9
0
0
0
0
0
0
0
4
0
0
0
0
0
0
1
8
0
0
0
0
0
0
1
11
0
0
0
0
0
0
4
0
0
0
0
0
0
1
9
0
0
0
0
0
0
1
9
0
0
0
0
0
0
1
13
0
0
0
0
0
4
10
0
0
0
0
0
0
7
4
0
0
0
0
0
0
0
5
0
0
0
0
0
0
7
15
0
0
0
0
0
4
7
0
0
0
0
0
0
1
11
0
0
0
0
0
0
0
8
0
0
0
0
0
1
9
9
0
0
0
0
0
1
7
0
0
0
0
0
0
0
3
0
0
0
0
0
0
3
10
0
0
0
0
0
3
1
14
0
0
0
0
0
0
6
0
0
0
0
0
0
0
5
0
0
0
0
0
0
1
12
0
0
0
0
0
0
4
12
0
0
0
0
0
0
5
0
0
0
0
0
0
0
6
0
0
0
0
0
0
4
9
0
0
0
0
0
0
0
8
0
0
0
0
0
0
5
0
0
0
0
0
0
0
12
0
0
0
0
0
0
2
13
0
0
0
0
0
0
0
11
0
0
0
0
0
0
4
0
0
0
0
0
0
3
8
0
0
0
0
0
0
3
16
0
0
0
0
0
0
6
10
0
0
0
0
0
0
2
0
0
0
0
0
0
3
8
0
0
0
0
0
0
9
10
0
0
0
0
0
0
0
12
0
0
0
0
0
0
2
0
0
0
0
0
0
0
14
0
0
0
0
0
0
7
10
0
0
0
0
0
0
0
6
0
0
0
0
0
0
7
0
0
0
0
0
1
1
18
0
0
0
0
0
0
0
6
0
0
0
0
0
0
7
12
0
0
0
0
0
0
8
0
0
0
0
0
0
7
9
0
0
0
0
0
0
0
4
0
0
0
0
0
0
2
14
0
0
0
0
0
0
9
0
0
0
0
0
0
5
9
0
0
0
0
0
0
2
4
0
0
0
0
0
0
3
20
0
0
0
0
0
0
8
0
0
0
0
0
0
0
8
0
0
0
0
0
0
5
7
0
0
0
0
0
0
6
19
0
0
0
0
0
0
9
0
0
0
0
0
0
0
10
0
0
0
0
0
0
0
6
0
0
0
0
0
0
7
10
0
0
0
0
0
0
8
0
0
0
0
0
0
0
3
0
0
0
0
0
0
3
15
0
0
0
0
0
0
3
17
0
0
0
0
0
1
8
0
0
0
0
0
0
0
9
0
0
0
0
0
0
3
9
0
0
0
0
0
0
2
17
0
0
0
0
0
0
5
0
0
0
0
0
0
0
4
0
0
0
0
0
0
4
16
0
0
0
0
0
0
4
9
0
0
0
0
0
0
6
0
0
0
0
0
0
0
6
0
0
0
0
0
0
0
