0
48000
0
1955
0
46
0
0
1002
0
0
0
1
998
0
0
1001
0
0
0
0
999
0
0
0
0
1002
0
0
0
0
1001
0
0
999
0
0
1801
1195
0
1000
2000
0
1000
0
0
1003
0
0
1000
0
0
999
1000
998
0
1001
0
0
1002
0
0
999
0
0
0
0
1000
0
1003
0
996
0
0
1001
0
0
1000
1002
999
1000
68
621
1380
0
118
885
998
1001
1001
1000
1001
997
1001
999
1002
2001
996
1000
1003
647
1
610
1391
0
1001
0
1002
999
999
1001
0
1000
1004
999
997
1004
0
999
1002
1000
999
999
999
1002
996
1000
1001
999
1003
1996
4000
0
3000
2000
5000
0
1000
0
0
0
580
428
3992
3908
1092
0
0
0
993
7
0
0
0
1005
0
0
0
1000
0
998
999
999
1006
514
1992
999
1000
1004
0
1997
999
1000
1003
0
1003
998
998
1000
999
1002
1000
1002
0
2001
1999
0
1000
0
1002
1000
0
1003
0
999
1004
2994
0
1000
676
328
1997
999
910
94
19
1890
112
998
1000
1005
0
1000
997
1003
998
1003
999
997
1003
0
1001
999
998
1002
999
1998
1000
1001
999
810
1190
1000
1000
1001
0
1001
2000
1999
0
841
2156
1000
1000
0
550
454
1006
0
997
1001
998
1001
1000
1000
998
3000
1000
0
0
1001
1
1002
1997
0
1003
1000
997
1000
1002
0
1000
1005
998
999
998
1000
1002
5996
0
781
222
0
0
0
1004
0
998
1000
999
1000
1000
1003
770
997
1002
1003
995
1212
0
1001
0
1001
0
1005
935
995
45
635
3000
0
0
1000
1005
0
999
997
1001
0
1014
27
1003
1001
0
2996
1000
0
1001
1587
412
231
660
997
1002
1000
998
453
2000
0
1000
1002
0
1000
329
995
1002
679
1002
0
821
999
999
946
996
1007
410
1001
0
1001
293
998
1001
999
1000
1001
1000
1001
1003
999
997
273
1003
0
1003
1001
998
999
1003
999
1000
999
999
1001
1000
998
395
1004
0
1002
1001
999
1000
1001
1001
910
1037
0
971
1000
1000
1000
1034
966
1032
996
972
999
1033
1103
2350
0
1275
0
1009
0
1043
1068
917
1000
1005
1070
1076
1033
2618
0
0
1389
0
1007
0
999
1000
1000
1000
999
999
1000
1000
1000
1000
1000
1000
1000
1000
1000
1000
1000
1000
1000
1000
1001
999
1000
1000
1000
1001
1000
1000
1000
1000
1000
1000
1000
1000
1000
1001
999
1000
1052
0
1005
0
1001
1000
1001
1000
999
1000
1001
1002
997
1000
1001
1002
998
1001
1001
1001
997
1000
1002
1002
996
1002
1001
1001
997
1002
999
1003
998
1000
999
1003
999
999
1000
1001
998
1001
1000
1001
998
1003
998
1001
998
1002
999
1001
997
1004
998
1002
998
1000
1000
1000
1002
997
1000
999
1000
1000
1002
998
1002
1000
1000
999
1000
1001
1003
994
1004
1000
998
998
1003
999
1001
1001
1000
998
1001
1001
996
1000
1002
1002
1000
1001
998
997
164
705
1301
0
1014
1008
0
999
1004
998
1001
998
1004
996
1002
1000
998
1002
927
1009
0
137
227
250
769
982
1010
997
1002
999
1003
997
1001
999
1003
997
1001
1000
1002
998
997
1001
1001
1001
999
1000
1001
999
1000
1000
1001
1000
1000
999
576
384
1008
0
1001
1000
1000
999
1001
1000
1000
1015
0
999
1002
998
1002
999
1000
1000
1002
998
1000
999
1001
1001
999
1000
1000
1000
1000
1001
999
1000
1000
1001
999
1000
1000
1001
999
1000
999
1001
1000
999
1000
1001
1000
999
1000
1001
1000
999
1000
1001
1000
999
1000
1001
999
1001
1000
808
1009
0
1001
999
1000
1001
1000
999
999
1000
1001
1000
999
1000
1001
1000
999
1000
1001
999
1001
999
1001
999
1001
999
1001
999
1001
1000
1000
999
1001
1001
999
999
1001
1001
999
999
1001
1002
998
1000
1000
1002
1000
997
1001
1001
998
1001
1001
999
999
1001
1001
999
999
1002
1000
1000
998
1001
1001
999
1000
1000
1001
999
999
1001
1001
999
999
1001
1001
999
999
1001
1001
999
1000
1000
1001
999
1002
999
999
1000
1000
1001
998
1002
1000
1000
998
1002
999
1000
999
1002
1000
999
1000
1001
999
999
1001
1000
207
1144
999
1010
0
1000
1001
998
1000
1003
998
1001
999
1001
999
1000
999
1001
999
1001
999
1000
1000
1000
1000
1000
1001
1000
999
1002
999
1002
998
1000
1000
1000
1000
1000
999
1002
999
1000
1000
1000
999
1000
1001
1001
998
1000
1001
1003
997
1000
1001
1001
997
1000
1001
1002
997
1000
1002
1001
998
999
1001
1002
997
1001
1000
1002
998
1000
1000
1002
999
999
1000
1002
998
1000
1001
1002
996
1001
1000
1002
999
999
1000
1002
997
1001
1000
1002
997
1002
999
1002
997
1000
1001
1001
998
1000
1001
1001
998
999
1003
1000
999
999
1002
1000
999
999
1002
1000
999
999
1002
1000
999
999
1002
1000
999
999
1002
1000
999
999
1002
1000
998
1001
1000
1002
997
1001
1000
1002
997
1002
998
1003
997
1002
999
1001
999
1002
997
1002
998
1002
998
1002
998
1003
997
1001
999
1002
998
1001
999
1002
998
1001
999
1002
998
1001
999
1003
997
1002
1000
1001
998
1000
1001
1000
998
1001
999
1002
998
1001
999
1002
998
1001
1000
1001
998
1002
999
227
984
998
1008
1001
998
1002
1001
997
1001
1001
999
1000
999
1002
1000
1000
999
1000
1002
996
1004
1001
998
1000
1001
1001
998
999
1002
1000
999
998
1003
1000
999
484
1009
0
1002
996
1002
1000
1001
997
1002
1000
1002
996
1003
1000
1001
997
1002
1000
1001
998
1001
1000
999
999
1002
1000
998
1001
1000
1000
1000
1000
1000
1000
999
1001
1001
999
999
1001
1001
378
1062
0
1009
0
1003
998
1001
1111
0
1011
0
998
1002
999
1001
999
1002
997
1000
1000
1001
999
1000
1000
1001
998
1001
1001
1000
998
1001
1001
1000
999
1000
1285
0
992
1019
0
1000
998
1001
1000
1000
999
1000
1001
1001
998
1002
999
1000
999
1000
1002
999
1000
999
1002
1001
998
1000
1001
999
1000
1000
1001
1000
999
1000
1000
1001
999
1000
1001
1000
1020
0
999
1002
999
999
1002
999
998
1001
1002
1003
1055
0
1011
0
998
1001
1003
998
998
1000
1002
1000
997
1001
1001
1000
999
1001
1000
1000
999
1001
1000
1000
999
1001
1000
1000
999
1002
1000
1000
999
1001
1000
1000
998
1002
1000
1001
997
1001
1002
1000
997
1001
1002
1000
997
1001
1001
1001
996
1001
1001
1002
996
1001
1001
1002
997
1000
1001
1002
997
1000
999
1004
998
999
1001
1003
996
1001
998
1004
998
999
1000
1003
997
1000
999
1004
997
1001
999
1002
997
1002
999
1002
997
1002
999
1002
997
1002
1001
1000
997
1002
999
1002
997
1002
999
1002
997
1002
999
1002
997
1002
1101
0
1010
0
1000
1002
996
1002
999
1002
997
1002
999
1002
997
1001
999
1002
997
1002
1136
0
1009
0
1000
1002
997
1002
999
1003
996
1001
1000
1000
998
1002
997
1001
1000
1237
0
1008
0
1000
1000
1000
1001
999
1124
0
1008
0
998
1001
999
1001
999
1001
999
1001
999
1001
998
1003
998
1002
998
1001
1000
999
999
1001
1001
999
999
1001
1001
998
999
1001
1000
1000
999
1001
1000
1000
1000
1000
999
1000
999
1001
1000
1000
999
1001
1000
1000
999
1001
1000
1000
999
1002
999
1000
1001
999
1000
1000
998
1000
1000
1000
1000
1000
1001
999
1000
1001
0
1000
1000
1002
0
999
1000
1001
0
1000
1000
1001
0
1000
1000
1000
999
1001
999
1001
999
1000
1000
1001
796
1203
1000
1001
999
1001
999
1001
999
1001
999
0
0
0
0
4
0
0
0
1
0
0
0
0
4
0
0
0
0
0
0
0
0
0
0
0
0
6
0
0
0
10
0
0
0
8
0
0
0
5
7
0
0
0
6
0
0
0
0
0
0
0
0
14
0
0
0
9
0
0
0
1
0
0
0
0
10
0
0
0
8
0
0
0
1
0
0
0
2
16
0
0
0
10
0
0
0
3
0
0
0
0
8
0
0
0
6
0
0
0
0
0
0
0
0
13
0
0
0
5
0
0
0
2
0
0
0
0
13
0
0
0
10
0
0
0
0
0
0
0
0
13
0
0
0
4
0
0
0
2
0
0
0
0
12
0
0
0
10
0
0
0
1
0
0
0
0
8
0
0
0
6
0
0
0
2
0
0
0
0
16
0
0
0
5
0
0
0
2
0
0
0
0
14
0
0
0
9
0
0
0
2
0
0
0
0
4
0
0
0
4
0
0
0
3
0
0
0
0
10
0
0
0
8
0
0
0
0
0
0
0
0
5
0
0
0
13
0
0
0
6
0
0
0
1
11
0
0
0
4
0
0
0
0
0
0
0
5
4
0
0
0
4
0
0
0
10
0
0
0
0
5
0
0
0
3
0
0
0
1
0
0
0
1
14
0
0
0
11
0
0
0
0
0
0
0
0
14
0
0
0
6
0
0
0
2
0
0
0
0
17
0
0
0
8
0
0
0
3
0
0
0
0
7
0
0
0
8
0
0
0
2
0
0
0
0
12
0
0
0
8
0
0
0
3
0
0
0
2
9
0
0
0
9
0
0
0
0
0
0
0
0
11
0
0
0
8
0
0
0
4
0
0
0
3
15
0
0
0
6
0
0
0
4
0
0
0
1
16
0
0
0
8
0
0
0
5
0
0
0
0
3
0
0
0
1
0
0
0
0
0
0
0
0
11
0
0
0
4
0
0
0
1
0
0
0
1
12
0
0
0
11
0
0
0
2
0
0
0
0
11
0
0
0
3
0
0
0
0
0
0
0
0
10
0
0
0
3
0
0
0
3
0
0
0
1
10
0
0
0
1
0
0
0
1
0
0
0
0
5
0
0
0
7
0
0
0
1
0
0
0
1
10
0
0
0
7
0
0
0
1
0
0
0
0
14
0
0
0
5
0
0
0
3
0
0
0
0
13
0
0
0
9
0
0
0
3
0
0
0
0
7
0
0
0
8
0
0
0
3
0
0
0
0
11
0
0
0
3
0
0
0
0
0
0
0
0
12
0
0
0
5
0
0
0
2
0
0
0
0
10
0
0
0
4
0
0
0
2
0
0
0
0
11
0
0
0
5
0
0
0
6
0
0
0
0
4
0
0
0
4
0
0
0
1
0
0
0
0
11
0
0
0
7
0
0
0
5
0
0
0
0
11
0
0
0
5
0
0
0
3
0
0
0
0
9
0
0
0
4
0
0
0
0
0
0
0
0
8
0
0
0
6
0
0
0
0
0
0
0
0
11
0
0
0
2
0
0
0
2
0
0
0
0
10
0
0
0
4
0
0
0
3
0
0
0
0
10
0
0
0
6
0
0
0
3
0
0
0
1
13
0
0
0
4
0
0
0
3
0
0
0
0
12
0
0
0
12
0
0
0
5
0
0
0
0
7
0
0
0
8
0
0
0
0
0
0
0
0
8
0
0
0
5
0
0
0
7
0
0
0
0
9
0
0
0
7
0
0
0
6
0
0
0
0
12
0
0
0
4
0
0
0
2
0
0
0
0
9
0
0
0
9
0
0
0
5
0
0
0
0
11
0
0
0
5
0
0
0
4
0
0
0
0
7
0
0
0
8
0
0
0
0
0
0
0
0
5
0
0
0
5
0
0
0
0
0
0
0
2
10
0
0
0
6
0
0
0
0
0
0
0
0
6
0
0
0
14
0
0
0
5
0
0
0
0
8
0
0
0
7
0
0
0
0
0
0
0
0
10
0
0
0
5
0
0
0
2
0
0
0
2
12
0
0
0
8
0
0
0
2
0
0
0
0
8
0
0
0
2
0
0
0
7
0
0
0
0
12
0
0
0
5
0
0
0
5
0
0
0
0
8
0
0
0
8
0
0
0
9
0
0
0
0
8
0
0
0
8
0
0
0
0
0
0
0
0
11
0
0
0
8
0
0
0
4
0
0
0
4
13
0
0
0
8
0
0
0
4
0
0
0
0
12
0
0
0
6
0
0
0
6
0
0
0
0
7
0
0
0
6
0
0
0
5
0
0
0
0
9
0
0
0
0
0
0
0
1
0
0
0
0
6
0
0
0
5
0
0
0
2
0
0
0
0
10
0
0
0
4
0
0
0
0
0
0
0
0
14
0
0
0
4
0
0
0
8
0
0
0
0
11
0
0
0
0
0
0
0
1
0
0
0
0
9
0
0
0
6
0
0
0
5
0
0
0
0
13
0
0
0
6
0
0
0
4
0
0
0
0
8
0
0
0
7
0
0
0
5
0
0
0
0
17
0
0
0
7
0
0
0
0
0
0
0
0
10
0
0
0
8
0
0
0
6
0
0
0
0
12
0
0
0
8
0
0
0
3
0
0
0
0
11
0
0
0
6
0
0
0
5
0
0
0
0
14
0
0
0
5
0
0
0
0
0
0
0
0
6
0
0
0
3
0
0
0
0
0
0
0
2
11
0
0
0
0
0
0
0
0
0
0
177
5
9
0
0
0
1
0
0
0
1
0
0
0
0
8
0
0
0
2
0
0
0
7
0
0
0
0
10
0
0
0
8
0
0
0
6
0
0
0
0
10
0
0
0
2
0
0
0
3
0
0
0
0
11
0
0
0
7
0
0
0
1
0
0
0
0
3
0
0
0
6
0
0
0
0
0
0
0
0
14
0
0
0
6
0
0
0
3
0
0
0
0
14
0
0
0
5
0
0
0
1
0
0
0
0
13
0
0
0
6
0
0
0
1
0
0
0
0
8
0
0
0
5
0
0
0
3
0
0
0
0
11
0
0
0
15
0
0
0
6
0
0
0
0
12
0
0
0
8
0
0
0
0
0
0
0
1
8
0
0
0
5
0
0
0
1
0
0
0
3
9
0
0
0
2
0
0
0
1
0
0
0
0
10
0
0
0
3
0
0
0
0
0
0
0
0
9
0
0
0
8
0
0
0
0
0
0
0
0
8
0
0
0
4
0
0
0
5
0
0
0
0
10
0
0
0
1
0
0
0
7
0
0
0
0
13
0
0
0
4
0
0
0
2
0
0
0
0
11
0
0
0
6
0
0
0
1
0
0
0
0
15
0
0
0
14
0
0
0
0
0
0
0
0
10
0
0
0
4
0
0
0
0
0
0
0
0
4
0
0
0
1
0
0
0
6
0
0
0
0
14
0
0
0
11
0
0
0
0
0
0
0
0
7
0
0
0
5
0
0
0
0
0
0
0
0
6
0
0
0
7
0
0
0
3
0
0
0
0
9
0
0
1
7
0
0
0
3
0
0
0
0
15
0
0
0
7
0
0
0
3
0
0
0
0
14
0
0
0
7
0
0
0
0
0
0
0
1
14
0
0
0
10
0
0
0
5
0
0
0
0
8
0
0
0
0
0
0
0
0
0
0
0
0
8
0
0
0
6
0
0
0
3
0
0
0
0
8
0
0
0
8
0
0
0
1
0
0
0
0
12
0
0
0
9
0
0
0
0
0
0
0
0
12
0
0
0
11
0
0
0
3
0
0
0
0
13
0
0
0
1
0
0
0
0
0
0
0
0
10
0
0
0
11
0
0
0
0
0
0
0
0
10
0
0
0
4
0
0
0
0
0
0
0
0
10
0
0
0
6
0
0
0
4
0
0
0
0
16
0
0
0
5
0
0
0
5
0
0
0
1
8
0
0
0
3
0
0
0
3
0
0
0
0
10
0
0
0
7
0
0
0
4
0
0
0
0
8
0
0
0
11
0
0
0
1
0
0
0
0
16
0
0
0
11
0
0
0
0
0
0
0
0
8
0
0
0
8
0
0
0
0
403
86
1122
1071
21
0
0
0
8
0
0
0
0
0
0
0
0
6
0
0
0
10
0
0
0
0
0
0
0
0
10
0
0
0
2
0
0
0
2
0
0
0
0
11
0
0
0
10
0
0
0
2
0
0
0
0
7
0
0
0
1
0
0
0
1
0
0
0
0
8
0
0
0
13
0
0
0
0
0
0
0
0
7
0
0
0
9
0
0
0
0
0
0
0
0
6
0
0
0
0
0
0
0
0
0
0
0
0
10
0
0
0
2
0
0
0
2
0
0
0
0
4
0
0
0
4
0
0
0
1
0
0
0
0
7
0
0
0
2
0
0
0
6
0
0
0
0
12
0
0
0
8
0
0
0
0
0
0
0
0
7
0
0
0
5
0
0
0
0
0
0
0
1
7
0
0
0
3
0
0
0
0
0
0
0
0
9
0
0
0
1
0
0
0
0
0
0
0
0
1
0
483
779
789
452
1489
1438
442
0
9464
9413
9362
9311
9260
9209
9158
9107
9056
9005
3212
3161
3110
3059
1076
1025
11314
11263
11212
11161
11110
11059
11008
10957
10906
10855
10804
10753
294
2841
2790
2739
1902
1851
2179
2128
2077
826
318
2533
2482
2431
0
563
0
0
1
0
0
0
1
0
0
0
0
10
0
0
0
5
0
0
0
1
0
0
0
0
333
86
638
1846
1795
227
859
972
688
953
902
0
8533
8482
8431
8380
8329
8278
8227
8176
8125
0
792
867
1372
1321
1937
1886
4776
4725
4674
4623
4572
372
891
0
2255
2204
2153
2668
2617
2566
9918
9867
9816
9765
9714
9663
9612
9561
9510
9459
6810
5823
5772
5721
5670
5619
5568
1085
1034
0
16756
16705
16654
16603
16552
16501
16450
16399
16348
16297
16246
16195
16144
16093
16042
15991
15940
6217
766
891
955
2215
2164
2113
8447
8396
8345
8294
8243
8192
8141
8090
8039
2820
2769
2718
2882
2831
2780
0
0
16842
16791
16740
16689
16638
16587
16536
16485
16434
16383
16332
16281
16230
16179
16128
16077
16026
9502
1049
998
3825
3774
3723
3672
9612
9561
9510
9459
9408
9357
9306
9255
9204
9153
0
6737
6686
6635
6584
6533
6482
6431
1643
1592
1460
1409
926
898
695
229
2765
2714
2663
1508
1457
96
1464
1413
1260
1209
500
2284
2500
3500
4500
5500
6448
7448
8448
9448
10448
11448
12448
13448
14448
9520
9794
10700
10804
10452
10829
11100
12100
13100
14100
15100
16100
17100
18100
19100
20100
21100
22100
23100
