4.75945
4.96
3.68
3.04
4.48
4.16
5.76
4.32
5.16
4.96
2.4
4.64
3.2
4.32
4.32
4
5.6
3.52
4.48
2.88
3.2
4.8
2.72
3.68
4.72
3.52
4.32
4.48
2.4
3.52
4.64
1.44
5.6
1.92
4.16
3.2
4.64
5.6
4.64
4.96
3.52
3.36
4.32
5.44
3.2
4.16
4
1.92
4.48
3.2
4.32
4
2.72
5.28
5.76
4.32
5.44
4.16
3.68
6.24
5.12
5.28
2.72
4.48
5.44
5.92
3.84
1.76
6.08
5.12
2.88
4.64
3.36
7.68
5.28
4.32
4.16
2.88
5.76
6.88
2.72
4.16
4.48
4.64
4.64
5.12
3.2
4.8
4.16
4.8
3.68
5.92
5.44
4.96
5.6
4.8
5.28
5.92
5.28
5.28
5.76
2.72
7.68
6.08
3.68
4.96
3.52
4.16
6.08
3.2
5.28
3.68
5.44
4.8
2.88
5.28
4.64
5.44
4.32
6.72
4
3.2
3.2
4.8
5.76
2.88
4.8
5.76
4
5.92
5.28
3.52
4.56
4.96
4.48
6.24
4.96
5.28
5.44
6.24
3.04
2.4
5.12
5.28
4.16
7.52
5.28
3.52
5.76
4.48
4.64
7.2
3.2
5.6
4.48
8.48
2.88
4.8
4
3.52
7.68
4
4
3.68
7.36
4.96
4.48
3.2
7.84
5.76
5.76
3.52
5.44
4.96
5.6
6.56
5.12
5.44
4.48
6.08
5.76
2.56
6.4
4.32
6.56
5.6
3.68
7.68
5.76
5.76
6.08
3.04
4.96
2.4
4.32
5.6
6.72
3.36
4
5.44
4.32
6.88
3.84
2.56
5.44
5.76
4
6.24
6.08
5.76
3.52
3.36
6.08
3.84
8
4.32
6.24
3.36
5.92
6.88
3.36
4.32
7.68
4.32
3.04
5.12
4.96
6.08
4
3.04
5.28
6.56
7.2
4.48
5.44
1.44
7.36
4.32
6.24
5.92
8.16
3.84
5.12
6.16
7.04
5.6
5.28
5.28
6.56
6.08
4.64
4.64
6.24
7.68
2.24
6.24
4.32
4.8
8.64
4.32
4.8
2.72
3.84
7.84
4.56
5.6
4.96
5.76
4.64
5.12
4.64
5.28
4.64
5.12
5.28
4.16
6.56
4
5.44
3.04
5.92
9.44
4.16
5.28
5.76
4
5.6
5.92
5.28
4
7.2
6.56
5.6
5.44
2.88
5.6
10.56
5.92
6.56
4.96
4.64
8.16
3.36
4.32
5.76
8.32
6.72
4.8
5.6
5.12
7.2
1.6
7.2
3.84
6.24
6.4
6.08
4.48
4.64
6.72
4.8
5.6
4.64
4.64
6.4
5.92
4.32
4.8
8.48
3.52
8.16
3.52
5.12
4.64
8
5.28
4.96
4.96
5.44
7.04
3.04
5.12
8.96
4.48
4.32
6.08
6.4
3.52
5.76
6.4
3.04
5.92
4.64
4.32
6.08
5.28
5.12
3.04
2.88
4.16
4.64
7.52
5.28
2.4
4.96
4
7.04
3.68
4.64
3.68
2.08
5.12
4.8
3.84
3.04
4.48
4.16
3.52
3.36
3.52
5.12
3.04
3.84
3.36
3.2
3.04
5.12
4.16
4
2.24
4.16
2.72
3.04
5.12
4
4
3.36
3.2
3.04
4.16
4.16
3.68
4.32
3.68
3.68
3.68
2.88
3.84
4
1.6
4.32
4.48
5.76
3.84
4.32
3.52
4.96
4.16
7.2
4
3.36
4.16
5.28
4.64
4.16
2.56
5.28
6.4
1.6
4.96
4.8
3.04
5.6
3.84
3.68
5.28
3.52
4.32
4
3.68
3.2
4.8
4.64
3.04
5.28
4.64
4.16
3.52
2.72
4.48
4.16
3.04
5.36
6.4
4
5.12
5.6
6.08
3.36
4.16
4.16
4.48
2.4
3.68
4
3.84
1.92
4.32
3.2
4.16
4.64
5.28
4.16
3.84
3.2
4.32
3.84
4
2.88
4
4.32
4.96
4.16
4.8
3.36
5.28
2.24
4.48
4.32
5.12
7.36
4.96
6.88
5.92
6.24
4.64
5.92
5.44
7.04
5.6
4.64
6.72
5.44
5.28
6.08
2.56
5.6
5.6
4.48
5.76
5.76
5.44
5.76
4.64
5.92
4.96
5.44
4.32
5.28
5.92
4.96
5.44
6.08
5.12
5.12
3.04
6.08
4.8
5.44
4.16
7.2
5.44
6.24
4.96
5.6
6.24
4.16
7.04
6.24
6.72
6.24
6.08
6.56
6.08
2.72
7.36
5.6
5.28
6.88
5.44
6.08
5.12
4.48
4.32
5.6
5.28
5.28
7.04
5.44
4.16
5.6
5.12
3.84
5.12
3.04
6.08
5.76
5.12
6.4
5.6
5.6
5.12
5.28
5.12
5.76
4.8
3.84
3.68
4.32
4.16
4.8
4.16
5.12
1.92
5.76
3.84
3.68
4.32
4.48
3.68
4.32
3.04
3.52
3.68
4.96
4.48
3.68
4
3.52
3.2
3.68
3.2
3.36
2.4
3.68
2.72
2.24
3.36
4.32
3.52
3.04
4.32
3.84
2.24
4.64
3.04
2.72
4.64
3.68
4.32
4.32
2.88
3.2
3.84
4.16
4.48
3.84
3.52
2.88
3.52
2.72
3.84
3.04
1.76
4.16
2.56
2.08
3.68
3.04
3.84
3.68
2.4
2.72
3.04
2.72
3.2
2.4
3.52
3.68
3.36
3.2
2.72
3.36
3.68
2.4
4
1.92
2.56
2.4
2.88
2.08
2.24
1.92
2.56
2.56
3.04
3.52
1.76
2.08
2.56
3.04
1.76
4.48
3.2
3.84
3.68
3.84
2.4
3.52
2.72
2.88
3.04
1.92
3.2
3.2
4
4.16
3.36
4.16
3.2
3.52
3.2
4.32
3.52
3.68
3.2
2.4
2.88
1.92
3.52
2.88
3.36
4.32
4
3.68
1.28
3.52
3.36
3.04
3.52
3.52
4.16
3.36
2.88
1.92
1.92
2.72
2.88
3.04
2.08
2.56
3.84
2.4
2.4
3.2
2.56
2.08
3.36
2.24
3.04
2.4
2.88
2.88
3.04
4.48
2.72
3.52
3.36
2.08
1.44
2.4
3.2
2.24
1.92
3.84
2.88
2.72
2.08
3.36
2.56
2.4
4
2.24
3.04
2.4
2.08
2.72
2.24
2.72
2.4
2.56
2.56
2.56
2.56
4
2.24
3.2
2.56
3.68
1.92
3.52
3.04
1.6
2.24
3.52
2.88
2.72
3.2
2.08
3.52
3.04
4.48
2.4
4.16
4.64
2.4
4.16
3.2
3.68
3.2
2.08
2.4
2.4
1.6
3.36
3.36
2.56
4
2.4
2.4
3.2
2.08
2.08
2.56
2.4
2.56
2.88
2.24
1.44
2.72
2.72
2.08
2.56
2.72
2.24
1.76
1.92
2.24
2.08
2.4
2.4
2.24
1.6
2.4
2.56
1.6
2.88
2.88
1.76
3.04
2.24
3.04
2.72
1.44
2.56
1.28
2.08
1.44
1.6
1.76
2.88
1.28
2.24
2.08
1.92
2.88
2.56
2.72
0.96
2.4
2.72
1.92
3.52
1.44
4.16
3.68
1.76
2.08
2.72
3.52
3.36
1.92
2.72
2.4
2.4
2.4
3.04
3.04
2.56
2.08
3.04
3.04
3.36
2.4
2.24
2.88
3.04
3.2
2.88
3.36
2.24
4.16
2.24
2.88
2.56
3.84
2.24
2.88
2.88
1.92
2.08
2.88
1.92
2.4
3.2
1.76
2.08
2.24
4
1.76
2.24
1.76
2.4
2.24
2.56
3.36
3.04
3.04
3.2
2.88
3.36
2.4
3.04
2.08
4.16
2.24
1.44
2.4
2.4
2.24
2.72
2.24
1.28
2.4
4.32
2.4
2.4
1.92
2.08
3.04
3.04
2.08
1.28
2.72
1.76
1.6
2.24
2.24
3.04
2.72
2.88
2.4
3.68
2.72
4.32
3.52
3.36
3.84
4
2.88
4.16
1.76
2.72
2.24
2.4
2.4
3.52
2.72
2.72
3.52
3.36
1.44
3.2
1.76
3.2
3.2
2.88
1.28
2.24
3.04
3.68
3.68
3.2
1.92
3.52
4
4.64
3.84
3.36
4.16
3.84
4.16
3.52
3.04
2.88
4.64
4.32
3.84
3.84
4.16
3.52
4
3.52
4
1.92
3.36
4.32
3.52
3.68
3.36
3.2
3.68
3.36
2.08
4.32
3.52
3.68
4
4.64
1.44
4.32
2.24
3.04
2.56
3.36
2.08
3.52
2.88
2.24
1.76
4.16
3.2
2.08
3.68
2.56
3.04
1.92
3.52
2.72
3.36
2.88
3.84
2.4
3.04
2.72
2.08
3.2
2.24
3.52
1.76
3.36
2.56
2.4
2.88
3.04
2.08
2.4
1.76
2.08
3.52
2.08
1.76
2.72
2.4
2.24
2.24
1.44
2.88
1.92
1.92
3.52
2.24
2.24
3.2
2.4
1.76
2.88
1.92
1.76
2.24
2.08
2.56
2.88
2.08
1.92
1.6
2.4
2.56
1.76
2.08
3.52
2.08
2.24
1.76
4.16
2.4
2.4
2.56
2.08
2.4
1.92
3.04
1.76
2.88
2.4
3.36
3.36
3.04
2.08
2.08
3.2
2.56
3.84
3.04
3.04
4.16
3.52
2.72
2.08
2.4
3.36
2.72
2.56
1.76
3.04
3.2
2.72
2.88
2.24
4.32
3.68
3.52
4
3.2
3.2
3.04
2.08
2.88
2.72
2.24
1.44
3.04
3.36
1.28
2.88
3.36
3.04
2.56
2.24
2.72
1.92
2.24
2.24
1.76
1.76
2.08
1.76
1.92
1.44
1.12
2.88
2.88
2.08
1.44
2.08
2.24
2.24
2.72
4.16
2.24
2.88
1.92
2.4
2.72
3.2
1.28
2.88
2.56
2.08
1.6
3.04
1.6
1.76
1.76
2.72
2.24
2.08
2.24
1.6
2.24
4
1.92
2.72
2.08
2.4
2.08
1.44
2.72
2.24
2.08
1.76
2.4
2.24
1.76
2.4
2.72
1.6
2.88
2.56
2.08
1.6
2.08
2.56
2.56
2.08
2.56
1.44
1.44
2.24
2.08
4.48
2.08
2.56
3.68
2.4
2.4
1.76
2.56
2.24
2.88
2.88
1.92
1.6
2.08
2.72
2.72
2.72
1.28
2.4
2.08
3.52
1.6
2.72
2.56
1.92
3.04
3.36
2.88
3.36
2.72
2.72
2.88
3.84
2.56
2.4
3.2
1.92
2.4
3.36
3.36
1.6
2.4
3.04
2.88
2.4
2.72
3.2
1.92
3.84
2.24
2.88
2.4
3.52
4
3.2
3.2
2.4
2.24
3.52
3.2
3.04
2.08
2.72
2.72
2.56
2.72
2.56
2.4
2.88
2.08
3.52
1.92
3.04
2.88
2.72
2.24
1.76
4
2.24
3.84
2.4
3.04
2.56
2.88
2.24
2.08
3.36
2.08
1.12
1.76
1.44
1.92
3.2
2.72
2.08
0.96
1.76
1.92
1.44
1.92
1.12
2.08
2.4
1.92
1.28
1.92
1.76
1.92
1.92
1.6
1.12
1.92
1.92
1.76
1.6
1.12
2.24
1.76
0.8
1.28
1.76
2.4
2.08
1.76
2.4
2.56
2.24
1.92
0.64
1.28
2.56
2.08
3.04
1.76
1.28
1.76
2.08
2.4
2.4
2.88
1.6
2.08
2.24
2.24
2.56
2.08
1.28
1.92
1.6
1.92
2.88
2.24
1.44
1.44
1.76
1.44
2.08
2.72
1.28
1.6
2.24
1.6
2.4
2.72
1.44
1.76
2.08
1.84
2.4
2.24
2.08
1.12
3.36
1.44
1.6
2.24
1.28
1.76
2.24
1.92
2.08
1.92
2.24
1.44
1.44
1.6
1.92
2.72
2.72
1.76
0.8
1.12
1.28
0.96
1.12
1.44
2.24
1.6
1.92
2.08
2.08
2.08
2.24
3.04
2.4
2.24
2.56
2.24
2.72
2.08
2.4
1.76
2.88
3.2
2.72
2.24
3.84
2.72
3.36
3.84
2.56
2.88
2.24
3.84
3.52
4.16
4
5.28
6.08
4
7.36
7.84
7.2
6.08
7.52
8
7.68
6.4
5.92
6.08
5.6
7.36
8.32
4.64
8.16
6.56
6.24
5.28
5.76
1.92
3.36
4
5.12
2.56
4
4.96
5.28
4.64
4
4.16
5.92
6.56
7.52
6.72
6.08
7.36
5.92
5.12
3.36
2.88
2.4
2.56
3.52
5.92
3.52
3.2
3.04
3.04
3.68
3.52
2.4
3.36
3.68
4.16
2.4
4.16
3.52
3.36
2.4
3.04
2.88
2.56
2.72
1.6
2.24
4.48
3.04
3.52
3.04
3.2
1.44
2.72
2.56
1.76
1.92
2.24
2.08
1.92
2.4
1.44
2.56
1.6
2.24
1.12
1.28
2.4
2.4
1.6
1.12
2.4
1.6
3.04
2.72
2.56
3.84
3.68
1.12
1.6
1.6
3.04
2.4
0.8
1.44
1.92
2.08
2.88
2.24
3.52
3.2
2.4
2.4
1.76
2.08
2.24
1.28
2.24
1.76
1.6
1.92
1.6
1.92
2.08
2.4
1.6
4.48
4.48
3.84
2.72
2.4
2.24
1.76
2.08
2.56
1.92
2.56
1.6
1.6
1.44
2.88
1.28
1.6
1.6
3.2
4.8
4.64
4.64
3.2
4.16
4
2.72
1.92
2.56
2.24
3.52
2.56
1.44
2.24
3.36
2.24
2.72
2.56
2.72
2.56
2.88
7.84
6.88
4.96
6.72
4.32
3.68
7.36
4.32
4.96
6.88
3.68
5.76
6.08
7.2
4.32
2.88
3.52
3.2
3.2
2.4
3.68
7.04
5.12
4.8
6.08
3.84
3.52
3.52
5.28
2.72
2.24
3.04
2.88
3.04
2.08
4.16
4.64
4.48
4
2.4
3.36
1.76
5.6
5.12
3.36
4
4
6.72
3.2
4.48
6.4
4.64
7.2
4.16
5.44
5.28
4.16
4.16
4.8
4.96
4.96
4.8
5.12
4.8
4
4.64
3.52
2.72
3.84
4.48
4.64
3.84
4.48
4.96
4.16
4.96
5.28
5.28
4
3.36
3.2
3.2
2.88
3.68
1.92
4.16
2.88
2
2.88
4.32
2.24
2.24
2.56
3.04
2.4
1.44
3.04
4.48
2.72
2.88
2.24
2.24
2.24
3.36
2.56
1.12
2.24
1.92
1.28
3.84
4.32
3.84
1.92
2.56
3.2
3.84
2.88
2.4
2.56
1.44
1.6
2.24
2.32
3.04
1.28
1.6
1.92
1.76
1.6
1.92
2.4
1.92
2.72
2.24
1.76
2.08
2.56
1.76
2.4
2.08
2.4
2.24
2.08
1.92
3.84
1.92
2.08
4.16
4.16
4.48
3.36
2.24
2.4
1.6
3.2
2.4
2.4
4
5.92
7.36
6.72
3.2
4.16
3.68
2.88
2.88
4
2.88
1.44
1.12
2.08
2.56
2.56
2.08
2.4
2.24
1.6
1.44
2.08
3.84
3.84
4.96
2.72
2.24
4.64
3.2
2.24
2.4
2.88
3.2
3.68
3.52
4
4.32
3.2
3.2
3.04
5.28
3.2
4.8
4
6.24
4.8
6.72
5.28
5.12
5.92
4.16
4.96
5.12
4.32
4.16
4.48
3.2
5.28
5.12
5.28
3.84
4.32
4.48
2.72
1.92
3.2
5.44
7.2
4.8
5.44
6.24
5.28
4.8
4.32
5.28
4.48
3.84
4
2.88
4.32
6.08
6.08
5.44
6.72
4.8
4.48
6.56
5.12
3.68
5.44
5.44
4
4
4
3.84
5.6
3.36
4
4
3.84
4.32
2.72
2.72
2.88
3.2
2.88
4.32
4.32
5.44
3.36
4.16
4.32
4.64
5.76
4.8
3.04
3.84
3.52
3.68
3.04
2.56
1.92
1.76
1.44
3.2
2.72
2.4
2.4
2.4
3.36
2.88
3.2
2.08
2.56
2.08
2.72
2.08
2.24
3.52
2.4
1.12
1.28
2.4
1.76
2.72
2.4
3.2
2.72
2.72
4.48
2.88
1.92
2.72
2.72
1.28
2.24
2.4
4.16
2.56
1.76
1.76
2.08
2.88
3.04
3.04
2.72
2.4
3.52
2.08
1.92
2.08
2.72
1.92
2.4
2.72
3.04
1.92
3.36
1.92
4.32
3.68
2.28
2.24
2.72
2.08
2.88
5.6
5.92
4.48
3.84
4.64
2.88
4.64
2.24
4.48
1.6
3.04
2.82667
2.88
2.88
1.76
1.92
1.6
1.92
2.4
4
4
2.24
2.56
1.6
2.4
2.88
1.44
3.52
2.08
1.92
2.88
3.2
3.2
3.84
3.04
2.88
4.16
6.08
4
2.24
2.08
2.56
3.68
2.88
0.8
1.76
1.76
2.56
3.52
2.88
3.68
3.2
3.36
2.72
2.56
4.96
6.56
6.72
4
4.48
3.36
3.36
3.2
4.64
3.52
2.08
4
3.36
3.68
2.24
5.44
3.84
3.36
3.52
4.8
8.16
8.32
5.76
2.56
3.68
3.04
6.24
3.52
4.96
4.96
4.96
5.76
7.68
5.12
4.64
4.48
3.84
3.2
3.04
3.84
3.84
3.04
4
3.04
3.2
3.2
4.8
3.2
4.32
4.48
5.6
4.96
6.4
2.72
3.04
4.16
2.72
2.72
2.88
4.96
2.72
3.04
3.68
4.96
3.52
1.92
2.4
3.52
3.04
4.8
7.04
7.36
13.76
11.36
7.84
5.12
5.44
6.24
4.8
4.16
3.84
3.52
4
5.12
4.64
5.44
5.92
6.72
3.04
6.56
4.8
6.88
3.36
2.56
2.72
1.44
1.6
1.76
2.72
3.84
8.96
3.04
2.56
4
3.68
2.4
3.52
2.72
2.72
3.2
4
3.68
3.2
3.52
4.8
6.24
6.4
7.84
6.08
5.6
4.48
2.88
2.56
2.24
2.16
1.76
1.6
1.76
4.96
4.48
5.92
6.08
4.64
5.12
6.4
4
3.2
3.2
3.36
2.88
3.52
3.2
1.44
2.24
2.72
3.04
3.2
4.64
8.48
5.76
7.68
4.8
2.72
2.72
4.16
3.04
3.52
3.2
4.64
4.48
4.8
5.12
6.4
9.44
7.84
3.04
7.52
5.28
4.64
4.48
3.36
4.16
3.2
4.32
4.32
3.04
4.48
3.84
4
3.68
9.12
10.88
4.48
6.56
4.8
2.88
7.36
5.28
6.08
7.84
4.16
4.48
4.16
4.64
4
4.32
3.84
4.32
5.44
4.64
6.4
6.72
4.16
5.28
4.64
12.16
6.4
7.68
4.8
6.56
6.4
4.96
5.76
6.24
3.52
4.96
4.96
4.96
3.68
4
4.8
5.28
4.32
3.52
2.24
4.48
3.52
4.16
3.36
3.68
2.72
1.76
2.88
1.28
2.56
2.24
1.76
1.28
1.6
2.56
2.24
1.92
1.44
1.76
2.4
1.92
1.92
2.08
2.08
1.92
2.08
1.12
2.88
7.04
2.72
4.16
3.52
4
3.68
2.56
3.52
3.04
1.6
2.4
1.28
3.52
2.08
2.56
2.24
2.4
2.24
1.76
2.24
2.4
1.92
3.2
2.56
5.76
7.04
2.24
3.36
4.16
2.56
3.68
3.36
2.24
2.88
3.36
3.68
7.04
5.12
6.88
5.28
4.48
3.2
4.16
4.16
2.4
1.92
2.4
3.68
2.56
1.12
3.2
8
6.16
2.88
3.84
4.16
3.04
6.4
4.8
4.96
4.96
5.6
5.28
4
4.32
6.08
2.72
2.08
4.48
2.08
4.16
3.52
2.24
3.2
3.68
4.8
4.8
8
6.32
3.68
4.16
5.76
4.48
5.28
2.08
3.84
3.2
2.88
3.36
3.2
4.16
2.24
1.76
2.56
2.88
4.8
6.4
1.6
1.92
4.48
4.32
3.36
2.88
4.32
6.4
3.04
5.92
2.72
2.56
4.16
6.56
2.4
3.52
3.84
5.44
9.44
4.64
2.24
5.44
3.2
3.36
5.44
4.48
5.76
4.64
2.08
6.88
9.12
6.08
6.72
6.24
5.92
2.88
2.72
5.92
6.24
4.32
6.24
5.92
3.36
3.36
4
4.16
8.64
4
10.24
9.44
6.72
3.68
2.72
2.72
3.04
4.8
6.88
5.28
7.52
9.12
6.88
8.96
8.8
8.64
7.52
10.4
8.8
3.04
6.88
7.36
5.76
6.72
9.76
12
7.84
9.28
5.92
4.16
7.2
3.36
3.2
3.52
5.44
6.08
3.68
4.8
2.08
5.6
5.12
9.92
12.16
8.64
5.76
3.2
2.88
4.16
4.16
7.04
8.64
8.96
6.72
5.92
4.64
6.24
7.52
6.56
3.52
6.08
7.04
7.84
6.56
8
5.92
5.12
5.28
5.44
4.48
5.12
5.28
3.52
7.52
9.6
9.92
7.36
8.48
4
11.04
8.48
6.08
7.04
10.08
11.36
9.6
6.24
4.64
3.36
5.44
7.04
7.84
6.56
8
7.52
7.36
7.52
7.68
5.44
8.16
7.36
5.92
8.32
5.6
5.44
2.08
4
3.68
3.52
4.16
2.4
4.8
6.56
7.2
6.88
7.52
5.28
2.88
6.24
5.28
8.64
6.56
11.04
5.6
7.36
4.8
7.84
8.64
8.8
9.6
9.12
9.6
10.4
12.64
11.68
12.96
11.84
6.72
7.52
6.4
7.84
4.64
8.8
5.44
7.84
11.2
7.2
4.16
4.16
4.48
7.52
6.88
3.84
7.36
10.08
10.4
4.32
6.4
5.44
8.32
7.2
9.12
8
7.84
8.16
6.24
6.72
6.56
4.48
4.8
3.52
3.68
4.48
6.56
6.56
10.4
1.44
3.84
5.44
6.4
10.08
7.84
9.28
8.32
8.32
8.32
8.8
8
5.72
3.52
6.08
5.12
3.52
7.84
9.12
7.52
7.36
7.36
8.64
9.92
9.44
8.96
7.36
7.52
5.6
4.8
7.36
8.48
5.76
6.4
5.92
6.24
3.84
9.6
9.6
8.48
10.56
9.28
8.48
9.28
11.2
5.76
4.64
4.64
5.12
5.92
6.88
8.32
7.68
8
9.6
5.76
9.44
10.4
8.16
8.32
9.44
8.64
7.04
9.28
10.4
10.4
9.12
9.92
10.56
12.48
10.24
9.44
5.28
6.72
7.36
4.16
7.36
5.12
5.12
7.36
6.72
7.36
9.44
5.44
4.96
8.32
9.28
5.76
8
4.16
4.16
5.12
6.56
8.48
2.72
4.32
4.96
8.16
7.52
8.8
8.48
6.88
8
12.8
8.96
10.88
10.24
9.44
9.92
9.44
6.88
6.24
6.72
8.32
6.4
11.04
10.24
8.16
10.4
7.84
5.76
6.56
6.72
8.8
5.12
4.96
6.08
5.28
4.64
7.36
8.32
8.16
8.32
5.12
13.6
9.76
9.6
11.2
13.92
13.12
8.8
8.96
9.44
8.8
10.08
9.12
7.2
6.56
5.28
8.32
5.28
9.12
8.8
5.76
10.24
10.4
11.36
11.84
9.76
8.48
9.92
7.2
8
8
8.48
8.8
8.64
12.16
12.16
13.76
13.6
12.32
7.2
13.6
12.8
10.72
10.4
9.12
7.84
8.64
11.2
9.44
9.76
9.44
8.32
9.44
9.44
12.48
8.32
6.88
7.52
9.76
4.48
7.84
14.56
15.52
15.36
14.4
10.72
10.56
11.36
10.24
8
11.52
11.84
12.8
12.8
10.56
14.4
12.96
10.72
7.52
14.4
11.84
11.68
12.8
14.72
13.12
13.44
13.92
9.44
10.4
9.92
12.8
12
10.24
9.44
8.32
13.92
12.48
12
6.4
10.08
12.48
11.04
10.08
12
9.6
12.16
9.28
10.88
9.28
7.84
9.12
10.24
9.6
12.16
10.72
12
9.92
6.4
6.88
4.8
7.04
5.12
5.28
6.56
8.96
11.04
8.48
10.56
8.16
9.28
9.28
8.48
11.36
8.48
8
8.8
10.56
7.68
13.6
8.32
12.32
8.16
8.96
7.84
9.28
9.92
8.8
13.6
14.56
10.56
14.72
9.12
14.24
12.48
7.84
5.12
2.56
12.32
6.24
10.72
10.08
10.56
12.48
12.16
10.24
11.84
9.44
10.4
11.68
11.36
8.96
8.8
8
11.52
12.32
10.4
6.72
12.8
8.96
4.16
6.08
9.76
7.36
11.68
12
12.48
10.88
9.12
8.64
11.68
11.04
12.32
11.84
11.68
10.56
4.32
5.12
5.28
5.12
8.16
8.32
7.68
4.32
4.96
5.28
5.76
7.04
5.28
8
7.04
10.4
6.56
8.32
9.6
4
7.68
8.48
10.08
9.44
8.8
8.16
8.16
7.68
7.84
10.24
10.08
7.52
8.32
8.48
7.04
6.24
8.48
6.08
7.84
3.68
9.12
7.36
6.72
6.56
6.88
8.64
6.56
7.52
9.44
7.84
10.88
9.44
7.68
10.08
11.36
9.76
11.68
10.08
8.96
7.2
6.56
4.96
5.28
4
6.4
4.96
11.2
9.12
7.84
11.68
11.2
11.2
12.96
11.36
11.36
10.4
12.16
9.44
6.88
14.24
11.84
13.6
10.4
8
8
8.16
9.28
9.92
9.6
10.08
9.28
11.52
8.48
10.56
11.36
11.84
10.24
11.2
6.24
11.68
13.28
11.52
11.68
12.16
12.8
9.76
9.28
7.68
8.48
10.4
8
8.48
10.08
9.12
9.6
10.4
12.8
6.56
11.2
9.76
9.44
8.64
8.96
12.8
12.48
10.88
9.92
12.64
10.08
9.92
9.12
8.32
13.12
9.12
13.44
12.8
13.12
5.6
12.16
9.92
10.24
12.64
7.68
9.12
10.24
12.96
11.52
12.8
9.76
9.92
12.64
12.64
13.92
11.52
12.8
11.68
7.2
12
11.36
12
10.4
12
11.52
14.24
12.16
9.44
11.52
9.76
7.36
12.8
12.32
11.84
13.92
12
10.56
10.56
6.72
12.64
11.04
9.76
12.32
12.32
10.08
10.4
12.48
9.44
8.32
10.08
9.92
9.44
4
7.68
10.24
11.2
10.24
5.92
14.72
11.68
13.12
13.6
11.84
13.28
12.48
10.24
9.28
12.16
13.76
10.4
9.6
9.92
8.8
9.92
11.36
11.36
9.12
6.72
11.84
14.08
13.44
12.48
10.88
13.12
11.2
9.12
8.8
9.92
9.92
11.2
12.32
9.12
11.52
10.24
10.24
11.52
5.76
13.28
12
10.4
12
9.6
12
10.88
11.2
10.24
10.24
8.64
12
9.92
10.72
11.52
6.24
6.88
4.64
6.4
4.8
6.08
14.08
13.28
9.6
4.16
11.04
11.04
10.56
9.76
8.96
10.4
8.8
12
11.2
9.44
11.68
12.16
10.4
5.44
10.4
13.6
12.16
10.24
11.04
9.76
8.16
8.48
9.92
11.04
11.36
10.88
9.6
10.56
12
13.44
11.84
12.64
12.64
6.24
12.48
8.16
8.64
14.72
14.4
11.68
10.88
13.28
12.48
12.96
12.64
10.72
13.44
13.76
10.88
10.56
9.28
11.2
8.48
14.24
12.64
13.6
10.08
10.72
12
11.04
9.6
11.2
10.88
12.16
13.28
9.6
11.68
9.44
9.28
10.24
13.92
11.36
8.32
12.64
12.48
11.68
11.52
11.04
9.76
12
10.88
9.92
9.12
7.52
6.88
7.68
14.72
6.88
8.96
15.68
16
9.12
16
16
13.6
12.96
12.64
10.24
12.8
12.64
12.96
14.4
11.52
11.68
12.96
12.32
11.2
11.52
13.12
11.52
10.88
5.28
13.44
12.64
11.2
12.16
13.28
13.28
14.88
12.16
13.44
11.36
13.44
12
13.6
12.96
13.44
13.28
10.4
10.24
6.88
15.36
16.32
14.4
14.72
15.84
14.4
15.68
15.36
14.4
11.84
14.88
14.72
11.52
12
12.16
12.32
12.8
12.8
9.92
8.64
13.44
11.36
12.8
12.64
12.64
14.88
15.36
15.68
15.2
11.68
14.24
14.56
13.12
14.72
12.8
13.44
12.96
14.72
8
14.08
7.04
8.48
8.16
11.84
9.12
13.28
11.84
14.4
12.16
15.52
15.68
13.12
11.68
11.68
13.28
11.84
11.84
13.12
5.12
9.44
8.16
7.04
8.64
8.8
3.68
6.24
4.64
3.52
4.16
4.32
3.68
4.8
3.68
4.32
3.52
4.16
3.2
1.92
4
5.28
3.36
3.52
5.6
4.64
4.64
5.92
5.12
7.36
14.72
10.88
10.752
17.44
12.0533
13.12
11.52
15.52
16.48
16.48
16.4267
14.88
17.28
8.8
15.68
14.88
14.88
16.64
15.36
12
6.24
5.44
10.72
9.28
10.24
6.88
13.6
10.72
11.36
10.56
11.04
13.28
12.32
6.56
5.28
4.32
4.32
3.52
6.08
5.28
4.32
4.16
4.96
4.32
7.84
4.16
5.28
9.12
9.12
8.16
14.4
9.28
8.32
6.4
6.08
7.68
9.6
3.84
4.08
8.32
4.96
8.48
8.64
4.64
4.64
8.64
4.32
4.8
4.64
6.88
5.44
8.32
11.68
5.6
6.08
8.16
10.56
9.48571
6.56
6.24
7.68
9.28
10.08
3.68
6.88
8.96
12.32
9.76
15.52
10.8267
15.04
16.32
10.92
13.8133
9.6
9.92
15.04
11.2
8.96
7.68
10.88
9.44
12.32
12.48
14.08
13.6
14.4
14.08
6.88
12.96
7.68
8.16
10.08
12.32
11.04
8.16
10.08
9.92
13.28
9.44
11.68
6.32
7.36
6.88
6.88
2.4
10.56
10.08
10.88
12.8
17.44
17.44
14.4
8.8
6.56
5.92
7.68
13.44
14.88
13.92
15.44
13.76
17.28
14.88
17.12
16.6933
17.28
15.2
6.72
13.6
19.2
15.36
16.48
6.56
17.28
14.24
14.72
16.56
15.84
17.28
13.76
12.32
16.64
18.08
6.88
11.4133
14.08
10.88
5.6
12
10.88
9.28
10.88
9.76
10.72
10.88
16.16
18.72
16.96
14.08
16.8
13.44
7.84
6.88
4.64
2.72
4.64
3.52
3.36
4.48
4.8
4.48
4.16
3.84
3.36
3.36
2.24
2.4
2.24
1.92
3.04
1.6
2.08
2.56
1.12
1.6
2.4
2.88
1.6
2.88
3.04
3.04
2.4
2.08
2.24
3.68
1.92
3.36
2.4
1.76
2.08
2.56
2.4
1.92
1.44
2.88
2.56
2.08
2.56
2.24
2.56
1.92
1.6
3.84
2.4
1.76
2.4
1.76
1.76
1.76
1.28
1.44
1.92
1.92
1.28
1.44
0.8
1.6
2.24
1.92
2.24
1.92
2.56
2.88
2.08
1.12
2.24
1.6
2.4
2.88
1.76
2.24
1.76
1.28
1.6
1.28
1.6
1.6
1.44
1.6
1.28
2.72
2.08
1.76
2.72
2.08
2.24
1.6
2.56
2.24
1.6
2.56
1.92
0.88
1.12
1.92
1.76
2.24
0.8
2.08
2.08
1.44
1.76
1.76
1.6
1.76
0.48
2.24
1.92
2.4
1.44
1.28
1.6
2.08
1.6
2.4
1.92
1.28
1.28
2.56
0.96
2.08
2.56
0.96
1.76
1.28
1.44
1.12
2.4
1.44
0.96
2.08
3.04
2.24
2.24
2.56
1.44
1.28
2.56
1.28
1.28
1.76
2.08
2.08
1.92
2.08
1.28
1.44
1.44
1.12
1.44
1.6
1.44
1.76
2.56
1.28
2.08
2.08
1.28
1.76
2.08
1.76
1.12
1.76
2.08
1.44
2.4
3.2
2.72
1.12
2.24
1.76
0.32
1.92
0.8
1.44
1.92
1.44
2.4
2.4
2.4
1.92
1.76
2.08
2.88
2.08
1.28
2.08
2.4
2.16
1.76
2.08
2.4
1.76
1.76
1.92
2.72
1.44
1.6
2.08
1.76
1.28
2.08
1.6
1.92
1.92
1.92
1.6
1.76
1.6
1.6
2.08
1.44
1.28
2.08
3.2
1.92
2.24
2.08
2.88
1.12
1.12
1.76
2.88
1.76
1.76
2.08
1.28
0.96
2.56
1.6
1.6
1.6
1.6
1.6
1.76
1.76
1.6
1.44
1.6
1.92
1.6
1.44
1.76
2.08
1.92
1.76
1.6
2.56
2.88
2.72
0.8
1.44
1.6
2.24
1.6
0.96
2.88
2.08
2.72
1.44
1.76
2.08
2.4
2.88
1.92
1.28
2.4
2.08
2.24
3.04
1.44
2.56
1.6
2.24
2.56
2.4
2.08
1.44
2.08
2.08
1.92
1.76
2.88
2.72
0.64
1.6
1.92
1.92
2.24
2.24
2.56
2.08
2.72
0.96
1.6
2.56
2.08
2.56
2.24
2.08
1.44
1.76
1.44
0.96
1.6
1.92
2.24
1.6
2.08
1.28
1.6
1.6
2.24
1.44
1.12
1.76
2.24
1.28
2.72
1.76
1.44
1.28
1.76
1.44
1.44
1.92
1.92
1.92
2.4
1.6
1.76
1.76
1.92
1.92
1.28
2.08
