0
44000
0
0
0
985
1
0
0
1
0
402
0
1
564
0
0
1
0
0
1049
0
0
0
0
996
0
0
760
249
0
991
0
0
1002
1000
998
0
0
0
1000
0
0
0
0
1002
0
0
0
1
684
323
0
0
0
0
991
0
1006
998
996
245
1001
1001
0
1000
1000
1001
725
808
201
1004
0
998
1000
1004
995
1002
997
1004
1002
1994
999
1000
1000
3944
1056
0
2236
764
0
0
1000
0
1003
0
1002
999
999
999
633
787
1003
0
1004
997
1000
1000
999
1001
998
12998
0
906
0
0
1097
0
997
0
1002
0
0
0
1000
0
0
1003
0
0
998
1001
998
1001
18
470
533
232
1001
0
1000
1002
462
294
238
1001
1001
998
1001
0
373
999
4000
796
178
27
0
999
2001
999
0
1
2320
680
88
913
0
2000
0
1004
0
999
999
159
994
1005
19
1001
0
1002
1001
1035
963
1001
0
1001
1002
997
1001
1001
3999
11000
1000
0
0
516
487
0
484
1177
337
0
2000
999
0
0
1001
0
1002
0
0
998
0
1001
0
0
0
999
1003
1000
1002
995
1003
0
1002
1002
999
999
997
1001
1001
998
571
996
1002
509
997
1001
1001
0
1000
1000
1001
877
19022
100
2000
1000
0
1001
0
0
344
660
0
0
995
0
0
0
0
1
1002
0
0
0
0
1001
0
0
1001
0
0
998
999
1002
1000
1001
996
1005
999
1032
965
998
1003
998
1001
997
533
507
675
997
2000
0
1002
23998
1000
1001
882
1
0
116
1002
0
1706
555
737
0
0
1000
0
0
0
1002
0
0
1001
0
0
0
0
598
408
0
0
992
0
0
0
1002
0
0
1000
0
1000
1000
404
997
1002
1004
997
999
818
665
339
997
1001
1002
1997
999
1001
999
1000
16000
1000
0
266
737
0
998
1001
0
998
2214
786
1000
1001
0
999
0
0
1002
1000
0
518
481
0
575
0
425
1001
0
999
0
1000
70
930
0
0
1000
299
726
996
1009
1027
964
1001
1000
999
1002
998
763
3993
1000
1000
1000
12000
1
999
0
45
958
0
0
0
0
593
409
0
0
0
996
0
0
0
1002
1004
277
221
1005
0
999
1003
998
1000
1002
1002
1037
961
1573
421
1666
0
1923
0
932
968
1137
1293
574
791
996
1808
1153
2704
0
0
1331
0
1008
0
1002
1030
1005
1035
1391
532
3933
0
0
0
1245
335
127
1001
1000
1003
1000
999
999
1001
1072
961
2980
0
0
1039
0
963
2218
0
2251
0
1427
1937
0
1168
0
1007
0
1033
997
1000
1000
4640
0
0
0
0
1371
0
991
1007
1003
997
1002
999
1034
1069
888
1926
2267
0
0
2517
0
1095
0
1000
1045
978
1152
862
1036
960
1316
0
771
1000
2139
0
2968
0
0
1071
0
1617
1342
784
1000
5362
0
0
0
0
0
1208
1470
0
57
863
324
3842
0
0
0
874
1004
1216
1247
1221
440
2797
0
0
1048
858
502
1619
1017
0
1002
4745
0
0
0
1479
0
774
1192
808
396
6384
0
0
0
0
0
0
1010
0
1070
1355
323
1567
0
999
3222
0
0
3445
0
0
0
1600
0
963
1042
957
1645
0
2616
0
1373
0
857
2288
0
2611
0
1447
0
1001
1036
1203
6394
0
0
0
0
0
0
1284
1189
1147
0
1041
0
1140
1000
1000
1000
1000
8176
0
0
0
0
0
0
0
0
834
1004
1022
1041
926
1000
628
6446
0
0
0
0
0
967
1180
1404
0
2495
0
1270
1271
0
1000
368
2285
0
2673
0
0
1028
752
464
2294
0
1253
0
753
1732
0
2487
0
1028
0
169
2155
0
377
2167
0
1189
0
1979
0
947
1582
0
692
4133
0
0
0
2320
0
0
1609
110
1000
964
1146
1305
199
2780
0
1923
0
1246
0
875
1032
926
2606
0
1430
0
1004
1002
959
1000
3333
0
0
1648
1944
0
2613
0
0
1457
1611
0
872
2922
0
0
1482
1111
0
964
1251
2043
0
0
1
3865
0
0
0
1182
20
994
1007
1040
1025
1000
1204
391
3558
0
0
0
2402
0
335
1366
1189
1081
3165
0
0
0
839
1005
1042
950
1470
0
969
2108
0
0
2202
0
752
1064
891
1999
0
1632
0
2350
0
1402
0
727
1037
1465
1497
0
1000
6024
0
0
0
0
0
1466
0
991
1009
1028
1008
565
448
398
6691
0
0
0
0
0
0
913
1036
1115
922
968
1276
831
168
1741
4057
0
0
0
1037
0
1037
1000
1037
926
438
564
4927
0
0
0
0
1251
0
1042
0
1033
2039
0
0
2435
0
1723
0
1041
0
1675
1286
0
1438
0
2668
0
0
2773
0
1275
0
887
924
1033
1036
604
99
341
6085
0
0
0
0
0
1022
1201
963
1234
1619
0
1036
871
193
332
4932
0
0
0
1723
0
1380
0
1009
0
1070
199
3890
0
0
0
3793
0
0
0
1162
1161
0
1953
0
1047
649
1139
4485
0
0
0
0
687
1008
1000
996
1037
1067
1126
922
818
1091
2959
0
0
1106
0
1006
0
1033
1096
577
316
4579
0
0
0
908
1058
1198
1254
0
1000
3171
0
0
1082
753
999
1030
971
999
1035
997
1243
2134
0
1078
0
1845
1194
0
963
1037
963
2831
0
1173
0
994
1007
1042
951
2220
0
1001
742
1651
1267
0
1000
2447
0
0
947
740
924
1002
1255
742
1032
0
972
1538
0
1539
1034
0
1004
1033
1000
1001
1360
1033
1104
646
371
1018
570
821
325
115
1781
1662
0
1121
1362
0
994
1007
1038
993
998
1001
1575
972
1243
0
922
1037
1005
959
2446
0
1358
0
956
1006
1030
1005
959
1882
0
1660
0
1124
843
1182
1078
1442
0
926
1117
810
94
1000
91
5685
0
0
0
0
1297
1014
1005
0
1003
1000
999
999
1034
1003
2539
0
0
1097
1199
1433
0
873
647
2270
0
1226
1201
0
962
1387
1475
0
926
1041
982
1015
1003
996
1001
962
2783
0
1223
0
994
1012
1025
1268
786
947
996
1004
997
1000
1051
1032
910
684
1000
1039
997
1305
732
703
1045
1598
1367
0
959
1005
1035
997
1003
964
1069
0
1566
1123
1279
0
995
1038
967
995
500
3181
0
0
1115
0
992
1007
1003
997
1000
998
1037
966
1068
1178
747
1188
0
980
1037
963
2141
0
1038
1273
137
927
997
1074
1048
524
1157
1070
1083
0
1184
0
1271
1152
1611
0
784
1093
1158
574
1415
1731
0
1377
1070
0
1007
0
1032
1120
971
689
2568
0
0
865
1003
1032
999
1645
1317
95
2551
0
1094
0
993
1006
1033
1007
840
991
1004
1274
711
183
422
868
1064
1787
146
1328
877
802
998
1036
996
800
1929
0
431
9
995
1002
1044
965
1206
817
1014
1657
2063
0
1238
0
994
1042
993
1000
820
2991
0
0
337
857
995
1008
997
1002
999
1000
999
1001
1002
1037
804
1912
0
1291
0
994
1112
1000
1002
965
810
897
407
1920
1123
0
1112
0
131
3620
0
0
0
1388
0
993
1008
1029
969
1270
760
717
1183
0
842
1058
1124
699
1092
833
963
2661
0
2898
0
0
1227
0
1008
0
999
1001
1000
1000
1038
1778
1573
0
1044
1197
2558
0
0
802
1008
1158
834
1738
0
1414
0
959
1007
1031
967
1036
1069
932
1692
3099
0
0
1022
0
286
888
1070
971
996
1122
917
1209
696
2325
0
1048
0
1038
0
1659
258
880
3099
0
0
1287
0
993
1011
1033
1001
1002
647
2076
0
2110
0
1489
0
937
508
800
1003
0
2492
0
1195
0
961
1008
1001
1043
989
1684
1119
0
1037
0
1038
1524
373
1757
0
1840
0
683
1044
998
995
999
1075
1668
1294
0
862
951
670
521
441
407
1103
1608
0
1528
0
1041
0
997
1000
1760
2086
0
985
88
994
1008
1038
1155
1034
994
1099
2778
0
0
842
268
952
1301
1118
948
1155
1705
0
768
1009
1002
997
1663
2018
0
1349
0
963
1038
1000
1149
562
1918
195
699
680
814
1041
1171
1962
0
1092
0
1273
978
730
562
870
616
1547
0
707
966
1107
852
1899
0
923
1005
1033
1002
959
1336
0
710
1038
1775
2075
0
1113
0
1010
0
1099
932
1108
925
929
2073
0
2212
0
825
926
1000
1625
2427
0
0
912
1041
1079
880
880
2739
0
0
913
1070
1063
1382
1053
0
990
1038
1001
1765
1231
0
964
862
807
247
1681
1278
263
1562
0
3374
0
0
0
993
855
819
959
2089
0
1278
1218
0
994
1038
969
1000
998
1032
1183
817
1517
1157
558
1191
0
100
1808
0
1240
0
983
1005
1003
998
1000
994
2389
0
1057
1090
1166
1332
0
876
1006
0
1024
1118
1557
1301
0
995
1007
1036
993
970
1000
1000
999
1001
1034
965
1032
1006
1003
600
3245
0
0
794
965
1069
961
970
1179
820
1069
926
2534
0
1779
0
692
998
1003
999
1032
968
999
1002
999
1000
999
1001
1069
1374
1057
2194
0
1103
0
994
1006
1001
999
1001
999
999
1000
1000
1001
999
1000
1000
1001
999
1001
999
1070
1008
380
1000
1000
4136
0
0
0
869
999
1000
1001
1000
999
1019
1005
0
1002
999
999
1002
1000
998
999
1002
1000
998
1001
999
1002
998
1000
1001
1002
997
1000
1000
1000
1001
998
1001
1000
1001
998
1001
1000
999
1000
1001
1000
999
1000
1001
216
1001
0
1003
1002
998
999
1000
1000
999
1000
1001
1000
999
1000
1000
999
1000
1000
1001
999
1000
1000
1001
999
1000
1000
1000
1000
1000
1001
999
1001
999
1001
999
1000
1000
1001
999
1000
1000
1001
999
1000
1000
1001
999
1000
1000
1001
999
1000
1000
1001
1000
999
1000
1001
999
1000
1000
1001
999
1001
999
1001
999
1000
41003
997
1001
1999
1000
1762
1603
1121
1879
1636
999
1000
1000
1000
1001
999
1000
1000
1001
1999
1000
1000
1001
999
1000
2001
995
1004
1000
1000
1001
999
1001
999
1001
999
1000
1000
1001
999
1000
1000
1001
999
2000
1000
1001
999
1000
1000
1303
1201
1106
1094
1016
1280
1000
1000
1001
999
1525
1476
999
1000
1000
1000
1001
999
1000
1000
1001
999
1000
1000
1001
999
1000
1000
1001
999
1000
1000
1001
999
1000
1000
1001
999
1000
1000
1001
999
1000
1000
1001
999
1000
1000
1001
999
1000
1000
1001
999
1000
1000
1001
999
1000
1000
1001
999
1000
1000
1001
999
1000
1000
1001
999
1000
1000
1001
999
1000
945
1055
1000
1000
1000
1001
999
1000
1000
1001
999
1000
1000
1001
999
1000
1000
1001
999
1000
1000
0
1001
0
1000
0
911
404
685
0
1000
201
799
0
1000
0
1000
0
1001
0
999
0
1001
0
999
0
1001
999
0
999
0
915
89
781
216
667
332
387
575
399
403
606
631
42
958
0
0
999
0
275
565
1
1160
0
0
999
0
622
88
27
1244
0
19
1000
0
385
617
0
120
859
20
0
999
0
0
1001
0
1002
0
998
0
0
1000
0
0
1001
0
0
1001
1174
0
623
44
1001
0
1001
1001
999
1001
999
78
996
1001
1000
1001
853
997
1001
917
1027
1078
0
73
999
1001
1000
1001
999
130
1002
0
999
1002
999
1001
999
1001
999
1001
999
1001
999
1001
999
1001
999
1001
999
1001
999
1001
999
1001
999
1001
1047
1001
0
1000
1002
1000
999
1000
1000
1001
999
1000
1000
1001
999
1000
1000
1001
999
1000
1000
1001
999
1000
989
71
1235
1000
1003
0
999
1000
139
1001
0
1001
1000
1001
999
1000
1000
1001
999
1000
1000
1001
999
1000
1000
1001
999
1000
1000
1001
999
1000
1000
1001
999
1000
1000
1001
999
1000
1000
1001
999
1000
1000
1001
999
1000
1000
1001
999
1000
1000
1001
999
1001
999
1001
999
1001
999
1001
999
1001
999
1001
999
1001
39
1001
0
1001
1000
1203
0
1002
0
1001
999
1001
1109
1000
1003
0
999
1001
999
1001
999
1001
999
1001
1000
1000
999
147
994
1002
1000
1001
1000
1000
999
776
1004
0
999
1000
1000
1001
998
724
996
1002
1000
1000
1000
1000
1000
1000
1000
1002
998
1000
1000
1008
1002
0
1001
1002
998
1000
1000
1000
1000
1000
1000
1001
999
999
1001
1001
999
1001
988
998
1002
1001
999
1001
999
1000
1001
999
1000
1000
164
994
1004
0
513
996
1001
1001
1001
999
1001
999
1001
999
1001
999
28
1002
0
1001
1001
999
1001
999
1001
999
70
994
1003
0
1001
999
1001
1000
1000
1000
1001
999
1002
70
995
147
994
1002
1001
1001
999
999
1032
1002
0
1001
1001
999
1001
53
993
1000
1003
84
994
1001
1002
999
1001
999
1001
999
1003
1105
0
1004
0
999
1003
997
1001
999
1000
1000
1001
999
1000
1000
1002
998
1001
1000
1000
1000
999
1000
1001
999
1000
1000
1001
999
1000
1000
1001
999
1000
54
517
292
998
1000
1003
999
1001
999
1001
999
1000
1000
1001
999
1000
1002
999
1000
1001
1000
1001
999
998
1000
1001
999
1000
1000
1001
999
1000
1000
1001
999
1000
1000
1185
0
1004
0
1000
1000
1000
163
993
1001
1002
1003
1239
0
1004
0
1000
1000
1000
1001
1001
998
1000
1001
999
1000
1000
1000
1000
1000
1000
1000
1000
1000
1000
1000
1002
998
1000
1000
1000
1001
999
1000
1000
1000
1000
1000
1001
999
1000
1000
60
1003
0
1001
1000
1000
1000
1001
999
1000
1000
1000
1003
996
1001
999
1002
998
1001
999
1001
8
1060
0
1003
0
1001
999
1004
999
139
131
13
1000
1003
0
1001
1001
999
999
1001
999
1001
999
1001
999
1001
999
1001
999
1003
997
1001
999
1001
999
1001
999
1001
1323
0
1004
0
999
1001
999
1001
999
1002
998
1001
999
1001
999
1001
999
1001
1000
999
1001
1000
999
7
1001
1003
0
1000
1001
1000
999
1001
1000
49
993
1001
1002
1000
1000
1000
1000
1000
1000
1000
1000
1000
1001
999
1000
1000
1002
1000
999
999
1001
1001
998
1002
999
999
1002
1000
999
998
999
1001
1000
1000
999
1001
1000
1000
999
1002
998
1001
1000
999
1001
1001
999
1000
1003
997
1001
998
1001
47
995
1001
1001
1000
1000
1000
1000
1000
1000
999
999
1001
1000
1000
999
1001
1000
1000
999
1001
1000
1000
999
1001
1176
0
1002
0
1000
1000
999
1001
1000
1000
999
1001
1000
1000
999
1001
1000
1000
999
1001
107
1000
1001
0
1001
1000
999
1001
1000
1000
999
1001
999
1001
999
1001
999
1001
999
1001
999
1105
0
1002
0
1000
936
85
1001
0
63
1001
0
1001
999
1001
999
1001
999
1001
999
1001
999
1001
999
1001
999
1001
999
1001
999
1001
999
1001
1044
1100
0
1001
0
1001
999
1001
999
1001
999
1001
999
1001
999
1001
999
1001
1000
1000
999
1001
1000
1000
999
1000
931
1070
999
1000
1001
905
979
1024
1091
1000
1001
999
1001
999
1001
999
1001
999
1001
999
1001
999
1001
999
1001
999
1001
999
1001
778
1223
998
1001
999
1001
999
1001
999
1001
999
1001
999
1001
999
1001
999
1001
1000
1000
955
1044
905
1095
1000
0
10
7
12
10
9
101
317
334
0
4
8
5
2
5
6
8
4
8
2
5
3
7
5
8
8
9
75
611
475
1952
1903
217
0
6684
6635
6586
6537
6488
6439
6390
2938
2889
2840
791
818
672
0
0
0
7134
7085
7036
6987
6938
6889
6840
0
0
6160
6111
6062
6013
5964
5915
0
0
0
16008
15959
15910
15861
15812
15763
15714
15665
15616
15567
15518
15469
15420
15371
15322
15273
15224
781
279
0
0
495
539
0
0
3686
3637
3588
0
4763
4714
4665
4616
4567
1741
1692
694
372
1205
1156
0
0
5625
5576
5527
5478
5429
5380
239
22
552
627
389
0
0
4995
4946
4897
4848
4799
5421
5372
5323
5274
5225
5176
1942
1893
2475
2426
2377
306
3
4
7
5
10
3
9
8
6
8
36
760
669
0
1014
965
0
1776
2482
2433
2384
994
799
0
2501
2452
154
7
10
8
9
7
7
11
10
8
7
9
10
179
54
6
593
36
8
9
10
9
9
9
11
11
8
7
13
11
11
12
395
400
740
79
0
166
10
8
8
9
9
10
16
8
7
5
9
13
12
12
14
8
13
17
8
7
8
7
211
10
10
11
8
11
7
8
14
9
9
8
9
12
11
13
10
9
12
5
5
4
8
9
11
9
6
5
8
10
8
8
9
8
12
13
11
10
453
725
579
0
878
40
134
11
7
8
11
8
10
10
8
9
13
14
9
13
6
12
7
11
13
9
14
7
15
11
12
10
10
9
13
10
11
8
10
16
8
12
8
10
9
10
11
15
10
15
14
12
11
11
15
11
13
10
13
9
10
7
5
6
13
877
363
1976
1927
1011
889
229
0
11
10
14
7
9
8
10
9
11
9
11
5
10
155
0
653
279
0
0
1533
3
0
2691
2642
2593
640
120
3024
2975
2926
2877
0
0
0
0
0
0
0
0
0
753
907
886
498
608
466
0
5780
5731
5682
5633
5584
5535
396
735
824
334
85
8
5
746
586
846
350
960
346
0
6951
6902
6853
6804
6755
6706
6657
4660
0
7400
7351
7302
7253
7204
7155
7106
7057
2478
2429
2380
380
0
4827
4778
4729
4680
4631
8
2675
2626
2577
0
4677
4628
4579
4530
4481
1708
1659
802
657
931
1184
1135
5584
5535
5486
5437
5388
5339
0
2367
2318
2765
2716
2667
781
955
317
778
694
549
410
0
1915
1866
6
120
0
0
291
41
9
7
7
14
9
8
9
5
5
4
7
7
7
492
376
260
512
632
773
856
429
847
102
1492
1443
1474
1425
0
0
3167
3118
3069
675
462
348
2365
2316
2267
827
1573
1524
1226
1177
2397
2348
2299
0
5210
5161
5112
5063
5014
4965
1600
1551
1055
1006
1826
1777
2873
2824
2775
712
3
0
0
7430
7381
7332
7283
7234
7185
7136
7087
318
351
7
12
10
10
10
11
11
10
5
58
854
644
0
743
468
0
0
346
453
0
2826
2777
2728
992
880
916
166
163
15
8
8
13
7
5
7
10
5
10
5
6
5
8
4
8
10
9
11
11
11
11
13
12
9
12
7
10
8
7
9
10
8
6
9
9
11
11
8
12
10
12
11
13
10
9
9
13
9
7
9
6
13
6
11
14
9
11
12
9
13
10
11
13
9
13
10
7
8
9
5
9
9
11
8
8
8
11
9
15
11
11
12
10
10
8
9
11
3
8
8
7
8
6
5
8
8
12
9
10
12
10
12
9
8
10
7
8
6
6
10
7
7
8
7
5
7
11
12
14
6
10
11
8
9
7
8
9
9
9
8
9
8
9
8
8
8
7
10
11
10
11
9
12
10
8
11
11
9
8
11
9
8
9
13
11
12
9
6
8
6
11
7
8
6
10
5
9
7
9
10
7
9
7
5
6
8
4
5
9
8
6
11
6
4
11
9
6
8
12
11
7
7
9
9
10
9
10
10
13
6
11
8
4
7
10
5
7
9
9
7
9
6
9
10
9
4
12
11
13
12
10
8
14
3
5
4
9
10
10
8
7
11
5
12
10
16
7
11
13
12
11
8
8
8
10
9
9
7
9
9
5
10
11
13
9
13
13
10
14
7
12
11
8
4
10
11
9
8
7
9
9
10
13
9
13
9
11
11
11
10
7
9
9
5
13
12
7
8
9
9
10
12
8
14
12
13
7
8
8
10
10
11
9
7
9
11
10
11
6
7
9
15
6
12
10
9
13
11
9
8
10
7
14
8
7
7
9
8
10
7
9
9
7
9
14
12
8
11
6
5
5
10
8
10
12
7
11
4
8
4
10
10
9
12
13
11
11
11
8
5
9
6
8
8
12
7
8
12
10
8
10
13
7
11
15
12
10
7
10
10
9
6
9
9
8
6
13
6
14
12
10
14
10
8
15
9
11
7
9
11
8
7
9
6
7
9
12
14
12
11
11
9
10
466
288
235
0
0
0
0
0
0
0
0
0
0
0
0
0
0
0
0
0
0
0
0
0
0
0
0
0
0
0
0
0
0
0
0
0
0
0
0
0
0
0
0
0
0
0
0
0
0
0
0
0
0
0
0
0
0
0
0
0
0
0
0
0
0
0
0
0
0
0
0
0
0
0
0
0
0
0
0
0
0
0
0
0
0
0
0
0
0
0
0
0
0
0
0
0
0
0
0
0
0
0
0
0
0
0
0
0
0
0
0
0
0
0
0
0
0
0
0
0
0
0
0
0
0
0
0
0
0
0
0
0
0
0
0
0
0
0
0
0
0
0
0
0
0
0
0
0
0
0
0
0
0
0
0
0
0
0
0
0
0
0
0
0
0
0
0
0
0
0
0
0
0
0
0
0
0
0
0
0
0
0
0
0
0
0
0
0
0
0
0
0
0
0
0
0
0
0
0
0
0
0
0
0
0
0
0
0
0
0
0
0
0
0
0
0
0
0
0
0
0
0
0
0
0
0
0
0
0
0
0
0
0
0
0
0
0
0
0
0
0
0
0
0
0
0
0
0
0
0
0
0
0
0
0
0
0
0
0
0
0
0
0
0
0
0
0
0
0
0
0
0
0
0
0
0
0
0
0
0
0
0
0
0
0
0
0
0
0
0
0
0
0
0
0
0
0
0
0
0
0
0
0
0
0
0
0
0
0
0
0
0
0
0
0
0
0
0
0
0
0
0
0
0
0
0
0
0
0
0
0
0
0
0
0
0
0
0
0
0
0
0
0
0
0
0
0
0
0
0
0
0
0
0
0
0
0
0
0
0
0
0
0
0
0
0
0
0
0
0
0
0
0
0
0
0
0
0
0
0
0
0
0
0
0
0
0
0
0
0
0
0
0
0
0
0
0
0
0
0
0
0
0
0
0
0
0
0
0
0
0
0
0
0
0
0
0
0
0
0
0
0
0
0
0
0
0
0
0
0
0
0
0
0
0
0
0
0
0
0
0
0
0
0
0
0
0
0
0
0
0
0
0
0
0
0
0
0
0
0
0
0
0
0
0
0
0
0
0
0
0
0
0
0
0
0
0
0
0
0
0
0
0
0
0
0
0
0
0
0
0
0
0
0
0
0
0
0
0
0
0
0
0
0
0
0
0
0
0
0
0
0
0
0
0
0
0
0
0
0
0
0
0
0
0
0
0
0
0
0
0
0
0
0
0
0
0
0
0
0
0
0
0
0
0
0
0
0
0
0
0
0
0
0
0
0
0
0
0
0
0
0
0
0
0
0
0
0
0
0
0
0
0
0
0
0
0
0
0
0
0
0
0
0
0
0
0
0
0
0
0
0
0
0
0
0
0
0
0
0
0
0
0
0
0
0
0
0
0
0
0
0
0
0
0
0
0
0
0
0
0
0
0
0
0
0
0
0
0
0
0
0
0
0
0
0
0
0
0
0
0
0
0
0
0
0
0
0
0
0
0
0
0
0
0
0
0
0
0
0
0
0
0
0
0
0
0
0
0
0
0
0
0
0
0
0
0
0
0
0
0
0
0
0
0
0
0
0
0
0
0
0
0
0
0
0
0
0
0
0
0
0
0
0
0
0
0
0
0
0
0
0
0
0
0
0
0
0
0
0
0
0
0
0
0
0
0
0
0
0
0
0
0
0
0
0
0
0
0
0
0
0
0
0
0
0
0
0
0
0
0
0
0
0
0
0
0
0
0
0
0
0
0
0
0
0
0
0
0
0
0
0
0
0
0
0
0
0
0
0
0
0
0
0
0
0
0
0
0
0
0
0
0
0
0
0
0
0
0
0
0
0
0
0
0
0
0
0
0
0
0
0
0
0
0
0
0
0
0
0
0
0
0
0
0
0
0
0
0
0
0
0
0
0
0
0
0
0
0
0
0
0
0
0
0
0
0
0
0
0
0
0
0
0
0
0
0
0
0
0
0
0
0
0
0
0
0
0
0
0
0
0
0
0
0
0
0
0
0
0
0
0
0
0
0
0
0
0
0
0
0
0
0
0
0
0
0
0
0
0
0
0
0
0
0
0
0
0
0
0
0
0
0
0
0
0
0
0
0
0
0
0
0
0
0
0
0
0
0
0
0
0
0
0
0
0
0
0
0
0
0
0
0
0
0
0
0
0
0
0
0
0
0
0
0
0
0
0
0
0
0
0
0
0
0
0
0
0
0
0
0
0
0
0
0
0
0
0
0
0
0
0
0
0
0
0
0
0
0
0
0
0
0
0
0
0
0
0
0
0
0
0
0
0
0
0
0
0
0
0
0
0
0
0
0
0
0
0
0
0
0
0
0
0
0
0
0
0
0
0
0
0
0
0
0
0
0
0
0
0
0
0
0
0
0
0
0
0
0
0
0
0
0
0
0
0
0
0
0
0
0
0
0
0
0
0
0
0
0
0
0
0
0
0
0
0
0
0
0
0
0
0
0
0
0
0
0
0
0
0
0
0
0
0
0
0
0
0
0
0
0
0
0
0
0
0
0
0
0
0
0
0
0
0
0
0
0
0
0
0
0
0
0
0
0
0
0
0
0
0
0
0
0
0
0
0
0
0
0
0
0
0
0
0
0
0
0
0
0
0
0
0
0
0
0
0
0
0
0
0
0
0
0
0
0
0
0
0
0
0
0
0
0
0
0
0
0
0
0
0
0
0
0
0
0
0
0
0
0
0
0
0
0
0
0
0
0
0
0
0
0
0
0
0
0
0
0
0
0
0
0
0
0
0
0
0
0
0
0
0
0
0
0
0
0
0
0
0
0
0
0
0
0
0
0
0
0
0
0
0
0
0
0
0
0
0
0
0
0
0
0
0
0
0
0
0
0
0
0
0
0
0
0
0
0
0
0
0
0
0
0
0
0
0
0
0
0
0
0
0
0
0
0
0
0
0
0
0
0
0
0
0
0
0
0
0
0
0
0
0
0
0
0
0
0
0
0
0
0
0
0
0
0
0
0
0
0
0
0
0
0
0
0
0
0
0
0
0
0
0
0
0
0
0
0
0
0
0
0
0
0
0
0
0
0
0
0
0
0
0
0
0
0
0
0
0
0
0
0
0
0
0
0
0
0
0
0
0
0
0
0
0
0
0
0
0
0
0
0
0
0
0
0
0
0
0
0
0
0
0
0
0
0
0
0
0
0
0
0
0
0
0
0
0
0
0
0
0
0
0
0
0
0
0
0
0
0
0
0
0
0
0
0
0
0
0
0
0
0
0
0
0
0
0
0
0
0
0
0
0
0
0
0
0
0
0
0
0
0
0
0
0
0
0
0
0
0
0
0
0
0
0
0
0
0
0
0
0
0
0
0
0
0
0
0
0
0
0
0
0
0
0
0
0
0
0
0
0
0
0
0
0
0
0
0
0
0
0
0
0
0
0
0
0
0
0
0
0
0
0
0
0
0
0
0
0
0
0
0
0
0
0
0
0
0
0
0
0
0
0
0
0
0
0
0
0
0
0
0
0
0
0
0
0
0
0
0
0
0
0
0
0
0
0
0
0
0
0
0
0
0
0
0
0
0
0
0
0
0
0
0
0
0
0
0
0
0
0
0
0
0
0
0
0
0
0
0
0
0
0
0
0
0
0
0
0
0
0
0
0
0
0
0
0
0
0
0
0
0
0
0
0
0
0
0
0
0
0
0
0
0
0
0
0
0
0
0
0
0
0
0
0
0
0
0
0
0
0
0
0
0
0
0
0
0
0
0
0
0
0
0
0
0
0
0
0
0
0
0
0
0
0
0
0
0
0
0
0
0
0
0
0
0
0
0
0
0
0
0
0
0
0
0
0
0
0
0
0
0
0
0
0
0
0
0
0
0
0
0
0
0
0
0
0
0
0
0
0
0
0
0
0
0
0
0
0
0
0
0
0
0
0
0
0
0
0
0
0
0
0
0
0
0
0
0
0
0
0
0
0
0
0
0
0
0
0
0
0
0
0
0
0
0
0
0
0
0
0
0
0
0
0
0
0
0
0
0
0
0
0
0
0
0
0
0
0
0
0
0
0
0
0
0
0
0
0
0
0
0
0
0
0
0
0
0
0
0
0
0
0
0
0
0
0
0
0
0
0
0
0
0
0
0
0
0
0
0
0
0
0
0
0
0
0
0
0
0
0
0
0
0
0
0
0
0
0
0
0
0
0
0
0
0
0
0
0
0
0
0
0
0
0
0
0
0
0
0
0
0
0
0
0
0
0
0
0
0
0
0
0
0
0
0
0
0
0
0
0
0
0
0
0
0
0
0
0
0
0
0
0
0
0
0
0
0
0
0
0
0
0
0
0
0
0
0
0
0
0
0
0
0
0
0
0
0
0
0
0
0
0
0
0
0
0
0
0
0
0
0
0
0
0
0
0
0
0
0
0
0
0
0
0
0
0
0
0
0
0
0
0
0
0
0
0
0
0
0
0
0
0
0
0
0
0
0
0
0
0
0
0
0
0
0
0
0
0
0
0
0
0
0
0
0
0
0
0
0
0
0
0
0
0
0
0
0
0
0
0
0
0
0
0
0
0
0
0
0
0
0
0
0
0
0
0
0
0
0
0
0
0
0
0
0
0
0
0
0
0
0
0
0
0
0
0
0
0
0
0
0
0
0
0
0
0
0
0
0
0
0
0
0
0
0
0
0
0
0
0
0
0
0
0
0
0
0
0
0
0
0
0
0
0
0
0
0
0
0
0
0
0
0
0
0
0
0
0
0
0
0
0
0
0
0
0
0
0
0
0
0
0
0
0
0
0
0
0
0
0
0
0
0
0
0
0
0
0
0
0
0
0
0
0
0
0
0
0
0
0
0
0
0
0
0
0
0
0
0
0
0
0
0
0
0
0
0
0
0
0
0
0
0
0
0
0
0
0
0
0
0
0
0
0
0
0
0
0
0
0
0
0
0
0
0
0
0
0
0
0
0
0
0
0
0
0
0
0
0
0
0
0
0
0
0
0
0
0
0
0
0
0
0
0
0
0
0
0
0
0
0
0
0
0
0
0
0
0
0
0
0
0
0
0
0
0
0
0
0
0
0
0
0
0
0
0
0
0
0
0
0
0
0
0
0
0
0
0
0
0
0
0
0
0
0
0
0
0
0
0
0
0
0
0
0
0
0
0
0
0
0
0
0
0
0
0
0
0
0
0
0
0
0
0
0
0
0
0
0
0
0
0
0
0
0
0
0
0
0
0
0
0
0
0
0
0
0
0
0
0
0
0
0
0
0
0
0
0
0
0
0
0
0
0
0
0
0
0
0
0
0
0
0
0
0
0
0
0
0
0
0
0
0
0
0
0
0
0
0
0
0
0
0
0
0
0
0
0
0
0
0
0
0
0
0
0
0
0
0
0
0
0
0
0
0
0
0
0
0
0
0
0
0
0
0
0
0
0
0
0
0
0
0
0
0
0
0
0
0
0
0
0
0
0
0
0
0
0
0
0
0
0
0
0
0
0
0
0
0
0
0
0
0
0
0
0
0
0
0
0
0
0
0
0
0
0
0
0
0
0
0
0
0
0
0
0
0
0
0
0
0
0
0
0
0
0
0
0
0
0
0
0
0
0
0
0
0
0
0
0
0
0
0
0
0
0
0
0
0
0
0
0
0
0
0
0
0
0
0
0
0
0
0
0
0
0
0
0
0
0
0
0
0
0
0
0
0
0
0
0
0
0
0
0
0
0
0
0
0
0
0
0
0
0
0
0
0
0
0
0
0
0
0
0
0
0
0
0
0
0
0
0
0
0
0
0
0
0
0
0
0
0
0
0
0
0
0
0
0
0
0
0
0
0
0
0
0
0
0
0
0
0
0
0
0
0
0
0
0
0
0
0
0
0
0
0
0
0
0
0
0
0
0
0
0
0
0
0
0
0
0
0
0
0
0
0
0
0
0
0
0
0
0
0
0
0
0
0
0
0
0
0
0
0
0
0
0
0
0
0
0
0
0
0
0
0
0
0
0
0
0
0
0
0
0
0
0
0
0
0
0
0
0
0
0
0
0
0
0
0
0
0
0
0
0
0
0
0
0
0
0
0
0
0
0
0
0
0
0
0
0
0
0
0
0
0
0
0
0
0
0
0
0
0
0
0
0
0
0
0
0
0
0
0
0
0
0
0
0
0
0
0
0
0
0
0
0
0
0
0
0
0
0
0
0
0
0
0
0
0
0
0
0
0
0
0
0
0
0
0
0
0
0
0
0
0
0
0
0
0
0
0
0
0
0
0
0
0
0
0
0
0
0
0
0
0
0
0
0
0
0
0
0
0
0
0
0
0
0
0
0
0
0
0
0
0
0
0
0
0
0
0
0
0
0
0
0
0
0
0
0
0
0
0
0
0
0
0
0
0
0
0
0
0
0
0
0
0
0
0
0
0
0
0
0
0
0
0
0
0
0
0
0
0
0
0
0
0
0
0
0
0
0
0
0
0
0
0
0
0
0
0
0
0
0
0
0
0
0
0
0
0
0
0
0
0
0
0
0
0
0
0
0
0
0
0
0
0
0
0
0
0
0
0
0
0
0
0
0
0
0
0
0
0
0
0
0
0
0
0
0
0
0
0
0
0
0
0
0
0
0
0
0
0
0
0
0
0
0
0
0
0
0
0
0
0
0
0
0
0
0
0
0
0
0
0
0
0
0
0
0
0
0
0
0
0
0
0
0
0
0
0
0
0
0
0
0
0
0
0
0
0
0
0
0
0
0
0
0
0
0
0
0
0
0
0
0
0
0
0
0
0
0
0
0
0
0
0
0
0
0
0
0
0
0
0
0
0
0
0
0
0
0
0
0
0
0
0
0
0
0
0
0
0
0
0
0
0
0
0
0
0
0
0
0
0
0
0
0
0
0
0
0
0
0
0
0
0
0
0
0
0
0
0
0
0
0
0
0
0
0
0
0
0
0
0
0
0
0
0
0
0
0
0
0
0
0
0
0
0
0
0
0
0
0
0
0
0
0
0
0
0
0
0
0
0
0
0
0
0
0
0
0
0
0
0
0
0
0
0
0
0
0
0
0
0
0
0
0
0
0
0
0
0
0
0
0
0
0
0
0
0
0
0
0
0
0
0
0
0
0
0
0
0
0
0
0
0
0
0
0
0
0
0
0
0
0
0
0
0
0
0
0
0
0
0
0
0
0
0
0
0
0
0
0
0
0
0
0
0
0
0
0
0
0
0
0
0
0
0
0
0
0
0
0
0
0
0
0
0
0
0
0
0
0
0
0
0
0
0
0
0
0
0
0
0
0
0
0
0
0
0
0
0
0
0
0
0
0
0
0
0
0
0
0
0
0
0
0
0
0
0
0
0
0
0
0
0
0
0
0
0
0
0
0
0
0
0
0
0
0
0
0
0
0
0
0
0
0
0
0
0
0
0
0
0
0
0
0
0
0
0
0
0
0
0
0
0
0
0
0
0
0
0
0
0
0
0
0
0
0
0
0
0
0
0
0
0
0
0
0
0
0
0
0
0
0
0
0
0
0
0
0
0
0
0
0
0
0
0
0
0
0
0
0
0
0
0
0
0
0
0
0
0
0
0
0
0
0
0
0
0
0
0
0
0
0
0
0
0
0
0
0
0
0
0
0
0
0
0
0
0
0
0
0
0
0
0
0
0
0
0
0
0
0
0
0
0
0
0
0
0
0
0
0
0
0
0
0
0
0
0
0
0
0
0
0
0
0
0
0
0
0
0
0
0
0
0
0
0
0
0
0
0
0
0
0
0
0
0
0
0
0
0
0
0
0
0
0
0
0
0
0
0
0
0
0
0
0
0
0
0
0
0
0
0
0
0
0
0
0
0
0
0
0
0
0
0
0
0
0
0
0
0
0
0
0
0
0
0
0
0
0
0
0
0
0
0
0
0
0
0
0
0
0
0
0
0
0
0
0
0
0
0
0
0
0
0
0
0
0
0
0
0
0
0
0
0
0
0
0
0
0
0
0
0
0
0
0
0
0
0
0
0
0
0
0
0
0
0
0
0
0
0
0
0
0
0
0
0
0
0
0
0
0
0
0
0
0
0
0
0
0
0
0
0
0
0
0
0
0
0
0
0
0
0
0
0
0
0
0
0
0
0
0
0
0
0
0
0
0
0
0
0
0
0
0
0
0
0
0
0
0
0
0
0
0
0
0
0
0
0
0
0
0
0
0
0
0
0
0
0
0
0
0
0
0
0
0
0
0
0
0
0
0
0
0
0
0
0
0
0
0
0
0
0
0
0
0
0
0
0
0
0
0
0
0
0
0
0
0
0
0
0
0
0
0
0
0
0
0
0
0
0
0
0
0
0
0
0
0
0
0
0
0
0
0
0
0
0
0
0
0
0
0
0
0
0
0
0
0
0
0
0
0
0
0
0
0
0
0
0
0
0
0
0
0
0
0
0
0
0
0
0
0
0
0
0
0
0
0
0
0
0
0
0
0
0
0
0
0
0
0
0
0
0
0
0
0
0
0
0
0
0
0
0
0
0
0
0
0
0
0
0
0
0
0
0
0
0
0
0
0
0
0
0
0
0
0
0
0
0
0
0
0
0
0
0
0
0
0
0
0
0
0
0
0
0
0
0
0
0
0
0
0
0
0
0
0
0
0
0
0
0
0
0
0
0
0
0
0
0
0
0
0
0
0
0
0
0
0
0
0
0
0
0
0
0
0
0
0
0
0
0
0
0
0
0
0
0
0
0
0
0
0
0
0
0
0
0
0
0
0
0
0
0
0
0
0
0
0
0
0
0
0
0
0
0
0
0
0
0
0
0
0
0
0
0
0
0
0
0
0
0
0
0
0
0
0
0
0
0
0
0
0
0
0
0
0
0
0
0
0
0
0
0
0
0
0
0
0
0
0
0
0
0
0
0
0
0
0
0
0
0
0
0
0
0
0
0
0
0
0
0
0
0
0
0
0
0
0
0
0
0
0
0
0
0
0
0
0
0
0
0
0
0
0
0
0
0
0
0
0
0
0
0
0
0
0
0
0
0
0
0
0
0
0
0
0
0
0
0
0
0
0
0
0
0
0
0
0
0
0
0
0
0
0
0
0
0
0
0
0
0
0
0
0
0
0
0
0
0
0
0
0
0
0
0
0
0
0
0
0
0
0
0
0
0
0
0
0
0
0
0
0
0
0
0
0
0
0
0
0
0
0
0
0
0
0
0
0
0
0
0
0
0
0
0
0
0
0
0
0
0
0
0
0
0
0
0
0
0
0
0
0
0
0
0
0
0
0
0
0
0
0
0
0
0
0
0
0
0
0
0
0
0
0
0
0
0
0
0
0
0
0
0
0
0
0
0
0
0
0
0
0
0
0
0
0
0
0
0
0
0
0
0
0
0
0
0
0
0
0
0
0
0
0
0
0
0
0
0
0
0
0
0
0
0
0
0
0
0
0
0
0
0
0
0
0
0
0
0
0
0
0
0
0
0
0
0
0
0
0
0
0
0
0
0
0
0
0
0
0
0
0
0
0
0
0
0
0
0
0
0
0
0
0
0
0
0
0
0
0
0
0
0
0
0
0
0
0
0
0
0
0
0
0
0
0
0
0
0
0
0
0
0
0
0
0
0
0
0
0
0
0
0
0
0
0
0
0
0
0
0
0
0
0
0
0
0
0
0
0
0
0
0
0
0
0
0
0
0
0
0
0
0
0
0
0
0
0
0
0
0
0
0
0
0
0
0
0
0
0
0
0
0
0
0
0
0
0
0
0
0
0
0
0
0
0
0
0
0
0
0
0
0
0
0
0
0
0
0
0
0
0
0
0
0
0
0
0
0
0
0
0
0
0
0
0
0
0
0
0
0
0
0
0
0
0
0
0
0
0
0
0
0
0
0
0
0
0
0
0
0
0
0
0
0
0
0
0
0
0
0
0
0
0
0
0
0
0
0
0
0
0
0
0
0
0
0
0
0
0
0
0
0
0
0
0
0
0
0
0
0
0
0
0
0
0
0
0
0
0
0
0
0
0
0
0
0
0
0
0
0
0
0
0
0
0
0
0
0
0
0
0
0
0
0
0
0
0
0
0
0
0
0
0
0
0
0
0
0
0
0
0
0
0
0
0
0
0
0
0
0
0
0
0
0
0
0
0
0
0
0
0
0
0
0
0
0
0
0
0
0
0
0
0
0
0
0
0
0
0
0
0
0
0
0
0
0
0
0
0
0
0
0
0
0
0
0
0
0
0
0
0
0
0
0
0
0
0
0
0
0
0
0
0
0
0
0
0
0
0
0
0
0
0
0
0
0
0
0
0
0
0
0
0
0
0
0
0
0
0
0
0
0
0
0
0
0
0
0
0
0
0
0
0
0
0
0
0
0
0
0
0
0
0
0
0
0
0
0
0
0
0
0
0
0
0
0
0
0
0
0
0
0
0
0
0
0
0
0
0
0
0
0
0
0
0
0
0
0
0
0
0
0
0
0
0
0
0
0
0
0
0
0
0
0
0
0
0
0
0
0
0
0
0
0
0
0
0
0
0
0
0
0
0
0
0
0
0
0
0
0
0
0
0
0
0
0
0
0
0
0
0
0
0
0
0
0
0
0
0
0
0
0
0
0
0
0
0
0
0
0
0
0
0
0
0
0
0
0
0
0
0
0
0
0
0
0
0
0
0
0
0
0
0
0
0
0
0
0
0
0
0
0
0
0
0
0
0
0
0
0
0
0
0
0
0
0
0
0
0
0
0
0
0
0
0
0
0
0
0
0
0
0
0
0
0
0
0
0
0
0
0
0
0
0
0
0
0
0
0
0
0
0
0
0
0
0
0
0
0
0
0
0
0
0
0
0
0
0
0
0
0
0
0
0
0
0
0
0
0
0
0
0
0
0
0
0
0
0
0
0
0
0
0
0
0
0
0
0
0
0
0
0
0
0
0
0
0
0
0
0
0
0
0
0
0
0
0
0
0
0
0
0
0
0
0
0
0
0
0
0
0
0
0
0
0
0
0
0
0
0
0
0
0
0
0
0
0
0
0
0
0
0
0
0
0
0
0
0
0
0
0
0
0
0
0
0
0
0
0
0
0
0
0
0
0
0
0
0
0
0
0
0
0
0
0
0
0
0
0
0
0
0
0
0
0
0
0
0
0
0
0
0
0
0
0
0
0
0
0
0
0
0
0
0
0
0
0
0
0
0
0
0
0
0
0
0
0
0
0
0
0
0
0
0
0
0
0
0
0
0
0
0
0
0
0
0
0
0
0
0
0
0
0
0
0
0
0
0
0
0
0
0
0
0
0
0
0
0
0
0
0
0
0
0
0
0
0
0
0
0
0
0
0
0
0
0
0
0
0
0
0
0
0
0
0
0
0
0
0
0
0
0
0
0
0
0
0
0
0
0
0
0
0
0
0
0
0
0
0
0
0
0
0
0
0
0
0
0
0
0
0
0
0
0
0
0
0
0
0
0
0
0
0
0
0
0
0
0
0
0
0
0
0
0
0
0
0
0
0
0
0
0
0
0
0
0
0
0
0
0
0
0
0
0
0
0
0
0
0
0
0
0
0
0
0
0
0
0
0
0
0
0
0
0
0
0
0
0
0
0
0
0
0
0
0
0
0
0
0
0
0
0
0
0
0
0
0
0
0
0
0
0
0
0
0
0
0
0
0
0
0
0
0
0
0
0
0
0
0
0
0
0
0
0
0
0
0
0
0
0
0
0
0
0
0
0
0
0
0
0
0
0
0
0
0
0
0
0
0
0
0
0
0
0
0
0
0
0
0
0
0
0
0
0
0
0
0
0
0
0
0
0
0
0
0
0
0
0
0
0
0
0
0
0
0
0
0
0
0
0
0
0
0
0
0
0
0
0
0
0
0
0
0
0
0
0
0
0
0
0
0
0
0
0
0
0
0
0
0
0
0
0
0
0
0
0
0
0
0
0
0
0
0
0
0
0
0
0
0
0
0
0
0
0
0
0
0
0
0
0
0
0
0
0
0
0
0
0
0
0
0
0
0
0
0
0
0
0
0
0
0
0
0
0
0
0
0
0
0
0
0
0
0
0
0
0
0
0
0
0
0
0
0
0
0
0
0
0
0
0
0
0
0
0
0
0
0
0
0
0
0
0
0
0
0
0
0
0
0
0
0
0
0
0
0
0
0
0
0
0
0
0
0
0
0
0
0
0
0
0
0
0
0
0
0
0
0
0
0
0
0
0
0
0
0
0
0
0
0
0
0
0
0
0
0
0
0
0
0
0
0
0
0
0
0
0
0
0
0
0
0
0
0
0
0
0
0
0
0
0
0
0
0
0
0
0
0
0
0
0
0
0
0
0
0
0
0
0
0
0
0
0
0
0
0
0
0
0
0
0
0
0
0
0
0
0
0
0
0
0
0
0
0
0
0
0
0
0
0
0
0
0
0
0
0
0
0
0
0
0
0
0
0
0
0
0
0
0
0
0
0
0
0
0
0
0
0
0
0
0
0
0
0
0
0
0
0
0
0
0
0
0
0
0
0
0
0
0
0
0
0
0
0
0
0
0
0
0
0
0
0
0
0
0
0
0
0
0
0
0
0
0
0
0
0
0
0
0
0
0
0
0
0
0
0
0
0
0
0
0
0
0
0
0
0
0
0
0
0
0
0
0
0
0
0
0
0
0
0
0
0
0
0
0
0
0
0
0
0
0
0
0
0
0
0
0
0
0
0
0
0
0
0
0
0
0
0
0
0
0
0
0
0
0
0
0
0
0
0
0
0
0
0
0
0
0
0
0
0
0
0
0
0
0
0
0
0
0
0
0
0
0
0
0
0
0
0
0
0
0
0
0
0
0
0
0
0
0
0
0
0
0
0
0
0
0
0
0
0
0
0
0
0
0
0
0
0
0
0
0
0
0
0
0
0
0
0
0
0
0
0
0
0
0
0
0
0
0
0
0
0
0
0
0
0
0
0
0
0
0
0
0
0
0
0
0
0
0
0
0
0
0
0
0
0
0
0
0
0
0
0
0
0
0
0
0
0
0
0
0
0
0
0
0
0
0
0
0
0
0
0
0
0
0
0
0
0
0
0
0
0
0
0
0
0
0
0
0
0
0
0
0
0
0
0
0
0
0
0
0
0
0
0
0
0
0
0
0
0
0
0
0
0
0
0
0
0
0
0
0
0
0
0
0
0
0
0
0
0
0
0
0
0
0
0
0
0
0
0
0
0
0
0
0
0
0
0
0
0
0
0
0
0
0
0
0
0
0
0
0
0
0
0
0
0
0
0
0
0
0
0
0
0
0
0
0
0
0
0
0
0
0
0
0
0
0
0
0
0
0
0
0
0
0
0
0
0
0
0
0
0
0
0
0
0
0
0
0
0
0
0
0
0
0
0
0
0
0
0
0
0
0
0
0
0
0
0
0
0
0
0
0
0
0
0
0
0
0
0
0
0
0
0
0
0
0
0
0
0
0
0
0
0
0
0
0
0
0
0
0
0
0
0
0
0
0
0
0
0
0
0
0
0
0
0
0
0
0
0
0
0
0
0
0
0
0
0
0
0
0
0
0
0
0
0
0
0
0
0
0
0
0
0
0
0
0
0
0
0
0
0
0
0
0
0
0
0
0
0
0
0
0
0
0
0
0
0
0
0
0
0
0
0
0
0
0
0
0
0
0
0
0
0
0
0
0
0
0
0
0
0
0
0
0
0
0
0
0
0
0
0
0
0
0
0
0
0
0
0
0
0
0
0
0
0
0
0
0
0
0
0
0
0
0
0
0
0
0
0
0
0
0
0
0
0
0
0
0
0
0
0
0
0
0
0
0
0
0
0
0
0
0
0
0
0
0
0
0
0
0
0
0
0
0
0
0
0
0
0
0
0
0
0
0
0
0
0
0
0
0
0
0
0
0
0
0
0
0
0
0
0
0
0
0
0
0
0
0
0
0
0
0
0
0
0
0
0
0
0
0
0
0
0
0
0
0
0
0
0
0
0
0
0
0
0
0
0
0
0
0
0
0
0
0
0
0
0
0
0
0
0
0
0
0
0
0
0
0
0
0
0
0
0
0
0
0
0
0
0
0
0
0
0
0
0
0
0
0
0
0
0
0
0
0
0
0
0
0
0
0
0
0
0
0
0
0
0
0
0
0
0
0
0
0
0
0
0
0
0
0
0
0
0
0
0
0
0
0
0
0
0
0
0
0
0
0
0
0
0
0
0
0
0
0
0
0
0
0
0
0
0
0
0
0
0
0
0
0
0
0
0
0
0
0
0
0
0
0
0
0
0
0
0
0
0
0
0
0
0
0
0
0
0
0
0
0
0
0
0
0
0
0
0
0
0
0
0
0
0
0
0
0
0
0
0
0
0
0
0
0
0
0
0
0
0
0
0
0
0
0
0
0
0
0
0
0
0
0
0
0
0
0
0
0
0
0
0
0
0
0
0
0
0
0
0
0
0
0
0
0
0
0
0
0
0
0
0
0
0
0
0
0
0
0
0
0
0
0
0
0
0
0
0
0
0
0
0
0
0
0
0
0
0
0
0
0
0
0
0
0
0
0
0
0
0
0
0
0
0
0
0
0
0
0
0
0
0
0
0
0
0
0
0
0
0
0
0
0
0
0
0
0
0
0
0
0
0
0
0
0
0
0
0
0
0
0
0
0
0
0
0
0
0
0
0
0
0
0
0
0
0
0
0
0
0
0
0
0
0
0
0
0
0
0
0
0
0
0
0
0
0
0
0
0
0
0
0
0
0
0
0
0
0
0
0
0
0
0
0
0
0
0
0
0
0
0
0
0
0
0
0
0
0
0
0
0
0
0
0
0
0
0
0
0
0
0
0
0
0
0
0
0
0
0
0
0
0
0
0
0
0
0
0
0
0
0
0
0
0
0
0
0
0
0
0
0
0
0
0
0
0
0
0
0
0
0
0
0
0
0
0
0
0
0
0
0
0
0
0
0
0
0
0
0
0
0
0
0
0
0
0
0
0
0
0
0
0
0
0
0
0
0
0
0
0
0
0
0
0
0
0
0
0
0
0
0
0
0
0
0
0
0
0
0
0
0
0
0
0
0
0
0
0
0
0
0
0
0
0
0
0
0
0
0
0
0
0
0
0
0
0
0
0
0
0
0
0
0
0
0
0
0
0
0
0
0
0
0
0
0
0
0
0
0
0
0
0
0
0
0
0
0
0
0
0
0
0
0
0
0
0
0
0
0
0
0
0
0
0
0
0
0
0
0
0
0
0
0
0
0
0
0
0
0
0
0
0
0
0
0
0
0
0
0
0
0
0
0
0
0
0
0
0
0
0
0
0
0
0
0
0
0
0
0
0
0
0
0
0
0
0
0
0
0
0
0
0
0
0
0
0
0
0
0
0
0
0
0
0
0
0
0
0
0
0
0
0
0
0
0
0
0
0
0
0
0
0
0
0
0
0
0
0
0
0
0
0
0
0
0
0
0
0
0
0
0
0
0
0
0
0
0
0
0
0
0
0
0
0
0
0
0
0
0
0
0
0
0
0
0
0
0
0
0
0
0
0
0
0
0
0
0
0
0
0
0
0
0
0
0
0
0
0
0
0
0
0
0
0
0
0
0
0
0
0
0
0
0
0
0
0
0
0
0
0
0
0
0
0
0
0
0
0
0
0
0
0
0
0
0
0
0
0
0
0
0
0
0
0
0
0
0
0
0
0
0
0
0
0
0
0
0
0
0
0
0
0
0
0
0
0
0
0
0
0
0
0
0
0
0
0
0
0
0
0
0
0
0
0
0
0
0
0
0
0
0
0
0
0
0
0
0
0
0
0
0
0
0
0
0
0
0
0
0
0
0
0
0
0
0
0
0
0
0
0
0
0
0
0
0
0
0
0
0
0
0
0
0
0
0
0
0
0
0
0
0
0
0
0
0
0
0
0
0
0
0
0
0
0
0
0
0
0
0
0
0
0
0
0
0
0
0
0
0
0
0
0
0
0
0
0
0
0
0
0
0
0
0
0
0
0
0
0
0
0
0
0
0
0
0
0
0
0
0
0
0
0
0
0
0
0
0
0
0
0
0
0
0
0
0
0
0
0
0
0
0
0
0
0
0
0
0
0
0
0
0
0
0
0
0
0
0
0
0
0
0
0
0
0
0
0
0
0
0
0
0
0
0
0
0
0
0
0
0
0
0
0
0
0
0
0
0
0
0
0
0
0
0
0
0
0
0
0
0
0
0
0
0
0
0
0
0
0
0
0
0
0
0
0
0
0
0
0
0
0
0
0
0
0
0
0
0
0
0
0
0
0
0
0
0
0
0
0
0
0
0
0
0
0
0
0
0
0
0
0
0
0
0
0
0
0
0
0
0
0
0
0
0
0
0
0
0
0
0
0
0
0
0
0
0
0
0
0
0
0
0
0
0
0
0
0
0
0
0
0
0
0
0
0
0
0
0
0
0
0
0
0
0
0
0
0
0
0
0
0
0
0
0
0
0
0
0
0
0
0
0
0
0
0
0
0
0
0
0
0
0
0
0
0
0
0
0
0
0
0
0
0
0
0
0
0
0
0
0
0
0
0
0
0
0
0
0
0
0
0
0
0
0
0
0
0
0
0
0
0
0
0
0
0
0
0
0
0
0
0
0
0
0
0
0
0
0
0
0
0
0
0
0
0
0
0
0
0
0
0
0
0
0
0
0
0
0
0
0
0
0
0
0
0
0
0
0
0
0
0
0
0
0
0
0
0
0
0
0
0
0
0
0
0
0
0
0
0
0
0
0
0
0
0
0
0
0
0
0
0
0
0
0
0
0
0
0
0
0
0
0
0
0
0
0
0
0
0
0
0
0
0
0
0
0
0
0
0
0
0
0
0
0
0
0
0
0
0
0
0
0
0
0
0
0
0
0
0
0
0
0
0
0
0
0
0
0
0
0
0
0
0
0
0
0
0
0
0
0
0
0
0
0
0
0
0
0
0
0
0
0
0
0
0
0
0
0
0
0
0
0
0
0
0
0
0
0
0
0
0
0
0
0
0
0
0
0
0
0
0
0
0
0
0
0
0
0
0
0
0
0
0
799
432
542
302
6
2
6
9
8
10
11
8
10
8
4
6
5
5
5
4
4
5
3
5
4
6
8
7
10
5
5
7
9
10
7
7
5
6
7
9
3
4
5
5
5
6
5
5
6
8
7
4
7
7
8
8
6
8
11
7
5
6
4
11
2
7
6
5
8
8
4
3
4
6
4
4
6
2
4
9
10
6
10
7
4
9
8
9
10
8
10
8
7
6
7
5
3
6
7
5
6
5
5
5
5
5
7
4
6
10
9
10
10
11
9
9
8
6
5
4
6
7
8
9
4
3
6
11
3
10
8
6
7
9
8
8
9
8
7
9
8
8
4
6
7
3
4
8
7
10
7
5
6
5
3
3
3
10
10
10
11
8
4
3
3
7
9
9
7
12
8
9
9
8
12
2
5
6
7
5
9
8
7
5
9
4
7
7
6
6
7
9
10
8
9
9
7
8
9
6
7
9
4
6
4
7
8
7
7
6
9
9
9
9
8
11
9
7
8
5
7
9
8
9
5
6
8
6
8
9
8
11
12
6
4
7
8
9
9
6
9
7
5
5
5
5
6
5
5
7
4
9
7
10
6
10
8
8
7
8
10
4
3
7
3
3
5
8
7
3
3
8
8
9
9
8
11
12
8
10
3
4
4
7
5
3
6
5
6
5
8
8
9
8
11
6
7
9
11
7
9
7
10
9
4
9
9
5
6
5
3
5
4
3
9
9
9
6
8
7
9
9
8
4
6
4
5
4
8
7
10
8
11
8
7
8
7
7
5
5
9
3
4
5
7
7
6
9
8
4
11
6
7
7
2
8
8
10
9
9
10
6
3
7
5
3
4
5
5
5
8
5
8
8
7
9
9
11
7
5
9
9
3
8
8
9
9
11
7
7
7
3
5
6
8
8
6
5
9
9
8
6
6
6
8
4
6
7
5
5
6
8
9
7
6
6
4
9
0
2
5
3
1
652
1502
2249
2603
2350
3350
3701
4699
3201
3299
2155
2050
3050
4049
3949
1502
2501
3499
3599
4250
5199
6199
7199
