0
53000
0
0
0
1000
0
1004
0
1
925
72
0
999
0
0
1001
0
0
739
129
136
0
0
994
0
1003
0
999
0
1000
1000
0
998
0
0
1003
0
0
1
999
0
0
1002
0
0
0
0
100
901
0
0
0
0
0
995
0
1006
0
0
994
0
0
0
1003
999
0
0
0
702
171
39
93
0
993
0
1001
1001
0
558
451
1003
0
1000
999
1001
367
1003
997
1000
1002
0
1000
1003
999
999
998
365
643
993
573
3986
0
0
1
425
581
1994
684
319
1848
1149
975
28
1003
1001
0
1001
0
1002
1001
1002
866
1002
0
1001
1000
1000
1997
1000
1000
1004
0
2000
0
693
669
1022
1002
1998
1000
0
1002
0
2000
2998
1000
0
0
1001
2999
0
0
1000
1005
0
999
998
260
1000
608
995
232
1996
1000
1001
0
1003
1000
1000
20
377
2003
268
729
1000
1003
0
999
1000
164
998
1001
999
1001
998
2000
0
61
1002
0
999
1001
1003
0
504
566
798
1004
0
999
997
1002
999
90
3000
525
300
1168
1
1000
284
1228
373
174
201
1002
0
1000
1003
3995
2001
0
0
999
0
1004
0
1000
1001
997
1002
1996
1
1003
0
1003
1783
214
1000
774
231
996
1003
605
1001
0
1001
282
926
1001
0
1000
1002
3000
0
919
85
0
2001
999
0
1002
0
999
1004
1999
0
1
1001
999
1002
1000
1000
1001
1000
1003
996
1997
1674
0
4325
0
0
1
999
314
693
3641
1
351
1
271
997
1005
1536
1000
316
688
1002
0
1001
1003
996
1002
0
2005
995
0
1001
0
1002
999
1001
1004
995
1477
1267
1253
1000
1003
998
999
1001
0
229
2997
0
1000
890
121
990
1005
997
998
230
775
1005
996
0
203
1002
0
999
1003
997
1001
999
1001
1003
0
1002
0
56
737
355
11
262
317
2002
0
847
535
997
1001
1834
1001
0
1001
200
1002
0
1004
569
840
998
230
993
998
1002
999
1001
0
1002
1000
1002
1003
997
999
1000
1001
1003
1001
1001
282
979
1008
999
1004
996
1001
998
1004
997
1000
998
836
985
1005
999
1000
1001
998
1001
1000
1001
998
1001
1000
1001
998
1001
1000
1001
1000
1001
1000
1003
1000
1001
999
1002
999
1001
998
1002
999
999
999
1003
999
1000
998
1003
999
999
1000
1001
1000
998
1001
1001
1000
998
1001
1001
1000
998
1001
1001
1000
998
1001
1002
999
998
1001
1002
999
998
1001
1002
999
998
1001
1002
1026
971
1001
1033
967
998
1002
1029
1000
1000
972
1036
996
999
1070
935
1028
1075
928
1023
1089
849
1387
1360
1220
0
1045
0
967
999
999
1004
998
1001
1031
998
968
1139
861
1056
944
1424
1005
1063
1398
174
926
1008
1005
1099
0
999
1011
998
1001
999
1002
998
1001
999
1002
998
1001
999
1002
998
1001
999
1002
998
1001
999
1002
998
1001
999
1002
998
1001
999
1002
998
1000
1000
999
998
1000
1000
1001
999
1000
998
1000
999
1002
999
1001
998
1002
999
1000
998
1001
999
769
995
1003
1002
999
999
1001
999
1001
1000
1001
998
1001
999
1001
998
1002
1001
1000
998
1001
1001
1000
998
1001
1001
1000
998
1001
1002
999
30
992
1003
1003
997
1001
1002
998
1000
1036
1287
821
842
1001
1002
1032
1222
745
1002
999
1000
999
1002
999
1000
999
1002
999
1000
999
1002
999
1000
999
1130
868
1000
1136
868
999
1217
779
825
308
1000
999
1004
1001
998
1000
1000
1001
999
1568
417
92
1184
818
1000
1020
1226
750
1001
1001
1000
1000
1000
998
1001
1000
1040
1755
1155
0
1007
0
996
1001
1003
999
997
1001
1001
999
999
1003
999
999
1001
999
1002
998
1000
1001
1000
999
1000
1002
1000
998
1000
1003
999
999
1000
1001
1000
999
1001
1001
1000
999
1000
1002
999
999
1000
1003
998
999
1000
1002
999
999
1000
1002
999
1000
999
1002
999
999
1000
1001
1000
999
1000
1003
998
999
1001
999
1002
998
1033
1005
0
1001
1000
1000
1000
1001
1000
999
1000
1000
1000
1032
982
986
1000
1128
1088
592
792
948
1927
1074
0
1008
0
1000
1000
998
1000
1003
997
1000
1000
1036
964
1000
1138
994
406
1117
0
887
1005
1001
1118
1558
646
1176
493
816
836
696
1344
0
998
1095
1973
0
1613
0
1222
195
1253
763
719
953
1006
1000
1672
833
1274
1634
0
1502
0
1009
0
998
1001
999
1000
1000
1000
1393
305
878
995
1009
995
1003
998
1031
1075
1736
1157
0
995
1005
1001
999
1000
1001
1000
1001
998
1001
99
989
1004
1004
66
991
999
1004
1001
999
999
1001
1000
999
1000
1001
1000
999
1000
1002
999
1136
0
998
1006
1000
1000
998
1001
999
1001
999
1001
999
1003
997
1002
999
1000
999
1004
996
1002
1000
1000
998
1001
999
1002
999
1008
0
1001
999
1002
998
1140
0
997
1004
1001
999
1001
999
1000
1002
999
1000
1000
1000
1000
1001
999
1000
1002
999
998
1001
1002
1000
999
999
1000
1000
1001
999
922
152
1001
997
1004
1002
999
1000
999
1001
1000
1000
999
1000
1002
999
999
1096
0
995
1005
1001
1130
0
997
1008
997
1002
998
1002
998
1002
998
1003
997
1197
0
996
1007
999
998
1003
1069
0
996
1007
1001
999
997
1004
998
1002
997
1004
998
1000
1001
1000
998
1000
998
1003
998
1002
998
1005
996
1079
0
994
1007
1002
998
1000
1296
0
993
150
988
658
993
1101
0
1144
0
23
991
1010
1000
998
999
1001
60
985
1000
1006
1002
999
999
1106
0
994
1008
1001
153
890
1221
0
992
1008
1001
999
1000
1001
841
845
140
236
95
997
1245
0
994
1007
189
1068
0
991
1009
999
999
1000
1001
999
1001
1002
997
774
981
1009
998
1002
997
999
994
1092
0
992
1006
1001
1003
999
999
998
1004
997
1003
998
1000
999
1002
998
1000
1029
0
997
1003
997
1001
1000
1003
996
1001
1001
999
999
1003
1000
997
1005
997
1002
1102
0
993
1010
1000
1000
1000
997
941
153
1206
1054
0
995
1007
1002
1000
1001
185
983
1008
1001
998
1000
1002
1000
998
999
748
983
1007
1002
999
1000
1000
998
1002
1002
999
998
1003
1000
1000
996
1001
1004
998
998
1001
1001
999
1002
998
1011
0
998
1002
1000
1000
998
1002
1066
0
992
1010
1001
999
999
1001
1002
997
1000
1003
998
1000
999
1047
862
1289
0
1229
0
991
138
984
996
1005
1001
1002
998
999
1055
0
994
1007
1002
1004
995
1033
0
1012
996
1002
1000
1004
994
1001
1001
1002
997
1000
1001
1002
997
1001
1002
1279
0
998
1010
1001
1000
998
1001
1000
1000
1152
0
991
1010
1002
999
1000
1001
241
1131
0
993
1009
1003
998
999
1001
1001
998
1002
999
1001
998
1001
1002
999
999
1000
1000
1000
999
932
1187
0
992
1011
1000
1000
998
1001
998
1001
999
1000
1000
1002
998
1000
999
1002
999
1000
1000
1001
999
1000
1001
999
1000
1000
1001
999
1000
1001
999
999
1001
1002
670
984
1008
758
983
1010
998
99
986
997
1004
1002
999
997
1000
1000
11
1000
999
1001
1002
1000
998
251
987
1005
347
988
887
988
1007
998
1000
1002
996
1004
999
999
999
1001
134
989
1002
1002
1001
997
1004
997
1001
1000
1001
999
999
999
1001
645
194
994
1004
1001
1111
0
998
1005
1003
999
1050
44
997
998
1004
1003
998
998
1003
1001
998
999
1003
998
1000
1033
0
1005
1000
998
1002
1000
1030
890
114
1071
0
998
201
988
1002
1001
1003
999
1000
998
1001
1003
998
998
1001
1001
1001
997
1001
1001
654
306
998
999
1005
1000
1001
999
1000
999
1000
1001
1000
1001
1000
999
1002
198
987
1005
1000
1000
264
991
1000
1038
0
1006
1000
999
1000
1001
1000
1118
0
1086
0
996
1005
1001
1001
1000
998
1000
1000
1000
999
1000
1003
998
7
1003
999
999
999
1001
1001
1000
999
1001
1000
1000
1020
0
1005
87
988
1003
1001
999
1000
1000
1001
999
1001
1000
1001
110
818
850
202
247
899
1306
0
997
1004
1000
1001
727
286
994
1000
1003
1000
14
1142
91
88
217
577
673
619
813
998
1004
1000
1001
999
999
1000
1000
1002
998
1000
1001
1000
999
1000
1002
999
999
256
993
1003
1000
1000
1001
999
1000
1000
1001
999
1001
1000
1000
1000
1000
999
1084
0
999
1003
1003
999
998
1001
1000
1001
999
999
1001
999
1002
998
1001
999
1000
1000
1001
1000
999
1000
1001
1000
1000
999
1001
1000
999
1000
1001
1000
999
1001
1001
998
1000
1001
1000
999
1003
999
1000
999
1001
87
991
101
988
1000
1005
999
1002
999
1000
999
38
991
1004
1001
1002
997
1001
999
1001
999
1001
1000
1000
1000
1000
918
103
992
1003
1001
1000
999
1001
1000
1176
0
997
1003
1004
998
999
999
1001
999
1001
88
340
800
213
129
1002
76
1251
0
997
1003
1001
1001
39
991
1000
1003
1001
1000
1000
998
1001
30
992
84
1212
0
967
1045
0
1002
231
991
1003
1001
1001
998
265
993
1003
127
991
177
993
1003
1001
999
1002
998
1001
1000
1002
997
1001
999
1001
999
1001
166
1006
0
999
60
207
999
760
133
368
225
996
1019
0
1001
1151
0
999
1003
30
993
1001
1001
1001
1002
999
1204
0
999
47
992
1003
1000
46
993
1050
0
1002
1001
1001
1000
999
1000
1001
999
1002
37
991
1004
1000
999
1000
1004
996
1000
1002
1001
997
1000
1000
1000
1003
197
297
998
1002
1000
1000
1002
1034
0
1003
1001
1001
999
999
1001
999
1001
999
1000
1000
1001
999
1003
997
1000
1001
999
1000
1000
1000
1001
999
1000
1001
999
1001
1000
999
1115
95
1001
39
995
1000
1304
0
998
1001
1000
1002
999
1181
0
998
819
286
779
262
999
1000
1001
1003
1000
112
997
1000
1001
1000
998
1002
314
1104
0
1000
1001
1000
999
1000
1194
960
1040
1000
1000
1000
1001
999
917
1029
1054
1000
1000
848
1041
1111
1000
1000
1001
999
1000
1000
1001
999
1000
1000
1001
999
1000
1000
1001
999
997
1003
1001
999
1000
1000
1001
999
1000
1000
1001
999
1000
1000
1001
999
884
1117
999
1000
1000
1000
1001
999
1000
1000
1001
999
1000
1000
1001
999
961
1039
1001
999
1002
999
1000
1000
1000
999
915
1085
1000
1000
1001
999
981
824
1195
1000
721
941
912
1426
864
1137
875
1124
941
1060
999
1000
1000
1000
1001
999
900
1101
718
791
1016
1475
999
1000
1000
1000
1001
999
756
943
1301
996
1004
1000
1001
999
1001
999
1001
999
1000
1000
1001
999
1000
1000
1001
999
1000
1000
1002
999
999
1002
1001
997
1000
816
1184
1000
1000
1000
1001
644
1355
944
1056
989
667
1063
1281
1000
1000
910
1090
1000
953
1047
1001
1000
999
1000
1001
999
1000
1000
1001
999
1000
1000
1001
1000
999
1002
999
999
1000
1000
1001
999
1000
1000
1001
999
1000
1000
1001
999
1000
1000
1001
999
1000
1000
1001
957
1042
1001
1000
1000
1000
999
1001
1000
1000
999
956
1044
1000
1000
1001
999
1000
1000
1001
999
1000
867
914
1219
1000
1000
1001
999
1000
1000
1001
999
1000
1000
1001
999
0
0
0
0
0
0
0
0
0
0
0
0
0
2
0
0
0
0
0
0
0
0
0
0
0
0
0
0
0
0
1
0
0
0
0
0
0
0
0
3
0
0
0
0
0
0
0
0
0
0
0
0
0
0
0
0
0
0
0
0
0
0
0
0
0
4
0
0
0
0
0
0
0
0
0
0
0
0
4
0
0
0
0
0
0
0
0
0
0
0
0
7
0
0
0
0
0
0
0
0
0
0
0
0
6
0
0
0
0
0
0
0
0
0
0
0
0
1
0
0
0
0
0
0
0
0
0
0
0
0
2
0
0
0
3
0
0
0
0
0
0
0
0
6
0
0
0
0
0
0
0
0
0
0
0
0
2
0
0
0
1
0
0
0
0
0
0
0
0
3
0
0
0
0
0
0
0
0
0
0
0
0
0
0
0
0
0
0
0
0
0
0
0
0
0
1
0
0
0
0
0
0
0
0
0
0
0
0
3
0
0
0
0
0
0
0
0
0
0
0
0
3
0
0
0
1
0
0
0
0
0
0
0
0
5
0
0
0
4
0
0
0
0
0
0
0
0
4
0
0
0
0
0
0
0
0
0
0
0
0
2
0
0
0
1
0
0
0
0
0
0
0
0
5
0
0
0
0
0
0
0
0
0
0
0
0
5
0
0
0
0
0
0
0
0
0
0
0
0
3
0
0
0
0
0
0
0
0
0
0
0
0
4
0
0
0
0
0
0
0
1
0
0
0
0
5
0
0
0
0
0
0
0
0
0
0
0
0
6
0
0
0
1
0
0
0
0
0
0
0
0
5
0
0
0
0
0
0
0
0
0
0
0
0
6
0
0
0
0
0
0
0
0
0
0
0
0
3
0
0
0
0
0
0
0
0
0
0
0
0
3
0
0
0
0
0
0
0
0
0
0
0
0
1
0
0
0
0
0
0
0
0
0
0
0
0
2
0
0
0
0
0
0
0
0
0
0
0
0
4
0
0
0
0
0
0
0
0
0
0
0
0
2
0
0
0
0
0
0
0
0
0
0
0
0
5
0
0
0
2
0
0
0
0
0
0
0
0
5
0
0
0
0
0
0
0
0
0
0
0
0
3
0
0
0
1
0
0
0
0
0
0
0
0
4
0
0
0
0
0
0
0
0
0
0
0
0
3
0
0
0
0
0
0
0
0
0
0
0
0
2
0
0
0
0
0
0
0
0
0
0
0
0
3
0
0
0
0
0
0
0
0
0
0
0
0
6
0
0
0
0
0
0
0
202
0
0
115
496
0
664
45
0
0
0
0
0
0
4
0
0
0
3
0
0
0
0
0
0
0
0
3
0
0
0
1
0
0
0
0
0
0
0
0
8
0
0
375
166
783
0
145
0
0
0
0
0
122
342
0
255
6
83
0
0
0
0
0
0
0
0
0
0
0
2
0
0
0
0
0
0
0
0
0
0
0
0
0
0
0
0
0
0
0
0
0
0
0
0
0
3
0
0
0
1
0
0
0
0
0
0
0
0
2
0
0
0
2
0
0
0
0
0
0
0
0
6
0
0
0
0
0
0
0
0
215
404
417
392
476
309
266
420
79
203
0
0
0
0
0
0
0
4
0
0
0
0
0
0
0
0
0
0
0
0
4
0
0
0
2
0
0
0
0
0
0
0
0
5
0
0
0
0
0
0
0
0
0
0
0
0
8
0
0
0
0
0
0
0
0
0
0
0
0
3
0
0
0
0
0
0
0
0
0
0
0
0
4
0
0
0
0
0
0
0
0
0
0
0
0
2
0
0
0
0
0
0
0
0
0
0
0
0
2
0
0
0
0
0
0
0
0
0
0
0
0
4
0
0
0
0
0
0
0
272
617
78
644
152
163
116
0
0
0
0
0
0
0
3
72
238
292
338
262
123
0
14
0
0
0
0
0
0
702
0
4
426
1426
2426
2750
3755
4750
5750
6750
7750
8750
9750
10386
11389
11816
11567
12566
13254
13946
14320
15318
15694
16018
16343
17343
17978
18512
19511
20302
21302
22250
23250
22794
23794
24794
25794
26794
