0
52000
0
0
0
0
0
1000
0
0
0
769
241
0
0
275
717
0
0
0
0
670
0
0
335
0
995
0
0
0
0
0
999
0
0
0
0
0
3999
0
1639
363
0
998
0
2001
0
999
0
0
1001
0
0
956
0
0
51
0
994
0
0
0
0
999
0
0
170
836
0
0
0
0
994
0
0
1004
998
1001
709
1049
0
989
1087
1057
824
1185
847
964
1001
999
1001
999
1001
17998
4000
4000
4000
1000
1
999
0
0
0
1000
0
3000
70
0
931
0
0
0
0
0
1001
0
0
0
0
1002
0
0
0
0
999
0
0
0
1002
998
803
194
0
1000
0
0
0
1002
1061
0
997
1007
999
998
1002
998
528
313
1000
1002
1001
805
994
1003
1999
3998
0
1000
25000
3343
657
144
1
856
0
0
999
0
0
1004
0
0
0
1000
0
0
1001
0
0
0
998
0
0
0
1000
0
0
0
0
0
0
999
0
0
0
1005
0
0
0
997
1000
998
1000
998
1001
6999
0
1000
1002
0
1462
1536
2001
0
999
923
81
208
788
0
876
1
125
997
1032
1
999
1001
1000
1003
1002
647
688
993
1183
821
1000
1001
1409
624
766
249
1036
0
968
1010
989
1000
999
284
1000
1003
1001
2996
23000
7000
1000
1000
1001
1999
0
1000
2001
804
2195
0
4000
4859
2141
0
0
0
1000
0
0
0
0
227
0
326
316
0
1
0
0
0
0
1
1133
0
0
0
0
0
0
0
996
0
0
0
0
0
0
0
1008
0
0
0
1002
0
0
0
0
995
0
0
999
1001
999
1000
998
1003
999
1000
999
999
1000
1003
1000
999
1003
998
998
999
1002
998
1002
1000
1000
24000
2000
1000
0
1000
1002
3998
266
4
1068
663
139
862
0
247
745
8
0
999
1000
0
1002
998
0
1000
0
0
1
218
785
0
0
0
0
996
0
0
0
0
0
1005
0
0
0
0
999
0
999
1996
1000
4000
1
999
0
2001
1999
0
0
1000
0
1004
0
469
168
999
515
489
267
999
1003
2
998
1003
0
583
1003
0
1000
3999
4700
1300
1000
1000
0
1000
1002
999
0
1000
0
0
0
1000
0
0
2001
998
804
197
999
1003
0
1000
999
1000
155
853
1002
0
344
106
1004
0
999
44
1006
0
999
997
1001
1000
1000
1001
373
1004
0
998
833
1
1002
1000
236
1003
0
1001
999
824
1003
0
304
1003
0
998
78
788
1005
0
1002
998
1001
997
1001
999
732
1
1004
998
999
999
1001
1057
222
1004
0
1001
646
135
1006
0
1000
999
1000
131
1004
0
1000
997
1000
1002
999
1001
999
190
151
604
1270
0
1007
0
998
1000
998
1001
999
45
1003
0
1003
1000
999
999
999
1002
999
44
701
1003
0
1001
998
1000
941
1002
0
539
921
1004
0
1000
1001
999
998
63
1002
0
419
302
880
127
1002
0
1000
1001
998
1001
1000
1002
998
1002
1000
622
654
1004
0
1001
1000
998
1000
999
1000
1003
1000
676
1005
0
1001
998
1000
1001
1000
120
1004
0
223
741
269
1004
0
1022
498
510
542
367
1005
0
1000
999
1001
1001
1001
1000
706
1005
0
1023
1002
0
1004
998
1001
1000
999
998
1002
1000
1001
1000
13
1001
1002
1000
54
1004
0
1000
1000
999
1001
997
1000
1001
1000
1001
1000
999
1000
335
45
1003
0
1002
1000
1001
1000
1000
1000
1000
998
1001
1001
997
1001
998
1001
1000
167
389
617
644
364
1006
0
998
998
933
1004
0
1000
1002
1000
1018
0
1004
0
40
1006
0
998
999
1001
1003
999
999
999
1002
998
1001
999
1113
0
1007
0
1001
997
999
1001
1001
999
1122
0
642
843
1008
0
1000
996
998
1001
1002
998
999
1000
1000
1000
256
1004
0
1000
1000
585
1005
0
1001
1000
997
1000
1001
1001
999
999
1002
999
374
143
275
737
1006
0
1000
680
1004
0
998
1000
1002
848
51
111
1004
0
1002
998
1000
999
1001
1234
1000
1005
0
1001
999
566
651
1002
0
1002
1000
1001
998
1000
123
1007
0
998
1002
999
999
999
1000
1004
83
1004
0
1000
655
1006
0
1001
90
993
1002
1000
1000
1001
142
1004
0
1004
999
605
1005
0
999
1001
130
1003
0
1001
998
1001
1002
997
999
1002
1001
998
345
344
667
1006
0
1000
1001
998
999
1001
998
999
1000
1000
1001
999
1001
999
1000
1000
999
1001
1002
1000
997
761
1004
0
1001
997
775
1001
0
1000
4
1003
1000
998
11
803
1
1002
1001
1001
1000
995
240
1004
0
1002
1001
998
1001
998
1001
998
1002
999
1001
997
1002
999
1001
151
904
1005
0
999
905
997
1002
999
1000
697
1002
0
1002
1000
999
90
1004
0
146
1006
0
998
999
1001
999
1001
999
1000
1002
998
1000
1001
199
1003
0
1003
1000
999
676
991
1004
997
325
654
1003
0
1002
1000
998
999
1002
1000
998
1000
1000
55
1005
0
998
1000
636
1004
0
1002
998
999
585
693
393
621
1008
0
1000
999
999
997
1004
997
999
1000
1000
1000
1000
669
1003
0
1001
999
1000
1000
1076
0
1005
0
1001
625
771
997
1003
181
376
499
707
1004
0
1001
1000
999
999
999
1000
1000
1000
1002
999
999
42
427
579
748
191
820
127
1005
0
1000
1001
998
803
1004
0
1000
893
1005
0
302
1120
0
1006
0
998
999
1001
1000
1001
999
999
1000
1003
631
1004
0
1001
682
1005
0
1001
1001
999
1003
1000
997
1001
999
1001
997
1000
1002
1000
998
1001
1000
998
999
1002
999
1000
1000
1002
997
1002
998
999
1000
1002
1000
999
998
1001
1000
999
1000
1001
1000
999
1000
1002
1001
999
1000
1000
1001
999
1000
1001
1000
998
1001
1001
727
1004
0
1000
998
1001
999
1001
1000
999
1000
1001
999
1000
1001
29
1003
0
1003
1001
997
1000
1000
1001
72
458
550
658
1005
0
273
1003
0
1000
1000
1002
999
998
1001
1003
1000
1000
998
999
999
1000
1001
1000
999
917
1007
0
1001
995
1001
1001
998
1001
1003
998
472
314
1052
0
1006
0
1002
997
1000
1001
999
1001
1000
274
1003
0
1001
1001
999
1000
1001
1001
998
999
1001
1002
998
422
110
592
1008
0
997
1003
40
1004
0
1002
1001
997
1000
1001
999
999
1001
1001
158
520
489
646
1004
0
1000
1001
998
1000
1000
1001
999
999
1001
1000
998
775
1005
0
1000
1000
1002
1000
995
1000
1003
999
998
1001
841
1006
0
999
1000
999
1000
1001
999
1000
999
1000
1002
1001
999
998
1001
999
1000
1003
999
1000
816
1004
0
1000
999
1000
1000
1000
1001
1000
998
1000
1002
999
999
1000
1000
1002
541
1004
0
393
1004
0
999
1002
998
1003
997
1000
1001
217
1004
0
157
731
31
1004
0
1002
999
1002
997
1002
998
1001
1001
1000
1000
999
999
1002
999
1000
999
611
908
1006
0
1003
998
999
997
1003
1000
999
998
1000
1000
589
784
1004
0
998
999
1001
45
1003
0
1002
798
1005
0
250
1005
0
998
1002
1001
998
1000
999
1001
999
999
1001
135
1003
0
570
1007
0
999
1005
996
999
1000
999
1001
999
999
998
1001
998
716
1007
0
997
998
1001
0
1000
1002
1000
0
1000
1002
0
1001
999
998
1000
1001
723
1002
0
1000
940
66
670
335
217
735
712
290
227
392
881
122
264
466
1093
0
324
1006
0
996
878
651
1277
0
635
1001
0
1001
1002
998
76
258
203
87
999
745
910
97
364
271
217
1003
0
1000
999
1001
1000
1002
0
479
48
643
492
370
96
787
430
578
537
1003
0
999
453
552
237
998
1005
996
1000
397
1004
0
1065
0
1003
0
1047
0
670
1004
0
998
1001
998
1002
314
1002
0
1001
1008
227
778
40
1006
628
368
1006
999
0
489
1003
0
1000
321
995
555
719
50
1000
1004
0
903
1005
0
999
884
121
1006
0
1004
0
999
999
624
2001
998
441
561
934
245
255
1326
1000
933
1041
0
1003
0
1001
778
768
998
1003
1000
1000
117
890
501
1226
836
708
1160
999
1004
0
891
150
1038
631
371
1078
0
242
39
1001
310
248
1493
27
999
807
199
1001
0
1002
998
1001
0
1001
1003
999
999
1008
0
998
185
75
1001
0
582
719
488
48
251
353
358
1001
336
1
821
179
315
688
1002
0
1001
125
56
1000
1001
0
395
107
999
1003
0
1000
1000
198
804
330
88
909
96
1002
0
174
71
1001
1001
0
999
1003
240
759
44
1002
0
1002
351
211
999
1004
0
1998
490
579
1212
97
999
208
216
117
1996
1912
85
1775
225
1001
308
694
999
1231
771
724
20
586
417
233
1198
1000
894
113
434
702
1318
317
688
1510
264
1561
435
314
1313
0
543
1004
0
258
1725
271
1
148
572
1001
0
641
250
756
1006
995
682
318
1998
875
127
1003
0
949
1056
0
1999
994
1000
197
487
998
491
951
55
1001
1001
0
1003
998
890
1026
941
1026
600
1869
133
0
315
1029
165
111
1001
1003
0
1003
0
998
611
501
402
530
477
771
2002
0
522
1025
970
33
1005
0
851
1006
858
399
528
999
593
269
109
1001
1002
0
1106
999
296
37
256
749
2004
0
1514
484
0
659
1107
828
1171
1727
1
1186
0
735
360
1001
414
586
790
834
855
1145
223
779
2003
0
0
256
747
100
997
46
1000
416
587
294
708
956
1045
999
1684
0
320
1279
555
752
655
1779
176
47
430
1
676
368
1074
1522
0
1322
608
61
119
882
450
1003
0
920
1000
1002
0
746
262
423
1970
2024
0
1000
1003
0
1000
1006
850
123
2004
0
0
130
872
1005
0
997
1002
998
999
1002
460
1998
0
120
473
403
890
114
122
454
548
881
123
1004
0
1003
0
1405
594
698
1058
1000
1005
0
997
1002
761
75
501
1075
1000
1005
0
533
266
42
892
110
658
346
1619
999
1002
0
792
1005
0
999
1086
735
1266
0
1004
999
0
1003
0
852
150
1641
361
766
2005
0
0
70
1998
0
825
58
449
641
1579
733
269
462
1192
820
1155
999
1003
0
1000
837
658
110
892
1145
0
143
2002
916
1062
21
999
2008
0
992
640
362
1217
1276
640
1089
0
680
326
750
345
656
907
261
1000
1002
0
1032
1291
290
627
1373
473
530
699
307
784
481
504
1560
1
944
58
236
1000
1000
1002
998
2000
0
855
147
1003
0
1000
1004
994
1002
484
785
1775
1
1223
151
850
1001
1006
997
1995
1499
0
501
404
728
201
676
329
1001
621
1128
762
1242
0
310
698
1994
0
199
805
850
1003
0
2003
0
408
1136
989
921
1003
0
116
1003
0
1390
1465
320
895
107
2006
0
0
477
264
38
2915
72
13
1000
1001
914
90
1002
1002
0
1005
0
744
335
670
1002
0
1014
1000
1001
0
1003
1000
1004
0
1000
1998
0
791
750
256
996
89
478
524
338
1001
1001
0
1001
1001
1000
998
332
1001
0
714
288
999
1006
0
375
1997
266
571
1047
766
660
213
789
101
947
60
995
208
793
623
163
1000
999
2006
865
1
999
1000
1001
1003
0
225
501
1499
999
912
90
175
50
525
506
585
136
594
410
997
1000
1001
1002
1997
0
1226
2004
0
0
169
998
27
1001
1001
0
703
314
172
920
85
472
1002
0
36
1003
0
1000
1000
752
1999
0
1003
0
999
63
1000
1529
0
1286
0
75
1197
715
287
12
1001
269
577
707
1001
0
659
20
543
64
2001
0
999
805
43
827
178
884
119
2004
0
0
1004
0
1742
1259
0
630
1156
317
684
894
597
216
1001
0
576
946
2000
191
1000
1003
0
1000
1999
0
1004
0
1003
996
999
898
453
961
587
304
773
230
348
673
1001
377
919
1001
498
505
1964
40
0
1005
575
1240
1000
776
231
935
804
198
999
1002
250
437
1083
999
794
212
1000
2002
0
0
2001
0
1698
1096
830
173
1005
0
997
565
932
76
1002
819
429
578
528
1000
1002
1832
0
1985
1
1000
1003
0
1001
803
1935
2057
0
641
362
999
1001
999
1944
2053
0
1000
410
465
568
441
537
464
1750
93
1000
1003
999
0
761
240
1201
1000
1002
0
1084
0
223
100
1270
1357
666
1000
769
400
298
1001
1306
693
916
1005
0
380
1550
2561
0
0
1000
894
1110
0
1003
0
1000
1006
104
895
532
1186
1000
1494
212
1373
0
103
412
254
753
1002
0
588
843
1001
0
330
379
346
355
667
820
187
1001
1649
695
604
510
349
654
1004
0
2000
0
1526
1000
1005
0
494
1998
0
1956
734
824
41
1221
1000
575
430
92
54
621
215
790
1769
999
210
999
165
29
1004
999
0
999
1000
2003
0
811
187
1000
1002
746
878
1451
549
999
1817
103
1080
1000
1003
0
1001
0
540
711
963
1000
1001
0
271
1130
637
364
585
918
1070
1000
761
243
1006
1780
0
711
1146
1000
1005
727
1269
999
1002
0
1000
1002
688
1004
0
382
999
1000
1000
535
787
1224
779
0
1999
0
1491
511
61
1001
0
588
1001
1004
998
0
1003
0
548
1000
1002
0
442
563
77
104
891
425
578
1004
0
476
215
2005
0
994
468
1532
869
682
378
624
431
161
1887
108
1005
0
310
1002
0
736
267
32
323
482
3190
1000
0
0
414
590
108
263
1004
0
1006
0
997
1001
999
574
132
578
197
40
895
12
95
1998
0
68
187
754
335
675
1000
907
97
998
1000
1393
269
261
539
468
1998
0
810
1002
0
1001
2000
0
550
207
194
998
1003
957
1043
1000
1003
0
633
444
90
914
1003
0
1001
1003
0
999
2002
0
1008
0
435
1002
0
1709
421
1018
1005
0
223
1000
756
246
1001
1001
0
1000
1000
383
1228
82
999
831
174
619
1385
0
1005
0
1459
116
1000
1000
920
87
1
1004
0
1001
999
275
237
889
1058
0
401
602
944
212
796
2999
0
0
1000
274
1367
999
1005
0
91
1004
300
704
1994
0
448
1000
1096
999
129
258
604
397
1000
1000
1003
0
999
1003
996
1000
870
135
1002
0
782
1003
0
1000
999
1000
1003
999
0
1006
0
999
1100
999
1002
0
2002
0
1005
0
1000
394
2001
1206
187
607
139
864
11
845
162
591
1001
0
1002
0
6
31
894
109
701
944
58
1001
1002
0
999
1003
356
358
299
1000
1003
32
1084
999
1430
1
17
1374
401
910
1001
973
32
354
647
668
337
637
999
2080
0
1896
64
1043
0
39
1004
0
1001
420
623
827
659
1167
109
922
27
525
766
240
264
1001
1000
378
624
918
890
111
1001
0
188
1000
679
1217
1000
988
20
2004
740
0
1001
1004
0
998
250
1003
0
423
161
2001
0
374
631
507
499
1391
1999
1000
0
232
1
832
1006
0
997
999
1000
1999
1619
58
1322
238
710
41
1001
1
949
1050
86
917
1003
729
271
563
1002
1609
1174
1
1002
0
1003
0
1001
999
3997
0
0
638
364
999
341
666
365
1000
1004
0
998
1000
999
1000
1001
998
990
619
1020
1000
1005
0
1294
674
1004
0
1000
998
2001
1921
1
596
999
1003
0
479
999
632
1369
336
565
448
2400
0
1000
1001
1000
2003
996
0
1000
1002
0
1000
1004
1000
997
2000
1997
536
331
719
1280
1314
690
0
1004
1
997
420
2002
0
1004
0
1004
0
999
999
1000
1940
59
999
1001
612
834
999
640
363
870
1000
1000
1000
85
920
658
1000
842
567
2077
514
1690
312
0
442
273
762
428
1
2638
0
39
2001
0
273
2003
0
996
269
100
1003
0
1000
1002
1001
0
3998
0
0
854
151
1001
1002
0
875
1968
31
1936
1
65
1000
1000
716
288
1001
1003
0
1001
1001
659
295
707
1383
1934
0
70
598
1665
999
2002
0
0
1003
0
1002
2002
0
997
1001
2000
0
2001
0
0
1003
656
311
753
250
1000
1897
104
1002
563
437
1
1002
1999
0
359
645
1999
0
1822
1
1901
205
1001
1004
0
636
1629
4
1003
174
668
679
49
997
1000
1001
554
719
283
1006
614
1848
192
1594
0
341
381
477
578
2491
0
1000
1002
823
899
1102
999
751
1080
1000
962
43
184
780
100
1000
1002
0
2997
2000
0
0
732
1269
999
1004
0
187
328
54
587
1192
54
56
48
1000
145
860
1934
66
1000
1003
285
1000
2003
0
0
2877
120
870
1000
659
346
1330
669
533
706
1003
1001
0
1372
2044
0
2001
0
999
1004
0
1710
1455
0
184
1000
698
1041
999
2001
999
0
1000
1003
0
1000
999
96
1033
882
3118
1000
172
828
0
1831
0
173
998
1001
49
1992
0
689
314
1444
557
1493
290
857
190
394
35
1000
275
1196
1
126
876
999
2002
0
3996
0
0
1770
233
0
2001
0
1004
0
759
1002
0
1002
1000
1000
1780
161
1695
1
1287
537
999
645
358
1000
1011
506
498
1305
249
754
1999
0
791
216
995
717
999
112
1000
735
266
1190
1735
1
1000
1000
959
45
1113
535
466
1303
0
782
224
138
865
999
870
133
1997
1263
0
528
820
146
1003
0
1998
1879
122
0
1002
0
1001
1002
0
1997
2002
0
0
2000
0
1967
34
1999
0
1004
0
351
1332
3000
994
6
0
2003
0
0
1932
69
1003
0
1004
0
176
830
1497
1
1001
404
644
3372
650
350
0
1001
1000
1003
1000
0
1264
734
1216
1000
1003
0
1788
213
1001
0
2001
0
998
1001
1000
1000
999
573
430
1000
2003
0
0
1366
633
1135
999
1000
1002
0
1000
1858
142
2000
0
1002
0
950
2047
0
1000
1001
2002
0
0
2000
0
2000
0
1887
1
114
1478
1000
586
234
1000
340
661
257
744
1007
182
17
1512
340
999
668
335
880
1654
465
1001
1000
520
480
1
1000
1277
522
1511
259
1391
0
863
556
1445
999
1001
0
7
4
0
2
2
2
2
1
1
1
0
3
0
2
2
0
0
0
0
0
1
2
2
2
0
4
2
4
5
3
3
2
3
2
0
1
3
0
2
2
2
4
1
0
1
3
2
2
2
4
1
4
2
2
3
2
2
3
0
2
1
0
1
4
0
2
4
0
3
0
1
0
1
1
1
1
2
0
3
1
3
3
0
3
1
1
5
2
6
2
1
3
1
0
0
1
0
4
1
3
0
3
2
3
0
3
0
2
3
5
0
2
1
4
0
2
0
4
0
4
0
5
0
1
1
2
1
0
0
3
2
0
2
0
1
0
6
0
1
2
2
3
3
0
3
0
2
0
3
0
0
3
1
1
0
1
3
2
0
0
1
0
0
2
0
3
0
3
0
2
1
3
0
2
0
2
64
0
1
0
5
0
0
2
0
1
3
0
2
0
0
0
0
0
0
0
1
0
1
0
1
0
0
0
2
3
2
2
0
0
1
0
0
0
1
0
2
0
0
2
0
0
2
4
0
2
3
0
2
0
2
2
1
2
2
0
1
1
0
0
0
0
2
3
2
2
1
0
0
4
1
1
0
0
1
0
0
0
3
0
0
2
0
0
1
0
2
0
0
0
499
0
0
0
0
1
1
1
0
1
0
0
1
0
0
0
1
2
0
0
0
0
0
0
0
0
2
1
2
0
0
3
0
2
0
4
0
0
2
0
0
0
0
0
0
2
3
3
0
1
0
0
0
0
1
0
0
0
0
1
1
74
530
0
13
230
0
2
3
6
618
0
754
44
433
2
320
3
284
0
2
1
0
1
1
0
1
0
231
4
229
159
64
0
93
288
406
183
547
840
691
277
0
2232
2133
2034
1
1670
1571
707
138
483
1195
1096
0
1640
1541
341
216
899
160
338
482
103
244
654
0
758
117
164
3
0
2
0
1
0
1
0
3
3
21
0
0
1
0
3
4
0
1
2
0
2
1
2
3
0
0
0
2
0
0
0
2
0
1
0
0
2
0
0
0
2
1
0
0
0
0
0
2
0
0
0
2
0
1
0
0
1
0
2
1
0
0
2
0
0
274
106
1
0
1
0
3
0
4
4
0
2
0
2
0
1
3
2
1
0
3
0
1
1
4
0
2
7
1
1
0
0
1
1
2
0
0
0
2
0
0
0
2
0
0
2
1
0
0
0
0
0
0
0
0
0
6
0
1
1
0
0
0
0
0
1
0
0
2
0
0
0
0
0
3
0
2
0
0
1
7
2
0
0
1
0
0
3
5
1
1
1
0
1
1
0
0
2
2
0
1
0
0
0
4
2
0
0
1
0
0
2
0
3
0
88
467
51
693
1
0
0
69
3
4
2
1
0
0
0
0
4
1
0
0
1
1
1
0
1
0
1
0
0
0
4
0
0
0
1
0
1
3
1
2
0
0
0
0
2
0
0
1
4
0
2
0
6
4
2
4
1
3
0
4
0
0
1
1
3
1
1
0
1
0
3
3
3
2
0
3
1
0
0
1
0
2
6
3
0
2
2
2
2
3
0
0
0
2
2
1
5
2
0
2
1
4
5
5
0
2
3
5
3
4
0
3
4
2
2
2
2
1
3
2
3
0
0
0
0
0
0
2
2
1
1
2
0
2
1
2
1
0
3
1
2
0
1
4
1
2
1
2
0
3
1
1
2
1
2
1
3
0
3
1
5
0
0
2
0
0
0
1
0
2
0
0
1
3
0
1
1
0
1
1
0
2
0
0
0
491
0
777
600
277
1677
1578
270
556
0
2851
2752
2653
3
0
2747
2648
2549
0
0
0
4317
4218
4119
4020
3921
564
0
0
4617
4518
4419
4320
4221
499
410
0
0
0
5810
5711
5612
5513
5414
5315
368
507
2073
1974
1875
3783
3684
3585
3486
891
100
0
1874
1775
1320
1221
72
1524
1425
51
553
0
2
1
0
255
4
0
4
0
2
0
1
1
1
2
0
0
4
1
3
1
2
2
3
2
4
0
2
1
4
0
5
0
3
3
3
2
3
5
2
1
2
1
2
4
3
4
1
5
3
3
1
2
5
2
3
0
0
1
3
2
2
0
0
2
0
2
1
4
0
2
2
2
1
1
1
3
3
1
4
2
0
2
4
5
1
1
6
2
2
1
2
0
4
0
0
0
4
2
3
3
0
1
0
3
0
2
0
4
2
1
2
2
2
3
1
2
4
1
2
0
0
1
2
5
0
0
3
2
0
2
2
3
0
3
1
2
1
0
4
1
3
0
3
2
2
1
3
1
4
3
0
1
2
2
3
1
5
0
2
2
4
2
2
6
1
1
5
2
1
0
2
2
0
3
3
0
3
6
1
4
1
4
1
2
0
4
3
4
3
1
0
4
2
2
6
3
2
0
1
0
7
2
2
2
0
2
2
5
1
0
4
0
2
0
6
3
2
3
2
3
1
5
1
0
3
0
0
1
3
1
2
3
0
3
2
2
3
1
3
0
6
2
2
2
4
1
4
0
3
0
1
5
0
3
2
0
3
1
2
0
1
4
2
3
3
0
3
3
0
0
6
1
4
4
0
1
2
0
0
0
3
3
0
0
5
2
3
4
2
1
1
4
2
5
1
0
2
2
2
1
2
5
2
2
3
4
3
0
2
0
4
4
3
0
0
1
4
1
5
2
2
2
0
3
4
4
5
4
2
2
3
2
1
0
2
2
2
1
1
4
3
3
3
4
1
2
3
0
6
2
1
1
2
5
4
2
3
0
1
2
0
0
2
2
3
5
3
1
3
0
4
3
3
1
6
1
3
0
1
2
0
1
0
0
0
0
7
4
2
2
0
4
2
2
2
1
0
1
2
2
4
0
4
1
1
0
2
4
0
4
0
5
0
2
1
0
1
3
4
0
2
3
6
1
3
3
0
3
1
3
0
2
2
3
1
1
0
3
0
6
0
5
2
1
1
2
0
3
2
0
0
1
0
2
2
0
0
4
0
2
0
3
2
2
1
4
1
3
4
1
1
1
1
0
3
0
0
1
3
0
1
0
4
2
1
1
2
2
2
1
5
3
1
6
4
0
5
2
4
3
0
5
5
1
0
0
3
4
3
0
2
3
2
3
2
0
0
2
1
4
4
1
3
0
1
2
2
1
0
1
0
0
2
0
0
1
0
1
1
1
3
2
4
2
0
2
2
4
0
1
2
2
2
0
1
0
3
1
4
1
3
1
1
3
0
3
3
2
1
4
0
4
0
2
5
4
2
0
4
0
1
2
1
0
1
4
3
1
7
1
3
2
0
6
2
1
2
2
2
4
4
0
0
1
3
2
0
0
3
0
1
2
2
0
4
4
1
4
2
1
3
4
3
3
0
3
1
4
1
4
2
0
2
0
0
0
3
5
5
0
5
3
3
6
1
1
3
1
5
2
0
5
4
0
4
2
1
4
2
3
1
3
0
5
0
1
3
5
3
2
2
3
2
0
1
3
4
5
2
2
2
4
2
4
3
3
1
0
2
1
0
5
0
5
0
3
0
0
1
2
0
2
2
1
2
4
0
3
5
2
1
3
6
3
2
4
1
3
4
2
3
3
4
2
4
5
1
3
1
2
3
6
1
1
2
3
1
3
5
7
4
6
0
2
3
2
3
1
6
4
2
5
1
4
3
5
2
5
1
2
3
1
1
2
3
2
0
3
0
5
3
4
3
3
2
7
3
1
3
0
0
4
0
0
1
4
0
0
2
2
5
1
0
6
3
3
2
3
7
1
4
4
0
4
3
2
0
2
6
4
4
6
4
3
1
6
1
1
6
1
3
2
4
3
4
5
1
8
2
3
5
3
4
3
4
8
0
6
4
2
4
0
2
0
6
1
0
2
2
4
0
4
1
0
2
6
4
2
2
2
1
5
0
5
0
1
3
5
4
2
4
4
1
1
4
3
1
4
1
2
2
3
0
2
1
1
4
2
3
1
5
1
4
4
3
1
2
1
0
4
3
6
4
2
6
2
5
3
5
4
2
1
4
3
2
1
4
1
4
2
2
0
6
2
2
1
1
2
4
5
3
4
5
1
1
0
2
4
2
0
3
3
4
2
1
0
1
1
1
3
3
2
4
5
0
0
0
1
3
1
4
4
1
1
4
1
1
0
3
3
6
0
4
7
2
3
2
1
5
2
5
3
2
1
3
4
3
2
4
6
2
4
2
0
4
3
5
5
3
4
4
0
3
3
3
6
0
5
1
4
3
5
0
4
1
1
3
1
6
3
3
1
2
2
1
5
1
5
4
1
6
6
3
2
4
1
2
3
0
0
1
6
2
2
4
2
4
1
5
3
2
0
0
2
4
2
4
6
5
4
3
1
2
5
1
5
4
2
4
5
1
4
3
4
1
1
1
1
5
2
0
2
1
3
2
4
0
4
0
4
3
3
6
3
2
5
2
0
2
1
2
5
2
2
8
0
1
2
1
3
2
0
3
0
2
5
6
2
4
2
0
5
3
4
0
3
0
3
2
2
4
2
3
2
3
3
2
3
0
0
1
2
5
2
4
0
4
3
0
1
2
5
0
4
3
3
4
1
3
5
8
4
6
3
3
5
4
2
5
3
4
4
0
5
2
2
1
1
1
3
0
3
3
0
1
3
3
2
1
3
1
0
3
1
3
2
2
3
2
2
2
3
4
6
2
2
6
7
0
3
2
6
2
2
0
2
5
4
7
4
3
6
5
3
2
1
1
1
2
3
2
1
6
0
6
3
4
0
2
4
1
7
0
3
2
5
3
3
2
3
3
0
0
5
4
2
1
2
1
1
1
0
1
5
1
7
5
3
5
4
4
0
0
3
0
1
3
1
4
0
6
1
3
4
4
3
4
0
4
2
3
0
0
4
4
3
0
4
2
3
2
3
2
6
1
6
2
1
3
2
3
5
2
3
3
3
2
6
0
6
3
5
2
3
3
1
0
2
0
2
0
6
0
3
1
1
4
1
0
2
1
0
2
0
4
3
2
0
3
5
2
0
2
1
3
5
0
5
0
3
4
2
3
5
7
2
5
0
4
4
0
0
2
4
6
5
2
3
6
2
1
0
2
2
1
3
2
1
0
2
3
2
2
3
1
2
3
4
2
3
3
2
3
0
0
1
4
2
4
0
3
3
5
3
2
4
5
3
3
1
4
1
3
5
3
3
2
3
1
4
3
1
2
2
1
3
3
3
0
3
2
2
4
0
4
1
2
1
2
1
0
1
3
4
6
1
2
1
2
5
2
3
1
4
2
2
4
6
4
3
5
3
1
1
5
4
0
2
10
1
2
2
2
1
3
4
4
4
3
3
4
0
2
1
0
3
3
1
1
1
1
2
2
3
1
1
1
5
4
4
3
5
3
0
7
3
3
2
5
2
6
3
1
1
2
3
3
5
4
4
2
3
6
2
1
4
3
3
2
2
4
2
1
0
1
1
1
7
3
2
2
2
6
0
1
1
4
1
2
3
3
3
2
3
4
2
4
3
1
6
3
2
1
5
2
6
0
4
1
3
3
4
1
4
7
3
2
4
5
3
1
5
1
4
4
0
2
0
3
0
3
0
0
2
0
3
2
0
1
3
2
3
1
3
4
1
7
0
5
7
2
2
0
0
4
0
5
0
3
5
5
3
1
6
5
2
3
2
3
1
4
3
0
1
3
3
4
2
2
2
4
1
2
1
4
2
0
3
7
0
3
7
2
3
5
5
1
4
3
5
2
4
4
3
2
1
3
1
4
2
3
4
2
2
3
2
4
4
4
1
6
3
0
6
1
2
1
3
4
0
2
2
5
1
2
4
3
0
1
4
4
3
4
6
0
3
4
1
0
2
4
3
2
5
3
2
3
0
3
1
0
6
5
3
3
0
6
0
3
4
2
5
4
3
4
3
3
1
2
5
1
1
7
3
4
0
5
2
4
1
1
1
3
2
0
1
0
9
1
5
3
5
2
5
5
4
0
1
5
1
5
2
3
2
4
4
1
4
2
3
4
3
2
1
4
8
5
3
1
1
3
2
1
3
0
4
1
4
2
3
3
2
3
3
1
2
2
1
2
3
3
3
1
4
1
4
2
7
2
4
4
2
1
4
1
3
2
5
2
3
3
0
3
2
5
2
4
6
6
4
3
0
4
3
1
0
2
4
1
0
5
3
1
2
4
2
1
3
1
4
3
3
4
3
3
5
2
4
4
2
2
2
3
2
2
1
1
4
2
1
0
1
2
2
3
2
5
2
5
2
0
0
2
1
2
1
2
3
3
4
3
2
3
1
1
2
1
2
1
3
4
2
6
2
1
1
4
4
0
0
6
1
4
2
4
2
2
4
2
6
1
1
2
4
2
4
3
3
2
4
1
0
1
3
4
10
4
4
5
0
4
4
0
0
4
3
4
6
6
2
5
4
3
1
3
0
5
4
3
2
2
1
1
5
0
8
2
5
3
3
5
2
3
3
4
2
0
2
3
3
2
2
1
4
3
0
5
5
0
2
2
4
5
2
4
1
2
4
1
3
0
2
5
1
2
3
2
3
4
1
0
5
1
1
4
1
4
1
2
2
3
6
2
4
3
3
3
2
5
3
3
3
1
3
3
4
0
2
1
4
3
0
3
3
0
3
2
2
4
2
1
5
3
0
0
2
4
3
3
7
1
7
1
2
3
1
2
4
2
2
2
0
0
3
4
1
5
4
3
2
4
2
2
5
3
7
4
3
3
3
0
2
0
1
2
0
5
1
0
2
1
3
3
5
4
3
4
2
5
6
4
1
2
0
2
4
2
4
4
6
3
3
3
0
3
3
3
3
0
3
2
0
4
2
2
6
4
7
3
3
4
4
4
6
3
4
3
0
4
0
2
3
1
3
3
1
1
4
0
3
3
2
1
4
1
5
4
3
2
3
2
1
3
5
2
5
2
4
2
2
0
1
2
3
2
0
1
1
4
4
2
0
3
2
7
2
4
4
1
5
0
4
2
5
1
4
1
4
4
0
2
1
3
1
0
3
4
3
4
5
3
3
3
1
3
3
4
1
3
3
5
3
5
0
3
1
1
2
4
1
2
5
4
6
1
3
1
1
4
4
4
5
3
3
1
2
2
5
4
4
6
4
2
0
3
0
4
1
0
2
0
3
2
1
8
1
2
2
3
3
3
4
1
3
3
3
3
4
4
3
3
5
4
6
4
0
3
4
5
2
6
2
0
1
2
0
5
1
2
0
4
4
7
2
1
6
4
1
2
4
4
3
0
3
4
3
0
0
6
3
2
1
2
4
3
4
3
3
3
3
7
2
1
4
6
2
0
2
1
3
2
3
2
1
5
3
2
0
4
1
4
3
4
3
4
3
2
3
4
3
1
4
3
4
2
0
1
3
2
4
5
3
4
3
5
1
5
4
1
4
4
3
0
5
6
3
4
4
5
4
0
4
3
1
2
0
5
5
3
1
2
4
6
0
3
1
0
1
2
2
2
2
0
3
4
4
4
3
1
1
0
3
2
2
0
1
3
4
3
4
1
2
2
2
4
3
3
5
6
3
4
7
2
5
4
4
3
3
2
1
3
5
3
3
2
2
2
4
5
3
1
5
2
1
3
4
7
1
4
3
2
2
3
0
4
3
2
3
5
2
5
1
4
2
2
3
3
3
4
3
5
4
5
3
2
3
5
3
4
2
3
6
2
1
3
2
1
0
0
1
3
5
2
3
3
2
2
3
3
5
4
4
5
5
3
1
5
2
3
2
0
4
6
0
1
3
2
5
4
5
2
5
3
4
2
3
3
3
2
3
4
6
3
5
0
4
3
2
5
2
4
3
0
1
2
1
2
4
2
4
2
1
9
3
3
9
5
2
1
2
6
3
2
0
6
0
2
4
1
0
1
6
2
4
1
3
6
8
4
4
2
6
4
4
2
2
2
4
2
0
3
0
3
2
4
2
3
5
3
6
3
6
6
4
4
2
2
4
1
2
1
0
1
2
0
4
0
6
1
2
4
3
6
2
3
5
3
3
0
1
5
0
3
2
5
3
2
5
1
4
2
3
3
2
4
2
2
5
4
2
1
1
2
4
3
4
6
2
4
3
3
5
6
1
4
6
1
3
5
2
4
5
5
6
5
4
3
5
2
4
4
5
2
1
6
3
2
0
5
1
3
2
2
3
0
2
5
4
1
3
3
2
3
3
0
5
1
5
3
1
3
0
2
1
5
2
3
5
0
5
6
3
5
2
4
4
2
5
5
2
4
4
3
5
6
1
2
0
3
1
1
3
1
2
2
1
4
0
5
0
4
6
1
2
4
4
2
2
3
1
3
2
3
6
3
0
1
3
0
1
3
2
2
1
3
2
5
3
5
4
2
0
2
0
1
3
4
4
3
5
0
0
1
0
5
2
1
1
3
2
1
2
3
0
2
5
0
2
1
2
0
2
6
3
1
2
5
1
5
0
3
3
0
3
5
3
6
1
2
6
3
5
3
5
4
9
2
2
3
1
4
3
1
2
2
1
2
0
2
3
2
3
1
2
3
2
2
7
4
3
3
4
4
0
3
4
1
2
4
5
3
4
3
0
0
2
3
2
3
2
1
2
5
6
3
5
1
4
3
1
5
0
4
6
2
5
0
3
1
2
1
3
1
0
1
3
2
2
0
5
2
6
3
4
1
6
0
2
4
1
4
3
0
2
1
3
1
1
6
0
3
4
2
8
7
9
2
5
2
7
5
5
2
2
5
0
4
4
2
2
1
0
4
1
7
4
1
2
1
2
0
4
4
3
2
3
4
4
1
4
1
4
1
3
1
0
0
1
4
2
1
6
4
3
4
4
3
3
5
2
5
1
0
3
2
0
2
1
2
4
0
0
1
3
4
4
3
1
2
5
5
3
2
4
3
1
3
1
0
2
1
3
1
2
0
0
3
4
5
3
4
4
2
2
4
2
1
2
2
3
2
6
0
5
0
2
2
1
4
5
3
7
3
3
6
4
4
1
4
3
1
0
6
4
0
2
1
5
3
1
4
3
0
2
0
3
2
1
3
1
3
5
2
2
6
7
4
5
7
2
3
3
3
1
1
3
2
0
1
0
3
1
3
5
1
4
7
1
0
8
0
5
1
4
3
3
2
0
2
3
2
3
4
2
4
2
2
3
2
4
0
2
3
4
8
3
3
4
2
2
1
3
0
3
0
2
3
1
3
3
3
3
5
3
6
2
4
1
2
4
1
3
3
1
3
3
1
0
1
3
0
0
4
1
1
1
3
0
0
0
5
2
0
1
1
4
1
5
4
4
2
3
0
5
4
4
5
6
3
3
4
2
3
2
1
4
0
1
4
1
3
2
2
5
4
0
4
3
1
5
5
4
0
3
1
2
2
0
5
2
1
4
3
2
2
4
3
6
3
1
0
4
2
5
2
3
4
2
4
3
399
1399
2399
3399
4399
5399
6399
7399
8399
9399
10399
11399
12399
13399
14399
15399
16399
17399
5800
2856
2757
2658
0
933
1057
958
59
2
