0
56000
0
1000
0
0
0
0
1
741
263
996
1000
0
0
999
0
0
0
584
1416
0
0
0
1433
1
569
0
0
0
998
0
0
0
0
0
1005
998
0
0
0
331
670
0
0
0
0
0
995
1005
0
712
285
0
132
867
0
0
0
0
0
582
422
0
0
0
0
0
995
0
0
1005
0
997
0
1
998
0
0
1000
1004
999
1002
998
998
999
1003
998
999
1002
0
999
1000
1001
1000
1001
999
999
916
86
503
1000
1003
1997
1000
0
1000
986
19
1004
0
1000
997
1000
1000
1003
343
658
997
1002
1228
1000
1000
1000
1002
0
1002
999
115
1000
1000
1001
1002
1000
998
1000
1002
998
1000
1000
1002
2998
0
0
1000
1002
1999
999
0
1000
1
1001
1003
1001
767
4000
0
0
0
1000
1003
0
1002
999
999
998
1000
1003
1999
0
52
999
1000
1001
0
2002
1997
1
999
1001
0
2003
996
1000
1001
1001
999
1000
0
73
1005
0
998
30
1002
103
896
1000
156
81
1000
1002
0
999
1001
1001
998
334
993
1001
999
1000
1002
0
1001
1001
2996
0
1000
764
84
2999
0
1000
1002
0
1001
842
1996
997
1000
1003
0
39
1002
999
0
724
1001
0
1002
998
581
2001
1
1000
1003
0
1871
126
1001
343
427
581
1001
0
1003
3996
0
0
1000
765
240
996
1001
999
1000
354
647
512
764
1000
87
1997
997
560
1285
212
368
999
1801
199
1000
825
178
998
1001
1000
1000
550
3000
1000
0
0
1000
1002
1000
0
450
555
3000
0
0
1000
682
328
541
1000
2000
0
2002
0
1999
0
0
2001
0
1596
999
1
1000
467
998
1000
2003
0
1002
0
999
342
1000
1001
0
1002
999
1998
1000
1001
0
1000
1002
998
1000
502
1000
1003
999
0
1060
1
787
320
689
2003
997
750
119
1000
1000
2000
1000
0
1001
0
300
1002
0
999
395
556
765
908
994
1005
999
999
998
1002
1000
998
292
81
1003
0
1001
1004
998
999
998
1050
0
66
947
1006
0
999
479
159
1005
0
1000
1002
61
1007
0
1002
999
1001
998
999
900
990
1044
960
1064
936
1000
1033
1004
1000
585
4378
0
0
0
1037
1008
0
1001
1000
1043
958
1028
781
1171
0
1879
0
427
1191
1544
0
959
1039
1004
999
1249
396
3473
0
0
0
687
1011
989
1009
1003
1001
998
998
1001
1001
1026
972
1066
997
2331
0
0
1365
1334
0
970
1044
966
1033
995
1049
952
1005
994
1038
999
1019
1403
1357
2512
0
0
1484
1155
0
1047
0
1134
859
1059
1596
1261
1120
0
923
1039
1038
1596
2195
0
1139
0
1077
0
966
1000
996
1002
1004
1067
1037
565
1312
2118
0
0
958
1037
898
1028
970
1001
1032
968
1031
969
999
1034
967
1000
999
1001
1001
999
999
1001
1001
999
999
1001
1001
999
999
1001
1001
999
999
1001
1001
999
999
1001
1000
1000
999
1001
999
1001
999
1001
999
1000
999
1001
999
1000
999
1001
1000
1000
999
1001
999
1000
1000
999
1001
1000
1000
1000
999
1001
1000
1000
999
1000
1000
1000
998
1001
998
1001
1001
1001
998
1002
997
1003
999
1002
997
1001
1002
1001
996
1001
999
1003
997
1001
999
1004
996
1001
1001
1001
997
1001
1000
1002
997
1001
999
1003
997
1001
1000
1001
997
1002
1000
1001
997
1002
999
1002
997
1002
1000
1001
997
1002
999
1002
997
1002
1000
1001
997
1001
1002
1001
997
1002
998
1002
998
1001
999
1002
998
1002
999
1003
997
1053
947
1870
1133
0
994
1040
961
2194
0
1196
1064
1036
980
531
781
1005
0
999
1002
999
1000
1542
476
379
1693
0
1311
0
1008
0
998
1000
999
1000
1001
998
1001
1000
1001
998
1032
969
1045
727
1005
1498
1333
1133
0
752
995
1007
1131
867
1000
1522
1315
1555
0
1282
200
801
343
22
995
1125
883
1520
1367
1105
0
1007
0
1001
998
1001
1226
774
1654
1036
1005
0
2084
0
0
2099
0
824
1000
998
1001
1001
1000
998
1701
1299
0
1007
0
998
1001
1000
1320
1068
785
1295
1524
0
1967
1070
0
936
1001
1001
1001
999
1895
1819
0
1284
0
1007
0
999
1001
999
1984
1011
1006
0
999
1001
1034
961
1981
1480
0
433
1122
0
2187
0
1912
0
1161
0
1008
0
1000
1030
1095
1423
1094
1504
0
1032
632
2164
0
1860
0
1352
1161
660
1036
1452
0
259
1195
1442
1541
0
1525
1754
0
1325
0
1
1108
1078
988
876
598
1976
0
1165
0
914
1892
2019
0
1127
0
763
434
804
2196
0
1947
0
805
3197
0
0
0
810
1002
1001
999
1249
432
2039
0
1607
0
1040
1065
1523
0
1030
0
1839
1852
0
1287
0
1007
0
1002
1000
1000
999
1000
999
1002
999
999
1000
1002
998
1921
910
1447
0
574
439
476
502
581
663
1031
0
978
998
1003
998
1001
998
1000
999
1003
996
1002
1000
1001
997
1002
1140
0
1010
0
997
1001
998
1003
998
1002
998
1001
999
1001
1002
998
999
1001
998
1002
1001
1001
997
1001
1001
999
999
1001
1001
999
1000
1000
1001
999
999
1003
1001
997
998
1003
1000
999
998
1002
1001
999
998
1002
1002
998
998
1002
1001
998
998
1002
1098
0
1008
0
1001
999
998
1002
1001
998
999
1001
1002
999
1013
0
999
1003
997
1002
1001
1000
1001
998
1003
997
999
1003
1000
997
1000
1002
1000
998
1000
1001
1001
998
1000
1002
1000
998
1000
1002
1000
998
1001
1000
1001
997
1001
1001
1002
997
1000
1000
1002
1084
0
1009
0
1000
998
1000
1001
998
1003
998
1000
999
1000
1003
999
998
1000
1001
1002
998
1000
1000
1003
998
998
1001
1003
997
999
1001
1002
997
1001
1058
0
1006
0
1001
1003
996
1000
1003
1001
997
1000
1001
1002
997
1002
998
1063
0
1007
0
1002
997
1000
1002
1002
997
999
1002
1002
999
17
914
174
1000
998
1004
1002
999
998
1002
1003
994
1003
999
1004
36
1007
0
1002
1069
0
1009
0
1000
998
1001
1003
996
1100
0
1008
0
1013
0
1001
999
1053
0
1007
0
346
1268
0
1006
0
1001
1002
999
1232
0
1009
0
998
1003
999
998
261
1061
0
830
183
989
1007
998
1000
68
1006
0
999
1001
1002
998
999
1001
1002
1000
997
1001
1003
998
998
64
989
1006
0
1286
0
1006
0
1002
1001
998
1001
999
1002
999
998
1004
99
1034
1007
0
1001
999
999
1001
1002
998
999
272
1160
0
1008
0
1001
1001
997
1068
944
1020
1092
0
846
1160
0
1009
0
1001
998
1000
1002
1000
998
1001
1000
1000
998
1003
999
1002
996
1001
1003
998
999
1001
1001
1001
998
1000
1001
1096
0
1008
0
1001
1173
0
1009
0
999
1002
1001
998
999
1002
1001
999
998
1152
0
1008
0
1002
1167
0
1009
0
73
985
1008
0
1001
1001
997
1001
1002
997
1000
1001
1001
1000
999
1000
1001
1001
998
1000
1000
1002
997
1000
1051
0
1008
0
1001
1001
998
1000
1002
1001
997
1088
0
1008
0
1002
1000
998
1000
1000
1001
999
1001
1001
999
1002
997
1000
1002
999
999
1000
1002
999
999
82
988
1006
0
1053
0
60
996
1000
1005
1001
1000
23
1001
1000
999
1000
1001
1000
999
1002
999
1000
999
1000
1001
1000
1001
1063
0
1005
0
1000
1004
996
1001
1000
1001
999
1000
1000
1218
0
1006
0
1001
1000
999
999
1003
998
1000
999
1004
997
999
999
1000
1001
998
1000
1000
1002
1133
0
939
70
86
1000
1002
0
1001
999
1002
1000
1001
998
1001
999
1001
999
6
999
1000
1000
1001
999
1001
999
1030
1004
0
1000
1003
997
1001
1001
1143
0
1004
0
1001
1001
999
999
1001
86
992
86
995
1063
0
1005
0
999
1001
999
1001
1087
0
61
999
912
99
1005
0
998
237
51
775
1227
0
1005
0
999
1001
999
1002
1115
0
1005
0
999
1001
89
992
1000
1044
1004
0
1001
1000
1000
1001
27
1000
965
45
104
1001
23
1003
0
1002
999
1001
999
1001
1000
1000
1071
0
1004
0
1001
1000
1000
999
1000
1000
1001
999
1000
1000
1001
1000
1000
999
1001
1000
1001
998
1000
1001
1217
1069
37
1133
162
369
126
807
169
90
27
821
185
994
1000
26
1002
0
1002
1002
998
1000
68
1001
0
1002
1002
98
1003
0
1001
1001
999
1000
1000
1002
34
789
219
994
1002
1000
1001
1001
998
999
1000
1000
1003
998
999
1001
132
995
1003
0
1001
202
120
996
1002
0
661
1202
1000
907
1031
1001
1002
0
1000
1000
1001
999
1000
1156
0
1003
0
1000
1002
930
84
1003
0
1000
1000
1000
1252
0
880
126
1001
1001
0
1001
1152
999
1003
0
1060
999
1003
0
1000
999
1096
0
1002
0
1000
1001
44
1000
1001
1002
0
1089
999
1003
0
999
1002
998
1001
999
1000
1000
1001
999
1000
1000
1001
85
1001
1002
0
999
1000
1000
1001
999
133
183
1000
1002
0
1000
1001
999
1000
1000
994
1017
1000
1003
0
999
1001
999
1001
999
1000
1000
1001
999
1000
1000
1001
999
1000
1000
1000
1000
1001
0
1000
1000
1001
0
1000
209
1000
1001
0
1000
1001
0
1000
1000
1001
0
23
1000
851
152
1000
1001
751
868
986
1000
1001
1001
0
1000
1001
0
1000
1000
1002
0
76
1001
1002
0
999
1000
1002
0
999
1000
1000
1001
1001
998
1000
1001
999
1000
1002
0
999
1000
1002
0
22
1001
714
290
999
1001
1001
0
1000
1000
1002
0
999
1001
1002
0
999
1000
1000
1000
1000
1216
954
47
1000
1001
1002
0
1001
999
999
1001
999
1000
1000
1001
999
28
204
1001
927
1076
0
1002
0
1000
1000
1001
999
1000
1000
1001
999
1000
31
513
571
273
470
1000
1000
872
131
1000
1001
1000
861
1138
999
1001
1001
0
1000
1001
0
1000
1000
899
1029
1000
1000
1001
1001
0
883
118
1000
1000
1111
999
1002
0
734
74
33
709
696
401
445
307
1000
1000
1001
1000
1000
1000
1000
1000
1000
1000
1000
1000
1000
1000
1000
958
43
1000
699
1058
1000
1002
0
1000
1000
999
1001
0
0
0
0
9
0
0
0
7
0
0
0
5
0
0
0
0
0
0
3
0
0
0
2
0
0
0
6
0
5
137
188
112
501
218
644
230
573
432
224
522
371
641
268
692
464
483
404
588
345
614
389
431
841
373
323
243
369
447
271
446
127
270
255
269
257
269
22
0
1
0
0
0
2
0
0
0
2
0
0
0
5
0
0
0
6
0
0
0
206
118
184
738
135
235
0
0
0
0
0
0
135
346
394
305
382
356
719
421
508
474
862
527
0
841
706
86
344
0
739
194
0
1829
1799
328
447
455
2515
2485
2455
712
374
2285
2255
2225
1976
1946
1736
3584
3554
3524
3494
301
2408
2378
2348
2198
2168
2138
3388
3358
3328
3298
0
7876
7846
7816
7786
7756
7726
7696
7666
5861
5831
0
4888
4858
4828
4798
4768
6460
6430
6400
6370
6340
0
945
1279
1249
8457
8427
8397
8367
8337
8307
8277
8247
8217
280
1901
1871
806
0
8969
8939
8909
8879
8849
8819
8789
8759
8729
8608
2549
2519
2489
2356
2326
2296
949
2895
2865
2835
7175
7145
7115
7085
7055
7025
6995
1445
1415
4528
4498
4468
4438
4408
5055
5025
4995
4965
4935
4905
10973
10943
10913
10883
10853
10823
10793
10763
10733
10703
10673
10643
7805
7775
7745
7715
7685
7655
7625
7595
12564
12534
12504
12474
12444
12414
12384
13222
14296
14865
20856
20857
20858
20859
20860
20861
21890
23016
24936
24937
25340
26340
27340
28340
29340
30340
31340
32340
33340
34340
35340
36340
37340
38340
39340
40340
41340
28328
29328
42976
42977
42978
42979
42980
42981
42982
42983
42984
42985
42986
42987
42988
43328
44328
45328
46328
47328
48328
49328
50328
51328
52328
53328
54328
55328
56328
57328
58328
59328
60328
61328
62328
63328
64328
65328
66328
67328
68328
69328
70328
71328
72328
71470
72438
73375
74345
75313
76253
77190
78158
79128
80127
81096
82066
83034
82857
83857
84856
84059
85058
86994
86964
85454
86361
87113
90560
90530
90500
88107
89106
91675
91676
92106
94799
94769
93691
94680
95680
96680
97680
98680
99680
100680
101680
102587
103557
104463
105464
106463
107401
108308
109154
109781
110785
111657
112628
113627
114626
115626
115696
116697
117572
118573
119572
120572
121572
122572
123572
124572
125572
126572
127572
128572
129572
