3.66975
3.2
4
3.36
3.04
3.2
4.48
4.64
2.4
3.2
4.16
2.88
3.36
2.88
2.88
3.68
3.12
1.76
2.72
3.84
3.52
4.48
3.84
4.32
3.04
3.2
3.04
3.36
2.56
3.04
2.24
1.6
3.36
2.72
2.24
4.16
4.64
2.4
2.56
3.84
2.88
3.52
3.04
3.2
5.6
3.2
4.4
4.8
3.36
2.56
3.52
2.72
3.36
5.12
2.88
2.4
4.16
5.28
3.36
4.8
3.84
3.52
4.16
4.96
4.8
4.48
4.8
4.32
5.12
3.2
4.64
3.52
4.48
4.8
3.84
6.72
5.44
2.88
6.08
6.08
3.84
3.68
5.44
2.88
4.8
2.4
5.44
4.8
3.04
5.12
3.52
4.32
5.92
4.32
4.64
4.96
4.8
5.44
4.32
4.16
4.32
5.76
5.28
4.96
3.68
6.24
3.68
4
3.52
5.28
4.64
3.68
4.8
4.16
5.76
3.2
5.28
4.48
2.56
5.6
3.84
4.48
5.12
5.28
4.48
6.24
2.88
3.36
5.12
5.28
5.92
4.64
4.64
2.88
5.44
5.28
5.92
4.88
6.24
4.64
3.52
3.68
4.96
4.64
6.08
3.68
1.92
4.32
5.44
6.56
3.2
4.16
4.48
3.84
4.8
6.24
4.48
4.48
4.8
6.4
2.88
3.04
6.56
4.96
4.32
2.24
2.4
5.6
7.52
2.56
3.84
5.28
5.44
5.28
5.6
4
4.96
5.44
5.44
3.36
5.28
4.96
6.24
3.2
2.08
5.44
4.96
4.8
4.48
4.64
4.96
3.84
6.4
4.32
5.12
4.48
3.84
5.76
5.76
3.36
5.6
4.96
5.76
2.56
3.52
5.6
4.32
3.04
5.92
5.12
4.64
4.8
5.92
3.2
5.28
3.36
6.08
4.96
3.68
2.88
3.68
4.64
5.76
3.52
4.64
4.32
3.68
5.44
4.48
4.48
4.8
3.52
4.64
4.48
5.76
4.96
3.2
6.08
4.8
4.8
4.16
5.6
1.6
5.44
4.96
3.2
5.12
4.48
4.64
5.44
3.52
5.12
6.24
4.8
3.2
6.24
3.36
4.64
5.12
4.96
4.48
4.64
3.2
3.52
5.6
3.52
4.32
4.8
3.68
3.68
4
4.96
5.12
4.8
4.8
6.08
4.48
5.44
4.8
4.8
6.4
3.2
6.88
3.68
2.72
5.44
4.16
6.08
3.04
5.6
4.96
4
5.6
4.64
2.72
6.4
6.24
4
3.52
5.44
2.4
5.44
5.76
3.2
5.28
4.16
4
6.4
2.72
4.64
5.44
4.64
4.8
4.64
6.08
2.72
5.44
4.48
5.92
2.88
5.28
4.8
4.32
4.32
5.6
5.12
3.84
5.28
3.36
4.96
5.44
4.64
3.04
3.68
5.12
4.16
4.64
3.36
5.92
3.84
5.44
4.8
3.68
5.44
4.16
4.32
4.8
6.56
7.04
3.52
3.68
3.52
3.52
5.92
6.08
3.2
3.2
4.64
3.52
4.96
4.8
5.12
3.52
4.48
4.8
2.88
4.64
4.8
4.8
4.48
3.84
3.04
4.8
4.32
3.04
4.96
3.68
4.16
2.08
3.84
5.12
3.36
2.72
4.96
4.48
3.68
4.8
3.36
5.12
3.84
3.84
3.52
5.44
2.88
3.36
4.32
3.84
2.88
3.52
3.84
3.84
4.48
4.48
3.36
3.36
4.32
4.8
4.16
4.16
4.16
3.68
4.8
3.68
4.16
4
4
3.68
1.76
3.04
3.2
3.52
4.16
3.68
3.52
3.04
4
3.36
3.68
4.48
2.88
4.96
4.96
3.36
3.36
4
4.32
1.92
3.52
3.52
3.2
4
4
4
4.8
4
4.64
4.16
5.28
3.52
3.84
3.2
3.2
4.96
4.8
4.32
4.32
2.56
5.28
4
5.12
3.36
4.64
4.48
4.64
4.8
6.4
4.32
4
4.16
4.64
3.52
5.12
4.8
5.44
5.44
1.76
4.48
3.68
5.44
4.96
5.12
4
4.96
6.24
3.04
4.96
5.76
6.4
5.28
4.64
5.6
4.8
5.6
3.68
5.28
3.68
5.44
4.96
5.28
4.96
4.16
5.6
6.4
6.4
5.44
6.88
5.44
4.32
5.76
7.2
4.32
6.88
6.56
3.68
3.04
4.96
5.76
6.24
9.44
7.04
9.12
8
7.68
7.2
6.4
7.68
8.96
8.96
9.92
9.76
8
7.84
8
7.2
4.16
7.84
6.88
9.12
8.16
9.12
6.72
10.08
12.32
8.64
7.52
7.68
7.68
8.64
8.32
7.04
7.2
7.68
7.04
5.76
7.2
7.52
8.64
7.84
8.48
7.2
6.88
7.84
6.88
6.72
7.04
7.2
6.4
8
8.64
8
6.88
6.4
6.88
4.8
5.6
6.88
7.68
6.4
8
8.32
8.16
6.4
6.24
6.4
6.4
8.64
7.04
6.4
5.44
6.56
6.4
6.24
3.68
7.2
5.44
6.56
6.08
6.24
6.24
8.64
6.72
7.04
5.76
6.56
6.08
7.04
7.36
5.92
6.88
7.04
6.4
6.4
5.44
6.24
7.68
8
8.16
9.12
7.2
7.36
7.84
7.2
8.16
9.28
7.04
8.32
7.36
7.68
7.36
8.48
8.32
5.76
8.48
8
7.36
7.52
8.96
8
6.88
7.52
7.36
7.52
7.2
7.36
8.16
8.32
7.04
8.32
7.04
7.84
7.84
5.28
7.2
7.68
8.32
7.36
7.2
9.6
8.32
5.6
7.68
6.88
6.4
5.6
7.84
7.36
7.84
7.04
6.24
9.28
3.68
7.36
7.2
8
8.48
8.8
7.36
8.48
7.36
8.8
8.48
6.72
7.68
9.12
8
7.36
8.32
7.68
5.92
8
5.44
6.72
7.84
7.68
8.64
8
8.96
9.44
6.24
8.48
9.44
9.76
8.96
9.44
8.48
8.16
7.68
9.6
7.52
3.36
8.16
8
8.48
8.48
7.84
7.68
8.32
7.52
7.52
6.24
8.48
8.16
8.48
7.68
4.8
8
9.44
9.6
7.52
4
8.32
7.52
6.72
8
9.12
8.48
9.76
11.2
4.64
8.96
7.68
7.36
7.52
5.44
7.84
8.32
6.88
6.56
4.8
8.48
6.56
6.72
8
8.96
8
9.12
8.32
8.64
7.04
8.8
7.2
9.92
6.88
8.8
8.32
8.16
7.04
8.8
3.68
8.64
9.44
8.32
6.56
8
5.6
10.72
7.68
8.64
8.96
8.32
7.68
7.2
5.28
8.8
9.28
9.28
9.28
6.88
8.48
4.64
6.88
8.32
9.28
9.12
6.72
10.24
6.56
8.48
7.04
9.12
8
4.32
6.72
5.6
7.84
7.36
9.44
1.92
4.16
8.8
8
9.76
7.84
8.16
10.72
7.68
5.76
8.64
9.76
4.48
9.44
4.64
8.48
12.96
5.28
3.52
3.84
9.28
8.96
10.08
9.92
11.68
8.48
8.8
9.28
4.64
8.48
4.96
8.64
8.64
7.84
7.84
9.6
8.64
8.8
7.2
6.4
6.56
7.52
10.08
4.64
11.04
8.16
6.4
9.76
11.2
9.28
3.36
9.12
9.12
6.24
8.16
9.92
4
9.76
3.36
8.96
8.96
3.36
7.68
14.4
7.68
5.44
8.96
9.92
6.88
8.32
7.68
4.96
8.64
6.88
12.48
9.28
6.08
12.32
4.32
8.64
8
5.92
10.56
10.56
5.6
9.44
8.8
9.6
8.96
9.12
9.44
11.04
9.76
9.76
7.68
8.64
7.68
6.4
10.24
5.76
7.84
7.36
12
9.12
8.96
11.04
9.12
9.28
7.52
7.68
14.08
12.32
14.56
10.24
9.6
10.56
10.72
7.52
10.24
8.64
9.76
8.64
10.08
8.64
9.6
9.44
10.4
9.44
8.96
9.44
9.12
8.96
8.48
8.96
9.28
9.76
6.88
10.4
10.08
8.8
9.76
9.12
8.8
8
8.64
8.64
8.16
8.48
8.96
9.6
10.08
9.76
8.8
9.28
9.76
8.48
7.52
10.08
8.96
9.28
8.96
8.64
8.32
8.96
8.32
9.44
8.32
9.44
9.12
9.28
9.44
8.32
9.6
8.8
8.32
6.88
9.92
9.12
8.48
8.32
9.12
8.48
9.28
7.84
7.84
8.64
8.64
8.64
9.12
8.8
8.32
7.68
7.84
8.48
7.68
6.72
9.76
9.76
8.16
8.96
8.48
8
9.92
8.8
8.96
8.8
9.76
8.8
9.12
8.48
8.32
8.16
8.32
9.28
6.56
10.88
8.32
8.96
8.8
8.96
8.64
9.28
8.96
8.64
9.12
9.28
8.96
8.48
9.12
8.96
8.8
8.64
9.76
9.28
7.04
10.56
9.44
8.96
8.96
9.12
9.76
9.12
9.92
8.96
8.48
8.8
8.64
9.28
9.44
8.8
9.44
8.8
9.12
6.56
9.92
9.6
9.44
8.96
8
8.96
8.96
9.12
8.16
8.96
8.32
8.16
8
8.16
8.96
8
8.16
8.32
8
7.2
8
8.48
8.32
6.88
7.36
9.92
8.96
8.48
8.48
8.64
8
8.48
9.6
9.12
7.84
8.48
7.68
7.84
5.76
8.8
7.2
7.52
9.12
7.04
6.88
7.68
8.32
8.16
8.8
7.84
7.36
8.16
9.76
7.68
8.16
7.2
6.72
8.64
7.52
8
7.52
7.36
8.64
7.84
8.16
8.32
8.16
8.96
7.52
7.84
8.48
7.68
8
6.56
7.84
7.36
8.16
4.48
8.8
7.04
7.68
8
9.12
6.72
7.68
7.52
8
7.84
7.04
8.8
10.4
6.56
5.28
8.96
9.12
8.48
7.68
7.04
10.56
5.76
8.16
7.36
7.52
7.84
6.56
7.68
12
5.6
7.84
8.16
8.48
7.68
8
7.68
8.64
8.48
6.08
8.32
8.96
8.16
7.2
8.32
8
7.36
7.68
7.84
8.64
8.96
7.84
7.84
9.76
8.16
8.48
7.68
8.96
10.24
4
7.36
8.32
8.16
7.04
7.52
7.68
8.16
7.2
8.16
7.04
8
8.48
7.68
7.68
7.36
7.2
7.36
7.52
6.72
8
7.84
8.64
11.68
7.2
7.84
8.64
8.96
8.8
8.96
9.28
9.12
8.48
8.8
8.64
9.12
8.16
9.28
8
8.16
8.8
9.28
8.48
9.76
9.44
9.12
8.96
8.48
8.64
9.76
9.28
9.6
8.48
8.8
9.28
9.28
8.8
8.96
7.36
9.76
8.8
8.8
9.12
8.32
8.8
8.64
9.28
8.8
8
8
9.6
7.68
9.12
9.12
8.64
8.32
8.32
8.64
8.16
8.64
9.44
8.48
8.8
9.44
7.84
8.64
8.64
8.64
9.6
7.52
8.8
9.12
8.96
8.96
8.48
8.48
9.12
7.84
9.12
9.44
8.48
8.96
8.8
9.28
8.96
8.96
9.12
9.76
9.12
9.12
9.44
9.44
9.6
9.92
8.32
8
9.6
7.52
9.44
8.8
10.08
9.6
8.8
9.92
9.28
9.12
8.96
8.96
8.64
8.64
8.96
8.64
8.96
8.48
9.12
9.12
7.52
9.44
8.32
9.28
8.48
8.32
8.64
8.16
7.84
8.16
8.16
8
8.16
8.16
8.16
8.48
8.64
7.68
8.16
8.16
7.52
9.28
8.64
7.68
7.84
7.84
8.32
8.16
7.52
7.52
9.92
8.16
8
7.68
9.12
9.28
8.48
8.32
8.48
6.08
8.64
7.84
7.2
6.4
6.72
7.36
7.36
6.88
7.2
6.88
6.4
6.56
7.2
6.88
6.4
7.04
9.6
4.32
7.2
5.76
7.36
6.72
6.72
6.56
6.24
6.4
5.76
5.92
6.4
6.4
5.12
5.76
6.08
5.6
4.48
4.8
5.12
5.6
4
5.92
5.12
5.12
6.24
5.44
4.16
4.32
4.32
4
3.68
4.32
3.84
3.68
4
3.36
4.16
3.68
3.84
3.84
4
3.68
4.48
4.16
3.68
3.52
4.48
4.48
3.52
4.32
4.32
4.48
4.48
4.8
4.32
4.16
4.32
4.96
4
4.8
4.16
4.64
4.32
4.64
4.64
4.64
4.48
4.32
4.32
4.16
4.32
4
4.16
4.16
5.12
3.84
4.48
4.48
4
4.48
4.96
4
4.96
6.08
3.84
3.52
6.88
2.08
4.32
4.32
4.64
4
3.52
4.48
4.48
3.04
4
3.52
4.16
4
3.52
3.36
3.52
4.48
4
4.64
3.68
3.36
4.16
3.84
4.16
3.36
4
3.84
3.84
3.36
2.88
3.36
3.2
3.2
3.04
3.2
3.68
3.2
2.88
3.68
3.36
2.88
3.52
4
4.64
4.64
3.68
4
4.32
4.16
3.36
4.16
4.16
3.68
3.84
4.16
3.52
4.16
3.68
3.68
3.68
4
3.84
3.84
7.04
1.92
3.68
6.88
2.56
5.76
4.16
3.52
5.76
3.04
5.12
3.2
5.76
1.6
3.84
3.52
3.84
3.52
4
3.36
4.16
3.52
3.52
4
3.84
3.68
3.52
3.36
3.68
3.2
3.52
3.52
3.84
4.16
3.68
4
3.68
4.16
4.32
2.88
3.84
3.36
4.48
3.36
3.2
2.72
3.04
3.2
2.88
3.52
3.04
3.36
4.32
2.72
3.2
3.36
2.88
3.68
3.04
2.72
3.2
3.2
3.36
5.28
0.32
2.88
3.36
2.72
2.72
3.04
2.88
2.72
4
2.88
3.2
4.16
1.6
3.2
3.2
2.72
3.2
3.04
3.2
2.88
2.88
3.04
3.04
3.2
5.12
0.96
2.72
3.84
1.44
2.4
2.72
2.88
3.36
1.12
3.04
2.24
2.24
2.4
2.56
1.92
1.92
2.72
2.88
2.24
2.24
2.72
2.72
2.08
3.04
3.04
2.4
2.72
2.88
2.4
2.4
2.24
2.24
2.4
2.24
2.24
2.08
2.24
2.24
2.4
2.72
2.24
2.88
2.56
2.4
2.88
1.6
2.72
2.4
2.08
2.24
2.56
2.88
2.24
3.04
3.04
1.28
2.24
2.56
2.72
3.2
2.4
2.08
2.08
2.88
3.04
1.92
2.24
2.4
2.72
2.72
2.56
2.72
2.4
1.92
1.92
2.08
2.4
2.56
3.2
2.24
2.72
2.4
2.88
2.08
2.24
2.56
2.4
2.08
1.76
1.76
2.08
1.92
3.04
1.76
1.6
1.92
1.6
2.08
2.08
2.08
1.76
2.24
2.4
1.92
1.44
2.08
2.88
0.8
1.76
1.92
3.2
1.6
2.08
2.08
2.4
2.24
1.76
2.4
2.72
1.92
2.4
1.76
2.08
2.24
2.08
2.08
2.72
1.76
2.08
2.08
1.92
1.76
1.92
2.08
2.72
2.72
1.6
1.92
1.76
1.76
1.76
2.4
1.92
1.6
1.92
1.6
1.92
1.92
1.6
2.08
1.76
0.96
1.44
1.92
1.28
0.96
0.64
0.48
0.64
1.12
0.96
1.6
1.6
1.6
1.6
1.44
1.76
1.44
1.92
0.96
1.6
0.96
1.44
1.6
2.08
1.44
1.28
1.76
2.4
2.24
1.76
1.76
1.6
1.76
1.76
2.4
0.96
1.76
1.76
2.56
1.44
1.92
2.24
1.6
1.44
1.76
2.08
1.76
2.08
1.92
1.6
1.92
2.4
2.56
1.92
1.92
2.08
1.44
2.08
1.28
0.96
1.44
1.28
1.12
2.08
0.64
1.12
1.44
1.28
1.6
1.12
1.12
1.44
1.12
1.12
1.6
1.44
1.28
0.8
1.12
0.96
0.96
1.44
0.16
0.96
2.4
0.32
1.28
0.8
1.6
1.28
0.8
1.6
0.48
1.44
1.28
0.96
0.96
1.28
1.44
1.76
2.4
1.6
1.6
1.12
1.28
1.76
2.08
1.28
1.44
0.96
1.12
1.28
0.8
0.8
0.64
0.8
0.32
0.48
1.12
0.48
0.64
0.64
0.32
0.8
15.52
17.44
18.56
18.72
18.4
18.24
16.8
18.24
16.32
18.4
18.88
16.8
8
17.76
18.24
17.28
16.32
17.6
18.4
19.04
19.04
19.2
18.88
18.88
18.4
18.4
16
16.48
16.32
16.16
16.96
16.64
8.16
17.6
18.08
16
18.56
19.04
16.32
16
17.44
16.48
16.64
18.56
17.92
17.92
19.36
17.76
18.56
18.56
18.24
9.6
18.88
18.24
14.72
16.32
12.32
17.12
19.04
17.28
17.12
14.72
16.32
15.36
18.24
16.32
16.32
17.12
16.96
15.84
15.68
8.96
17.92
18.24
16.48
16.96
19.04
16.64
18.08
19.04
18.4
18.56
18.24
16.8
17.92
18.08
16.16
16.8
12.96
18.24
7.84
14.72
17.92
17.28
18.72
19.2
18.88
13.6
16.32
14.4
12.32
16.8
17.12
18.72
17.92
16
16.64
16.96
16.8
18.4
9.44
19.04
18.08
16.32
18.08
16.8
16.48
16.16
16.48
13.76
13.76
15.36
15.68
14.24
16.64
14.56
13.92
13.12
15.36
7.36
12.64
17.44
15.36
14.72
17.76
16
15.68
15.2
16.96
13.12
16.96
9.92
16.5867
16.32
16.96
16.48
12.64
8.8
15.84
10.88
7.68
9.92
16.64
17.1733
18.48
17.92
16.576
18.88
18.04
18.4
16.48
13.28
16.48
16.16
13.44
16.32
17.12
15.68
17.6
17.28
18.72
16.96
16.48
7.04
14.4
13.6
11.52
16.16
13.12
18.56
16
15.52
17.6
16.96
15.36
14.56
13.92
12.48
13.12
9.12
10.56
16.64
6.88
13.92
8.16
12.96
16.48
18.88
18.56
18.72
13.28
15.68
17.28
15.68
16.32
14.72
13.792
15.2
8.48
17.68
16.7086
16.72
15.36
18.08
17.76
18.08
16.9067
16.8
18.4
10.6776
4
3.68
9.6
16.8
17.44
17.28
15.84
17.6
9.84296
8
10.16
9.76
11.36
9.6
10.56
11.36
12.32
10.4
12.64
12.16
10.72
7.2
10.72
10.24
8.64
10.56
8
9.28
11.68
10.56
8.64
10.08
12.96
16
14.4
8.48
6.56
7.52
8
4.48
14.72
12.8
12.96
10.3467
8.8
8.16
6.56
6.88
8
6.4
7.68
4.8
5.44
5.76
5.92
4.8
10.24
4.8
6.72
2.56
2.56
1.92
0.48
1.12
14.4
4.96
0.96
0.48
1.6
0.48
0.64
0.48
0.16
0.8
0.4
0.4
0.48
0.96
0.96
0.64
0.8
1.6
1.92
1.6
0.64
1.12
1.44
1.12
1.6
1.12
1.44
1.44
0.48
1.92
0.8
1.28
0.96
1.28
0.96
0.8
1.76
1.12
0.8
0.64
0.48
0.64
1.12
0.48
0.48
0.96
0.96
0.32
0.96
0.96
0.96
0.8
0.8
1.12
0.64
0.8
0.8
0.8
1.28
1.76
0.64
0.48
0.64
0.96
0.96
0.64
0.96
0.64
1.44
1.28
0.64
0.64
0.16
0.64
0.48
0.16
0.8
2.08
0.32
0.32
0.32
0.16
0.96
0.32
0.64
0.96
0
0.32
0.32
0
0.64
1.12
0.32
0.48
0.48
0.64
1.12
1.44
0.64
0.16
0.32
0.64
0.16
0.32
0.16
0.48
0.16
0.64
0.32
0.48
0.4
0.48
0.64
0.32
0.8
0.8
0.64
0.8
0.32
0.32
0.8
0.8
0.8
0.32
0.72
0.16
0.32
0.32
0.32
0.16
0.8
0.8
0.96
0.8
0.64
0
0.8
0.32
0.96
0.32
0.48
0.8
0.8
0.32
0.32
0.48
0.48
0.72
0
0.64
0.32
0.32
0.4
0.48
0.64
0
0.48
0.16
0.48
0.32
0.426667
0.64
0.48
0
0.64
0.16
0.8
0.32
0.96
0.16
0.48
0.56
0.32
0.32
0.8
0.64
0.56
0.96
0.32
0.96
0.64
0.8
1.44
0.64
1.12
0.8
0.48
0.48
0.48
0.48
0.32
0.64
0.32
1.28
0.64
0.48
0.32
0.48
0.96
0.32
0.16
0.8
0.8
0.48
0.32
0.8
1.12
0.32
0.32
0.24
0.32
0.48
0.32
0.8
0.64
0.64
0.64
0.32
0.64
0.32
0.32
0.8
0.48
0.32
0.16
0.96
0.48
0.64
0.64
0.64
0.48
0.64
0.16
0.32
0.8
0.48
0.88
0.32
0.96
0.48
0.32
0.48
0.32
0.16
0.64
0.64
0.48
0.64
0.96
0.16
0.48
0.64
0.32
0.32
0.32
0.64
0.48
1.12
0.8
0.32
0.16
0.48
0.48
0.64
0.8
0.16
0.48
0.48
0.8
0.48
0.48
0.56
0.48
0.32
0.64
0.64
0
0.64
0.16
0
0.64
0.16
0.48
0.64
0.16
0.96
0.48
0.48
0.16
0.32
0.32
0.48
0.48
0.96
0.64
0.16
0.48
0.8
0.48
0.48
0.32
0.32
0.48
0.64
0.48
0.32
0.64
0.64
0.8
