3.84285
3.68
3.84
1.12
3.2
2.88
3.52
3.68
3.84
2.56
3.68
3.52
4.8
2.56
3.12
4.8
3.2
4.16
3.68
2.4
2.8
4
2.56
2.08
3.36
3.2
3.36
3.04
3.36
3.68
4.16
4
4.48
4
3.68
4.32
3.04
4.8
3.68
1.6
4.64
3.52
2.72
4.96
2.88
3.84
2.88
4.48
3.68
4
2.72
4
4.16
3.2
4.32
3.68
3.04
3.84
4.16
3.2
4.16
4.48
3.68
4.16
3.68
4.96
4.48
3.36
5.12
3.2
3.84
3.04
4
3.36
5.28
5.44
5.44
3.2
4.8
3.52
5.44
4
3.36
4.16
5.28
4.16
4
4.48
4.32
2.88
4.8
4.64
4
3.84
4.96
4
3.36
2.24
4.8
5.76
3.2
5.12
5.44
2.72
2.88
5.06667
3.84
5.92
3.84
4.32
5.92
4.48
2.88
4
5.44
3.04
4.48
5.28
5.12
3.2
2.72
6.4
2.88
7.04
4.8
2.4
3.68
7.04
6.88
3.04
3.36
3.68
2.24
4.16
4.48
4.16
3.84
4.48
4.48
4.32
5.6
5.6
4
5.92
4.32
9.12
4.48
6.08
2.88
5.28
4.48
4.32
2.08
4.32
5.12
4.96
4.64
4.48
5.28
5.28
5.28
4.8
3.2
5.6
5.76
4.64
4
4.64
4.48
3.36
8.32
2.08
5.76
4
4
3.04
5.92
2.88
4.8
2.56
5.92
5.76
4
2.88
5.92
3.52
5.28
5.92
6.08
3.52
2.72
2.88
5.6
4.64
4.48
4.8
4.32
5.76
3.36
3.04
4.96
4.16
3.68
5.92
3.84
3.68
4.96
5.28
5.44
2.24
4.32
3.2
5.28
3.84
4.64
4.96
5.48
4.16
3.84
4.96
6.24
4.72
6.08
3.68
6.56
1.6
6.56
3.36
4.32
4.96
6.08
3.84
5.44
7.2
4.96
4.32
5.12
3.52
5.44
4.16
4.32
5.28
5.44
3.04
3.36
2.88
4.8
5.28
2.88
5.12
3.84
3.52
4.96
3.04
5.28
6.18667
4.16
8.8
2.88
4.96
6.72
5.6
2.72
6.72
3.2
4.32
7.68
3.2
4.32
8.8
5.76
4.16
5.6
5.44
5.44
4.32
4.64
5.44
5.92
4.32
4.16
4
3.2
5.92
7.04
6.4
4.48
4.64
4
5.6
4.48
5.28
3.04
4.32
5.76
7.2
6.4
4.32
2.4
5.76
2.72
4.8
5.6
4.32
4
4.96
4.96
5.28
7.52
4.16
3.04
6.08
4.8
4.96
4.64
5.6
7.68
2.4
4.48
4.16
6.24
6.88
3.52
4
3.04
5.28
3.84
5.92
6.4
3.52
7.68
4.64
4.96
5.6
4.64
4.8
4.32
5.92
3.36
6.56
8
4.16
6.56
7.36
3.84
9.6
4.96
5.44
3.68
7.36
4.32
4.48
6.56
4.96
5.6
2.88
5.44
3.52
5.28
4.96
4.64
4
4
6.72
5.6
4.48
5.28
5.92
3.68
4.8
6.72
4
6.24
3.52
5.28
2.4
4.64
3.84
4.64
7.04
3.04
4.16
5.12
6.56
5.28
4.96
6.56
4
3.84
4.16
4.64
6.4
4.32
5.92
2.08
4.64
4.8
3.68
4.8
5.28
3.04
4.32
5.12
3.68
3.84
4.32
4.8
6.08
4.48
5.6
5.12
4.96
5.6
4.8
3.04
4.8
5.6
3.2
4.32
3.04
4.8
6.88
4.48
5.44
4.48
5.6
3.52
3.68
4.8
5.12
5.44
3.04
6.56
2.4
4.8
5.12
3.68
4
6.72
2.88
5.92
6.72
3.36
4.32
3.52
4
3.04
5.92
5.28
6.56
3.68
4.96
6.08
2.72
5.28
5.44
4.64
2.88
3.36
6.72
5.12
4
5.76
4.48
6.08
5.28
5.12
3.52
3.36
6.72
4.16
4.48
4
6.08
4.48
5.6
3.52
4.64
7.2
2.4
3.04
5.28
6.24
4.32
5.12
5.6
4.16
3.52
3.84
3.36
4.96
5.76
3.04
4
3.04
5.44
4
6.08
4.8
5.12
5.6
4
5.92
3.52
5.44
5.6
5.28
4.96
6.72
3.84
6.72
3.84
6.24
4.16
6.72
4.32
5.44
6.24
2.88
6.24
6.72
7.2
3.2
4.64
7.68
6.4
6.56
7.2
5.6
4.16
7.36
2.56
5.28
4.64
4.96
5.12
4.96
4.16
7.36
7.2
3.2
5.28
4.8
3.36
6.88
3.84
5.76
4.16
6.72
4
4
5.44
4.64
5.6
2.72
3.36
5.6
4.96
6.24
3.04
6.4
4
3.04
5.76
4
4.16
5.92
6.4
3.04
5.92
2.4
4
5.28
4.16
6.24
6.24
5.44
4.32
5.28
5.44
5.76
4.96
5.44
3.52
4.32
3.84
4.96
3.52
4.48
2.72
5.76
5.12
4.16
4.64
5.6
2.72
3.2
4
4.16
4.32
4.8
4
4.96
4.16
4
4.8
3.36
3.68
4.48
3.36
2.88
4.32
4.32
2.24
3.04
2.88
3.52
3.52
2.88
2.72
3.2
3.36
3.2
3.04
2.24
2.88
2.56
4.48
2.24
2.4
2.72
2.56
2.88
2.24
2.88
3.2
3.04
3.52
3.52
3.84
3.84
3.52
3.36
1.12
3.84
2.56
2.08
3.04
2.56
3.04
2.88
2.4
2.24
1.28
2.56
2.56
1.6
2.4
3.52
2.88
2.4
2.24
3.2
3.04
3.2
2.56
2.56
1.92
2.88
2.24
3.2
2.88
2.4
2.24
3.2
2.4
2.88
3.52
3.04
2.4
3.52
2.24
1.6
2.24
3.68
3.36
2.56
2.08
3.2
3.52
2.56
1.92
1.76
2.72
2.08
3.36
3.52
2.4
1.44
2.4
2.4
2.08
3.04
1.76
1.6
2.08
1.92
2.56
2.24
2.4
2.24
2.4
1.6
2.56
2.88
2.72
3.36
1.92
1.6
2.88
2.72
4.32
2.08
2.88
2.72
1.12
1.6
2.88
2.4
3.2
2.56
2.88
2.24
1.6
3.2
2.24
2.08
1.6
3.52
2.72
2.4
1.6
2.4
3.04
1.92
2.24
1.92
2.4
3.04
2.08
2.56
0.96
2.4
2.4
2.08
2.72
1.92
2.72
2.88
2.4
2.56
3.04
2.56
3.36
2.08
2.08
3.52
3.04
2.72
3.36
4
2.88
3.04
1.12
3.36
3.68
1.76
2.24
2.56
1.92
0.96
2.08
2.4
2.72
1.12
1.28
2.24
3.04
1.12
1.28
2.4
2.88
1.76
2.24
1.92
2.24
0.96
2.24
1.6
1.28
2.08
1.28
2.4
1.92
0.96
2.4
1.92
1.44
1.28
1.76
1.76
1.92
2.24
2.24
2.88
1.92
1.44
1.28
2.88
1.44
1.6
1.6
0.96
1.44
2.24
1.76
1.12
1.28
1.28
1.6
0.64
1.92
0.8
1.28
1.6
0.8
0.16
0.8
1.28
1.44
1.44
1.28
2.88
2.08
2.08
2.56
0.96
2.08
1.76
2.24
1.12
1.28
2.24
1.92
2.24
1.6
2.08
2.56
2.24
0.8
1.92
2.72
0.8
2.56
0.96
1.44
0.96
1.6
1.76
0.96
2.24
1.76
2.08
1.12
0.96
1.76
1.44
1.28
0.96
1.76
1.44
2.08
1.6
2.08
2.56
1.92
1.6
1.76
1.6
1.6
2.24
2.88
1.76
2.08
0.8
2.24
1.12
1.92
2.08
1.6
1.76
1.44
1.12
1.92
1.6
1.76
0.8
1.44
1.28
2.08
0.96
1.92
0.48
0.8
1.76
0.96
2.08
0.64
1.44
2.08
1.92
2.08
2.4
1.12
1.76
1.44
1.28
2.08
1.44
1.44
0.96
1.44
1.28
2.88
1.76
1.28
1.28
1.6
2.4
0.96
1.28
1.28
2.08
1.6
1.44
1.92
1.28
2.08
1.28
1.76
1.44
1.44
1.28
1.12
1.6
1.92
1.44
0.96
2.56
1.12
1.12
1.44
1.44
1.92
0.64
0.96
1.92
1.28
0.96
1.44
1.28
1.12
1.6
2.08
0.64
1.44
1.28
0.96
2.4
0.96
1.28
2.24
1.6
2.56
1.44
0.32
1.44
1.12
1.76
2.56
0.96
1.12
1.12
1.44
1.12
1.6
1.92
2.08
1.76
2.08
2.72
1.44
2.72
1.12
1.28
0.8
2.56
1.12
1.92
1.28
1.44
1.44
1.76
1.28
1.28
1.6
1.92
2.4
1.6
1.44
1.44
1.92
2.56
1.6
0.96
1.12
1.6
0.8
1.76
1.92
2.56
0.8
2.08
0.48
1.12
1.76
1.28
0.96
0.8
1.44
1.44
1.44
1.44
2.08
2.08
1.92
1.92
1.28
1.28
1.28
1.92
1.28
1.76
1.12
1.92
1.12
1.44
1.76
0.8
1.44
1.12
0.96
1.76
0.96
1.44
1.28
0.8
1.6
1.76
0.8
2.08
2.08
1.12
1.28
0.96
2.24
1.44
0.8
1.12
1.28
1.76
1.44
0.96
0.48
2.24
1.12
1.44
0.8
1.12
1.76
0.8
1.6
1.12
1.28
1.44
2.08
1.12
1.6
1.12
2.24
0.96
1.28
1.28
1.28
0.96
0.64
2.08
2.08
1.6
1.44
2.24
1.28
1.44
1.28
1.44
1.12
2.24
1.92
1.6
0.96
1.28
1.12
1.28
0.96
1.44
1.6
1.28
1.6
1.44
0.96
1.6
1.6
1.76
0.32
1.12
1.6
0.96
1.44
2.24
1.6
2.88
1.92
1.28
2.08
1.92
2.88
2.08
1.76
2.08
2.88
2.4
2.24
2.24
1.12
1.92
0.96
1.44
0.96
1.76
0.8
1.76
0.48
1.28
1.44
1.28
0.8
0.96
1.44
1.6
1.28
1.28
1.12
1.44
1.6
1.44
1.92
1.76
1.6
2.88
0.48
1.92
1.12
2.08
0.8
1.76
1.92
1.28
2.24
1.28
1.44
1.28
1.6
0.96
1.44
1.12
1.28
1.44
1.28
1.28
1.12
0.96
0.96
1.12
1.76
1.44
0.8
0.16
1.12
1.76
0.96
0.8
1.12
1.44
1.6
1.12
0.8
1.28
1.44
1.28
2.08
1.12
0.8
0.64
1.6
1.6
1.12
0.96
0.96
2.08
1.92
0.8
1.12
1.44
1.44
0.96
1.92
0.96
0.96
2.56
0.48
1.76
0.8
1.44
2.08
1.76
1.44
1.76
1.76
1.12
1.44
1.28
1.76
1.28
1.76
1.6
1.44
1.28
0.96
1.92
1.92
1.12
1.76
2.08
1.6
2.08
1.6
1.44
1.44
1.44
1.6
1.44
2.4
1.76
2.08
2.08
1.6
1.12
1.92
0.96
1.76
1.6
0.96
1.28
0.96
1.12
1.28
1.6
1.28
1.28
1.44
1.44
1.28
0.96
0.32
1.6
1.12
0.48
1.6
1.28
0.8
0.96
1.12
0.96
1.6
2.08
0.64
1.12
0.8
1.76
1.44
0.8
0.96
0.48
1.44
1.12
1.12
1.6
0.48
0.96
0.64
1.28
0.8
1.12
0.48
0.48
0.96
0.32
0.96
1.12
1.28
0.16
0.32
1.44
0.64
0.96
1.6
0.8
0.8
0.8
0.64
0.64
0.64
0.64
0.8
0.32
0.48
0
0.48
0.32
0.48
0.32
0.48
0.48
0.96
0.64
1.12
0.8
0.64
1.28
1.6
1.28
0.32
0.96
0.16
0.32
0.48
0.48
0.16
0.8
0.48
1.28
0.8
0.48
0.64
0.8
0.48
0.16
0.48
0.64
0.64
0.16
0.32
0.56
0.96
0.48
0.8
0.48
1.12
0.48
0.8
0.8
0
0.96
0.8
0.64
0.96
0.8
0.32
0.32
0.32
0.48
0.64
1.12
0.8
0.16
0.48
0.32
0.64
0.32
0.8
0.64
0.48
0.32
0.48
0.32
0.8
1.12
0.32
0.16
0.96
0.96
1.76
1.44
0.32
0.96
0.32
0.32
0.16
0.64
0.96
0.96
1.12
1.44
0.64
0.8
0.96
0.48
1.28
0.64
0.48
0.64
0.48
0.8
0.64
0.64
0.8
0.16
0.64
0.64
0.96
0.48
0.16
0.64
0.8
0.48
0.8
0.32
1.12
0.48
0.64
0.32
0.96
1.12
1.12
0.8
1.12
0.48
0.8
0.32
0.8
0.96
0.48
0.96
1.12
0.32
1.12
0.32
0.64
1.44
3.2
2.24
2.88
1.44
2.72
5.12
3.68
2.72
2.56
1.76
2.88
1.6
2.72
1.76
1.6
2.72
3.2
3.68
4
2.88
3.84
2.72
5.44
4.64
5.76
5.76
3.84
7.04
6.88
5.6
4.16
5.6
4.8
5.12
4.48
4.64
3.04
3.52
3.52
0.96
1.12
0.8
3.04
2.4
4.8
4.16
5.44
5.76
5.12
4.96
4.8
4.8
4.32
5.28
4.96
5.76
3.04
3.36
1.6
2.24
1.6
2.56
2.08
4.8
3.2
2.88
4
1.92
0.8
2.08
2.56
4
2.08
3.36
1.76
2.72
1.12
2.56
0.96
1.28
1.92
1.6
1.44
4.16
2.88
4.8
2.56
4.16
3.36
3.04
3.36
4
2.88
5.44
5.12
4.96
4
5.12
3.84
3.2
4
3.04
1.92
2.24
0.96
0.8
1.44
3.84
2.88
2.24
2.24
2.4
2.08
2.4
2.56
2.88
2.88
1.28
1.92
1.92
1.6
1.28
1.92
2.08
1.68
0.32
0.64
1.6
1.12
0.32
1.6
0.96
1.12
0.8
1.92
1.12
1.44
1.76
1.92
1.6
2.24
2.88
2.24
2.08
2.88
4.96
5.44
4.32
2.4
4
0.8
0.96
0.8
1.6
0.8
0.64
0.64
2.08
1.92
1.76
0.96
1.92
0.64
3.04
3.36
5.44
6.08
2.88
2.08
3.2
0.96
0.8
0.64
1.44
1.92
1.76
1.12
1.44
0.96
0.96
1.6
2.4
1.92
0.8
2.4
3.84
5.44
5.12
4.32
3.04
4.64
2.88
1.12
0.96
1.28
1.28
1.44
0.96
0.8
0.96
1.28
2.4
1.92
1.76
1.6
3.04
3.2
3.52
2.08
5.28
4
2.08
0.96
0.64
0.48
0.96
1.28
2.72
1.44
1.92
2.4
1.76
2.88
2.72
2.4
2.88
4.64
2.56
6.24
6.88
6.08
3.52
2.56
1.28
0.8
0.16
1.44
0.64
1.12
2.24
2.56
1.6
1.28
1.44
4.48
2.72
4.8
1.12
2.4
2.4
1.28
2.24
1.12
0.96
0.8
0.8
0.48
1.44
1.6
1.28
0.8
1.76
2.4
0.8
3.52
3.68
4
5.28
6.88
7.04
4.8
2.4
1.92
1.44
1.76
1.44
0.96
1.6
0.8
3.04
2.88
3.68
4.16
1.12
1.44
3.68
3.84
5.44
3.04
3.68
2.08
2.24
2.56
1.12
1.12
1.76
0.8
1.12
1.76
3.04
2.72
1.28
4.48
4.8
7.68
8.64
8.8
10.4
7.2
4.64
6.88
5.12
6.08
7.36
4.96
1.12
2.72
1.44
2.24
2.4
5.92
6.08
5.6
2.4
2.72
3.2
2.88
3.2
7.2
8.48
7.36
6.4
7.04
5.92
4.48
2.56
2.88
2.88
3.68
6.24
0.64
1.44
2.08
4.32
1.28
0.96
5.12
4.16
3.68
9.28
8.64
6.24
8.32
5.12
1.92
4
7.04
8.32
10.72
10.4
11.04
9.76
4
5.92
3.36
4.8
2.56
3.52
3.04
4
3.36
8.96
10.56
5.12
1.28
3.2
3.04
2.56
3.04
7.36
7.84
7.84
7.84
6.24
4.16
5.92
4.8
5.92
6.72
6.08
9.44
8.32
7.2
4
8.16
11.2
4.96
4.8
2.88
6.88
3.84
7.68
4.16
8
7.84
9.6
4.16
3.84
4.48
4.16
4.32
6.08
6.72
4.8
7.04
9.28
9.92
8.16
6.88
6.72
8.32
5.12
5.76
3.52
3.84
5.76
6.88
9.6
4.48
4.48
8.64
8.96
4.32
8.48
9.12
10.72
8.32
8.32
7.2
6.56
5.92
8.8
9.6
7.68
8.16
8.64
9.28
11.68
11.68
9.6
10.88
8.96
5.12
8.8
8.48
12.8
6.56
6.88
9.12
9.76
9.12
6.88
6.72
10.4
10.4
8.8
8.48
10.72
12.32
9.92
12.96
5.44
9.6
11.52
11.36
16.32
15.84
13.76
12.64
11.2
11.68
10.88
11.68
13.76
10.56
7.52
8.64
10.56
13.44
8.32
11.68
9.92
12.8
12
11.68
14.24
10.56
9.44
9.44
8.96
8.96
12.32
12.48
11.04
12.48
10.4
9.6
12.8
14.72
14.72
7.04
12.16
12.32
7.52
12.16
14.56
15.2
11.2
12.8
12
12.32
12
12.96
13.76
10.72
11.2
13.6
12.64
14.24
12.96
8.16
12.8
12.16
13.28
11.36
15.36
12
16.32
16.16
13.76
17.44
8.48
16.16
16.16
18.24
16.32
14.4
13.44
13.76
8.16
14.08
12.96
13.92
16.32
10.56
13.6
10.72
15.52
12.96
13.28
9.12
12.48
14.56
16.32
13.6
11.84
15.36
6.72
10.72
7.68
14.56
14.88
12.16
14.08
14.88
14.24
13.6
14.88
14.72
15.84
10.08
15.52
12
12.96
15.2
15.36
16
15.36
8
13.12
14.4
16
14.24
10.08
10.72
12.96
11.68
14.08
15.36
12.32
13.12
12.64
10.72
15.2
13.6
14.4
14.24
12.8
7.84
13.76
12.48
10.88
13.6
11.52
15.2
14.24
12.8
13.28
11.84
11.68
8.64
13.44
12.64
11.52
15.68
12.96
16.8
7.52
15.2
15.68
13.28
11.84
15.52
15.68
17.6
19.2
14.88
17.44
15.84
16.8
13.6
17.92
16.32
14.88
17.12
13.76
4.96
10.56
15.52
14.4
12.64
14.08
18.08
13.28
15.04
16.8
14.24
10.88
8
9.28
11.68
14.72
10.24
15.52
14.56
8.96
15.2
9.76
9.76
11.36
12.32
10.88
13.28
10.88
12.64
12.48
11.3067
13.92
12
10.08
13.28
13.6
16.96
8.64
17.12
17.44
16
13.12
15.68
12.64
16.8
15.04
14.48
14.72
15.8933
15.2
15.04
16.96
14.4
6.08
15.04
9.92
8.48
12.48
9.28
16.16
15.84
15.84
14.56
13.92
13.92
15.36
14.72
15.68
13.28
13.44
13.28
12.96
16.96
7.04
16.64
15.04
10.4
17.28
14.88
14.88
13.76
18.08
16.32
10.88
12.64
12.16
17.12
16.24
16.8
8.48
15.68
16.64
11.68
16.16
17.12
16.8
17.44
15.36
18.08
14.64
13.92
15.3067
13.92
14.4
15.84
14.4
6.56
17.6
13.04
17.28
15.84
17.12
15.28
16.32
14.24
16
17.44
14.1333
16.64
15.36
12
6.56
18.08
15.2
11.52
8.8
11.36
9.28
9.92
7.68
9.92
8.16
9.28
8
9.44
9.76
7.52
7.36
8.96
9.6
6.24
9.6
9.6
9.44
9.76
8
8.64
8.64
10.08
7.2
8.16
8.64
11.68
13.0933
12.08
9.92
15.04
16.44
15.2
13.84
14.56
16.1067
15.36
17.92
13.6
16.48
15.84
16.32
17.84
17.12
17.12
17.28
17.04
19.04
17.36
15.52
15.52
8.16
12.48
16.32
17.44
17.12
16.32
16.8
16
16.48
17.6
17.12
17.92
15.2
11.84
15.68
15.2
17.76
14.4
8
16.48
14.8
15.12
13.92
17.92
17.6
15.84
14.16
15.68
16.16
17.28
14.24
15.68
8.16
14.24
17.44
15.52
15.52
16.32
14.88
17.28
16.8
15.68
16.64
16.32
17.28
17.12
14.88
16.64
17.28
14.08
8.32
15.6
17.12
15.36
16.64
15.2
7.68
12.32
14.88
17.6
15.36
18.24
17.28
16.8
16.64
16.4
12.64
17.92
15.76
16.96
16.72
15.84
17.6
15.2
15.52
16.32
16.64
15.2
15.36
8.16
15.36
15.12
16
11.36
10.24
14.08
13.6
15.36
12.64
16.32
15.84
13.76
15.84
14.72
15.84
16
7.52
15.04
16.32
15.52
15.52
13.6
15.52
15.04
16.64
15.36
15.04
15.2
16.48
16.8
16.8
13.6
15.2
15.2
16.96
13.44
7.84
16.32
13.76
13.92
16.32
15.2
17.6
17.12
17.28
15.04
8
9.76
9.44
15.68
14.56
16.64
15.52
15.68
13.04
17.28
16.416
16.8
17.12
16
17.36
16
15.92
11.2
17.12
16.32
15.68
16.8
15.84
16.64
16.8
14.72
17.28
15.04
15.68
15.36
13.76
7.04
9.12
9.92
10.24
16.32
15.04
17.12
15.68
16.16
15.92
15.68
16.72
16.4267
17.28
17.6
16.64
8.48
15.68
17.28
16
16.48
14.88
18.4
15.8933
17.12
15.68
17.44
15.52
16
15.68
16.16
16.64
7.36
16.16
18.08
16.64
18.72
16.64
16.12
16.16
13.28
14.24
15.36
14.72
15.36
16.96
11.2
13.44
13.44
7.04
17.44
16.32
16.48
14.24
13.6
15.76
16.16
16.64
18.4
16
16.16
18.08
15.36
17.44
8.8
16.96
13.6
11.36
16.96
14.72
16
14.4
15.52
16.64
15.04
14.4
16.16
16.16
12.64
16.32
14.4
16.96
12.16
7.84
17.92
15.36
17.76
15.92
15.68
17.12
17.44
17.12
15.2
16.16
16.8
17.12
17.6
14.24
7.84
17.44
17.28
16.8
17.12
16.96
17.6
15.52
18.4
16.48
15.68
17.6
17.04
14.24
12.8
16.16
16.8
17.12
8.48
16.96
11.04
14.08
15.04
15.68
13.92
15.68
16.16
15.76
16.32
17.28
15.36
16.8
15.04
16.48
16.64
8.64
17.92
16.8
15.04
15.36
16.64
15.52
15.68
10.24
7.68
7.36
9.12
13.6
14.72
14.24
15.52
15.6
14.56
8.96
14.88
16
16
12.64
15.04
14.24
16.48
15.84
14.56
15.68
16.16
16.8
17.76
12.48
13.1733
14.56
15.68
13.12
16.8
14.24
16.48
13.12
15.36
15.84
16
17.44
14.72
11.68
14.72
10.08
11.2
7.84
12.64
14.24
16.16
16
16.2
15.84
17.44
15.68
15.52
15.84
15.84
15.84
14.56
15.84
17.6
8.64
16.8
17.12
18.4
17.6
18.24
16.8
16.64
17.12
16.48
17.44
17.44
16.16
16.16
18.4
15.2
15.36
16.8
17.76
9.76
12.64
14.24
15.04
16.32
17.28
13.92
16.48
14.88
14.08
16
16.32
16.8
16.48
14.88
15.2
15.36
15.44
6.72
14.24
14.56
15.6
16.48
15.36
16
15.52
17.28
16.48
15.2
14.72
15.76
15.2
16
15.68
13.92
10.08
15.68
16.48
17.6
16.48
17.28
15.52
16.96
17.44
16.8
16
8
8
9.6
8.64
8.8
9.6
12.16
14.88
11.04
15.52
15.56
17.12
16.4
16.32
16.72
16.64
15.84
15.84
16.32
17.76
7.68
17.44
16.16
13.92
16.16
17.44
15.2
14.8
13.12
14.88
17.44
17.28
16.8
15.52
18.24
16.8
15.04
7.36
17.6
16.48
17.28
14.88
15.04
16.48
15.68
10.56
12.16
12.48
13.76
16.8
16.96
16.32
13.76
13.28
17.12
16.16
8.64
16.8
16.16
15.84
16.72
17.12
17.12
15.76
16.32
15.84
12.64
12.64
12.64
13.12
15.2
5.76
9.6
13.44
17.28
14.88
17.28
16.56
17.6
15.84
16.64
17.6
17.44
17.92
17.44
16.8
18.24
16.8
17.6
7.68
17.6
17.44
17.6
15.52
16.64
17.6
17.12
16.96
17.6
17.12
18.4
17.12
16.16
15.84
16.16
17.28
12.24
17.12
16.16
16.96
15.2
15.36
15.68
15.84
16.96
16.8
16.96
16.8
16.96
15.36
15.68
18.56
16
15.2
15.2
16
8.64
17.28
15.52
14.56
17.92
15.68
16.32
17.28
16.8
15.2
16.16
18.08
14.08
16.32
17.28
16
13.1733
15.52
17.28
15.52
16.8
16.64
13.28
15.68
15.04
14.08
16
16.8
15.36
16
16.32
8.96
13.92
16.32
10.0267
9.6
9.44
8
6.72
4.48
3.36
3.36
4.8
4.32
4.64
2.88
4
5.6
16.8
17.6
11.52
1.44
1.92
1.44
1.28
1.12
0.96
1.28
2.08
0.8
1.6
1.12
1.44
1.12
0.8
0.64
1.28
0.16
0.8
0.96
1.28
1.28
1.28
1.44
1.6
0.8
0.32
1.6
1.6
1.28
0.8
1.12
1.12
1.92
1.44
2.24
1.12
1.44
1.76
1.28
2.08
1.28
1.92
1.44
0.64
1.6
0.8
0.8
2.24
1.12
1.28
1.44
0.48
1.28
1.28
1.28
0.32
0.64
0.48
0.48
1.12
0.48
0.32
0.8
0.8
0.32
0.32
0.8
0.96
1.12
0.8
0.64
0.48
0.32
0.8
0
0.16
0.8
0.48
1.12
0.64
0.32
0.8
0.64
0
0.32
0.96
0.64
0.48
0.16
1.28
0.8
0.64
0.64
0.64
1.12
0.32
0.8
0.32
1.12
0.8
0.64
0.96
0.8
0.8
0.32
0.48
0.32
1.12
0.8
0.88
0.48
0.8
0.64
0.96
0.16
0.32
0.96
0.32
0.48
0.96
0.32
0.48
0.64
0.16
0.96
0.64
0.48
0.32
0.32
0.16
0.64
0.96
0.8
0.64
1.36
0.16
0.64
1.12
0.64
1.12
0.64
0.32
1.28
0.48
0.8
0.96
0.48
0.8
0.48
0.48
0.32
0.8
1.12
0.32
0.16
2.08
0.8
0.96
0.48
0.64
0.8
0.64
0.16
0.16
0.48
0.16
0.16
0.48
0.96
0.16
0.48
0.64
0.8
0.96
0.48
0.32
0.8
0.48
0.8
0.8
0.8
0.48
0.32
0.48
0.32
0
0.16
0.64
0.48
0.8
0.96
0.48
0.64
0.96
0.96
1.12
1.12
0.64
0.48
0.8
0.48
0.64
0.96
0.48
0.8
0.8
0.16
0.48
0.96
0.16
0.48
0.32
0.64
0.48
0.48
1.12
0.8
0.32
0.32
0.32
0.48
0.32
0.96
0.48
0.32
0.32
0
0.32
0.48
0.32
0.32
0.64
0.8
0.16
0.16
0.32
0.96
0.96
0.48
