3.8415
4
4
2.72
2.72
4
3.68
3.04
3.2
3.84
3.04
3.68
4.32
3.84
3.04
3.84
2.88
3.36
2.72
2.56
2.16
4.48
2.72
2.4
3.68
2.88
4
4
3.36
3.36
2.56
4.32
3.52
2.88
5.12
2.88
4.32
4.16
3.52
5.12
1.6
2.72
4.16
4.8
5.12
4.16
3.04
3.36
5.44
4
4.32
2.88
3.84
4.16
3.2
4.16
5.44
4.32
3.36
1.6
4.16
4.16
2.72
5.6
4.32
3.68
4.16
4.96
3.36
3.2
5.12
4.32
4.64
3.68
4.48
3.68
4
5.92
3.04
3.36
5.12
5.44
3.36
4.48
4.48
4.8
5.28
5.76
3.52
4.96
4
4.32
3.84
3.52
4.48
3.52
4.8
3.36
1.92
3.68
5.92
3.2
4.16
3.04
4.96
5.44
4.48
4.16
4.64
4.8
3.36
4.96
7.2
4.8
3.84
5.76
3.68
4.48
3.36
7.36
4.48
4.64
4.8
5.44
4.48
6.24
4.96
3.84
4.48
5.6
6.56
5.6
4.96
3.52
4
4
5.12
4.64
4.16
4.16
5.44
5.12
5.92
3.68
6.56
4.16
4.16
4.64
4
3.84
6.08
4.32
5.28
3.2
4.32
5.44
5.6
5.92
4.8
3.52
4.48
4.48
5.44
2.88
5.12
4.32
3.36
4.16
4.64
5.6
4.8
4
3.84
5.12
3.84
5.44
3.68
5.44
4.8
4.64
4.8
4.8
4.8
5.6
3.84
5.28
4
5.12
4.64
4.16
7.68
3.36
4.64
4.16
6.24
4.48
5.76
4.48
4.48
3.68
3.84
4.8
2.72
5.6
3.52
5.6
5.28
4.64
5.6
4.32
2.08
4.96
4.32
5.12
3.84
5.28
5.44
4.88
7.04
4.32
5.12
3.68
6.72
3.84
4.32
4.8
4.8
6.24
7.36
4
4.64
6.56
3.2
6.72
3.68
4.16
4.16
5.92
4.48
4.8
3.04
5.6
3.04
1.6
4.16
5.44
5.12
4.16
4.48
4.48
4.16
5.12
5.6
4.96
4.08
7.04
4.32
4.48
6.08
4.8
3.52
4.64
9.28
5.6
5.92
5.44
5.28
5.12
4.96
4.64
5.28
4.8
4
5.92
5.6
4.64
3.52
5.12
2.88
4.8
3.36
4.32
6.72
5.28
7.36
4.64
4.8
4.64
5.12
4
5.76
6.24
4.90667
7.2
4.32
6.88
2.24
4.64
4.48
4.16
4.96
6.4
3.52
4.16
5.44
2.56
4.8
5.76
5.6
5.28
7.2
6.72
4.96
6.24
7.36
2.88
3.36
3.52
6.88
5.12
3.36
4.48
4.96
5.44
5.44
5.76
7.68
6.4
5.12
3.2
6.56
7.36
3.84
4.72
4.96
4.16
5.6
4.64
6.88
4
6.4
7.04
3.84
7.68
4.48
4.96
5.6
7.84
4
5.12
4.16
5.92
6.72
3.52
4.64
4.8
5.28
4.48
4
3.84
5.44
3.2
4.96
4.16
4.48
4.96
5.28
4.32
4.96
5.92
5.12
4.16
4.8
2.24
5.44
5.12
6.4
5.44
3.2
4.48
5.28
4.8
4.64
4.96
4
6.56
6.4
4.8
5.12
6.08
4.32
4.16
2.4
4.32
4.8
4
3.52
5.44
3.04
4.16
4.64
5.44
4.32
5.44
5.6
5.76
4.64
6.08
4.96
6.08
5.28
4
2.56
4
6.88
4.16
3.2
4.48
4.16
5.28
5.44
4.96
3.2
4.8
5.92
4
4.8
6.4
5.92
3.36
6.08
2.24
4.32
5.76
2.88
4
5.92
6.24
3.68
3.52
4.64
5.6
3.04
8
4.16
5.6
4.32
5.44
4.48
5.12
6.4
3.04
4.64
5.6
4.32
4.8
3.84
4.8
5.76
4.16
6.72
4.16
6.24
3.84
4.96
4.64
5.12
7.52
3.2
4.48
4.32
5.28
4.8
5.6
3.04
5.76
5.44
3.52
3.68
5.76
6.24
3.84
2.4
5.44
4.8
6.24
3.52
4.32
5.12
4.48
2.4
4
5.92
6.4
4.32
7.52
4.48
2.88
7.84
5.12
5.12
5.12
3.84
4.8
4.48
5.28
6.88
3.52
4.16
3.68
7.36
3.84
5.12
7.04
5.76
6.08
2.88
7.68
5.44
8.16
4
6.56
6.88
5.92
6.24
4.96
5.6
7.36
3.68
5.44
4.8
5.28
5.44
4.32
5.12
6.4
3.68
5.12
4.16
5.92
5.6
6.4
4.96
3.36
7.04
4
5.92
3.04
2.72
6.88
4.48
4.32
5.28
3.2
5.76
4.64
6.56
3.36
6.08
4.32
3.36
6.08
4.16
5.92
3.84
5.12
6.4
5.28
3.2
3.84
5.92
3.04
5.6
5.92
5.76
4.48
5.12
4.48
5.44
4.64
4.64
3.36
4.8
4.64
2.88
4
5.6
3.04
3.52
4.48
4.96
4
4.96
3.2
3.2
3.84
4.32
4.96
5.44
4
3.36
4
3.68
4.32
3.84
3.84
4
2.88
4.16
4
4.16
2.08
2.56
1.6
3.2
1.6
3.2
3.04
3.04
2.56
3.36
2.72
2.72
1.6
2.56
3.36
2.56
3.2
2.24
3.36
2.72
1.76
4
1.92
3.2
3.68
3.2
3.2
3.52
3.68
2.56
1.44
3.2
1.92
2.72
3.36
2.4
2.88
2.72
2.56
2.56
2.4
2.4
2.88
1.92
1.76
2.4
3.84
1.92
2.4
2.56
3.2
2.72
2.88
3.04
1.92
2.72
1.44
2.88
3.68
2.72
2.72
3.2
2.24
2.72
2.24
3.36
1.92
2.88
1.92
1.92
2.88
3.52
3.2
3.04
2.56
2.24
2.24
2.88
1.76
2.08
3.04
2.88
2.72
3.2
2.88
1.44
2.4
1.76
0.96
2.72
2.88
2.08
1.92
1.76
1.44
2.4
1.92
2.88
2.4
2.4
2.56
2.88
2.88
3.68
1.6
1.76
2.72
2.08
3.2
1.28
3.2
2.56
1.44
2.56
3.04
2.72
2.08
2.72
2.72
2.4
1.6
3.52
3.68
1.76
3.52
3.84
3.52
2.72
1.92
2.88
3.04
2.4
2.24
2.24
2.24
2.56
1.44
2.08
1.12
2.24
2.4
1.6
2.88
1.92
3.36
1.44
2.4
2.72
3.36
2.24
3.84
2.08
1.92
3.2
4
3.04
3.84
3.36
1.76
3.04
1.6
4.32
3.04
2.72
3.2
1.92
1.92
1.44
1.76
3.2
2.24
1.6
0.96
1.92
3.04
1.12
1.44
1.12
1.44
2.4
2.4
1.6
2.4
2.4
2.24
1.92
1.12
2.24
0.8
2.4
1.76
0.96
1.92
2.08
1.92
0.96
1.92
1.76
1.6
0.64
1.12
2.56
1.28
2.08
0.8
2.72
2.24
1.76
2.72
1.28
1.6
2.24
0.64
1.12
1.6
0.8
1.28
1.76
1.92
1.12
1.6
1.28
0.32
1.44
1.12
1.6
1.76
2.08
1.28
2.24
1.76
2.08
1.92
1.76
1.6
1.92
2.88
1.44
1.12
2.08
0.48
2.24
2.4
1.28
2.08
2.24
0.48
1.92
2.56
1.44
2.24
1.28
1.76
1.6
1.6
2.4
0.48
1.76
0.64
1.92
1.44
1.28
0.48
1.44
1.76
0.64
1.44
1.92
2.24
0.96
1.6
2.4
2.08
1.92
1.44
2.4
1.28
1.92
1.28
1.44
2.24
1.92
2.4
1.92
1.76
1.92
1.28
1.92
1.6
1.44
1.44
2.4
0.96
1.28
1.6
2.08
1.6
0.8
1.76
0.96
1.12
0.8
0.8
2.24
1.28
1.76
0.96
1.44
1.44
1.92
0.64
2.08
1.92
0.8
1.76
0.96
1.28
1.6
1.92
1.44
1.76
1.44
1.12
1.6
1.76
1.6
0.8
0.48
0.8
2.08
1.12
1.92
1.12
0.8
0.8
1.44
1.12
1.12
1.76
1.12
1.44
1.12
1.28
1.92
1.28
1.92
1.12
1.12
1.92
0.96
1.6
0.96
1.28
1.12
0.64
1.12
1.28
0.96
1.28
1.6
1.44
1.28
1.76
1.92
1.12
2.4
1.44
1.6
1.92
1.76
2.08
1.28
0.96
1.44
1.28
2.24
1.76
1.6
1.92
1.28
1.92
1.28
1.28
1.76
1.6
1.12
1.6
1.76
0.48
2.24
0.32
1.28
1.76
1.92
0.96
2.08
1.28
1.44
1.6
1.76
1.12
1.28
1.44
1.76
1.6
1.76
1.76
1.92
2.24
1.44
1.6
1.28
1.6
2.08
2.4
0.96
1.44
1.44
1.44
1.6
0.8
1.76
2.08
1.44
0.8
0.8
2.08
1.28
1.6
1.12
1.6
2.24
1.44
1.76
1.6
1.12
1.44
1.76
1.12
1.76
0.8
2.24
1.76
1.28
1.76
0.96
2.08
0.96
1.12
2.24
0.96
1.28
0.96
1.6
1.6
0.96
1.28
1.6
2.08
1.28
1.28
1.44
2.24
0.96
1.12
0.96
1.28
1.44
2.08
1.28
1.44
1.6
1.12
1.6
0.96
1.92
1.76
0.16
1.12
1.28
1.76
1.6
1.6
1.12
0.96
0.8
2.24
1.44
0.96
1.76
1.6
1.44
0.8
2.24
1.92
1.6
0.64
1.44
1.6
1.6
1.28
0.96
1.6
2.08
2.4
2.24
1.92
1.6
1.92
1.12
0.8
1.28
1.6
0.64
1.92
1.44
1.12
1.76
1.12
1.12
1.44
0.8
1.6
1.92
1.92
1.92
2.24
2.4
2.4
0.96
2.24
0.8
1.6
2.72
1.44
2.56
2.08
1.44
2.24
1.76
0.96
2.08
1.6
1.28
1.12
1.28
1.12
1.44
2.24
1.76
1.44
1.6
1.12
1.6
1.12
1.6
1.28
1.76
1.12
2.24
1.28
1.12
2.08
1.28
1.44
2.56
0.96
1.6
1.76
1.92
2.08
1.12
2.4
1.6
2.08
0.96
1.6
1.76
1.92
0.96
1.76
1.92
1.6
1.44
1.12
1.44
0.96
1.6
1.12
1.6
1.44
1.76
1.6
0.8
1.12
0.96
1.44
1.28
1.44
1.28
1.6
1.12
1.28
1.28
1.6
0.96
1.76
1.28
0.64
1.12
1.76
1.44
1.6
1.44
1.44
1.12
1.28
1.6
1.12
1.6
1.12
1.12
1.28
1.28
2.08
2.08
0.96
1.44
1.44
1.44
2.24
1.44
0.96
1.6
1.28
1.44
1.76
1.44
1.12
1.12
1.28
2.08
1.28
1.6
0.96
0.8
1.44
1.76
1.44
1.44
1.6
1.92
1.6
0.96
0.96
0.96
1.44
0.64
2.08
2.56
1.92
1.44
1.12
1.28
2.24
0.8
1.28
2.08
0.64
1.76
1.44
1.6
1.6
1.12
1.44
0.8
0.96
1.76
0.8
0.96
1.44
1.76
0.48
0.96
1.28
0.64
0.32
1.12
1.12
0.8
1.12
1.44
0.96
0.48
1.44
0.96
1.12
0.8
1.6
1.12
0.96
0.96
0.8
1.44
0.64
0.8
0.64
2.08
0.8
1.12
0.8
0.64
1.12
0.16
0.48
1.12
0.8
0.48
1.12
1.28
0.96
0.64
0.96
0.32
0.96
0.32
0.32
0.72
0.48
0.8
0.48
0.48
1.44
0.48
0.96
0.16
0.32
0.48
0.8
0.48
0.32
0.64
1.12
0.96
0.64
0.16
0.48
0.16
1.12
0.64
0.64
0.48
0.16
0.96
0.48
0.16
0.32
0.48
0.64
0.48
0.48
0.32
0.32
0.64
0.8
0.16
0.48
0.48
0.64
0.48
0.48
0.32
1.28
0.8
0.32
0
0.8
0.8
1.12
0.8
0.16
0.32
0.8
0.32
0.32
0.32
0.24
1.12
0.32
0.48
0.48
1.12
0.48
0.32
0.8
0.32
0
1.12
0.32
0.48
0.48
0.96
0.64
0.8
1.28
0.8
1.44
0.96
0.8
0.64
0.48
0.64
0.32
1.44
0.32
0.96
1.28
0.32
0.8
1.12
0.8
0.8
0.48
0.32
0.32
0.64
0.64
0.96
0.16
0.32
0.48
0.48
1.12
0.96
0.32
0.16
0.32
0.48
0.64
0.64
0.8
0.64
0.48
0.96
0.32
1.28
0.48
1.28
0.64
0.48
0.48
0.32
0.16
0.32
0.48
1.12
1.28
0.8
1.12
0.64
0.96
0.64
0.8
0.48
3.04
2.4
2.72
1.76
2.24
4.64
3.36
3.04
1.76
1.6
1.92
1.44
2.24
1.92
1.76
3.04
2.72
3.68
4.16
1.92
3.04
3.04
5.12
4.48
5.92
5.12
5.6
7.04
6.4
5.28
5.6
5.28
3.84
5.12
4
4.32
2.72
3.36
3.2
1.6
1.92
1.28
2.56
1.92
4.48
4.64
5.6
5.44
5.6
6.08
5.6
5.12
4.96
3.68
4.32
4.8
3.84
3.68
2.56
2.24
1.6
3.04
2.56
4.96
4
2.56
3.2
1.6
2.88
2.72
2.88
3.84
1.12
2.88
2.4
3.36
1.6
1.44
3.04
1.12
1.44
1.76
1.28
3.68
3.36
4.96
2.88
3.04
4.32
3.36
3.68
2.88
4.16
4.64
4.16
4.96
3.52
6.72
3.04
3.68
3.52
2.56
1.44
1.44
0.64
0.48
2.24
2.24
3.36
1.12
2.24
2.72
2.4
2.08
2.72
2.08
2.08
1.12
1.44
1.6
1.44
1.44
1.28
1.28
1.28
0.64
0.56
0.96
1.92
1.12
1.6
0.64
1.92
0.64
1.44
1.44
0.64
1.44
1.92
1.44
0.96
4.32
2.4
2.08
2.4
7.2
4.8
5.12
2.88
3.52
1.28
2.08
1.28
0.96
0.8
0.48
0.48
0.8
1.44
1.28
1.28
1.6
2.24
2.4
2.4
6.08
4.96
4
3.68
2.4
0.16
0.32
0.8
0.96
1.44
2.72
0.96
1.28
0.96
1.92
1.12
2.4
2.24
0.96
2.08
3.2
5.76
4.16
4.48
4
4.48
2.24
1.6
0.96
0.64
1.28
0.64
0.32
0.96
1.44
1.28
1.92
1.28
2.4
0.96
3.52
2.08
2.88
1.44
4.96
4.48
2.72
1.76
0.64
0.8
1.28
0.8
2.56
1.28
1.92
2.56
2.56
2.56
2.72
1.92
2.72
3.36
2.4
6.08
6.4
6.08
2.88
2.24
0.16
1.12
1.12
1.12
1.44
1.92
1.44
2.56
1.12
0.96
1.28
5.28
2.56
4.64
1.28
2.56
1.28
2.08
1.44
0.96
0.8
0.48
0.48
1.12
0.48
2.56
1.76
0.96
1.6
1.92
1.44
2.88
3.84
4.16
5.6
6.88
7.36
5.76
2.08
0.96
1.12
1.76
2.08
1.12
0.8
1.12
4.8
3.2
3.2
4.64
0.96
2.56
3.52
4.32
5.6
3.52
3.36
2.24
1.6
2.4
1.28
1.12
1.76
0.96
1.28
1.28
2.56
2.88
0.96
5.44
3.52
6.56
8.64
8.16
11.2
6.88
3.2
6.24
4.8
5.6
6.4
3.84
1.12
2.24
1.76
1.6
2.24
5.44
6.56
5.92
2.08
2.72
3.2
3.68
3.52
7.52
8.32
8.16
6.08
8
6.4
5.44
2.72
3.04
3.2
4.64
4.64
0.48
1.6
1.44
5.12
1.28
0.64
4.32
3.52
3.68
9.44
7.2
8.48
8.16
5.92
1.44
3.84
7.36
8.16
11.2
8.8
12
9.44
4.64
5.44
3.36
4.32
3.36
4.32
2.24
4
4.16
9.28
9.28
5.12
2.24
3.52
3.36
2.4
3.36
7.68
7.52
8.16
8.32
5.76
4.48
5.92
3.84
6.72
6.24
5.76
9.28
7.52
6.56
4
9.76
12.8
3.52
4.96
2.72
6.56
4.32
7.68
4.32
7.36
9.6
8.32
3.68
3.2
3.04
3.68
5.92
6.72
6.88
3.2
7.68
9.44
8.64
8.32
6.08
7.2
8.64
5.44
7.52
3.04
3.36
6.08
5.6
11.2
4
5.12
7.68
7.68
4.8
10.24
8.16
10.72
9.28
9.28
6.4
6.4
4.8
9.12
7.36
8.16
7.68
8.48
8.16
11.68
12
10.72
10.4
9.92
3.68
9.28
8.16
12
6.88
7.36
8.64
9.76
9.28
7.68
7.84
11.68
9.28
8.48
9.44
11.04
12.64
12.16
9.92
4.16
9.28
11.36
13.12
14.88
15.52
14.88
13.28
11.36
10.88
12.48
11.04
11.68
10.88
6.24
8.16
9.76
10.4
11.68
14.72
7.36
16
12.32
11.36
13.6
10.88
9.6
8.48
9.12
8.16
13.76
12.8
10.24
13.28
9.6
11.04
13.92
13.6
12.96
6.88
12.32
11.04
9.44
9.6
12.8
14.4
12.96
12.16
11.04
12.64
11.68
13.12
13.28
12
13.6
10.72
12
13.12
13.92
8
12
8
12
13.12
14.08
15.2
15.2
16.64
16
13.6
10.72
14.24
16.16
15.84
14.08
15.68
14.24
13.92
8
14.88
15.04
12.16
14.72
11.04
11.04
10.4
13.76
15.68
12.16
15.84
14.24
12.8
13.44
15.2
11.04
10.56
14.72
9.76
7.2
14.56
15.52
13.6
14.24
15.84
14.88
14.72
16.32
14.72
14.08
13.92
16.64
13.44
14.08
15.36
16
17.92
15.2
7.04
14.88
13.28
15.2
11.52
12.96
9.6
11.36
12.32
15.68
12.64
11.36
14.56
13.12
12.64
13.76
12.32
14.24
14.08
11.52
7.84
13.6
11.04
12.32
13.28
13.76
13.44
13.6
13.28
11.36
13.92
12
10.72
13.92
15.84
14.24
16.16
13.92
15.52
5.44
15.84
14.56
17.28
16.16
16.64
16.64
18.4
17.44
17.6
15.84
17.76
17.76
18.08
15.68
14.08
15.52
18.4
8.64
10.4
8.96
16.16
13.92
11.84
14.4
16.8
12.64
15.68
15.04
16.64
10.56
6.4
11.52
9.92
14.08
9.92
12.32
14.08
15.36
6.72
12.48
11.04
11.36
14.88
9.76
13.28
11.2
12.48
11.52
9.6
13.1733
13.28
10.88
12.48
17.76
17.92
17.28
7.84
16.96
16.64
16.64
15.2
15.04
15.2
10.24
18.4
14.88
15.04
17.6
14.08
14.24
19.04
12.96
10.24
5.44
9.44
7.68
17.28
12.8
7.52
15.36
13.84
16.48
14.24
13.92
18.4
14.56
11.52
13.28
12.16
17.6
14.88
14.72
6.56
11.84
6.4
13.76
16.96
17.28
12.8533
14.56
15.68
16.16
10.08
12.64
12.96
15.84
16.32
17.92
9.6
11.52
17.28
13.76
13.12
15.84
15.84
18.4
17.44
17.44
15.92
15.52
13.7067
12.8
12.16
14.72
16.32
6.56
15.84
15.12
12.48
16.48
16.16
16.48
12
17.28
14.24
16.8
15.7333
13.28
14.88
13.28
7.04
14.24
15.36
14.56
10
8.48
12
9.6
9.76
8.64
8.16
8
8.8
9.92
8
9.76
8
9.92
9.6
4.16
9.28
10.24
10.72
11.04
8
9.6
9.44
8.96
8.16
7.04
9.92
11.52
12.96
13.6
10.96
13.6
17.28
15.88
15.3067
16.48
15.4667
19.2
17.44
9.44
17.28
18.24
17.4933
16.08
18.08
19.04
17.44
18.4
17.44
17.52
16.4
10.08
8.64
16.48
16.96
19.04
16.32
19.04
9.76
19.2
17.28
16.64
18.24
18
14.48
15.36
14.56
16.8
15.36
16.32
9.6
15.36
14.4
15.68
17.28
16.96
16
16
15.04
13.6
17.6
11.04
17.28
14.24
7.68
17.6
12.96
14.56
18.4
18.56
16.96
14.88
18.88
15.36
11.84
17.6
17.44
11.04
18.56
18.4
17.1733
15.68
9.44
13.12
19.04
15.36
10.56
11.84
7.36
8.32
16.96
10.56
17.12
17.76
17.28
17.92
19.2
16.96
14.68
18.24
17.92
17.92
17.2
17.28
16.96
18.4
18.4
16.5867
17.44
12.48
8
16.96
14.64
12.88
14.88
13.76
15.36
8.48
16.8
15.2
16.32
11.52
11.84
14.72
17.76
11.6
16.32
14.08
16
14.4
15.28
15.52
15.6
17.44
15.84
17.12
17.92
16.64
12.16
15.84
18.72
14.4
15.52
1.92
10.24
9.6
17.28
14.24
17.92
16.16
15.68
16.48
9.28
7.68
8.8
12
16.8
14.4
19.2
13.76
19.04
13.04
16.96
17.1
16.64
19.04
17.76
16.64
17.52
18.88
16.64
9.92
13.44
17.04
17.2
17.12
18.4
18.72
13.2
14.4
14.72
15.36
12.64
9.28
5.44
11.04
16.32
17.28
16.96
17.6
12.32
18.72
14.88
16
16.6933
17.2267
16.8
17.44
18.4
9.44
17.44
9.12
18.24
19.04
17.6
16.16
16.1067
12.64
16.32
16.64
14.4
17.6
15.52
16.32
13.12
13.92
9.12
17.6
16.64
18.24
18.4
17.28
12.8
14.08
17.92
15.84
15.36
6.72
8
6.4
15.36
18.24
8.32
15.36
17.36
18.24
17.6
18.24
17.6
14
18.4
15.84
18.24
19.2
17.44
12.32
18.56
17.92
8.16
8.8
12.32
16.16
13.12
14.08
16
18.08
17.92
16.64
17.12
14.56
13.12
15.2
14.88
16.32
18.4
15.52
15.2
16
6.4
17.28
18.56
15.2
16.56
15.04
16.1067
16.96
18.32
16.16
17.44
14.24
14.08
18.24
17.44
9.12
18.24
14.88
18.4
16.8533
16.8
16.8
18.4
18.4
16
18.4
11.04
17.6
16.24
18.24
15.68
5.28
6.56
15.04
16
14.24
15.2
16
16.96
17.84
17.44
16.96
12.32
14.4
16.32
17.92
18.48
8.8
15.36
17.92
12.16
16.4
11.6
8.64
7.84
9.28
11.52
16.48
16.48
13.76
6.72
17.6
17.44
14.24
8.96
17.44
15.68
11.36
13.36
14.08
16.8
16.8
16
16.8
13.44
15.04
14.08
17.76
14.56
14.1333
12.16
16.8
11.2
18.08
14.4
15.2
16.08
13.92
17.28
7.04
17.76
11.52
16
11.52
9.44
11.2
11.52
8.64
12.64
16.96
18.56
15.68
17
16.16
18.4
18.4
17.28
12.16
15.36
15.04
17.6
18.24
15.52
2.72
19.2
17.6
17.12
17.52
18.4
18.4
18.4
17.44
17.44
14.88
19.2
13.28
10.08
17.28
18.24
18.4
12.32
4.16
17.12
16.64
17.92
17.92
19.2
14.56
9.28
14.4
15.52
17.44
19.2
17.44
18.4
10.72
12
15.36
16.56
8.8
18.24
10.56
15.36
14.4
17.76
17.28
15.04
18.4
16
16
13.76
17.92
15.84
16.96
13.28
17.6
8
5.12
18.56
17.92
14.4
18.4
13.92
18.72
17.28
18.72
9.28
8
7.36
8
9.12
8.64
12
13.76
17.12
16.8
11.92
15.68
16.72
16.64
13.92
16.48
16.64
15.92
18.4
15.2
14.08
19.2
12.64
9.44
16.48
18.24
16.8
18.4
12.96
8
14.08
16.96
17.92
17.6
19.2
17.92
8.16
15.52
17.44
18.4
7.04
18.08
17.44
17.28
17.76
14.56
10.56
10.24
9.68
13.76
16.96
16.16
16.96
16
16.8
16.8
15.36
17.44
18.24
8.64
19.2
11.36
11.04
17.68
18.88
17.76
14.24
19.2
8.16
12.48
13.6
12
13.92
12.8
8.8
6.24
17.12
16.48
14.88
11.36
17.92
17.04
17.28
18.4
18.4
17.52
19.2
18.4
16.16
19.2
17.84
9.44
10.24
14.72
10.72
16.96
17.6
19.2
17.92
17.92
17.68
18.88
17.44
18.4
17.6
16.16
16.96
19.2
13.12
17.76
19.2
13.12
16.64
19.2
18.4
16.64
7.36
18.88
14.56
16.16
16.32
16.96
19.2
14.08
16.64
18.4
17.6
17.44
9.28
15.04
13.76
18.4
15.68
15.68
18.72
10.24
15.52
19.2
12.32
14.88
16.8
17.12
18.4
15.2
18.24
12.64
18.56
16.72
14.72
16.32
14.08
13.44
14.88
15.6
15.0933
14.72
16.96
17.28
14.72
7.68
13.6
4.64
8.26667
9.6
8.8
8
7.52
4.16
3.2
4.16
3.84
4.48
4.64
3.36
5.92
6.4
16.16
16.8
9.76
2.72
0.48
1.44
0.8
1.12
0.96
1.76
1.6
1.76
1.12
0.96
1.12
0.96
1.76
0.64
1.12
0.8
0.96
1.28
2.08
1.6
0.48
1.92
0.96
1.44
1.44
1.44
0.96
1.6
1.6
1.28
1.6
1.6
1.28
1.28
1.28
1.28
0.96
0.32
1.76
0.8
2.56
1.44
0.96
0.96
1.6
2.24
0.96
1.76
1.28
0.96
1.6
0.64
0.8
0.32
0.8
0.48
0.72
0.32
0.64
0.8
1.12
0.64
0.16
0.72
0.16
0.48
0.96
0.32
0.64
0.32
0.32
0.64
0.8
0.64
0.64
0.96
0.64
0.48
0.8
0.96
0.48
0.64
0.48
0.8
0.64
0.48
0.48
0.32
0.96
0.96
1.12
0.8
0.16
0.48
0.64
0.48
0.8
0.96
1.28
0.48
0.48
0.96
0.48
0.32
1.28
1.12
0.16
0.72
0.64
0.96
0.32
0.48
0.16
0.96
0.64
1.28
0.48
0.64
0.48
0.48
1.6
0.48
0.48
0.48
0.48
1.12
0.48
0.64
0.32
0.48
1.12
0.48
1.28
0.8
0.8
1.12
0.32
0.32
0.64
0.96
0.32
0.64
0.64
0.96
1.6
0.64
0.64
0.64
0.48
0.56
0.96
0.64
1.12
0.32
0.48
0.96
0.32
0.48
0.8
0.64
0.64
0.64
0.16
0.48
0.64
1.28
0.96
0.88
0.64
0.96
0.16
0.48
0.16
0.64
0.48
1.12
0.32
0.64
0.48
1.12
1.28
0.64
0.64
1.12
0.64
0.32
0.64
0.8
0.32
0.64
0.8
0.48
0.56
0.32
0.48
1.12
0.32
0.48
0.16
0.64
0.48
0.96
0.48
1.28
0.64
0.64
1.2
1.12
0.48
0.32
0.48
0.8
0.16
0.64
0.48
0.16
0.48
0.64
0.32
0.48
0.64
1.28
0.64
0.64
1.6
0.48
0.8
0.8
0.64
1.12
0.48
0.48
