0
59000
1000
1000
0
986
1
0
0
16
0
749
249
0
0
0
999
0
0
0
456
550
0
0
249
749
997
290
710
0
999
0
487
0
515
0
0
1000
0
0
544
460
0
995
0
0
0
0
1003
0
0
0
0
1
166
840
0
0
0
0
0
0
787
527
675
0
0
0
0
1001
0
0
0
418
590
0
453
540
0
0
998
1002
0
1004
0
1001
996
1003
1903
1093
1000
301
703
1025
1000
1004
0
1002
995
1001
499
481
1000
1000
1999
261
741
1000
1000
999
771
1000
1003
48
997
8
319
1004
0
2996
1000
0
1000
1001
0
1001
1998
1855
146
0
1000
1226
0
1580
1000
1000
1002
0
1001
999
1000
781
219
1000
1000
1001
0
186
994
815
1002
1002
0
997
1001
1000
693
6
1001
999
1000
1001
0
1003
0
194
1001
0
1322
0
786
999
1001
0
764
997
1003
998
212
1996
999
3000
1000
0
0
1000
590
415
1000
1000
1000
141
864
996
1000
1002
417
1001
0
1002
0
1003
0
999
1359
1085
2371
183
1000
1001
0
1000
1000
1001
0
1004
536
1002
0
999
1000
2977
0
1022
1001
0
1000
1000
1
1002
0
1000
1001
599
637
998
326
998
1004
997
951
1001
0
1000
1003
998
2000
1000
1001
1
998
1000
1005
999
996
1000
1001
1000
0
1000
1001
1998
170
1001
0
1002
1383
0
1002
0
999
1000
1001
801
3000
0
876
125
0
1002
1000
303
696
1002
0
60
1003
0
1
1000
1000
745
995
2000
1913
86
1
1001
1000
0
1000
1001
1002
999
999
1001
0
1000
774
1999
0
2001
0
0
1003
0
998
1001
1000
999
1001
1000
999
1000
1001
649
2000
999
686
315
800
889
339
3000
1000
0
0
1000
510
493
1999
0
1003
0
999
999
1409
0
1141
0
1008
0
999
998
998
1598
3000
1000
0
1000
1001
1999
3000
0
1637
364
0
0
999
0
2003
997
0
2002
0
0
1
1001
1006
999
997
443
173
942
117
1000
1002
1001
998
1000
1001
1002
931
1
1002
999
1002
1001
1002
998
1001
1001
1001
999
999
1002
995
1001
1000
1000
1000
1001
1028
1004
0
1005
1001
1000
1000
1090
0
1010
0
1003
999
998
1001
1000
997
1002
1002
1000
998
101
1005
0
1001
1001
997
1002
999
1001
998
1002
999
1001
998
1002
1000
1000
998
1004
997
1001
999
1001
999
1002
997
1005
1000
164
1008
0
1000
1002
998
1003
998
1039
990
1007
1165
1176
60
4515
0
0
0
0
886
740
1000
1001
1003
995
1038
963
1035
993
1057
1048
969
2565
0
0
1315
1195
0
1111
0
931
1000
1069
1001
843
1659
151
690
1111
0
1000
1036
2186
0
0
858
997
1004
997
1003
1097
1195
1250
1073
1450
0
890
1011
1037
961
1029
1004
1039
955
1000
1005
1108
961
964
964
1004
999
1000
1034
966
1052
1142
1077
1116
1513
0
961
1037
1006
1068
960
967
1049
1021
1004
963
999
926
1959
1078
0
970
1000
998
1000
1031
968
999
1001
1000
1001
998
1001
1000
999
999
1037
965
999
2250
0
0
755
1000
1000
1000
1000
1001
999
1000
1000
1001
999
1000
1000
1001
1532
1212
0
1000
1037
1001
1610
1357
0
995
1024
1199
1451
328
79
975
990
1002
1041
1900
1345
0
711
1002
1003
998
1286
729
710
864
1185
959
738
998
1072
1361
2656
0
0
1077
1156
1335
0
1003
0
1038
1171
1464
1331
0
996
1004
999
1001
1000
1000
999
1063
1009
959
966
1001
1003
997
999
1001
1001
999
1001
1000
1002
998
1000
1000
1000
1000
1000
1000
1000
1000
1000
999
1000
1001
998
1002
1001
998
1001
1000
1000
999
1001
1000
1000
999
1001
1000
1000
1000
1000
1000
1000
999
1001
1001
999
999
1002
998
1068
964
2640
0
0
1638
0
80
796
964
1811
2578
0
0
1429
0
1006
0
1000
999
1066
1039
928
967
1260
1397
1571
0
1038
1129
0
999
1005
1039
963
999
999
1002
1228
0
995
1008
1000
999
999
1002
1000
999
999
1002
1000
999
999
1002
1000
999
1000
1001
1000
999
1002
1000
999
1000
998
1031
972
1028
1000
971
1001
1065
932
1003
1001
998
1004
999
1026
972
999
1001
1000
1029
1509
0
1392
1222
0
1008
0
1004
998
1003
996
999
1001
999
1000
999
1002
999
1000
999
1002
999
1000
999
1002
999
83
990
1000
1004
1001
998
1002
999
1102
933
1077
958
1633
2053
0
1246
0
991
1037
973
1000
1064
970
1214
501
832
1312
1479
0
768
1459
1072
852
2446
0
0
727
1032
1717
1435
0
812
1117
962
967
954
2497
0
3348
0
0
1191
0
1012
0
1066
1000
964
218
1643
0
1360
1189
0
1527
0
1383
490
2454
0
0
2061
0
525
614
2466
0
0
1068
1060
1425
202
798
3013
0
0
1102
896
999
1108
1100
782
2623
0
1216
0
1078
0
1520
1343
2279
0
0
1094
1032
1852
0
1030
978
984
942
206
3482
0
0
0
1081
1576
0
241
2363
0
0
996
866
849
1033
430
2050
0
991
3788
0
0
0
747
1005
1088
454
1509
1037
1078
0
1130
1000
3176
0
0
0
1851
0
1921
1052
2669
0
0
1370
0
1038
0
1254
879
1578
0
1852
0
919
668
902
3882
0
0
0
1538
0
812
1381
1280
0
1796
1973
0
1263
0
1715
0
2197
0
1088
1752
0
2193
0
1054
559
1136
2811
0
0
1537
0
1047
931
776
1152
372
1195
1181
2706
0
0
872
4044
0
0
0
1012
0
1009
1202
1359
1342
1085
568
4877
0
0
0
0
1206
0
1075
0
1134
828
1000
199
3326
0
0
620
843
727
906
1000
2577
0
0
1657
779
1599
0
2076
0
1139
713
282
681
1926
0
1073
1381
0
948
1510
0
1003
1471
1078
0
621
253
3610
0
0
1951
0
1361
0
926
1005
1003
1088
1459
1080
1000
610
3718
0
0
0
1693
0
1019
970
1000
1824
1174
0
441
969
1343
359
850
1796
0
1002
0
3448
0
0
1083
0
994
1005
1551
659
923
384
982
1436
0
1888
0
1588
0
4657
0
0
0
0
1355
0
990
1141
1024
678
388
1390
1264
845
1686
0
1067
250
2750
0
1317
0
1000
2759
0
0
1682
0
1801
0
1424
1331
2131
0
0
872
1891
358
3670
0
0
1084
0
455
1037
610
1370
3731
0
0
0
994
892
643
1040
4518
0
0
0
0
1412
1106
0
994
1328
1102
1791
0
1347
0
155
2868
0
0
1964
1809
16
377
1038
1223
0
4081
0
0
0
1120
804
1130
197
3373
0
0
0
3982
0
0
0
1017
1008
0
1031
759
2443
0
0
1650
155
1170
676
514
2955
0
0
1241
526
767
4330
0
0
0
0
1298
1607
0
1000
3541
0
0
0
1043
699
1621
2179
2130
0
0
0
1537
0
1244
598
159
4760
0
0
0
0
1442
896
924
1545
0
1004
0
1891
658
344
1415
3556
0
0
0
1533
2446
0
0
1214
187
3097
0
0
0
906
1052
1711
850
150
2121
0
1044
1543
0
1777
0
1066
1426
264
1505
1678
0
921
1678
1036
20
2820
0
1606
0
31
812
2394
0
0
1017
1087
579
1167
1171
0
963
1115
1917
0
1783
0
1000
3653
0
0
0
1292
1054
1000
460
2123
0
1007
1875
0
1388
0
1875
1902
0
1373
0
804
759
340
4913
0
0
0
0
1243
1119
0
219
1267
1429
418
1506
1844
0
1316
171
1291
1426
1710
0
2159
0
1100
306
1004
0
1002
2464
0
0
1306
2360
0
0
875
693
1932
967
379
1889
0
1234
0
1728
875
488
1754
0
1428
1260
0
3095
0
0
904
1264
0
2127
0
708
1000
1575
1380
989
808
771
1143
2491
0
0
1568
2097
0
0
934
786
1940
0
1362
0
1764
0
940
1000
1001
1049
1967
0
1034
1901
0
2577
0
0
1260
1266
0
1006
0
1039
1211
474
1061
1988
0
1353
1026
1035
0
396
541
2733
0
0
1282
0
1009
0
998
1174
879
977
1406
1311
0
576
1059
234
1566
1049
0
155
975
1860
1012
0
2841
0
1164
0
993
1007
1002
1798
1199
0
1009
0
999
1488
2384
0
1129
0
993
1009
999
999
1000
1001
1000
999
1030
971
1033
1622
2048
0
1294
0
993
1008
1003
1723
1971
0
1302
0
1009
0
999
1001
1003
999
1065
965
1175
620
1286
1523
0
1003
1402
0
986
1009
1002
998
1084
1273
579
1113
1093
0
1009
0
1000
1486
1548
0
959
1037
1073
1527
491
592
1583
1194
0
1037
0
387
1157
0
1894
0
2438
0
0
1675
0
993
1007
1004
1000
998
1000
1000
1001
999
1216
781
739
1442
1230
0
831
1393
1110
1478
0
224
74
989
1000
1003
1002
1000
1000
998
1001
1000
1002
1036
1006
0
1001
998
1004
999
999
998
1035
1006
0
999
1000
999
1001
999
1000
1000
1003
998
1000
999
1000
1002
999
1000
1001
998
1000
1001
999
1000
1002
998
1003
1000
997
1000
1001
1002
998
999
1000
1000
1001
1000
999
1002
998
1000
1001
1002
997
1000
999
1001
1000
1000
1002
1001
997
1000
999
1001
999
1000
1004
996
1000
1001
999
1000
1001
1000
1001
1000
1001
997
1000
1000
1000
1000
1000
1000
1000
1000
1000
1000
1000
1000
1000
1000
1000
1000
1001
999
1000
1000
1000
1000
1000
1000
1000
1000
1000
1000
1000
1001
999
1000
1002
998
1002
998
1000
1000
1003
999
998
1002
998
1001
1003
996
1000
1000
1002
998
1000
1000
1000
1000
1000
1000
1002
998
1000
999
1001
1001
999
999
1001
1004
998
997
1001
1001
1000
1000
999
1001
999
1002
998
1001
999
999
1001
1001
999
999
1001
1001
1000
1000
1001
999
999
1002
998
1001
999
1000
1000
1001
999
1001
999
1002
1001
998
1000
1001
998
1003
999
1002
996
1001
1001
1000
998
1001
1003
998
998
1001
999
1002
998
1002
998
1002
998
1000
1000
1001
999
1000
1002
999
999
1001
1002
998
999
1000
1000
1001
999
1000
1000
1002
998
1000
1000
1001
999
1001
999
1001
1000
1000
999
1002
997
1000
1002
1001
999
998
1000
1003
997
1000
1002
1002
996
1000
1000
1002
998
1001
999
1002
998
1000
1000
1002
999
1001
999
1000
1000
1001
998
1001
1000
1000
1001
1001
998
1000
1002
998
1000
999
1002
1001
998
999
1001
1001
999
999
1002
1000
999
999
1001
1002
999
999
999
1001
999
1000
1000
1001
1001
998
1001
1000
999
1002
999
999
1001
1001
998
1002
998
1000
1000
1003
999
999
1001
1002
997
1002
999
1000
999
999
1001
1001
998
1000
1003
997
1001
999
1003
997
1002
1001
997
1001
1001
998
1000
1002
998
1000
1000
1000
1000
1001
999
1000
1000
1000
1000
1000
1000
1000
1000
1000
1000
1000
1000
1000
1000
1001
1002
997
1000
1000
1002
998
1000
1000
1000
1000
1000
1001
1001
998
1000
1000
1002
999
1000
1000
1001
1001
998
1000
1002
999
999
1001
1001
998
1000
1000
1001
999
1000
1000
1002
998
1000
1000
1001
999
1000
1002
998
1000
1000
1000
1001
999
1000
1000
1001
999
1000
1000
1001
999
1000
1000
1001
40
1002
0
1002
1000
1001
998
1001
1000
999
1000
1001
1000
999
1000
1001
1000
1000
999
1001
1000
1000
1001
1000
999
999
1000
1002
1000
998
1000
1003
998
999
1000
1001
1001
1001
997
1001
1000
999
1000
1002
1000
998
1001
1001
999
999
1001
1001
999
1000
1001
999
1001
998
1000
1001
1001
999
1001
1001
997
999
1003
999
999
999
1002
999
1000
999
1002
999
1000
1000
999
1004
997
999
1001
1004
996
999
1001
1000
1000
1000
999
1001
1002
997
1000
1003
997
1000
1000
1001
999
1000
1000
1001
999
1000
1000
1001
999
1000
1000
1000
1000
1000
1001
0
1000
1000
1001
0
1000
1001
0
1001
999
1000
1000
1002
998
1000
1001
0
1001
1000
1002
0
1000
999
1000
1002
997
1000
1000
1002
998
1001
1001
998
1001
340
1002
0
1001
1000
1000
999
1000
1000
367
999
1001
1000
1000
1001
0
1000
1001
0
1000
1000
1000
1001
0
1000
1000
1001
0
1000
1000
1
1000
1000
1000
1001
0
1000
1000
1003
0
1000
1000
1002
0
1000
1001
0
1000
1000
855
1000
1000
1000
1001
0
1001
0
1001
0
1001
0
1002
0
1001
0
1001
0
1001
0
1000
1000
1001
0
1001
0
1001
0
1001
0
1001
0
1002
0
1001
0
1001
0
1001
0
1002
0
1001
0
1001
0
1001
0
1001
0
1001
0
1001
0
1001
0
1000
1000
1001
0
1001
999
1001
1000
1001
0
1000
1000
1002
0
999
1000
1002
0
1000
999
1001
0
1000
1000
1000
1000
1000
196
1230
1082
999
1001
1000
1000
1000
1000
1000
1000
1000
979
22
1001
1000
1000
1000
1000
1000
1000
1000
1000
1000
1000
1000
1000
1000
1000
1000
1000
1000
1000
1000
1000
1000
1000
1000
1000
1000
1000
1000
1000
1000
1000
1000
1000
1000
1000
1000
1000
1000
1000
1000
1000
1000
1000
1000
1000
1000
1000
1000
1000
1000
1000
1000
1000
1000
1000
1000
1000
1000
1000
1000
1000
1000
1000
1000
1000
1000
1000
1000
1000
1000
1000
1000
1000
1001
0
1001
0
1002
0
1000
999
1001
0
1001
999
1003
0
1001
0
1000
1001
999
1000
1002
0
1000
999
1003
0
998
1000
1002
999
1001
0
1000
1000
1000
1001
1075
999
926
77
1001
0
1001
999
1003
0
998
1000
1002
0
999
1000
1001
0
1002
998
1001
0
1001
999
1001
0
1000
1000
1000
1001
1001
0
1000
1000
1000
1000
1000
1001
796
208
234
1001
999
1001
1001
0
1000
1000
979
1019
1001
1000
1001
0
1001
0
1001
999
1002
0
1296
999
1002
0
1001
0
1001
0
1001
0
1001
0
1001
0
1000
1000
1025
1003
0
1000
1001
0
1000
1000
1001
0
1000
1000
1000
1000
1000
1002
0
999
1002
0
1001
0
1001
0
1001
0
1001
0
1001
999
1002
0
1001
0
1001
0
1001
1001
997
1000
1001
999
1000
1000
1001
999
1000
1000
1001
999
1000
1000
1001
999
1000
1000
1001
999
1000
1000
1000
1000
1000
1000
1001
1000
999
1000
1001
999
1000
1000
1001
1001
998
1000
1001
999
1000
1000
1001
999
1000
1000
1001
999
1000
1000
1001
999
1000
1000
1001
999
1000
1000
1001
999
1001
999
1001
999
1000
1000
1001
999
1000
1000
1001
999
1000
1000
1001
999
1000
1000
1001
999
1000
1000
1001
999
1001
999
1001
999
1000
1000
1001
999
1000
1000
1001
999
1000
1000
1001
999
1000
1000
1001
999
1000
1000
1002
998
1000
1000
1001
999
1000
1000
1001
1000
999
1000
1001
999
1000
1000
1001
999
1000
1000
1001
999
1000
1001
1000
999
1000
1000
1001
999
1000
1000
1001
999
1000
1000
1001
999
1000
1000
1001
999
1000
1000
1001
999
1000
1000
1001
999
1000
1000
1001
999
1000
1000
1001
999
1001
1000
1000
999
1000
1000
1001
999
0
4
5
75
631
755
432
0
2697
2648
2599
2811
2762
2713
414
157
3632
3583
3534
3485
6
1875
1826
1441
1392
214
0
5755
5706
5657
5608
5559
5510
567
1287
1238
0
3319
3270
3221
3172
0
3275
3226
3177
888
338
2650
2601
2552
245
311
2044
1995
1946
0
0
1117
326
18
3
4
4
4
5
3
1
4
5
6
9
4
4
7
6
6
5
8
7
5
8
9
7
6
6
4
3
4
5
4
6
6
9
7
6
9
7
8
6
7
7
9
7
7
4
0
3
3
6
7
5
5
2
6
5
3
4
7
6
5
2
1
4
8
3
3
5
2
5
4
5
7
6
5
7
6
6
5
5
5
7
7
38
8
4
6
6
3
5
5
10
8
8
6
8
7
8
5
9
6
9
5
5
10
171
81
5
5
8
7
5
5
8
4
7
8
4
8
6
5
8
5
4
7
274
0
0
0
0
0
0
0
0
0
0
3
651
202
182
89
84
216
209
4
3
61
655
243
608
596
421
402
454
0
473
428
0
2396
2347
2298
1
0
1555
1506
3
567
152
689
116
676
1842
1793
357
0
1761
1712
1983
1934
1253
539
0
0
2995
2946
2897
0
1507
1458
3077
3028
2979
2930
817
0
2762
2713
2664
693
167
0
3417
3368
3319
3270
3
0
0
0
4524
4475
4426
4377
4328
0
0
1305
3542
3493
3444
3395
0
0
2659
2610
2561
0
4984
4935
4886
4837
4788
0
0
5470
5421
5372
5323
5274
4
0
5396
5347
5298
5249
5200
5151
3
4841
4792
4743
4694
4645
319
0
1356
1307
5637
5588
5539
5490
5441
5392
0
1079
1030
0
5576
5527
5478
5429
5380
306
0
5836
5787
5738
5689
5640
5591
2058
2009
1960
895
1990
1941
2157
0
0
4809
4760
4711
4662
0
0
0
0
3867
3818
3769
4984
4935
4886
4837
4788
4307
694
0
0
8298
8249
8200
8151
8102
8053
8004
7955
3368
3319
3270
3221
4737
4688
4639
4590
4541
0
11049
11000
10951
10902
10853
10804
10755
10706
10657
10608
10559
10510
0
3493
3444
3395
388
9997
11734
11685
11636
11587
11538
11489
11440
11391
11342
11293
11244
1987
0
1788
1739
1524
1475
0
1928
3366
3317
3268
6560
6511
6462
6413
6364
6315
6266
626
4993
4944
4895
4846
4797
5105
2743
2694
2645
0
7567
7518
7469
7420
7371
7322
7273
7224
1928
1879
226
0
5766
5717
5668
5619
5570
5521
2223
2174
2125
1
0
8452
8403
8354
8305
8256
8207
8158
8109
8060
275
0
0
8929
8880
8831
8782
8733
8684
8635
8586
8537
5557
0
0
0
7142
7093
7044
6995
6946
6897
6848
205
0
0
5899
5850
5801
5752
5703
5654
1056
0
0
0
5461
5412
5363
5314
5265
5
0
4485
4436
4387
4338
4289
4
0
3850
3801
3752
3703
13
639
0
0
1944
1755
0
2283
2234
2185
245
0
2884
2835
2786
10
0
0
3162
3113
3064
2
2286
2237
2188
134
1433
1384
54
936
435
0
982
449
0
1523
1474
490
0
0
3143
3094
3045
2996
4
0
2408
2359
2310
6
0
2158
2109
2060
693
393
689
769
238
358
1620
1571
83
0
2023
1974
1925
0
1927
1878
56
0
1959
1910
399
0
0
1573
5
739
91
0
8
5
3
7
5
8
6
8
7
6
4
4
3
5
3
7
6
7
6
5
7
6
8
8
4
7
3
6
3
4
5
6
7
5
3
4
2
3
5
6
3
7
4
4
4
8
4
12
4
5
5
3
4
5
4
5
5
6
255
17
1506
1457
239
0
2758
2709
2660
1666
1617
337
1027
978
0
0
6986
6937
6888
6839
6790
6741
6692
6402
238
6418
6369
6320
6271
6222
6173
6124
289
0
1911
1862
0
0
3673
3624
3575
3526
0
2994
2945
2896
5725
5676
5627
2860
4
0
6317
6268
6219
6170
6121
6072
6023
489
0
2905
2856
2807
0
0
3928
3879
3830
3781
2935
2886
2837
509
0
0
4952
4903
4854
4805
4756
3453
153
782
0
5289
5240
5191
5142
5093
5044
0
0
4817
4768
4719
4670
4621
4
0
4409
4360
4311
4262
4213
0
837
2450
2401
2352
397
955
0
0
3785
3736
3687
3638
4
0
3761
3712
3663
3614
160
972
897
907
918
101
0
3406
3357
3308
3259
404
0
2343
2294
2245
3
1677
1628
5
0
1675
1626
1
767
3
4
2
2
4
3
3
2
5
6
4
4
3
3
2
5
8
6
4
4
4
2
1
1
4
3
3
3
4
3
2
2
2
5
5
4
6
4
6
3
6
4
3
5
1
5
1
3
6
5
4
3
5
3
2
5
7
5
5
4
2
6
11
4
7
4
4
4
5
3
6
5
5
6
7
5
5
3
5
6
6
4
4
3
4
6
4
3
7
3
1
5
153
217
4
7
7
4
5
9
175
1
443
11
7
4
5
6
5
8
2
6
189
0
0
0
271
144
389
0
0
459
0
0
0
558
248
422
194
345
395
371
430
335
388
286
407
17
11
3
4
3
1
4
8
4
5
3
4
7
3
166
7
4
700
1701
2700
3700
4700
2
2265
2216
2167
0
1311
1262
472
3
3
2
5
3
3
5
3
6
3
4
4
5
1
4
4
3
3
3
7
2
5
6
5
5
3
6
4
3
