0
52000
1936
0
0
0
0
1
0
1068
0
0
0
0
995
1005
995
0
0
1000
0
1002
0
887
114
0
0
696
305
980
0
0
1
0
0
134
885
0
0
0
0
0
996
0
0
1005
0
0
997
218
640
145
0
995
0
0
0
0
3290
257
0
454
98
852
0
0
0
1
0
1053
0
0
0
0
995
0
1004
0
636
700
997
378
995
1002
999
557
995
1000
1001
1002
1000
1997
672
252
1090
0
1002
0
6
1002
997
1002
1001
1000
1256
3000
1000
0
0
1001
0
1003
1001
996
1000
1001
0
337
1994
999
1001
0
74
996
1001
1002
1004
995
2997
1000
1825
176
0
2001
2001
387
341
271
699
301
999
1000
1001
84
1005
996
0
1000
1001
999
2001
2703
1
294
1001
0
1001
405
303
993
1004
1959
38
1003
0
253
1002
2998
0
0
1000
1004
998
998
2002
998
1002
999
0
0
542
185
383
2000
0
1000
255
245
997
1001
1000
3998
800
200
0
1000
1004
998
770
1001
0
264
1008
0
999
1993
1000
1002
0
2002
0
358
642
800
1000
1
66
996
1001
1998
615
1384
1000
4000
0
0
0
1000
4000
0
1000
0
0
3000
0
1000
0
3000
198
803
0
0
2001
999
0
49
238
528
275
264
1003
0
1001
2996
0
669
2331
711
291
503
1301
847
350
997
1002
179
2995
3000
0
0
0
1000
2000
0
1
1004
1002
0
995
1194
0
869
1006
0
3994
0
0
2003
1998
0
0
2999
0
0
1000
1003
727
238
69
996
1002
984
19
2001
999
0
1001
0
1007
999
943
1003
997
1
294
999
1003
1002
999
1000
1000
1995
0
1002
0
999
1001
1003
996
1001
60
1001
0
1002
998
1002
998
229
2003
217
780
2001
0
0
564
1178
0
1001
0
582
10
236
995
719
1010
0
998
998
1001
1000
1002
1000
999
1000
1000
1002
998
1001
999
1001
1001
1000
1027
1004
997
972
1000
1002
998
1000
1000
1000
1000
1000
1000
1000
1000
1015
0
998
999
1000
998
999
1000
1000
1000
1000
1000
1000
999
1002
1000
999
1000
1001
1000
999
1001
1001
999
999
1001
1000
1001
999
1000
999
1000
1003
999
999
999
1002
1000
1000
1000
999
1001
1000
999
1001
1000
314
987
1007
660
1006
0
1001
1002
1000
1000
999
1000
1001
997
1001
1003
1000
997
1001
46
1006
0
820
771
1235
0
1033
1008
0
609
283
656
1086
0
1010
0
1001
999
1003
996
1003
997
1002
998
1002
998
1002
964
942
19
998
996
1008
987
1086
0
1008
0
1004
1000
1017
0
1002
999
1002
997
1006
996
1001
997
1006
996
1001
997
1006
996
1022
0
1006
997
1001
1068
0
1077
0
1015
0
996
1001
168
88
1000
994
1005
1007
994
1001
998
1006
995
1001
997
1005
1221
0
866
1141
0
952
1154
0
1011
0
999
1004
996
1001
13
1005
998
1000
997
1005
997
1001
1021
0
1000
998
998
1004
997
1001
998
1004
997
1001
998
1002
998
1004
995
1003
998
1004
995
1003
998
1004
995
1003
998
1004
996
1006
1088
0
1010
0
1000
890
1134
0
1015
0
996
999
999
1004
996
1001
1001
1004
995
1001
999
1003
996
1084
0
906
1101
0
1013
0
998
1001
999
1003
999
998
999
1003
998
999
1001
1001
999
999
1000
1002
999
998
1000
1002
999
999
1001
1001
1000
998
1000
1002
999
999
1000
1002
999
999
1000
1002
999
999
1000
1002
1000
998
1002
1001
997
999
1001
1001
998
23
1001
1000
1000
999
1001
1020
0
1003
1000
999
999
1004
997
1001
1000
999
28
1002
998
1001
999
1002
996
1002
1000
1000
998
1002
1000
1000
1000
1000
1002
998
999
1001
1000
1000
999
1001
1000
1000
999
1001
1000
1000
999
1003
998
999
1000
1003
998
999
1002
1003
996
999
1002
1001
998
1000
1000
1001
1312
0
1013
0
996
1002
1000
1000
998
1001
1000
1188
0
1010
0
1001
998
1001
1000
1000
999
1001
12
1001
1001
998
1002
999
999
1000
1000
1001
1000
999
999
1249
0
1010
0
1000
983
1103
0
1023
1008
0
1000
1002
999
1001
998
132
990
1008
0
1004
999
950
1195
0
1009
0
999
1001
1002
1000
997
1001
1001
1000
998
1004
998
1000
1073
0
1010
0
998
1002
1000
1000
992
1030
1009
0
999
1002
1000
1000
998
1002
1000
1000
998
1001
1001
1001
998
1000
1001
1001
1062
0
1011
0
998
1003
998
1002
998
1002
1000
999
999
1002
999
1003
995
1002
999
1001
998
158
988
208
1108
778
1031
1378
0
1010
0
1004
998
999
999
1002
998
1001
999
1002
997
1077
0
1010
0
1003
996
1083
0
1009
0
1002
1000
1002
997
1003
999
999
1000
1000
999
1001
998
1005
995
1002
998
1002
998
1092
0
1009
0
1002
999
1001
998
1002
999
1002
1001
1000
996
1004
997
1002
998
1003
997
1002
1000
1003
96
980
1007
1006
1191
0
1013
0
997
1001
1001
1000
998
1003
998
1001
998
1001
999
1002
998
1001
999
1002
998
1001
1126
0
1134
0
966
56
1030
1000
1012
0
1093
1067
0
1014
0
997
1000
1002
998
1032
1010
0
999
1002
999
1002
997
1002
999
1002
998
1001
1000
1000
998
1002
999
1001
998
1002
999
1001
998
1002
999
1001
998
1002
1038
1007
0
1005
998
1002
997
1003
998
1002
997
1006
996
1001
997
1033
1011
0
998
1006
996
1001
996
1007
996
1001
996
1007
996
1001
996
822
240
995
998
1019
155
1103
0
1010
0
1005
996
1003
996
1004
994
1005
998
1003
11
1003
997
1001
1106
0
1011
0
1001
1004
994
1001
997
1005
997
1001
173
987
993
1010
999
1005
995
1001
997
1005
997
1001
997
1007
995
1003
996
1002
998
1004
995
1003
998
1004
995
1003
998
1004
995
1003
998
1004
1127
0
1013
0
997
1000
999
1004
996
1001
1001
1003
995
1001
999
1004
996
1001
999
1004
996
1001
999
1004
996
1001
999
1004
996
1001
999
1004
997
999
1001
1003
998
998
1001
1002
1000
998
1000
1002
999
999
1000
1002
999
998
1000
1002
999
999
1000
1002
999
999
1000
1002
999
999
1000
1002
999
1125
0
1010
0
1000
1000
1002
998
999
1000
1002
999
999
1000
1001
999
999
1001
1001
999
999
1001
1004
995
1002
1000
1000
999
1001
1000
1000
998
1002
1000
1000
1156
0
1010
0
999
1001
1000
1000
999
1001
1000
1000
999
1001
1000
1000
999
1001
1000
1000
999
1001
1095
0
1010
0
1003
997
1001
1001
998
999
1000
1003
1001
1163
0
1010
0
1001
1001
1000
1115
1022
1010
0
999
1001
1000
1001
998
1001
1000
1001
998
1001
1000
1001
998
1202
0
1013
0
997
1000
1000
999
1000
1000
1001
999
1002
998
1001
1079
1005
1009
0
1002
998
998
1002
1001
997
142
1008
0
998
1000
1001
999
999
1002
1003
995
1086
0
1004
0
1002
1164
0
1006
0
1000
1001
1051
13
1005
0
999
1002
1000
1001
1000
1000
998
1001
1001
1002
996
1001
1001
1000
998
1001
1001
1000
998
1002
1001
1000
999
999
1000
1001
998
1001
1000
1001
997
999
1000
1001
999
999
1001
1001
998
1000
1001
1000
998
1001
1002
998
999
1000
1002
1000
998
1000
1001
999
1000
1000
1001
0
3
6
10
5
13
5
6
6
5
8
5
6
8
9
5
4
3
6
6
4
3
2
4
5
4
5
9
4
8
4
10
11
7
7
8
9
7
9
9
7
10
5
8
4
6
6
4
12
7
9
7
11
11
10
5
8
9
8
8
4
8
4
7
4
4
6
5
8
6
11
10
11
11
9
10
9
13
3
8
7
10
7
7
4
6
5
6
2
5
12
12
10
9
7
7
9
15
4
13
9
8
8
9
10
10
4
6
4
2
4
6
6
10
9
10
13
10
3
10
6
9
4
7
5
11
4
6
5
5
4
7
7
7
7
9
8
6
12
8
10
9
7
10
8
7
8
5
5
11
2
1
9
12
8
7
8
7
16
8
7
9
7
3
12
6
7
8
7
7
2
4
6
5
3
10
9
13
9
9
6
6
6
9
8
8
16
11
10
6
7
6
5
1
5
6
5
10
8
10
11
10
10
11
8
7
4
7
12
9
7
9
5
7
5
3
6
8
10
4
12
8
6
8
11
7
7
14
7
7
6
8
6
7
3
4
4
6
7
6
11
5
7
6
6
12
12
10
4
9
8
12
8
9
8
5
7
3
13
10
7
10
9
9
6
5
9
5
12
13
4
9
8
9
6
9
3
7
8
7
13
5
4
8
11
9
8
10
8
7
9
7
11
9
12
8
4
7
7
5
5
8
12
9
5
7
8
9
6
9
4
7
7
9
7
9
8
9
5
7
8
4
7
8
11
6
8
8
8
8
8
13
6
6
10
13
4
7
3
6
5
3
9
8
7
11
10
7
11
15
4
13
8
7
11
7
19
6
6
3
8
10
8
6
11
8
2
6
11
7
10
6
18
8
4
12
5
9
7
10
10
7
2
8
1
4
6
8
6
10
6
11
9
9
11
9
10
10
8
6
6
13
7
4
6
6
11
5
11
11
8
5
12
9
8
12
9
13
10
4
6
8
5
9
11
5
10
10
8
9
10
13
8
10
10
9
9
6
11
7
10
6
14
4
4
5
6
4
9
6
5
13
14
10
6
6
7
9
14
8
6
11
7
10
3
12
6
4
5
5
7
5
6
9
8
7
5
16
7
9
8
9
10
7
6
8
11
9
3
10
9
7
11
9
7
6
5
6
12
12
8
12
9
10
4
5
6
3
4
6
5
9
9
10
12
12
4
10
9
10
8
9
11
7
7
7
4
8
4
8
3
12
10
9
7
5
7
8
13
11
10
15
6
10
12
16
5
8
7
6
0
10
8
13
9
5
11
7
7
9
10
7
5
8
13
6
7
5
4
9
5
10
4
2
5
7
8
9
8
4
10
11
6
10
6
2
8
5
6
5
4
12
10
5
10
12
9
6
6
11
4
7
6
11
6
8
8
11
7
6
8
7
3
5
8
14
7
7
9
12
7
9
7
10
8
7
3
9
4
7
5
8
3
2
12
14
8
12
11
8
8
5
8
6
7
11
9
2
12
3
9
3
3
8
6
7
11
12
9
9
2
4
6
5
8
9
11
11
7
8
7
10
2
3
2
9
7
8
12
7
9
7
10
10
6
8
3
5
12
8
5
5
5
5
1
3
2
12
6
13
5
10
10
7
6
8
6
8
5
11
5
6
6
6
4
8
9
8
12
9
13
8
8
14
4
7
6
6
7
6
5
8
6
7
7
12
4
1
8
9
8
9
5
7
6
9
4
7
13
6
2
6
9
5
7
6
9
9
13
8
13
6
7
7
6
2
10
10
8
12
8
7
11
10
10
4
1
7
9
12
8
10
8
8
11
8
8
6
2
6
12
11
10
9
11
6
7
9
9
12
8
8
11
9
9
4
9
4
7
5
11
8
9
9
7
3
1
3
8
9
10
12
8
7
12
7
7
7
8
6
8
5
5
10
7
8
6
4
2
7
14
7
8
8
9
6
9
7
7
9
11
6
14
5
9
6
5
6
8
0
2
10
6
9
13
12
7
11
2
5
7
4
3
8
11
4
9
11
7
5
12
12
11
11
12
9
13
7
8
10
7
7
7
8
5
6
9
5
7
2
4
9
13
7
7
8
11
8
11
8
8
7
10
10
10
8
7
7
2
9
5
7
6
9
10
6
9
5
8
4
4
9
4
3
11
6
9
9
8
2
1
4
9
15
9
9
10
6
6
7
9
4
8
9
6
5
11
5
6
8
16
6
13
8
9
7
11
13
5
4
8
5
10
7
8
5
7
6
5
4
0
6
4
9
6
4
7
9
9
12
12
6
5
6
7
9
5
7
7
4
9
6
6
8
13
8
10
11
11
6
5
11
9
7
8
5
10
6
8
5
3
5
4
4
4
1
5
4
9
9
12
7
10
8
5
5
8
9
5
6
4
5
3
6
9
8
11
9
13
8
8
7
6
12
14
3
9
7
3
9
6
10
9
10
6
8
9
10
12
11
14
7
9
6
10
8
12
10
7
5
7
8
5
6
3
4
3
4
7
4
10
6
10
9
5
7
8
11
6
5
9
10
9
8
7
6
10
4
15
9
10
8
13
8
11
11
11
6
6
3
4
5
7
4
4
4
10
12
8
7
6
12
9
8
8
9
9
11
11
8
11
7
6
5
7
10
7
9
5
2
10
12
6
7
7
9
12
7
3
7
8
7
5
4
8
11
8
9
10
8
5
3
4
10
1
9
6
12
12
10
5
9
4
4
9
7
11
8
14
11
12
13
7
8
6
8
10
5
6
7
8
10
5
11
6
4
9
6
8
9
7
9
5
9
9
8
2
7
3
4
8
5
3
6
2
11
4
10
6
8
11
13
8
9
5
10
4
9
13
12
7
6
9
3
7
6
7
6
9
9
7
8
10
8
8
9
9
5
10
10
15
6
8
7
7
3
5
6
3
9
15
10
9
9
9
8
10
3
7
7
12
11
7
7
9
4
8
5
7
5
10
5
10
5
7
1
6
2
12
10
6
11
12
10
9
9
10
8
11
12
11
9
11
7
9
1
4
5
4
9
11
5
11
8
6
5
5
9
5
4
9
5
6
10
5
5
5
5
6
7
10
10
9
10
9
9
9
4
5
4
12
7
6
9
7
8
0
7
3
6
7
10
8
4
5
13
3
7
3
7
10
13
14
9
10
8
8
10
11
5
8
9
7
10
4
9
11
6
7
8
8
4
10
9
12
11
15
9
11
3
2
8
5
16
8
10
4
6
2
8
6
4
11
12
10
10
11
8
5
9
5
7
4
7
5
9
6
9
4
10
5
8
12
13
14
10
6
6
7
5
6
12
4
9
7
2
4
6
7
9
6
7
12
9
12
16
8
13
5
4
8
12
15
9
6
7
9
6
4
5
7
7
13
11
8
12
10
13
8
7
4
5
7
11
4
4
6
5
7
8
4
8
4
4
11
12
8
18
5
4
7
7
7
10
6
15
7
5
11
5
9
10
4
11
7
11
13
11
9
8
5
9
5
5
5
8
5
8
10
7
8
8
3
5
11
4
10
9
13
11
7
7
7
3
12
3
4
6
5
7
7
8
11
5
8
8
9
11
11
8
13
9
8
5
8
3
10
8
14
6
5
8
13
10
7
5
11
9
10
11
5
9
3
6
4
6
7
2
5
4
4
12
12
6
11
7
11
5
8
7
12
8
9
3
7
5
4
5
14
4
6
10
10
11
10
8
10
12
10
9
8
6
12
6
5
3
2
11
8
6
13
9
6
5
12
10
11
10
10
6
9
7
11
8
8
8
2
1
0
7
7
8
12
6
11
8
8
10
7
9
5
9
14
8
4
7
6
6
9
6
11
6
5
6
5
9
11
11
13
12
5
10
7
11
5
6
7
10
3
3
4
6
4
9
12
9
3
7
9
8
9
14
8
13
15
9
7
3
6
6
6
10
10
7
4
6
8
6
6
12
9
7
11
5
15
4
12
9
3
5
5
7
3
6
6
14
6
12
5
4
8
6
12
6
6
10
3
9
8
11
11
3
2
5
10
12
7
9
9
10
8
8
7
8
7
10
7
12
3
4
9
10
7
10
14
6
6
10
6
7
10
7
11
12
8
8
9
12
14
9
7
6
2
10
11
6
3
4
5
9
15
5
6
9
7
5
10
8
8
5
3
0
9
13
13
8
13
4
4
6
4
11
12
5
5
3
7
4
5
6
6
10
4
9
12
8
14
7
6
6
7
11
11
7
9
4
7
5
10
6
7
3
5
6
4
7
6
11
6
9
11
7
11
11
10
8
8
5
13
6
9
5
4
7
3
11
8
11
6
8
1
5
3
10
7
13
9
12
9
12
11
6
4
5
4
2
9
10
6
11
8
4
6
3
14
9
9
7
7
8
8
7
5
7
7
9
10
4
11
10
9
12
5
5
8
6
5
8
5
6
2
2
1
4
5
9
11
10
7
6
8
9
2
4
6
6
8
10
4
6
14
5
4
4
2
5
8
13
10
10
4
6
7
8
5
5
7
10
4
5
7
5
3
4
4
0
8
9
11
8
10
4
7
5
5
8
6
8
8
3
7
5
5
3
3
0
0
5
10
8
6
12
9
13
10
8
11
10
5
6
9
9
10
5
8
6
6
11
9
12
13
9
10
8
16
10
13
4
9
5
5
6
3
4
8
5
7
6
4
8
2
5
2
2
4
7
13
8
7
9
5
5
8
3
9
7
7
12
14
8
4
6
6
5
3
7
10
13
7
11
8
6
6
7
6
5
4
6
7
8
8
6
1
11
7
2
5
12
13
13
7
8
15
5
8
9
5
5
8
9
3
8
7
9
7
7
2
8
7
10
7
7
9
6
2
8
6
11
8
5
9
11
6
8
6
5
8
9
9
7
9
10
3
8
9
8
6
9
6
11
5
5
12
10
7
5
8
4
7
6
5
7
11
6
10
13
8
4
8
9
6
1
11
11
11
12
4
7
5
10
5
7
6
14
12
11
9
10
8
8
9
10
7
9
9
15
10
11
4
9
5
7
9
8
7
10
9
7
7
15
11
9
8
10
7
8
2
4
4
8
8
6
7
7
9
7
9
10
7
8
9
7
5
10
7
9
0
1
6
6
6
7
8
7
6
10
8
10
8
8
5
12
7
8
10
10
7
7
8
9
10
8
12
11
8
8
10
4
6
12
7
7
9
6
9
8
4
6
6
7
2
10
7
7
8
12
10
8
9
7
9
3
7
9
5
4
11
4
9
4
9
5
9
4
7
7
7
8
4
9
5
6
6
8
8
8
7
5
12
9
7
6
10
4
7
8
9
8
7
7
6
12
10
13
7
9
10
8
9
3
10
13
3
7
7
11
9
13
13
11
9
6
12
10
5
7
12
8
12
8
5
6
9
12
4
7
11
8
9
12
7
7
11
8
10
9
10
9
15
6
5
8
6
10
6
5
7
13
9
10
10
7
7
11
7
7
9
12
3
4
5
9
9
6
8
6
8
5
9
9
9
10
6
11
7
9
9
11
6
8
8
6
6
10
6
7
7
14
9
4
15
8
8
11
9
11
9
9
13
12
4
11
10
9
6
9
6
5
8
8
9
5
9
6
7
6
8
6
7
13
7
7
9
8
11
8
13
8
9
11
7
8
9
9
9
12
4
7
10
8
4
9
5
6
4
6
8
10
10
7
8
3
4
4
4
7
4
6
6
9
8
5
7
9
10
7
8
4
10
8
9
9
10
11
8
12
10
11
9
11
11
7
12
7
3
4
7
4
8
7
5
9
6
12
10
13
6
9
5
8
6
9
10
14
10
12
3
9
10
3
7
2
8
5
6
11
4
8
7
4
6
9
7
10
10
4
9
2
6
6
4
7
6
9
12
6
7
6
12
6
5
10
12
12
5
13
2
3
3
3
7
11
9
3
0
5
3
4
4
1
4
1
6
6
10
7
4
9
8
8
5
7
9
10
8
10
12
6
14
6
7
5
3
7
6
8
4
8
9
9
8
7
5
6
8
4
7
6
8
5
9
7
0
4
10
3
11
10
10
6
8
7
9
4
5
13
11
8
10
9
10
9
4
7
6
3
7
9
9
9
9
12
10
6
6
8
6
7
6
9
6
8
8
9
8
7
11
2
4
5
7
4
6
6
11
9
9
4
6
2
3
9
8
7
6
0
0
2
3
5
3
0
3
1
3
5
12
10
16
11
13
13
7
11
9
9
10
11
12
7
11
9
10
5
0
6
7
5
7
8
6
8
8
5
6
6
7
5
9
6
6
7
9
6
8
4
6
7
11
6
8
9
8
6
8
6
5
9
6
8
7
12
6
7
7
7
7
10
8
8
10
2
6
8
11
13
6
8
5
6
6
11
9
12
9
5
11
6
3
8
8
9
10
6
10
10
10
5
3
11
3
3
8
8
8
7
5
2
7
15
8
4
7
5
15
6
6
9
12
10
4
11
8
6
5
8
3
10
3
8
2
3
5
7
3
7
2
1
6
5
4
3
4
6
8
6
6
7
9
5
6
11
4
11
7
6
4
10
8
7
7
6
8
8
5
8
3
2
9
5
7
4
7
5
9
5
7
9
10
6
7
9
12
7
7
7
4
7
8
8
7
12
8
10
10
10
5
4
5
10
10
9
14
12
12
8
8
7
3
2
7
10
6
10
6
11
7
9
14
8
9
8
6
4
5
7
10
10
6
9
8
6
5
10
9
8
8
8
10
6
11
5
10
8
8
11
10
10
13
5
9
7
8
7
13
10
12
7
10
13
11
11
10
13
8
8
13
9
7
11
8
13
10
12
7
14
9
12
13
11
10
6
10
10
8
8
11
9
11
12
10
11
8
8
8
7
9
9
7
7
9
7
9
7
7
10
10
10
8
12
7
11
8
10
5
6
6
9
14
7
8
4
7
9
13
10
11
9
8
4
11
6
12
11
13
9
7
3
7
9
7
9
8
6
7
5
6
11
8
7
11
2
7
7
9
9
6
8
16
9
9
13
7
8
11
6
4
5
9
6
13
6
7
6
8
10
9
10
9
7
5
4
10
12
8
12
13
9
7
7
10
8
3
7
3
9
8
11
7
7
6
7
10
10
12
14
6
9
8
10
9
7
12
9
7
7
3
10
7
5
4
6
10
8
10
5
5
5
5
3
4
1
5
3
4
2
7
4
5
506
432
490
860
950
847
292
1133
1084
2473
2424
2375
476
993
748
3703
3654
3605
3556
193
773
763
21
479
292
286
4
8
8
5
4
183
419
897
795
0
0
2776
2727
2678
141
128
8
9
7
8
8
9
5
13
11
4
10
5
6
7
9
10
11
9
5
6
8
12
9
11
7
11
8
13
10
11
8
5
8
7
6
10
7
2
11
9
10
6
9
10
7
4
8
5
9
8
7
12
6
6
5
5
5
13
8
9
9
7
10
7
8
15
9
10
13
5
10
7
6
6
7
7
10
6
5
8
3
4
11
10
6
11
9
8
10
6
15
10
10
9
11
7
6
8
4
8
7
7
15
7
14
5
4
8
7
9
4
8
8
6
7
3
9
10
11
8
6
7
10
9
5
8
5
5
7
12
6
10
7
11
13
8
16
7
5
11
11
4
8
3
3
5
3
9
5
8
9
10
11
6
14
3
10
7
8
10
5
8
7
9
5
10
4
5
2
12
6
5
8
9
11
5
10
8
6
11
8
12
12
4
7
3
6
7
6
2
2
9
8
11
6
7
5
6
8
8
9
9
7
13
14
4
6
8
8
8
7
12
13
8
7
5
6
6
4
2
3
0
2
8
1
5
3
9
8
10
10
9
10
7
8
7
7
5
11
7
11
6
13
10
9
5
5
5
7
13
7
11
7
9
11
9
9
13
11
9
8
13
7
10
4
8
11
6
9
8
12
9
4
6
9
10
8
10
14
6
13
6
8
7
7
6
8
7
4
8
4
7
4
10
8
8
7
9
6
9
8
9
12
8
8
10
3
9
4
1
2
6
8
13
9
12
9
8
3
8
9
12
11
12
10
9
13
10
8
9
5
10
7
9
9
9
6
10
6
5
9
6
9
8
11
12
9
2
5
2
7
12
7
11
11
8
7
9
11
14
11
12
10
9
12
6
10
5
6
4
10
8
3
9
9
6
5
6
11
7
5
2
15
4
10
8
6
6
5
6
2
6
10
4
13
6
11
8
13
10
12
11
13
6
6
6
10
5
5
6
3
5
7
7
10
9
7
13
14
12
7
11
10
12
4
7
4
10
7
5
2
7
7
2
6
6
3
9
4
12
8
8
7
11
6
11
5
7
9
5
7
5
6
4
4
8
5
8
3
9
10
10
11
11
12
9
7
10
12
7
9
2
1
2
7
2
3
8
7
7
9
9
3
6
4
7
8
9
11
11
7
8
11
9
7
9
6
6
15
8
5
10
8
8
11
15
12
11
9
8
8
1
9
5
8
6
7
5
6
6
5
8
9
7
8
6
5
10
10
6
9
5
8
7
10
7
10
4
4
4
5
9
7
17
10
5
11
9
11
3
8
8
6
10
7
10
401
213
1
3
265
11
4
4
6
6
5
10
7
8
7
8
10
11
7
9
8
12
7
10
6
3
4
6
4
6
6
11
3
7
5
3
7
11
3
9
12
5
9
8
4
10
9
6
6
6
7
7
9
6
4
8
11
7
10
13
14
10
6
5
7
5
12
5
10
8
7
5
4
11
5
8
6
7
7
14
5
4
6
11
9
12
8
8
7
8
9
9
9
10
7
8
10
4
10
8
4
8
5
5
8
5
6
9
8
5
7
9
6
5
7
5
6
5
5
4
5
7
9
2
11
5
11
8
8
9
2
7
5
7
7
8
6
4
11
11
8
7
3
5
4
7
8
7
5
9
10
8
5
7
6
9
10
8
8
6
7
2
6
7
2
2
2
5
10
10
10
9
12
2
7
8
9
6
12
5
9
8
10
4
3
9
6
8
7
9
6
9
9
7
6
5
7
5
4
9
9
7
7
10
6
5
5
5
5
3
2
4
6
8
8
6
8
8
5
7
5
7
7
7
8
7
11
9
11
7
8
2
6
8
7
10
6
9
4
10
6
4
4
7
9
9
3
7
5
3
8
5
7
6
4
6
5
4
8
6
7
7
3
5
5
11
7
3
5
5
9
10
8
11
6
11
3
7
3
5
7
0
8
4
5
7
7
7
12
5
7
7
7
8
7
5
8
4
7
11
6
7
5
5
4
61
203
663
4
5
1
6
2
2
3
6
3
8
3
10
8
10
8
8
4
4
7
8
6
4
5
4
4
8
4
7
5
2
3
4
2
7
3
6
7
3
4
3
3
65
350
213
2
5
12
10
11
6
10
5
8
9
11
11
11
13
5
6
4
4
2
5
7
11
5
9
6
4
8
13
5
7
7
11
6
13
6
4
6
6
5
8
10
12
7
9
5
7
5
5
5
5
9
5
7
3
4
8
4
9
4
6
4
7
10
4
7
8
7
8
9
10
6
5
8
7
13
8
9
9
3
10
6
13
4
6
10
8
9
10
17
10
9
15
6
6
7
6
7
8
3
3
3
7
3
8
10
9
6
7
12
8
13
8
8
8
16
9
9
11
11
6
9
4
9
3
7
6
6
6
4
3
8
8
7
7
12
6
5
5
5
6
9
11
5
6
4
6
4
8
8
9
12
11
9
9
1
4
4
5
6
7
2
5
8
5
8
9
8
9
8
7
7
3
10
5
7
8
8
8
7
4
2
3
6
4
4
5
8
9
11
4
6
9
12
14
9
14
6
8
11
11
6
9
10
10
8
7
9
7
1
6
9
9
6
10
4
7
8
6
7
14
9
12
8
10
10
4
7
9
6
8
7
13
10
8
6
5
8
5
10
7
9
6
10
7
4
3
4
6
4
8
6
7
5
5
6
7
3
5
4
5
7
6
5
6
3
5
4
8
4
5
7
3
4
8
13
6
8
9
7
9
7
13
6
7
7
9
10
8
8
9
7
3
7
7
7
10
9
6
3
5
7
4
6
5
5
9
7
5
8
8
9
4
8
13
7
11
10
4
3
6
6
2
2
3
8
6
9
10
7
7
9
11
6
7
5
8
4
4
7
5
5
3
8
8
4
6
7
9
5
6
8
10
8
7
7
9
3
8
11
3
8
0
4
5
8
4
9
9
11
8
4
5
4
3
11
136
310
321
354
198
378
34
145
0
2
2
5
7
3
6
3
7
5
6
6
184
79
0
0
2
3
4
0
0
1
2
7
0
2
0
0
509
580
607
747
0
1850
1801
742
380
112
2882
2833
2784
340
0
2263
2214
2165
114
1184
1135
248
8
0
5
7
8
6
7
3
7
4
2
7
7
6
6
3
281
172
6
93
37
7
9
4
10
7
6
8
8
7
10
5
6
7
6
9
6
10
13
7
4
6
6
4
8
214
6
274
164
603
98
166
0
0
7
7
2
2
4
4
4
4
4
4
4
1
7
4
18
142
1
5
5
8
3
3
0
4
5
5
4
5
8
3
9
7
9
6
2
5
2
5
9
4
7
9
1
10
4
4
4
5
2
4
5
2
3
3
4
6
0
8
1
5
5
4
6
3
6
2
2
3
5
162
6
3
0
6
2
4
5
6
1
3
3
422
220
3
1
4
9
3
43
3
1
3
6
1
0
1
1
3
5
0
9
5
100
9
7
4
6
1
2
7
4
6
5
6
3
4
2
213
174
19
425
8
3
5
4
7
6
6
3
2
4
6
4
34
0
68
21
674
134
72
5
1
11
3
1
5
4
0
3
4
1
8
7
6
5
9
3
3
5
4
28
50
186
2
8
6
1
6
2
0
3
7
6
4
1
8
5
7
7
4
7
4
9
3
12
4
276
162
269
8
320
377
355
235
342
99
3
0
4
11
582
35
334
34
38
887
11
269
172
351
268
115
301
42
97
141
7
4
9
2
9
2
7
5
4
5
13
12
2
6
8
3
12
8
8
7
5
8
7
5
6
10
3
8
7
5
9
7
6
7
7
6
5
6
6
4
14
3
9
276
93
634
881
139
912
0
1659
1610
622
41
2106
2057
2008
6
1571
1522
102
10
5
7
5
3
5
8
6
5
4
3
5
6
9
9
4
8
8
4
7
3
7
7
6
5
7
4
12
4
6
7
9
7
5
8
4
5
9
7
4
3
328
173
3
598
598
266
804
136
609
220
606
105
1236
1798
2798
3798
4798
5798
6798
7798
8050
8399
8649
8900
8153
7401
8399
9398
10398
11398
11699
12150
12250
13249
13448
13700
14699
15548
16448
17449
18448
19448
14103
