0
48000
1000
0
0
1904
291
0
427
1
0
1380
0
1998
0
873
0
0
0
0
1
1129
0
0
0
0
0
156
845
0
0
0
0
0
0
0
0
996
0
0
0
0
0
0
1007
0
0
0
0
997
0
0
0
0
0
289
716
0
0
0
0
0
0
533
1001
0
1005
1000
1001
999
1001
1000
1001
1001
1000
1081
921
1067
1033
962
1004
2319
0
0
1379
1660
0
1826
0
1000
2789
0
0
2621
0
0
1630
0
1042
0
1046
2336
0
0
116
1814
1527
0
1783
0
1166
0
982
1000
1000
4485
0
0
0
0
2415
0
1097
2551
0
0
1449
1000
2977
0
0
1209
0
2266
0
0
848
1000
3251
0
0
0
939
2438
0
0
1219
2640
0
0
877
836
1008
0
1003
1000
1001
997
999
999
287993
1000
0
1000
0
1001
0
1000
0
0
1001
0
0
1001
0
0
999
0
0
1000
0
0
1000
0
0
1001
0
0
999
0
0
1000
0
0
1000
0
0
1001
0
0
0
0
999
0
0
1002
0
0
999
0
0
1000
0
0
1000
0
0
999
0
0
1001
0
0
1000
0
0
0
1000
0
0
0
1000
0
0
0
1000
0
0
907
97
0
0
994
0
0
0
1001
0
0
0
0
1002
0
0
0
1001
0
0
0
1000
0
0
0
998
0
0
0
0
1001
0
0
0
0
0
1001
0
0
0
0
0
1002
0
0
0
0
0
998
0
0
0
0
1000
0
0
1000
0
0
998
0
0
999
0
0
0
1001
0
0
0
1000
0
0
0
1001
0
0
0
575
427
0
0
0
0
995
0
0
0
0
0
1003
0
0
0
1005
0
0
0
994
0
0
0
1000
0
0
0
1001
0
0
0
1000
0
0
0
999
0
0
0
1000
0
0
0
1001
0
0
0
0
1000
0
0
0
0
1000
0
0
0
0
1001
0
0
0
0
1000
0
0
0
0
0
1000
0
0
0
0
1000
0
0
0
0
0
1000
0
0
0
0
1001
0
0
0
0
999
0
0
0
0
0
999
0
0
0
0
0
1002
0
0
0
0
0
1000
0
0
0
0
0
1000
0
0
0
0
0
999
0
0
0
0
0
0
1001
0
0
0
0
0
0
1001
0
0
0
0
0
0
1000
0
0
0
0
0
1000
0
0
0
0
0
999
0
0
0
0
0
1000
0
0
0
0
1000
0
0
0
0
999
0
0
0
0
0
999
0
0
0
0
0
1001
0
0
0
0
0
1001
0
0
0
0
0
1000
0
0
0
0
0
999
0
0
0
0
1000
0
0
0
0
0
1000
0
0
0
999
1000
1001
1001
998
1000
1002
1031
967
1000
1028
974
998
1001
1002
1102
1037
0
1001
1129
675
927
1040
997
1003
997
971
1029
1037
796
791
1010
997
999
1001
1001
998
1001
1000
999
998
1001
1000
1001
997
998
1000
1000
999
468
533
772
1228
1000
1000
1000
1001
999
1000
1000
1001
0
709
1001
0
1002
1001
999
998
47
1002
0
1003
999
999
998
1000
1000
1001
999
1000
1000
1001
999
1001
1001
720
996
1001
1001
1000
1000
1000
40
1001
0
1002
1000
1001
998
1000
1001
999
1000
999
1001
999
1000
1002
999
999
1000
1000
1000
810
1005
0
998
1001
999
1001
997
1001
1000
999
1001
1003
998
1001
1000
1000
1000
999
1002
1000
999
999
1001
1000
1000
999
1002
1000
999
1000
1002
999
999
1000
1001
1000
999
1000
1001
1000
999
1000
1001
1000
999
1000
1000
1000
1001
999
1001
999
1001
999
1001
999
1001
999
1001
999
1001
999
39
1003
0
1001
1003
998
1000
999
1002
998
1000
1000
1002
998
1000
1001
1002
997
1000
1000
1003
998
1000
999
1001
1000
1000
999
1001
1000
999
1000
1001
999
1000
1000
1001
1001
1001
998
1000
999
1001
999
1001
999
1001
999
1001
999
1001
999
1001
999
1001
999
1001
999
1001
999
1001
999
1001
999
1000
1000
1001
999
999
1001
1001
999
999
1001
1001
999
999
1001
1001
999
999
1001
1001
999
999
1002
1000
999
999
1001
1001
999
999
1001
1001
1000
1000
1000
1000
999
999
1001
1001
999
999
1001
1001
999
999
1001
1001
999
999
1001
1001
999
999
1002
1001
998
999
1001
1001
999
999
1001
95
992
1004
0
1001
999
999
1001
1003
998
999
1001
1000
999
999
1002
1000
999
999
1001
1001
999
999
1001
1001
999
1000
1000
1000
1000
541
991
1004
999
1000
1000
1003
997
1000
78
1005
0
405
992
1004
122
994
480
217
1004
0
222
1005
0
1000
999
1001
848
992
1004
1000
998
1001
999
1002
998
1002
999
1002
997
1000
999
1000
1001
1000
1000
999
1000
1002
998
1000
1000
1000
1001
1000
999
1001
999
771
994
1004
998
1001
998
294
993
1002
1002
1000
29
131
878
49
960
992
1002
1002
997
1003
59
1003
0
1004
997
1001
998
633
374
1005
0
48
1005
0
999
1001
1001
999
997
1001
999
1002
1000
1000
1000
1001
998
1000
1000
1002
998
1000
1000
732
989
1004
1000
1003
999
997
999
1001
1000
1000
1000
1000
1004
998
538
273
1003
0
1003
205
383
998
1002
1004
999
998
1002
1000
1000
998
1001
1000
998
1000
1000
1001
999
1000
1000
1001
1000
1000
999
1002
997
1002
1000
999
1002
998
1001
1000
1000
1003
1002
997
1000
1001
998
1002
997
692
988
1008
996
1002
999
1002
996
1001
12
998
999
1004
998
1002
996
812
993
1004
1001
1000
997
401
474
620
700
995
1006
1001
995
1000
1001
1001
998
1000
1000
1001
999
1000
1000
1002
997
1001
999
1003
999
1001
1001
998
999
1000
1000
1000
1000
1000
1000
1004
997
999
999
1001
1004
999
998
999
999
1002
1000
1000
99
992
1003
999
1001
1001
349
987
1005
1003
1001
996
1000
998
1000
1000
1000
10
906
1005
0
1000
1000
1000
999
1001
1000
1000
999
1000
1000
1001
998
1001
1000
1001
998
690
992
1005
998
1000
999
1002
999
1000
1001
1000
998
1001
1000
1001
999
1002
998
1000
1001
998
1000
1001
1001
999
1000
1000
1000
1000
1000
883
1004
0
291
1005
0
1001
1000
998
1000
1001
80
1005
0
1001
1000
998
1000
1001
998
1001
1002
998
1001
999
1000
1001
999
113
1004
0
1000
1000
1000
1000
999
1002
1000
1001
998
1001
1000
1002
997
1002
999
1000
999
1001
999
1001
412
976
34
700
312
989
1003
1003
1002
1000
998
1001
1001
999
997
1001
998
1001
1000
1001
999
1000
1000
210
991
1002
856
837
994
1004
1001
999
1000
999
1000
1000
1000
1000
1001
1000
1000
1000
1000
1002
531
748
995
1007
998
1000
999
1000
211
991
1003
1003
1000
999
999
1000
1002
999
998
1000
1001
758
292
1007
0
998
1001
733
573
1005
0
1000
1001
998
1000
1268
0
1005
0
1002
1000
1000
999
999
1002
998
1000
1000
1000
999
1000
547
1006
0
879
1006
0
306
1009
0
1000
999
997
1000
1000
1001
998
1001
1000
999
1000
663
311
71
994
1006
1004
843
1007
0
1000
1001
998
999
1000
1001
999
800
990
1075
0
965
1033
1003
0
1002
1002
998
1001
1001
998
1002
998
1001
1001
999
998
1000
1000
342
990
1004
999
1000
1001
1003
1000
999
1000
1000
997
1000
1289
0
651
357
993
1005
998
999
1001
1006
996
998
1000
1002
999
1001
1000
1002
131
995
1002
114
990
1002
1002
1000
999
43
224
786
865
1008
0
996
131
955
131
1003
0
1003
527
299
1003
0
333
993
669
994
1002
1000
999
632
736
995
1005
1000
997
1002
1020
1001
0
44
1003
0
508
801
205
994
232
994
1003
1002
1000
1002
995
998
1004
1001
505
1003
0
1004
95
994
1007
999
997
1001
998
1007
998
994
1003
1004
69
1126
0
339
667
995
410
992
1003
53
1191
0
471
1005
0
5
205
308
1000
1001
626
994
1004
999
1001
1000
998
277
98
1001
0
1004
611
797
208
994
650
1001
551
453
996
1003
1000
1002
997
1001
1000
761
998
1006
998
156
111
627
486
524
411
594
997
1001
1004
999
999
1000
999
999
621
996
789
997
134
1118
1000
962
46
993
1004
998
1001
1001
1002
0
183
325
681
994
1000
1005
617
1005
0
997
1004
702
208
1089
0
361
356
359
510
389
650
996
861
328
389
473
39
1006
0
1000
905
996
1006
822
464
851
154
1003
593
409
1543
41
384
51
995
56
293
152
1001
0
707
284
380
57
1
141
88
237
998
293
997
1000
1003
143
1791
205
995
1003
999
1001
999
1001
781
510
497
994
583
360
199
241
759
405
992
289
1000
606
1241
1000
1006
0
998
1291
0
1004
1003
0
1004
0
517
884
995
1004
1001
1333
669
993
844
997
1003
1003
0
277
995
1000
1002
999
998
294
62
1043
0
1004
0
686
945
58
997
100
221
145
274
1001
737
1818
2005
0
0
1004
0
998
1003
996
1006
1006
0
995
1004
997
687
391
617
993
156
138
1027
15
1002
0
171
451
386
355
318
998
1002
106
904
77
1804
201
0
368
997
1001
1004
659
344
1701
300
152
591
588
996
567
418
127
1686
314
958
111
1003
425
1939
1060
278
13
166
999
1002
1000
998
1001
190
998
691
588
99
997
1005
1114
1002
0
81
991
1001
1001
1000
21
996
1001
997
1001
440
180
1965
40
0
1006
63
153
260
1998
0
2004
0
738
40
1632
267
1000
1088
456
1140
999
1000
1005
0
1451
0
625
998
1726
61
198
298
1081
0
474
1051
1000
1003
0
999
1005
1372
623
385
133
1000
334
310
995
842
995
1003
998
1000
448
1999
0
1
665
605
294
997
2005
332
663
191
366
768
192
813
996
1002
439
1001
0
178
2008
0
0
1006
0
995
1002
999
1000
212
995
136
82
68
659
373
469
1001
0
726
1003
0
1000
999
19
739
443
607
412
590
18
98
589
826
1146
0
906
999
217
884
1003
0
999
792
1003
0
1591
789
1702
304
0
995
1001
1001
1001
1000
999
999
1003
997
373
854
999
1002
1001
155
1002
0
1000
220
546
846
35
915
279
996
666
78
994
1001
1000
1003
999
998
1000
1005
995
1001
1001
1002
0
1003
998
1002
1000
997
1002
1498
505
1578
417
1201
420
346
1998
0
125
1000
626
381
149
1000
160
848
993
442
198
140
999
997
1001
1003
998
1002
998
1479
126
1003
0
999
1001
1001
1000
997
1003
997
1001
1002
1002
998
1003
1
148
997
1003
998
1003
1997
0
1003
0
999
1004
997
1001
997
571
1057
393
1004
0
53
995
1001
0
1001
999
117
1003
0
972
32
756
246
999
878
997
1003
999
539
745
1580
423
412
776
520
358
179
1002
0
1001
2000
0
778
232
990
2004
0
1939
62
1005
1000
325
671
1000
1340
1000
955
50
81
999
999
1004
2000
0
1006
0
996
1002
1004
0
1999
0
1873
128
1174
0
1002
0
1030
845
157
998
487
995
598
996
119
995
436
1265
1000
684
319
998
15
410
992
113
1191
442
999
94
946
617
1002
0
1000
1002
1005
0
1354
645
1026
429
577
686
41
2025
0
0
675
1096
996
896
109
51
2003
0
1006
180
820
1136
28
1
1002
1000
1001
998
403
2002
0
1005
0
998
1002
996
112
1995
0
785
219
997
60
994
816
995
70
996
457
998
816
994
255
870
654
967
105
54
1060
999
2005
0
0
692
192
1111
896
1
1217
0
1100
104
1000
1034
744
261
996
1004
999
716
177
830
1973
26
1
203
2003
0
1007
0
1998
0
138
1045
0
1005
0
1170
511
493
560
579
46
183
384
1669
0
1005
0
996
876
2115
66
14
1
574
800
995
1934
526
1270
205
1001
331
999
1000
1001
999
998
1002
2000
0
1006
0
1007
999
0
627
1013
179
51
1132
108
1691
314
0
502
503
996
1001
359
286
1047
0
1004
0
998
238
1002
0
1000
1003
350
991
1016
0
379
998
869
746
145
1001
0
786
2006
0
855
141
999
1003
0
1002
997
182
997
898
1007
0
1005
0
996
1005
995
1002
997
1002
998
112
1178
226
1485
450
478
108
304
1000
999
1002
169
1922
77
2002
0
1007
0
998
996
1668
336
999
455
1311
114
486
997
437
171
996
653
360
1002
0
1000
1724
278
182
998
1371
971
507
623
1004
0
813
1005
0
998
693
448
22
390
996
596
722
325
242
285
1003
0
1002
997
1292
104
1003
593
1020
1002
1004
0
1004
0
650
1347
653
166
389
1077
0
596
597
526
838
352
1000
540
677
541
540
876
764
1178
864
1010
472
219
156
999
1000
180
118
999
124
861
146
1007
0
998
997
1162
0
409
402
605
1005
0
397
597
407
997
275
1001
0
1002
73
992
513
997
866
171
1916
90
0
995
401
565
439
1003
0
1002
1175
0
280
865
1
794
685
1003
0
395
655
1003
998
0
1224
0
236
701
401
251
542
999
1215
0
1
1059
649
657
541
164
571
1026
105
594
1005
0
997
1038
1001
0
1004
999
1000
999
364
702
1333
0
353
2002
0
1002
0
1004
404
93
475
531
996
1003
1000
64
110
136
285
404
997
230
78
2002
0
44
960
998
1001
263
2000
0
291
718
641
377
1194
430
801
205
1004
876
108
1999
0
121
562
133
996
1002
999
1002
996
1002
431
1129
0
1174
0
1
79
99
997
1225
254
1027
199
1210
621
103
998
999
1325
0
1005
0
998
480
342
997
529
264
998
907
728
947
426
528
1002
123
286
108
998
1004
1384
616
1639
1
253
1208
200
401
605
650
1351
0
1440
1108
0
405
1001
1061
0
1568
0
229
998
834
997
1006
995
86
60
104
997
436
139
222
360
83
1038
1001
0
1566
679
1321
1000
1006
0
995
1008
348
1002
0
396
996
1003
998
723
144
258
992
1167
0
1003
1001
0
533
473
684
1317
0
503
504
1007
353
341
93
1003
0
998
249
27
1220
0
196
60
997
1000
1001
1003
1119
662
216
1001
587
918
997
1000
1002
865
1004
0
1164
1001
0
1004
1000
997
1003
999
998
1001
2000
0
524
480
721
284
598
7
1000
835
91
2001
0
890
114
999
997
1000
1002
1634
367
997
156
671
968
1071
84
885
395
403
1197
110
1154
1000
134
872
995
1002
904
104
1011
1002
0
666
342
992
1002
476
519
484
745
1000
734
996
545
1050
1
1242
37
8
228
1285
74
6
1129
1875
0
1757
1
1169
291
712
319
1037
1003
997
865
139
754
92
1085
353
265
232
1787
215
174
781
779
227
650
537
496
1917
87
1005
0
997
1005
997
650
995
480
1402
380
1080
478
86
111
866
664
232
315
512
27
1003
0
1000
999
1004
222
617
370
1001
0
1003
27
1455
726
1274
1000
120
516
994
1001
999
1001
846
1004
0
999
999
1001
2003
0
1002
0
999
233
709
305
870
1002
1
2003
0
997
1002
0
1002
341
997
361
422
998
1000
1249
1283
0
1
552
1513
1020
43
998
946
554
1002
51
1001
1002
0
1001
1001
413
998
1348
655
997
1001
1000
485
996
1005
0
998
135
1001
0
707
199
998
1001
0
1003
998
1173
206
1001
999
2002
0
1002
0
1459
362
76
1001
0
1001
430
17
1000
572
434
490
514
371
1000
1000
1001
1000
1000
1000
1001
998
1000
1002
999
1001
999
833
87
1001
0
1001
676
996
1001
233
1000
420
585
996
1000
1002
999
1000
871
995
1002
1000
1000
195
1001
0
1003
1001
1555
0
1003
0
1000
1000
998
1000
1003
1000
998
403
1001
0
1000
1002
998
1000
1000
1001
999
1001
999
1001
999
1001
999
1001
999
1001
0
0
0
0
0
0
0
0
0
0
0
0
0
1
0
0
0
0
0
0
0
0
0
0
0
0
0
0
436
325
295
0
0
5
0
0
0
0
0
277
9
0
0
0
0
0
0
0
0
0
0
0
0
5
0
0
0
0
22
132
84
0
0
0
0
0
2
0
0
0
0
0
0
8
0
0
0
0
0
2
0
0
0
0
0
0
3
0
0
0
0
0
421
225
427
509
423
730
157
919
273
549
229
373
368
630
216
686
112
211
467
674
602
364
637
426
57
708
60
164
69
109
147
433
183
486
0
0
0
0
0
0
3
213
332
56
342
229
460
527
394
314
796
285
0
1614
1549
0
1401
1336
45
0
1770
1705
348
0
2219
2154
2089
0
1770
1705
0
0
0
2801
2736
2671
221
854
369
0
0
4563
4498
4433
4368
4303
157
832
915
1528
1463
1302
1237
189
3699
3634
3569
3504
1546
1481
0
0
3872
3807
3742
3677
2431
2366
2301
468
575
945
1659
1594
0
5386
5321
5256
5191
5126
5061
2575
2510
2445
368
1353
1288
3246
3181
3116
3051
0
4480
4415
4350
4285
4220
3239
3174
3109
3044
311
4965
4900
4835
4770
4705
4640
1722
1657
1963
1898
1118
2219
2154
2089
3346
3281
3216
3151
4925
4860
4795
4730
4665
3690
1642
1577
0
9712
9647
9582
9517
9452
9387
9322
9257
9192
9127
0
2214
2149
2084
3671
3606
3541
3476
6879
6814
6749
6684
6619
6554
6489
2264
0
13313
13248
13183
13118
13053
12988
12923
12858
12793
12728
12663
12598
12533
12468
62
6976
6911
6846
6781
6716
6651
6586
9779
9714
9649
9584
1365
1300
2235
2170
2105
0
12939
12874
12809
12744
12679
12614
12549
12484
12419
12354
12289
12224
12159
11314
3226
3161
3096
3031
3610
3545
3480
3415
4734
4669
4604
4539
4474
2650
2585
2520
3162
3097
3032
2967
10796
10731
10666
10601
10536
10471
10406
10341
10276
10211
10146
7377
7312
7247
7182
7117
7052
6987
6922
2390
2325
2260
5772
5707
5642
5577
5512
5447
3426
3361
3296
3231
7765
7700
7635
7570
7505
7440
7375
7310
2113
2048
1983
0
29632
29567
29502
29437
29372
29307
29242
29177
29112
29047
28982
28917
28852
28787
28722
28657
28592
28527
28462
28397
28332
28267
28202
28137
28072
28007
27942
27877
27812
27747
11139
11074
11009
5706
5641
5576
5511
5446
5381
1458
1393
1421
1356
1726
1661
19239
19174
19109
19044
18979
18914
18849
18784
18719
18654
18589
18524
18459
18394
18329
18264
18199
18134
18069
18004
2321
2256
2191
8285
8220
8155
8090
8025
7960
7895
7830
7765
2863
2798
2733
16419
16354
16289
16224
16159
16094
16029
15964
15899
15834
15769
15704
15639
15574
15509
15444
15379
2678
2613
2548
0
4574
4509
4444
4379
4314
10805
10740
10675
10610
10545
10480
10415
10350
10285
10220
10155
16906
16841
16776
16711
16646
16581
16516
16451
16386
16321
16256
16191
16126
16061
15996
15931
1969
1904
1839
0
29816
29751
29686
29621
29556
29491
29426
29361
29296
29231
29166
29101
29036
28971
28906
28841
28776
28711
28646
28581
28516
28451
28386
28321
28256
28191
28126
28061
27996
27931
17928
685
0
24677
24612
24547
24482
24417
24352
24287
24222
24157
24092
24027
23962
23897
23832
23767
23702
23637
23572
23507
23442
23377
23312
23247
23182
23117
6044
5979
5914
0
16233
16168
16103
16038
15973
15908
15843
15778
15713
15648
15583
15518
15453
15388
15323
15258
15193
7967
7902
7837
7772
7707
7642
7577
7512
6642
638
2947
2882
2817
4059
3994
3929
13555
13490
13425
13360
13295
13230
13165
13100
13035
12970
12905
12840
12775
12710
0
9971
9906
9841
9776
9711
11448
11383
11318
11253
11188
11123
11058
0
1746
1681
4680
4615
4550
4485
4420
3478
3413
3348
3283
0
8344
8279
8214
8149
8084
8019
7954
7889
7824
0
6301
6236
6171
6106
6041
5976
5911
226
4686
4621
4556
4491
4426
266
630
3628
3563
3498
3433
115
1685
1620
2351
2286
2221
652
141
1550
1485
742
357
838
290
1486
1421
1047
982
793
795
144
1594
1529
6
1361
1296
254
712
57
565
606
0
1511
1446
6
1181
1116
0
1118
1053
0
1206
1141
556
622
93
402
7
55
0
460
198
111
869
323
443
514
290
766
0
473
616
367
483
377
313
599
240
478
75
632
0
1240
1175
0
0
2066
2001
1936
280
0
0
5933
5868
5803
5738
5673
5608
4920
753
935
1772
1707
0
2022
1957
1892
10373
10308
10243
10178
10113
10048
9983
9918
9853
9788
9723
0
0
0
15676
15611
15546
15481
15416
15351
15286
15221
15156
15091
15026
14961
14896
14831
14766
14701
0
3146
3081
3016
2951
0
11917
11852
11787
11722
11657
11592
11527
11462
11397
11332
11267
11202
6392
4795
4730
4665
4600
4535
3901
3836
3771
3706
948
1489
1393
1328
2564
2499
2434
4671
4606
4541
4476
4411
1255
1190
1132
1067
5310
5245
5180
5115
5050
4985
4416
4351
4286
4221
4156
4987
4922
4857
4792
4727
4662
5032
4967
4902
4837
4772
4707
6714
6649
6584
6519
6454
6389
6324
0
0
4316
4251
4186
4121
4056
5244
5179
5114
5049
4984
4919
1062
997
5650
5585
5520
5455
5390
5325
889
86
0
0
5386
5321
5256
5191
5126
5061
441
819
1872
1807
585
335
901
510
48
1065
1000
608
0
912
56
580
34
497
124
502
92
265
0
167
0
0
7
0
0
0
0
0
23
135
0
0
0
0
0
1
0
0
0
0
0
0
4
0
0
0
0
0
0
0
0
0
0
0
0
2
0
0
0
0
0
0
0
0
0
0
0
0
2
0
0
0
0
0
0
6
0
0
0
0
0
0
0
0
0
0
0
0
6
0
0
0
0
0
0
0
0
0
0
0
0
3
0
0
0
0
0
0
3
0
0
0
0
0
0
0
0
0
0
0
0
1
0
0
0
0
0
1
0
0
0
0
0
0
7
0
0
0
0
0
0
9
0
0
0
0
0
0
0
0
0
0
0
0
5
0
0
0
0
0
0
0
0
0
0
0
0
0
0
0
0
0
0
0
3
0
0
0
0
0
1
0
0
0
0
0
0
3
0
0
0
0
0
0
0
0
0
0
0
0
1
0
0
0
0
0
119
242
399
51
196
22
29
0
25
0
636
6
448
233
132
0
7
274
258
190
590
136
309
325
247
0
0
0
0
0
0
0
0
0
8
0
0
0
21
0
4
0
0
0
0
0
0
2
0
0
0
0
0
0
0
0
0
0
0
0
0
0
0
0
0
0
0
4
0
0
0
0
0
0
0
0
0
0
0
0
6
0
0
0
0
0
0
0
0
0
0
0
0
3
0
0
0
140
0
0
4
0
0
0
0
0
0
0
0
0
0
0
0
5
0
0
0
0
0
0
4
0
0
0
0
0
1
0
0
0
0
0
0
3
0
0
0
0
0
0
0
0
0
0
0
0
7
0
0
0
0
0
0
13
0
0
0
0
0
4
0
0
0
0
0
0
6
0
0
0
0
0
1
0
0
0
0
0
0
1
0
0
0
0
0
0
8
0
0
0
0
0
0
0
0
0
0
0
0
7
0
0
0
0
0
2
0
0
0
0
0
0
1
0
0
0
0
0
0
7
0
0
0
0
0
0
0
0
0
0
0
0
3
0
0
0
0
0
0
0
0
0
0
0
0
2
0
0
0
0
0
0
8
0
0
0
0
0
0
0
0
0
0
0
0
8
0
0
0
0
0
0
0
0
0
0
0
0
4
0
0
0
0
0
0
5
0
0
0
0
0
0
0
0
0
0
0
0
4
0
0
0
0
0
0
0
0
0
0
0
0
1
0
0
0
0
0
0
7
0
0
0
0
0
0
0
0
0
0
0
0
7
0
0
0
0
0
0
0
0
0
0
0
0
4
0
0
0
0
0
0
6
0
0
0
0
0
2
0
0
0
0
0
0
6
0
0
0
0
0
0
0
0
0
0
0
0
4
0
0
0
0
0
0
5
0
0
0
0
0
0
0
0
0
0
0
0
6
0
0
0
0
0
0
0
0
0
0
0
0
6
0
0
0
0
0
0
6
0
0
0
0
0
0
0
0
0
0
0
0
1
0
0
0
0
0
0
0
0
0
0
0
0
7
0
0
0
0
0
2
8
0
0
0
0
0
1
0
0
0
0
0
1
3
0
0
0
0
0
0
0
0
0
0
0
0
2
0
0
0
0
0
0
8
0
0
0
0
0
0
0
0
0
0
0
0
7
0
0
0
0
0
0
0
0
0
0
0
0
4
0
0
0
0
0
0
9
0
0
0
0
0
5
0
0
0
0
0
0
4
0
0
0
0
0
1
0
0
0
0
0
0
3
0
0
0
0
0
0
5
0
0
0
0
0
1
0
0
0
0
0
0
4
0
0
0
0
0
0
0
0
0
0
0
0
2
0
0
0
0
0
0
5
0
0
0
0
0
3
0
0
0
0
0
0
2
0
0
0
0
0
0
0
0
0
0
0
0
3
0
0
0
0
0
38
7
0
0
23
0
0
0
0
0
0
0
0
0
6
0
0
0
0
0
3
0
0
0
0
0
0
2
0
0
0
0
0
0
0
0
0
0
0
0
0
0
0
0
0
442
848
5
0
0
0
964
1965
2964
3964
4964
5964
6964
7502
7975
6798
7797
8796
9796
10334
11334
11344
10299
11298
12298
13298
13440
13648
14648
15252
15658
15273
16206
17206
17414
17556
17764
18764
19764
18983
19058
18476
17891
18495
19494
20494
21494
22494
23494
24494
25494
26494
27494
28494
29494
