0
49000
2000
1000
0
536
0
1
1328
135
0
1001
435
567
0
0
746
0
19
237
0
0
1997
235
0
0
764
0
0
1001
607
0
396
0
0
0
0
996
0
0
0
1003
141
176
0
1
682
375
1
1556
65
0
1000
0
0
0
0
619
1
385
0
0
0
874
123
0
0
997
0
0
0
1002
1001
0
998
117
1003
0
1002
999
1998
0
1006
0
1047
0
1004
1996
1000
1000
0
1000
1003
0
998
1003
1999
0
1001
0
174
997
1005
2994
0
1000
329
676
751
995
2999
1000
0
1000
1002
0
3000
0
1000
1
1000
832
1001
0
1004
0
1002
1997
0
1986
2010
1
999
692
311
308
997
1000
1002
0
1001
1001
1996
1000
1002
0
1002
934
3992
1000
0
1001
1000
0
0
621
384
971
31
1000
1002
0
1001
1000
998
1004
293
3000
0
1000
0
1001
1002
998
999
1001
0
999
1002
1000
1001
997
3999
0
631
210
2887
1
271
1000
1001
0
1002
999
182
25
2006
0
0
1002
1000
0
1001
0
1002
1000
998
1999
1669
332
1000
1339
414
1001
538
462
1000
1002
0
933
1007
0
1380
1169
1000
290
713
1004
1000
1826
171
2613
386
724
0
276
1000
452
999
1002
999
110
775
1000
1004
1003
218
118
998
2999
557
1
62
1002
1004
0
995
2999
0
1000
1002
0
1002
0
612
994
1006
1002
74
928
3996
1000
1000
1000
929
72
0
999
1001
1002
398
599
798
1000
770
993
2999
0
1000
1002
1002
0
1002
1000
0
1003
1352
532
1094
1000
1002
0
208
1002
0
1003
1996
999
1001
0
1004
0
999
1002
3765
235
1000
0
0
1000
1004
0
503
998
1001
0
1000
1559
1440
1000
3000
1000
0
0
1000
1004
0
838
1000
337
1005
0
998
1002
997
2001
997
1000
1002
0
1000
1000
999
1002
999
1000
371
902
340
336
1003
0
1000
999
1002
998
1000
513
488
1049
1000
1003
0
1000
999
493
583
999
265
910
168
1
359
1203
0
1007
0
998
998
1000
1000
1000
1000
1000
1001
1002
1001
997
999
1002
251
1062
0
1008
0
1000
1000
1000
1000
999
999
1000
1001
1003
999
997
997
1001
1000
1000
1000
1001
999
999
1000
1000
1001
999
1002
1000
473
546
809
1010
0
1000
999
1000
1001
1001
998
999
1001
1000
998
1001
998
1000
999
1002
999
1000
999
1002
998
1000
999
1002
999
1000
999
1002
999
1000
1000
1001
999
1000
999
1002
999
1034
1004
0
1002
1002
999
1000
1000
1001
1000
999
1000
1002
999
999
1000
1001
1002
998
1000
1001
1001
998
1000
1001
1001
998
1000
1001
1001
998
1000
1001
1001
999
1000
1001
1000
999
1000
1001
1000
999
1000
1001
1000
999
1000
1001
1000
999
1000
1069
977
985
997
1000
1003
1000
969
1015
986
1000
1108
957
989
1380
1555
1838
0
1172
0
1011
0
1000
997
1000
999
1000
1035
966
1147
1057
152
76
1946
1052
879
1438
0
685
1001
998
1003
998
1002
998
1001
1000
1001
998
1033
968
556
2122
0
1325
0
1006
0
999
1000
1000
1001
999
1001
1000
1001
997
1001
1000
1032
968
1285
777
976
995
1061
939
1117
849
1002
1000
1000
999
1034
999
1000
967
1001
999
1094
943
1277
847
718
59
352
887
173
1183
854
931
1001
1036
997
1091
875
1093
480
976
481
1956
0
1039
1068
1150
1308
0
1006
0
999
1001
1001
999
1001
999
1001
1000
999
1031
971
1000
1067
1071
2850
0
0
1162
0
991
1012
997
1003
998
1000
1001
999
998
1001
1000
1002
997
1001
1000
1002
998
1000
1001
1001
998
999
1002
998
1000
998
1000
999
1001
999
1001
999
1001
999
1001
999
1000
999
1001
999
1001
999
1001
999
1001
1000
999
1001
1188
811
1032
1000
1002
1000
3077
0
0
0
1005
0
999
1000
999
1033
1000
1001
1000
3729
0
0
0
1277
0
1005
0
1000
2728
0
0
1118
0
1005
0
1002
998
1034
966
1945
1048
2114
0
0
997
523
1003
0
1182
2667
0
0
572
1025
1145
0
1079
0
592
1108
795
321
263
560
943
1924
2138
0
0
1006
0
1128
872
1032
1000
999
1190
810
1863
2062
0
1036
1
998
400
1515
1694
0
1397
0
994
1007
1001
998
1031
970
1001
1034
1377
923
1012
1420
1256
0
1008
0
999
1076
971
1007
1543
1222
0
1037
0
1068
970
571
1407
1007
0
1139
865
1167
923
1364
588
1273
1127
1328
0
779
856
378
431
1730
0
1764
1774
0
1321
0
978
1146
0
937
544
1750
0
1852
0
926
1526
1198
1979
0
1878
0
1224
217
1077
1099
1332
1462
0
125
1949
0
1222
1235
0
1194
0
167
2658
0
3118
0
0
0
913
1010
998
1070
1208
1415
1429
0
570
800
3368
0
0
1138
1259
1234
0
1106
98
1039
0
1282
929
2143
0
0
1146
1392
1269
1882
0
1432
0
295
980
1918
0
1405
0
851
1495
3860
0
0
0
1323
0
447
2395
0
0
2058
0
1587
0
1037
0
1041
963
1070
1341
1168
1636
0
779
1078
1
1737
0
1346
1913
0
951
1375
1237
0
564
696
2702
0
0
1336
0
1038
0
1032
1045
1343
1359
1500
0
1148
2038
0
1393
0
1148
0
967
988
886
1423
1013
1078
0
553
1824
0
1868
0
714
1000
2639
0
0
1921
0
1213
1231
0
996
1037
969
1032
999
963
1703
0
812
1008
999
1001
999
1030
1119
138
1104
865
1050
1014
1059
1216
1927
0
1110
0
964
1007
1000
1033
1022
979
1509
1257
1337
0
421
161
2032
0
810
616
929
995
629
850
1396
1146
0
1008
0
998
1031
1037
964
1616
1164
0
1037
0
1001
1003
1000
997
1037
967
1000
720
985
1029
1180
395
502
1007
0
1163
868
1583
1256
1081
0
1007
0
1000
1002
1033
965
1000
1032
1037
1555
973
1219
0
655
457
1082
1231
322
909
944
1006
995
1009
1032
963
1031
971
1032
1915
1051
0
1006
0
1001
1001
1000
1036
963
1031
1079
601
1536
0
1008
0
1030
1061
979
1259
700
497
384
1552
0
1353
3039
0
0
1283
0
1007
0
1072
1024
1366
1943
0
789
698
572
201
2991
0
0
1158
0
857
690
1529
0
2518
0
1457
0
1037
0
2932
0
0
688
1143
1243
0
1008
0
1000
1070
572
1845
0
1027
1430
691
1532
0
157
1838
0
1169
0
1009
0
1034
531
2133
0
900
1237
195
3501
0
0
0
647
858
2524
0
0
1485
0
42
754
1271
1222
1312
1831
0
1352
0
1808
1671
0
1977
0
1666
0
512
1664
1513
0
137
1438
4050
0
0
0
1175
0
1009
0
999
1038
1355
1167
2364
0
1619
0
1770
0
1020
2490
0
1628
0
884
987
769
778
488
1104
1099
0
453
1490
0
2275
0
1439
1517
0
1196
575
385
1369
0
1038
0
1525
2025
0
1300
118
996
1093
914
1152
235
1758
1036
0
740
1151
1214
0
2628
0
0
1582
0
411
1482
1286
0
1522
0
1514
0
195
2428
0
0
1363
1333
0
1093
0
982
1548
1316
1059
2389
0
0
1108
1600
0
1010
0
1460
1522
1009
0
1007
1006
995
1227
1073
717
1628
1821
0
1322
0
592
819
1581
1423
0
833
1104
1005
0
1204
2275
0
0
1643
696
394
175
2324
0
1034
645
877
1005
0
1949
1053
0
1128
0
1268
1247
921
2057
0
383
1271
0
1009
0
1002
998
1107
1648
1652
0
1247
1343
0
1010
0
1000
188
1291
955
1307
1218
1241
0
908
996
998
2168
0
1488
2183
0
1166
0
1048
0
1706
1351
0
1007
0
1001
1673
1779
0
1544
0
1008
0
1000
1082
917
1035
1548
1419
0
1007
0
1003
999
998
2247
0
0
1097
1258
1404
0
994
1008
1001
998
1000
1001
999
1000
1002
999
999
1000
1000
1002
998
1000
1000
1299
727
972
1008
0
1000
1000
999
1001
1000
999
1004
1692
1057
1239
2030
0
0
976
998
1199
802
1120
1000
1291
2535
0
1054
0
1010
0
1141
887
969
1000
1000
1186
814
1000
1099
900
1000
1000
1473
1078
1169
1136
1141
0
1007
0
999
1001
999
999
999
1001
137
1004
0
1001
1001
999
1002
999
1001
998
1001
1000
1001
999
1000
999
1000
1000
1000
1001
997
1002
999
999
1000
1002
999
999
1002
1001
998
999
1004
1000
997
1001
1001
999
999
1001
1001
999
999
1000
1003
998
999
999
1002
1000
1000
998
1001
1001
1000
998
1001
1002
1000
997
1001
1001
1000
998
1001
1000
1001
998
1000
1002
1000
998
1000
1002
1000
998
1000
1001
1001
999
1000
1000
1001
1000
999
1000
1001
1000
999
1001
1000
1000
999
1000
1002
999
999
1000
1061
0
1002
0
1002
1000
999
1002
1000
999
1000
1000
1000
1000
814
1143
1000
975
1024
1003
0
1001
1002
996
1002
1000
999
1000
1001
1000
1000
999
1001
798
1003
0
1002
999
1000
999
1000
1001
1000
999
1000
1001
1000
999
1000
999
1001
999
1000
1000
1001
999
1000
1000
1002
998
8
1000
1000
1001
999
1000
1003
41
1153
0
1005
0
1000
998
1001
999
1000
1000
1001
1000
1000
999
1002
999
26
1003
0
1003
998
1001
999
75
1001
0
1004
1000
997
1000
1001
1000
999
1000
1001
1000
999
1000
1001
1000
999
1000
1001
1000
999
1000
1001
1000
999
1000
1001
1000
999
1000
1002
999
1000
999
68
1000
1004
0
999
1001
998
1000
1001
1000
1001
998
1003
998
999
1000
1001
1000
999
1001
1000
1000
999
1000
1001
1000
999
1000
1000
1001
999
1000
1000
1001
999
1000
1000
1003
997
1000
1000
1001
999
1000
1000
1002
998
1000
1000
1001
999
1000
999
1002
998
1000
1000
1002
998
1000
1000
1000
1001
0
1001
0
1001
0
1001
0
1000
1000
1003
0
1000
1001
0
1061
999
1001
1001
0
1000
1000
1002
0
1000
1000
1002
0
1000
1001
0
1000
1000
1000
1001
0
1000
1001
0
1000
1000
1000
1001
998
1000
1002
954
1044
1000
1001
1000
1000
999
1002
999
999
1001
1000
1000
999
1001
1001
999
999
1001
999
1002
998
1001
844
1155
1000
1000
1000
1002
998
1000
1001
1000
1000
999
1000
1002
999
961
1038
968
1032
1001
999
1001
1000
999
1000
1002
999
999
1001
1000
1001
998
1001
1001
998
1000
1002
999
999
1001
999
1001
1001
736
1263
999
1002
1000
998
1001
1001
899
1101
998
1000
1001
999
1001
1000
999
1002
999
999
1002
998
1001
1001
788
1212
998
1000
1001
999
1001
1000
999
1001
1000
999
1002
689
1310
999
1000
1001
1001
0
1000
311
331
999
1002
999
999
1003
0
1003
513
485
1001
1001
0
1001
0
1000
1000
1000
1002
0
1000
1000
1000
1000
1000
1002
0
1001
920
85
662
340
961
1002
1000
1003
524
943
1080
1000
1003
0
999
1000
1002
1000
0
1002
0
1000
999
1000
1003
827
999
1000
1002
0
1001
1002
0
1001
999
871
999
1001
1002
0
1001
998
1000
1001
1001
0
1001
0
1001
0
1001
0
1001
0
984
1013
1001
999
1002
0
1000
1000
1000
904
97
1000
1002
0
1000
1000
1000
1000
1000
1000
1000
1000
1000
1000
1000
929
72
1000
1002
0
1000
1001
0
1000
1000
1000
1000
963
38
1001
1001
0
1000
1000
1000
1000
1000
1000
1000
1000
1000
1000
1000
1000
1000
1000
1000
1000
1000
1000
1000
1000
1000
1000
1000
1000
1000
1000
1000
1002
0
999
1000
1000
1000
1000
1000
1000
1000
1000
1000
1000
1000
1001
999
1001
29
1001
1003
0
999
1001
999
1000
999
1001
104
1001
1003
0
999
1000
1000
1002
998
1001
998
1001
999
1001
999
1001
999
1001
999
1001
999
1001
999
1003
0
105
1000
1001
0
1001
999
1001
999
1001
999
1001
999
1001
1020
1003
0
1000
999
1001
1048
1000
1004
0
1000
999
999
1001
999
1001
999
1001
999
1000
1000
1000
1000
1000
1000
1000
1000
1000
1000
1000
1000
1000
1000
1000
1000
1003
997
1000
1000
1000
1000
1000
1000
1000
1000
1000
1000
1000
1000
1000
1000
1000
1000
1000
1000
1000
1000
1000
1136
999
1002
0
1000
1000
1000
1000
1000
1000
1000
1000
1000
1000
1000
1000
1000
1000
1000
1000
1000
1001
999
1000
1001
1000
999
1000
1000
83
999
1002
0
1002
998
1115
0
985
18
1000
1003
0
1000
999
1000
1011
1002
0
1000
1001
999
1000
1001
1000
999
1000
1000
1001
999
1000
1081
999
1002
0
1000
1002
998
1000
1000
1001
999
1001
999
1001
999
1000
1000
1001
999
1000
1000
1002
998
1000
1000
1001
999
1000
1000
1000
1000
1000
1002
998
1000
1000
1000
1000
1000
1000
1001
999
1000
1000
1000
1000
1000
1000
1000
1000
1000
1000
1000
1000
173
1000
1001
0
1000
1000
1000
1000
1001
999
1000
1000
1000
1000
1000
1000
1000
1000
1000
1000
1000
1000
1000
1000
1000
1000
1000
1000
1000
785
1219
999
1004
0
999
1001
999
1001
1150
999
1004
0
999
1000
999
1001
999
1001
999
1001
999
1001
999
1001
999
1001
999
1001
999
1001
999
1001
999
1001
999
1001
999
1001
999
1001
308
999
1002
0
1001
1002
998
1001
999
1001
999
1001
999
1000
999
1001
999
1001
999
1001
999
1001
999
1001
999
1001
999
1001
999
1001
999
1001
999
1000
1000
1001
999
1000
1000
1001
999
1001
39
1001
1002
0
999
1001
999
1108
0
1002
0
1001
999
1001
999
1000
1000
1001
999
1000
1000
1001
999
1000
1000
1001
999
1000
1000
1001
999
1000
1000
1001
999
1000
1000
1001
999
1000
1000
1088
0
1002
0
1001
37
1000
1003
0
999
1000
1001
1000
999
1000
1000
1001
999
1000
1000
1001
999
1000
1000
1003
149
1001
1003
0
998
1000
188
999
1002
0
1000
1001
999
1000
1002
999
999
1000
1000
1001
999
1000
1000
1001
999
1000
1001
1000
999
1000
1000
1001
209
1093
1000
1002
0
1000
1000
1000
1000
1000
1000
1001
0
1000
1000
999
1000
1000
1001
999
1000
1000
1001
999
0
0
0
240
347
444
700
595
469
0
2677
2623
2569
0
1157
1103
153
0
0
0
0
0
4
0
0
0
0
0
0
95
671
608
97
1440
1386
2031
1977
1923
1769
1715
425
0
1626
1572
1214
1160
631
163
107
0
0
0
0
0
0
4
0
0
0
0
0
0
0
0
0
0
7
0
0
0
0
0
0
0
0
0
0
4
0
0
0
0
0
0
0
0
0
0
3
0
0
0
0
0
0
0
0
0
0
1
0
0
0
0
0
0
0
0
0
0
2
0
0
0
0
0
0
0
0
0
0
3
0
0
0
0
0
0
0
0
0
0
4
0
0
0
0
0
0
0
0
0
0
0
0
0
0
0
0
0
0
0
0
0
3
0
0
0
0
0
0
0
0
0
0
4
0
0
0
0
0
0
0
0
0
0
7
0
0
0
0
0
0
0
0
0
0
2
0
0
0
0
0
0
0
0
0
0
1
0
0
0
0
0
0
0
0
0
0
12
0
0
0
0
36
346
0
0
0
0
4
0
0
0
0
0
0
0
0
0
42
2
63
1
0
0
0
0
0
0
0
0
2
0
0
0
0
0
0
0
0
0
0
0
0
0
0
0
0
0
0
0
0
0
2
0
0
0
185
466
366
540
274
603
285
422
359
317
626
0
0
0
0
0
0
0
3
0
0
0
0
0
9
395
417
191
757
274
0
1459
1405
47
949
16
740
121
767
0
569
159
0
0
0
0
52
457
159
319
432
373
91
391
434
454
305
0
0
0
26
0
3
0
0
0
0
0
0
0
0
0
0
2
692
573
537
704
518
387
858
398
487
499
323
325
815
454
179
874
380
448
245
222
231
423
313
663
0
279
410
0
301
354
211
175
864
340
562
405
692
0
463
140
0
96
13
5
0
0
0
187
79
0
0
0
0
0
8
0
0
0
0
1
0
0
0
0
0
7
0
0
0
0
0
0
0
0
0
0
5
0
0
0
0
0
0
250
255
0
0
1
0
0
0
0
0
0
0
0
0
0
2
0
0
0
0
0
0
0
0
0
0
1
0
0
0
0
0
0
0
0
0
0
2
0
0
0
0
0
0
0
0
0
0
1
0
0
0
0
0
0
0
0
0
0
1
0
0
0
0
0
0
0
0
0
0
3
0
0
0
0
0
0
0
0
0
0
1
0
0
0
0
0
0
0
0
0
0
0
0
0
0
0
0
0
0
0
0
0
2
0
0
0
0
0
0
0
0
135
183
31
360
0
0
0
0
0
0
0
0
0
1
0
0
0
0
0
0
0
0
0
72
337
0
0
0
0
0
0
0
0
0
0
4
0
0
0
0
0
0
0
0
0
0
3
0
0
0
0
0
0
0
0
0
0
4
0
0
0
0
0
0
0
0
0
0
2
0
0
0
0
0
0
0
0
0
0
4
0
0
0
0
0
0
0
0
0
0
3
0
0
0
0
0
0
0
0
0
0
5
0
0
0
0
0
0
0
0
147
0
3
0
0
0
0
0
0
0
0
0
0
5
0
0
0
0
0
0
0
0
0
0
4
70
453
385
937
159
919
0
1714
1660
964
84
0
3482
3428
3374
3320
0
0
0
0
6766
6712
6658
6604
6550
6496
6442
172
760
782
4159
4105
4051
3997
3943
837
0
4600
4546
4492
4438
4384
1450
1396
269
3829
3775
3721
3667
773
84
764
0
4054
4000
3946
3892
3838
0
2849
2795
2741
0
324
1255
1201
324
187
0
0
0
0
0
0
0
0
2
0
0
0
0
0
0
0
0
0
0
2
0
0
0
0
0
155
513
393
679
178
1811
1757
328
97
0
0
3808
3754
3700
3646
0
772
0
0
3107
3053
2999
2945
0
0
2324
2270
2216
0
1198
1144
532
143
193
0
0
0
0
4
0
0
0
0
0
0
0
0
0
0
4
0
0
0
0
0
0
0
0
0
0
5
0
0
0
0
0
0
0
0
0
0
7
0
0
0
0
0
0
0
0
0
0
5
0
0
0
0
0
0
0
0
0
0
4
0
0
0
0
0
0
0
0
0
0
4
0
0
0
0
0
0
0
0
0
0
5
0
0
0
0
0
0
0
0
0
0
3
0
106
764
651
0
2321
2267
2213
753
354
0
0
0
6615
6561
6507
6453
6399
6345
6291
401
705
903
800
2501
2447
2393
0
0
5835
5781
5727
5673
5619
5565
2268
2214
2160
507
0
5857
5803
5749
5695
5641
5587
0
775
0
4560
4506
4452
4398
4344
52
489
2757
2703
2649
185
0
1509
1455
291
211
51
0
324
76
38
60
0
0
0
0
0
0
0
0
0
0
0
0
0
0
0
0
2
0
0
0
0
0
0
0
0
0
0
1
0
0
0
0
0
0
0
0
0
0
5
0
0
0
0
0
0
0
0
0
0
1
0
0
0
0
0
0
7
0
0
980
1980
2980
3980
4925
5925
6925
7925
8925
9925
10925
11925
12925
13925
14925
8445
11355
11356
12508
12454
5089
7597
7598
9142
9088
9535
10535
11535
12535
13535
14535
15535
16535
17535
18535
