0
48000
1000
0
0
0
1000
0
0
1003
0
544
1454
999
0
0
0
1000
0
1004
0
0
997
1003
0
997
0
0
0
0
0
0
0
794
1
0
0
0
0
0
2204
1000
1000
0
667
335
998
0
0
771
1
231
0
0
1
997
0
0
0
0
1002
0
0
0
0
749
0
259
574
416
0
634
366
1003
0
350
612
397
1004
998
0
1001
0
1001
1004
84
50
1000
1000
1002
1998
0
1000
1002
0
999
1003
1006
0
1000
1000
999
997
999
1000
1002
0
1003
0
998
1000
999
2999
0
1000
1001
0
1005
2994
466
534
666
338
1006
0
999
2995
1000
0
1001
1002
997
1000
1001
0
1001
1000
999
1002
23
237
767
998
1000
288
4000
0
0
1000
0
1004
0
217
997
633
614
1002
0
1000
999
439
2001
0
606
394
999
1002
1002
997
111
995
1575
906
96
691
1000
1004
996
1001
998
1006
995
999
1003
998
1000
999
1000
1001
1000
1001
998
1003
999
1002
468
533
1001
1001
1998
0
106
406
735
1002
0
1002
1001
997
1002
997
571
463
995
1004
1001
1002
0
2000
998
196
805
276
999
1004
1003
0
694
1003
0
1002
997
1000
999
541
1003
0
1003
94
997
1001
1002
997
121
646
1001
0
83
276
1002
0
1003
997
999
534
1005
0
265
71
1000
2998
0
1000
1004
1000
0
1002
0
1000
1001
512
2002
700
1
300
1000
1006
999
0
996
1003
1
394
998
1004
997
1002
0
154
85
2995
0
1000
1005
0
1999
0
2003
0
0
695
314
314
588
528
998
1003
1002
0
995
1002
2002
0
140
873
988
1006
1000
1001
1001
1000
998
999
999
998
1002
1000
998
1003
997
1003
1000
1000
1000
1002
999
998
1000
1005
999
998
1001
1000
1000
1000
163
1009
0
999
82
986
998
1005
999
1002
995
424
992
1004
999
999
1005
997
1002
999
1000
1000
1001
1000
999
998
1000
999
1000
624
1008
0
998
998
579
893
997
1006
1000
658
605
405
1008
0
1001
998
177
992
1004
998
1004
999
1260
0
1101
0
1009
0
999
1001
999
999
1003
293
31
1009
0
1000
999
96
852
992
1009
1000
1003
998
999
1129
0
1010
0
1000
1000
1001
999
1000
1001
1000
999
1000
999
1002
999
1000
999
1002
999
1001
998
1002
1000
1000
998
1004
998
1000
999
1002
1000
1000
998
1001
1000
1000
999
1003
998
1000
999
1001
1000
1000
999
1001
1000
1000
1000
1000
1001
999
1000
1000
1001
999
1000
1000
1001
999
1000
649
342
984
1009
0
1001
1002
998
999
1001
1001
1000
998
1001
1001
1000
998
1001
1001
1000
998
1002
1001
999
999
1001
1000
999
999
1001
1002
998
1000
1001
1001
998
1000
1000
1002
998
1000
1000
1002
1000
998
1000
1001
999
1000
1000
1001
999
1000
1000
1001
998
1123
0
1010
0
1000
1004
996
1001
999
1002
1000
998
1000
1002
998
1001
999
1002
997
1002
999
1002
997
1000
1001
1002
997
1002
1061
0
1010
0
1000
1001
999
1001
1000
1001
1000
999
999
1001
999
1000
1000
1001
999
1000
1000
1001
1001
998
1001
1003
996
1001
999
1002
998
999
1001
1001
999
999
1001
1001
999
998
1000
1002
999
999
1001
1001
999
999
1001
1001
998
1001
1001
1000
998
1001
1001
1000
998
1001
1001
1000
998
1000
1002
1000
998
1000
1002
998
1001
1000
1035
1009
0
1001
1001
998
1001
1000
1001
998
1001
1000
1001
998
637
382
131
1001
995
1007
1002
997
1001
1000
1001
998
1001
1000
1001
998
1000
1003
999
998
1000
1002
1000
999
999
1002
1000
997
1002
1003
999
997
1000
1001
1000
999
1000
1002
999
999
1000
1001
1000
1000
1001
999
1001
1000
999
1002
685
385
1315
0
1063
0
1010
0
1002
997
1001
1000
1000
999
1000
1001
1000
999
1000
1001
1000
999
1000
1001
1001
999
122
988
993
1008
1000
1001
1001
1000
998
1001
1000
999
1002
999
1000
1000
999
1002
999
1001
998
1000
999
1002
998
1001
999
1001
999
1001
999
1001
999
1002
998
1001
999
1001
1001
998
1000
1001
1001
998
1000
1001
1001
998
1000
1001
1001
998
1001
1000
1001
998
1000
1234
0
1009
0
1002
1000
998
1000
1002
1000
999
999
1001
1001
999
999
1001
1001
999
1002
999
1000
1000
999
1001
998
1002
999
1002
997
1003
998
1002
997
1004
997
1002
997
1003
998
1002
998
1002
998
1002
997
1003
998
1002
997
1003
998
1002
997
1003
998
1002
1000
1000
999
1001
998
1002
1000
1000
1000
1002
998
1000
999
1003
202
1000
1012
0
1001
999
998
1002
999
1002
997
1002
999
1001
1001
999
998
1003
99
982
1001
1008
999
1000
998
1003
997
1001
998
1004
997
1000
999
1003
998
1175
0
1010
0
1001
997
1005
999
998
998
1003
1000
999
999
1004
997
1000
998
1003
999
1001
997
1007
996
999
1001
1002
996
1000
1000
1000
1000
10
1000
998
1002
1001
1000
999
1000
1000
1000
224
988
1011
0
1000
1001
998
1000
1000
1000
1000
999
1001
1000
1000
999
1001
1000
1000
999
1001
1028
0
998
1002
1000
1000
999
1001
1000
1000
1000
1001
999
1000
1000
1158
0
1011
0
1002
997
999
1002
1000
999
999
1149
1027
1008
0
1002
1001
999
1001
1000
999
1000
1001
999
1000
1001
1000
999
1000
1001
998
1000
1002
999
1000
999
1002
999
1000
999
1002
999
1002
997
1002
999
1000
999
1001
1000
1001
998
1002
999
1000
999
1001
1000
1000
999
1001
1000
1027
1009
0
1001
1000
999
1001
1000
1000
999
1001
1000
1023
1008
0
1002
1002
998
1000
1001
1000
999
999
1000
1000
1000
1000
1001
1002
999
1000
1000
1001
997
1003
998
1001
999
1001
999
1002
998
276
240
1008
0
1004
999
1001
998
1001
1000
1000
1000
999
1000
1001
1000
999
1001
1001
998
1000
1000
1001
998
1002
999
1003
998
999
1000
1000
999
1001
1000
1001
998
1004
998
999
1000
1001
1001
998
999
1001
1001
999
999
1001
1001
999
999
1001
1001
999
1002
998
1002
998
999
1001
1001
999
999
1001
1001
999
1000
999
1003
998
1000
999
1005
996
1000
1000
1004
996
1001
1000
52
979
998
1006
1006
996
1000
999
1003
999
998
1001
1002
997
1002
997
1004
996
1316
0
1009
0
1001
1002
1001
998
998
1000
1003
997
1000
1001
1003
996
1000
1000
1003
998
1001
998
1004
996
1004
997
1002
999
999
1001
1001
999
999
1000
303
984
995
1008
1003
998
1000
683
349
984
993
1009
1004
997
999
1000
1002
999
999
1000
1002
1000
999
1001
1000
1000
999
999
1002
1000
999
999
1001
1001
999
999
1000
1002
999
999
1000
1001
998
1000
1000
1002
998
1000
999
1002
999
999
1000
1001
1000
999
998
1000
1001
999
1000
999
1001
1001
1000
999
1001
999
1002
999
999
1000
999
1001
1000
999
1000
1000
1000
1000
999
1001
1000
999
358
1001
0
1002
1001
999
999
1002
998
999
1001
1000
1002
998
1002
998
999
1000
1001
1000
1000
1000
999
1001
1000
999
1001
1000
999
1000
1002
999
1000
1000
1001
1000
0
6
6
7
7
7
5
5
6
3
1
1
3
1
3
5
4
3
0
6
1
4
2
4
5
0
11
8
7
13
9
8
8
4
7
6
7
5
8
5
7
6
4
4
6
9
6
0
5
6
7
9
12
5
8
4
6
4
7
8
10
4
3
11
6
7
2
9
4
8
8
7
5
8
10
4
8
6
9
10
6
3
10
6
8
1
7
4
8
7
3
7
4
8
5
7
4
6
4
6
6
4
4
4
7
6
3
4
10
8
9
7
4
3
8
7
6
4
10
7
3
6
2
6
8
7
5
4
7
8
9
3
5
4
5
6
5
3
8
5
10
8
6
6
4
7
7
7
9
6
6
4
11
4
1
2
0
7
3
1
7
7
6
8
9
6
6
9
4
6
4
6
4
2
4
6
7
9
6
8
7
7
5
5
4
7
10
4
5
3
5
7
5
4
3
4
5
8
8
9
8
5
6
1
4
3
8
6
7
6
7
5
6
4
5
6
1
5
5
9
4
5
5
6
8
5
9
4
7
5
5
4
3
5
8
5
9
5
7
10
2
9
5
4
1
5
5
7
9
4
3
7
5
7
5
9
7
8
6
8
6
3
4
2
8
3
7
6
9
8
9
3
3
3
11
6
4
13
5
8
8
8
10
4
6
3
8
5
7
7
9
8
4
8
4
9
11
7
5
4
7
8
8
6
4
5
7
5
5
2
3
8
5
7
8
8
6
4
5
2
6
5
7
8
8
2
4
2
5
4
6
11
7
5
12
3
11
4
5
3
6
3
4
6
6
5
4
1
3
4
5
12
10
6
8
6
6
3
0
8
9
9
6
5
6
3
3
0
7
7
2
7
7
6
3
6
8
10
9
9
5
10
8
5
4
0
4
3
4
10
3
11
7
4
13
3
11
6
10
9
7
7
8
4
6
9
8
4
3
6
9
6
7
4
9
5
7
8
8
5
7
4
3
4
6
4
2
0
6
1
6
5
6
2
5
3
8
10
7
4
4
6
8
5
4
2
4
3
3
7
1
3
7
3
4
5
2
7
4
10
6
7
6
7
12
10
8
5
7
4
3
5
7
6
10
7
8
3
7
6
7
6
8
6
5
10
3
7
4
5
8
8
8
9
8
6
9
3
9
3
8
4
7
6
10
8
6
8
7
3
8
5
3
2
5
7
2
7
6
8
4
8
4
7
6
4
1
4
4
8
7
4
10
5
2
5
1
7
3
5
6
8
7
5
8
8
10
7
1
4
2
6
3
5
2
9
5
5
9
3
4
3
6
4
4
11
6
6
4
5
8
7
5
7
0
5
5
8
5
7
5
3
6
5
5
7
4
4
10
6
7
7
2
11
4
8
8
7
3
7
8
7
3
5
5
10
8
12
7
5
10
9
2
6
5
4
5
9
4
7
3
10
5
6
10
2
7
7
9
7
6
7
10
7
6
7
3
8
8
3
1
3
8
11
7
6
6
4
11
3
7
3
7
5
6
2
3
7
3
6
8
3
1
0
9
9
4
8
4
11
8
7
8
7
6
6
2
7
4
7
4
4
5
6
1
4
4
5
5
10
6
3
7
5
7
5
3
9
9
7
4
4
5
7
7
8
3
5
8
4
6
4
6
9
7
3
10
6
10
6
2
2
0
2
4
9
6
8
5
7
9
10
7
5
5
8
3
7
12
7
5
7
4
7
3
5
2
7
7
6
8
9
10
3
10
6
7
6
9
13
9
3
2
5
2
5
4
14
3
5
6
11
5
4
3
6
5
8
6
10
6
8
11
3
2
5
7
4
9
9
8
3
8
3
7
5
7
11
10
7
11
6
3
8
3
5
9
6
3
5
5
8
5
9
9
8
9
7
6
5
3
9
6
8
4
6
6
8
8
3
4
8
4
9
10
6
1
6
6
4
5
8
14
0
3
6
10
6
5
0
7
7
7
7
9
5
6
7
6
7
4
9
5
7
5
4
2
5
5
6
9
4
4
9
5
9
5
7
8
7
6
7
4
8
9
6
2
5
1
6
5
7
7
4
5
3
7
4
4
8
7
8
6
4
7
5
2
5
4
4
5
7
6
5
8
10
4
8
3
5
3
10
9
4
10
4
12
1
9
5
8
7
3
4
7
7
4
6
5
5
12
11
6
5
8
4
3
3
6
6
6
0
3
5
6
9
5
6
4
7
7
8
9
9
13
8
2
8
7
7
6
5
7
7
4
6
0
3
2
2
4
8
3
3
5
7
0
8
2
8
6
7
10
3
3
8
5
12
8
5
8
3
3
3
5
4
1
0
5
1
6
5
5
6
6
4
10
11
10
8
5
7
9
4
10
9
2
4
0
6
4
7
5
5
6
8
3
11
3
7
3
2
5
6
6
5
3
4
4
4
2
4
3
7
6
6
6
8
3
6
7
5
3
7
3
6
9
2
5
9
0
6
2
6
10
10
6
9
7
8
5
11
5
1
4
5
8
4
8
1
2
6
6
7
3
5
3
6
8
6
6
3
9
9
9
5
7
2
7
9
8
4
6
7
3
7
3
8
4
6
6
9
3
6
4
7
6
8
12
2
7
7
8
8
12
9
6
7
2
4
2
4
0
5
6
6
9
7
8
3
4
8
9
11
5
7
10
2
4
4
7
4
7
6
3
2
4
9
4
1
6
7
3
8
8
8
8
3
8
8
10
6
8
11
4
2
9
6
0
3
9
1
5
5
6
4
7
7
5
6
6
7
7
2
4
6
5
6
5
7
5
4
3
4
6
5
2
4
6
5
6
5
7
6
7
4
6
0
4
5
3
6
9
6
0
5
5
6
6
6
8
9
8
7
4
5
6
8
6
5
7
5
6
4
7
6
4
4
1
4
5
7
9
8
9
5
6
9
9
9
8
9
5
7
3
8
3
5
6
4
4
7
8
0
7
5
3
8
2
4
2
4
5
2
5
8
12
8
8
5
8
10
10
11
9
4
8
7
5
5
5
6
4
9
8
6
7
3
5
9
8
3
3
5
3
5
9
8
9
6
8
9
5
9
8
7
5
6
10
7
6
4
7
7
4
8
3
7
4
7
6
3
7
4
6
0
5
4
4
4
3
4
10
7
2
6
5
10
4
8
2
4
2
4
7
5
2
7
7
8
6
9
7
7
7
6
4
5
2
8
4
10
5
7
7
6
9
3
0
4
4
7
4
7
8
7
4
6
4
6
6
4
4
5
6
6
8
7
6
1
6
6
2
6
4
5
2
7
8
7
6
5
3
7
6
8
7
2
4
9
11
2
0
4
10
3
8
4
11
8
5
3
4
7
2
5
4
6
8
6
7
0
1
0
0
3
0
2
6
10
5
6
6
7
5
6
9
7
4
3
4
8
11
4
9
3
4
6
4
5
4
6
5
7
4
5
1
6
6
4
7
12
4
9
9
6
7
5
6
5
3
0
7
5
3
3
4
5
9
4
5
7
5
2
6
2
3
9
6
7
12
14
6
9
9
6
10
4
6
9
5
6
7
4
6
5
8
6
8
2
5
4
4
7
6
5
6
9
6
9
8
5
9
3
6
10
7
3
11
4
6
8
2
1
3
5
1
5
3
4
9
4
8
4
6
6
6
1
8
6
12
8
5
7
7
6
6
8
6
8
4
6
7
1
4
9
6
7
5
3
6
6
4
5
4
6
8
7
6
5
8
6
5
9
10
7
3
4
4
2
5
8
6
3
4
3
6
5
11
4
6
7
6
7
3
6
5
5
7
5
7
6
7
9
4
4
4
9
5
9
6
6
9
5
6
7
11
7
6
9
8
1
5
4
7
3
6
5
4
8
6
6
5
5
7
8
6
2
3
3
3
0
4
0
0
0
3
5
3
3
6
6
7
4
6
4
3
3
0
2
5
3
6
11
5
7
5
5
12
6
8
1
2
1
3
1
4
5
2
5
4
10
9
4
0
3
8
6
6
8
7
3
7
5
11
0
2
8
7
5
4
5
9
2
5
8
3
5
4
8
6
5
7
2
4
3
2
1
1
0
2
5
0
1
1
0
2
2
6
1
11
1
7
10
11
2
12
8
9
6
7
3
0
5
10
3
7
4
7
6
4
2
2
9
3
8
5
4
0
3
7
4
3
4
4
5
6
5
7
1
6
3
5
8
3
5
6
7
6
10
10
3
3
5
7
6
0
2
2
5
3
2
7
4
2
1
1
2
5
3
3
3
7
6
5
3
4
3
4
4
4
3
3
4
7
9
9
6
4
1
5
7
4
8
5
2
6
4
6
7
5
9
4
13
4
2
5
7
5
1
0
9
0
3
3
4
0
6
5
13
1
2
7
6
1
2
2
3
4
5
3
2
2
8
3
2
2
5
5
5
7
10
9
6
8
3
8
1
5
2
8
4
2
9
2
6
7
7
3
0
5
9
0
0
0
1
0
1
3
7
3
6
1
2
7
6
3
7
4
8
6
6
3
6
4
6
6
5
1
2
8
6
2
6
4
5
2
8
5
6
10
3
12
9
5
5
6
4
6
4
3
3
5
5
7
0
4
3
2
7
6
6
3
6
7
5
8
5
3
4
6
6
3
5
5
6
8
1
3
2
4
6
3
5
8
7
4
6
8
3
8
3
4
10
0
3
5
5
7
2
0
1
4
8
7
3
3
5
4
4
5
2
9
3
4
7
5
8
1
3
2
2
2
4
2
7
6
6
6
1
2
8
3
8
1
5
5
2
9
2
5
5
1
4
1
4
2
3
4
3
6
6
6
1
5
8
4
3
10
5
1
5
6
8
2
4
3
5
6
5
2
6
3
5
4
5
5
6
5
5
6
3
501
1498
2498
3498
4498
5498
6498
392
743
1470
1421
246
536
0
0
4
0
2
998
1998
2998
3998
4848
5848
6848
7848
8848
9848
10848
2256
4040
6672
6673
6674
7148
