0
57000
1000
0
0
1001
0
0
938
0
1
0
1064
0
0
625
1
373
0
0
545
255
200
141
857
0
0
0
999
0
0
0
0
0
0
0
195
175
641
0
0
0
0
0
0
0
2989
0
0
751
251
0
0
998
0
0
0
1002
1003
0
0
996
0
0
0
0
0
0
1001
0
0
0
0
1006
997
0
995
0
1001
0
1004
1000
999
999
1002
998
999
281
656
1000
1001
1001
1000
998
1002
1999
0
1002
0
999
804
1002
0
999
1000
1001
1001
1997
1000
1963
1037
1000
0
1000
1003
0
1001
999
1996
1000
445
557
1004
0
1001
996
1183
0
2998
0
1
2182
818
0
1000
692
313
1000
1002
0
1000
1002
419
366
389
692
738
998
1001
1001
1000
1120
1000
1004
0
94
998
393
2000
0
1000
1001
0
1003
997
1000
1001
1000
1003
999
998
28
1002
1002
0
2996
0
232
132
2005
0
995
1001
0
449
1715
283
9
2997
0
745
1257
997
758
246
997
1503
0
1002
0
999
1000
1003
998
495
12
1000
1002
0
1999
0
1002
0
998
1004
998
660
996
1001
999
1005
996
1002
997
498
996
1612
1025
1002
0
1999
0
1003
0
1003
1000
996
1003
1918
1007
682
2036
1
0
1002
0
1004
1000
1995
0
1002
1998
1
999
1001
0
1007
996
573
1002
1003
996
0
512
1000
1002
0
1000
1004
995
2006
994
0
1000
924
81
92
998
1000
326
996
1586
412
2007
0
993
736
214
997
758
104
207
999
1003
1001
675
1003
0
1004
1000
999
121
1010
0
999
998
999
998
998
538
1003
0
1000
1003
1000
1001
1000
999
1002
513
1006
0
1002
1003
999
1000
999
1000
1001
998
1000
998
154
1005
0
1003
997
999
1001
1001
1000
1000
1000
1001
999
1001
1000
1001
999
1000
1001
999
999
999
1001
57
1209
0
1006
0
1002
997
1002
1000
999
999
1001
638
1006
0
1002
998
166
887
1007
0
1002
1000
1001
999
999
1000
1002
998
1000
999
1002
49
1004
0
1006
999
1001
1000
1000
1000
999
999
1002
54
1007
0
1005
997
1000
999
1004
997
1000
1001
1002
998
1000
999
1003
998
1001
998
1003
998
1000
999
1003
998
1000
999
1003
998
1000
999
1003
999
999
999
1002
999
1000
1000
1000
1000
1000
1000
1000
1000
1001
999
1000
1000
1001
999
1001
1000
1000
999
1083
0
1010
0
1001
60
987
1303
0
1011
0
1000
1000
63
983
996
1009
1000
999
1000
1000
1001
999
1000
1000
1001
999
1000
1000
1001
999
1000
1000
1111
0
1010
0
1002
999
999
1001
1002
998
1000
1000
1002
997
1001
1000
1002
997
1000
1001
1001
998
1000
1001
1001
998
1000
1001
1001
998
1000
1001
1001
998
1000
1001
1001
998
999
1003
999
999
999
1001
1001
998
1001
1001
1001
997
1002
1001
1000
997
1001
1013
0
998
1001
1001
1000
998
1001
1001
1000
998
1001
1001
1000
998
1001
1001
1000
998
25
1162
0
1011
0
1001
1050
0
1011
0
1001
998
1006
995
660
1411
0
1011
0
999
1003
997
1003
996
1005
996
1001
998
1002
998
1001
999
1002
998
1001
1000
1001
999
1000
1008
1051
0
1009
0
1003
998
1000
999
1003
998
1000
999
1002
998
1001
999
1002
998
1001
1000
1001
999
1000
999
1002
193
986
998
1008
998
1000
1000
1001
999
1000
1000
1001
999
1000
1000
1001
1000
999
1000
1001
1214
0
1082
0
1009
0
1001
999
1000
1001
999
1000
1001
109
987
1011
0
1002
44
1004
0
1006
1000
1000
919
1106
0
984
810
215
1233
1000
1000
1010
0
1000
1001
1000
1000
991
75
997
995
1010
1000
1001
999
1000
999
1002
999
1001
997
1003
999
1000
999
1002
999
1001
19
1003
999
1001
997
1003
999
1001
997
1092
0
1009
0
1003
1000
1001
1267
0
1012
0
997
1002
1000
1001
997
1002
999
103
123
1001
992
1011
774
271
1007
0
1011
0
999
1002
998
1001
998
1002
1000
998
1001
999
1002
1000
1000
1000
999
1001
1001
998
1001
868
1222
0
1010
0
1003
996
1002
999
1001
997
1002
1000
1001
997
1002
1001
1000
998
1001
1001
999
999
1000
1002
999
999
1000
1002
999
1000
999
1002
999
1000
999
1003
998
1000
999
1002
999
999
1000
1002
999
999
1001
1001
999
999
1000
1081
0
1011
0
1000
999
1000
1002
999
1000
121
1010
0
1001
1000
26
119
984
1063
0
1015
0
995
1005
1001
999
998
1002
999
999
1000
1002
999
999
1000
1001
999
1000
999
1002
999
1000
999
1002
999
1000
999
1002
999
1000
999
1002
14
1000
998
1003
999
1001
998
1003
999
999
1001
1000
1000
24
1000
992
1007
1001
998
1002
1000
999
999
1002
999
160
1009
0
1000
1001
999
1001
1000
1000
999
1001
1246
0
853
166
990
1009
0
1001
1079
0
1012
0
998
999
999
1004
997
1000
1000
1003
998
1000
999
1003
998
1000
999
1003
999
999
999
1003
998
1000
1000
1002
998
1000
999
1003
998
1000
1000
1002
999
999
1001
999
1000
1000
1000
1000
1000
1001
999
1000
1000
1001
999
1001
1000
1000
999
1001
1000
1000
999
1002
998
1002
1001
997
1001
999
1000
1000
1001
999
1000
1002
999
87
986
995
1010
1001
999
999
1002
999
1001
998
1002
998
1000
1000
1002
998
1001
1000
1001
999
1001
999
1001
998
1001
1000
1002
997
1001
1000
1002
997
1000
1058
132
908
1278
0
1011
0
1000
1001
1000
999
999
1114
0
1010
0
1002
1000
998
1000
1002
1000
999
999
1001
1000
999
1000
1002
1000
998
1000
1002
1000
998
1001
1001
1000
998
1000
1001
1001
997
1002
86
980
999
1008
1001
1068
0
1011
0
1000
998
1001
1001
1000
997
1003
1000
1000
998
1003
999
1000
999
1002
998
1001
998
1003
998
1001
37
1004
0
1007
998
1004
997
1002
997
1014
0
1000
1000
1003
997
1001
999
1004
996
1001
999
1002
998
1001
999
1003
997
1001
116
985
998
1007
1000
1002
997
1002
999
1002
998
1000
131
1009
0
1001
1000
1002
998
1000
1000
1001
1000
998
1000
1001
999
1001
999
1001
999
1000
1000
1001
999
1002
998
1002
999
999
1000
1001
999
1000
1000
1000
1000
1001
999
1000
1001
1000
1000
1000
1001
1000
1000
1059
0
1010
0
1000
1000
1001
1000
1001
999
1000
1000
1000
1000
1000
325
987
1010
0
1001
1000
999
1000
1000
1000
1000
1000
1000
1003
996
1003
998
1002
997
1003
999
12
999
1000
1001
1003
996
1003
998
1002
997
1003
998
1001
998
1001
998
1002
996
1002
999
1002
996
143
1177
0
1056
0
668
1337
0
1006
0
1000
1000
1002
997
41
1001
0
1004
1000
999
1001
1000
1000
999
1001
1000
1000
999
1001
1000
1000
999
1123
0
1004
0
1001
159
994
1085
0
1004
0
1001
1000
41
1001
0
1003
1000
1002
997
1000
1002
226
141
1002
0
1002
998
999
1000
1001
1000
1000
1000
1000
1001
998
1001
1000
1117
0
1002
0
1001
998
1000
1001
1000
1000
1001
999
999
1000
0
0
0
0
3
0
0
0
0
0
0
0
8
0
0
0
0
1
0
0
0
0
5
0
0
0
0
0
0
0
0
0
0
0
0
1
0
0
0
0
2
0
0
0
0
1
0
0
0
0
0
0
0
7
0
0
0
0
4
0
0
0
0
1
0
0
0
0
0
0
0
0
0
0
0
0
7
0
0
0
0
4
0
0
0
0
0
0
0
0
0
0
0
0
8
0
0
0
0
5
0
0
0
0
1
0
0
0
0
1
0
0
0
0
0
0
0
7
0
0
0
0
3
0
0
0
0
0
0
0
0
0
0
0
0
8
0
0
0
0
7
0
0
0
0
0
0
0
0
0
3
0
0
0
0
0
0
0
7
0
0
0
0
5
0
0
0
0
5
0
0
0
0
0
0
0
3
0
0
0
0
6
0
0
0
0
1
0
0
0
0
2
0
0
0
0
0
0
0
5
0
0
0
0
5
0
0
0
0
2
0
0
0
0
0
0
0
6
0
0
0
0
8
0
0
0
0
3
0
0
0
0
0
0
0
0
0
1
0
0
5
0
0
0
0
5
0
0
0
0
1
0
0
0
0
0
0
0
7
0
0
0
0
5
0
0
0
0
3
0
0
0
0
4
0
0
0
0
0
0
0
1
0
0
0
0
4
0
0
0
0
2
0
0
0
0
0
0
0
4
0
0
0
0
5
0
0
0
0
1
0
0
0
0
2
0
0
0
0
0
0
0
10
0
0
0
0
4
0
0
0
0
0
0
0
0
0
0
0
0
6
0
0
0
0
7
0
0
0
0
1
0
0
0
0
0
0
0
0
0
0
0
0
6
0
0
0
0
3
0
0
0
0
2
0
0
0
0
0
0
0
5
0
0
0
0
5
0
0
0
0
1
0
0
0
0
0
0
0
0
0
2
0
0
5
0
0
0
0
4
0
0
0
0
1
0
0
0
0
0
0
0
9
0
0
0
0
7
0
0
0
0
2
0
0
0
0
0
0
0
0
0
0
0
0
6
0
0
0
0
3
0
0
0
0
2
0
0
0
0
1
0
0
3
0
0
0
0
5
0
0
0
0
3
0
0
0
0
0
0
0
0
0
0
0
0
5
0
0
0
0
0
0
0
0
0
3
0
0
0
0
0
0
0
7
0
0
0
0
5
0
0
0
0
4
0
0
0
0
0
0
0
0
0
0
0
0
6
0
0
0
0
5
0
0
0
0
1
0
0
0
0
3
0
0
7
0
0
0
0
0
0
0
0
0
3
0
0
0
0
0
0
0
0
0
0
0
0
5
0
0
0
0
0
0
0
0
0
2
0
0
0
0
0
0
0
5
0
0
0
0
1
0
0
0
0
1
0
0
0
0
1
0
0
0
0
0
0
0
5
0
0
0
0
4
0
0
0
0
1
0
0
0
0
0
0
0
9
0
0
0
0
4
0
0
0
0
2
0
319
947
1292
2004
2759
2656
3037
2936
3929
4356
4086
4141
4854
4669
4929
5355
6353
7230
7862
8493
9492
10410
11369
12164
13164
14164
15164
