3.69378
3.52
3.2
3.68
1.6
2.88
3.68
2.08
4.96
3.44
3.84
3.04
3.48
2.56
2.4
3.2
2.88
3.2
3.68
1.92
2.24
1.44
3.09333
3.52
2.4
4.16
3.04
4.48
3.52
3.52
2.72
3.52
4.32
4
3.04
3.2
3.2
4
3.68
3.52
5.92
3.2
2.72
5.44
3.68
4.16
2.88
5.28
3.2
3.36
4.8
3.36
4.64
2.72
3.2
4.8
2.88
3.36
4.96
3.2
3.2
4.96
4.8
4.8
4.96
4
3.36
4.16
5.28
4.16
4.96
4.64
6.56
3.52
5.12
3.2
4
4.32
4.16
3.84
5.28
6.56
5.6
4.64
3.84
2.88
5.44
7.04
4
2.72
4.96
4.48
6.08
4.32
5.92
2.72
4.96
4
5.44
3.04
4.16
3.52
6.08
5.28
3.36
6.24
6.4
3.36
3.68
4.16
4.8
4.96
6.88
3.2
3.52
3.68
7.2
3.2
3.2
5.92
5.28
6.88
3.04
3.36
6.56
7.68
3.2
6.88
2.56
5.44
4
6.24
6.24
2.88
2.56
4.96
5.28
6.4
2.72
5.28
5.12
4.96
6.56
4.48
3.04
8
4.64
4.96
4.72
6.24
3.36
3.2
2.4
5.28
5.44
6.24
4.96
5.28
4.64
4.96
3.68
5.12
4
5.12
3.36
5.76
6.4
5.28
4.8
5.28
8.48
2.72
5.28
4.8
5.6
3.68
4.8
4.8
6.88
3.68
3.52
7.52
3.04
5.76
3.68
6.4
2.56
5.28
4.32
4.64
4
4.32
6.24
5.6
6.24
3.2
5.92
3.04
7.52
4.64
6.08
4.48
7.52
5.12
5.92
2.88
6.24
4
6.24
2.72
4.32
4.64
4.64
3.84
5.92
7.04
4
4
3.36
8.16
5.12
3.84
7.04
3.84
3.36
5.76
5.12
3.04
6.08
4.96
4.32
5.44
6.72
3.2
7.52
2.88
3.52
7.84
4.16
3.84
5.28
6.56
3.68
4.64
6.4
4
5.6
4.32
4.48
3.68
6.72
4.32
6.08
6.24
1.76
5.28
6.4
6.08
3.36
5.6
4.32
6.08
4.48
8.16
2.88
6.56
2.72
9.76
1.6
3.68
5.6
8.48
3.84
4.32
7.68
7.36
5.28
4.48
6.56
2.88
8
2.88
3.52
6.24
5.92
3.36
5.6
4.64
2.88
4.64
6.24
3.68
4.32
4.32
4
4
3.68
6.08
3.84
4.64
4.8
3.68
5.44
3.84
6.24
4
3.84
2.4
3.04
3.36
3.68
4
4.16
5.28
3.52
4.48
4.96
3.68
3.2
4.16
4.32
4.64
3.68
4.64
3.52
4.16
3.36
2.4
2.88
4.16
3.04
4.8
3.04
4
4.64
4.64
4
2.72
3.84
4.64
3.52
3.04
4.64
4
3.2
4
2.08
3.04
3.2
3.36
3.36
3.52
3.36
3.84
3.36
3.84
2.56
2.72
2.88
2.72
3.52
3.2
2.72
2.72
3.36
3.04
1.92
3.04
3.36
2.56
2.08
1.6
2.4
2.24
2.08
1.44
1.6
1.76
1.28
1.44
1.6
1.44
1.6
1.44
1.28
0.96
1.92
1.6
1.6
1.44
0.64
0.64
0.64
0.96
1.28
1.44
1.12
0.96
0.8
1.44
0.96
1.12
1.6
0.64
0.64
0.96
0.8
0.64
0.96
0.96
0.8
0.8
0.96
0.64
0.8
0.8
0.8
0.96
0.64
0.8
0.8
0.8
0.96
0.8
0.48
1.12
0.8
0.96
0.48
0
0.32
0
0
0.8
0.32
0.16
0.16
0.48
0
0.16
0.32
0.48
0.08
0
0.32
0
0.16
0
0.48
0.32
0
0
0.32
0.32
0
0.32
0.16
0
0.32
0
0.64
0
0
0.64
0.48
0.16
0
0.32
0.32
0.32
0
0.48
0
0.16
0
0.32
0.32
0.48
0.8
0.32
0.32
0
0.32
0.16
0.32
0.32
0.32
0.32
0.16
0.16
0.16
0.32
0.16
0.16
0.16
0
0.32
0.16
0.32
0.32
0
0.48
0.32
0.32
0.16
0.32
0.64
0.32
0
0.16
0.16
0.16
0.64
0.16
0.48
0.32
0.16
0.16
0
0
0
0.16
0.48
0.16
0.8
0.16
0.32
0.16
0.32
0.48
0.16
0.48
0.16
0.48
0.32
0.16
0.32
0
0.96
0.32
0.32
0.16
0.32
0.16
0
0.48
0.32
0.48
1.12
0.8
0.16
0.32
0.64
0.48
0.48
0.48
0.64
0.16
0.64
0.8
0.32
0.64
0.32
0.48
0.32
0.16
0.48
0.32
0.8
0.48
0.32
0.32
0.64
0.48
1.44
0.48
0.64
0.96
0.8
0.48
0.8
0.48
0.48
1.28
0.8
0.16
0.48
0.64
0.48
0.64
0.48
0.32
0.64
0.32
0.32
0.64
0.96
0.48
0.48
0.96
0.32
0.32
0.48
0.48
0.48
0.96
0.16
0.96
0.96
0.64
0.48
0.48
0
0.16
0.64
0.8
1.12
0.32
0.8
0.32
0.8
0.48
0.64
0.48
0.8
1.28
0.96
0.96
0.48
0.48
0.32
0.48
0.64
0.32
0.64
0.64
0.48
0.8
0.64
0.96
0.8
0.64
0.64
0.48
0.48
0.32
0.32
0.16
0.64
0.48
0.48
0.64
0.48
0.16
0.8
0.16
0.48
0.8
0.48
0.64
1.28
0.64
0.16
0.48
0.64
0.48
0.32
0.64
0.16
0.48
0.64
1.12
0.48
0.16
0.32
0.32
0.16
0
0.16
0.16
0.48
0.32
0.64
0.32
0.16
0.48
0
0.48
0
0.16
0.32
0.48
0.48
0
0.32
0.16
0.16
0.32
0
0.16
0.16
0.16
0.16
0
0
0.32
0.16
0.16
0.16
0.48
0.16
0.16
0.16
0
0.32
0.32
0.16
0.16
0.24
0
0.16
0.16
0.48
0
0.16
0.16
0.16
0.48
0.48
0.48
0
0
0.16
0.32
0.32
0.8
0.32
0.16
0.24
0.16
0.48
0.32
0.24
0.32
0.16
0.48
0
0
0.16
0.16
0
0.32
0.32
0.48
0.32
0.16
0.16
0.64
0.32
0.32
0
0.32
0.48
0
0.32
0.16
0
0.16
0.32
0
0.16
0.32
0.24
0.16
0.64
0.16
0.32
0
0.32
0.16
0.32
0.24
0.16
0
0.16
0.32
0.48
0.16
0.24
0.24
0.16
0.48
0.32
0.32
0
0.32
0.16
0.32
0.32
0.16
0.32
0
0.16
0
0.64
0.32
0
0.32
0.16
0.16
0.32
0.16
0
0.4
0.48
0.48
0
0.64
0
0.32
0.16
0.32
0.16
0
0.32
0.32
0
0.16
0.16
0
0.32
0.32
0
0
0.16
0.48
0.32
0.16
0.32
0.32
0.16
0.16
0.16
0.08
0.48
0.16
0.32
0.24
0
0.32
0.16
0.16
0
0.16
0.32
0.96
0.16
0
0.16
0.16
0.32
0.48
0
0.4
0.32
0.16
0.16
0
0
0.32
0.4
0.48
0.16
0
0.16
0.32
0
0.16
0.48
0.24
0.16
0.4
0.16
0
0.08
0.48
0
0.32
0.32
0.16
0.16
0.16
0
0.16
0.32
0
0.16
0.16
0.48
0
0
0.32
0.32
0.96
0.48
0.32
0.16
0.48
0
0
0.08
0.16
0.08
0.16
0.16
0
0.16
0.24
0.32
0.32
0
0.08
0
0.48
0.16
0
0.266667
0.64
0.32
0.24
0.48
0.16
0
0
0.16
0.16
0.16
0.64
0.24
0
0
0.16
0.16
0
0.16
0.32
0.32
0.16
0.4
0.32
0.16
0.48
0.32
0.16
0.48
0.16
0.16
0
0.16
0.16
0
0.48
0.32
0.48
0
0.48
0.16
0.32
0.48
0.48
0.48
0.32
0.32
0.16
0.32
0.16
0.32
0.24
0
0.24
0.16
0
0
0.16
0.16
0.48
0.4
0.16
0.16
0.32
0.16
0
0.16
0.16
0.16
0.32
0
0.8
0.16
0.32
0.48
0
0
0.32
0.08
0.32
0.24
0.426667
0.16
0.16
0.48
0.48
0.16
0.24
0.16
0.16
0.266667
0.24
0.16
0.32
0.16
0.48
0.16
0.24
0.32
0.48
0
0.48
0.32
0
0.32
0.16
0.16
0.16
0.16
0.08
0.48
0
0.16
0
0.16
0.32
0.48
0.16
0.266667
0.48
0.48
0.32
0.16
0
0
0
0
0.48
0.32
0.32
0
0
0.48
0
0.16
0.24
0
0.32
0.16
0.64
0.16
0.32
0.32
0.32
0
0.16
0.64
0
0.32
0
0.16
0.8
0
0.48
0.16
0.48
0.48
0.32
0
0.16
0.16
0.16
0.16
0
0
0.32
0
0.32
0
0.32
0.32
0
0.48
0
0.16
0.16
0.16
0
0.32
0.32
0
0
0
0.48
0.426667
0.48
0.16
0.16
0.16
0.32
0.32
0
0.16
0
0.16
0.48
0
0
0.48
0.16
0.96
0.16
0.16
0.4
0.48
0.16
0.32
0.16
0
0.32
0.48
0
0.32
0.16
0.32
0.48
0.48
0.48
0.8
0.48
0.16
0.16
0.24
0
0.16
0.16
0.32
0
0
0.08
0.48
0
0
0.16
0.16
0.16
0
0.32
0.266667
0.16
0.16
0.16
0.64
0.32
0.32
0
0.16
0.08
0.266667
0.32
0.16
0.16
0.48
0
0.16
0.32
0
0.16
0.24
0
0.16
0.16
0
0.48
0.64
0.48
0.16
0.16
0.16
0.16
0.16
0.32
0.64
0.32
0.16
0.16
0.32
0.48
0.16
0.48
0.213333
0.16
0.16
0.32
0.24
0.16
0
0.16
0.16
0.16
0
0
0.08
0.32
0.48
0.16
0.16
0.64
0.48
0.16
0
0.32
0.16
0.32
0.48
0.48
0.48
0.32
0.32
0.48
0
0.16
0.48
0.32
0
0.16
0.96
0.48
1.28
1.28
0.64
0.16
0.32
0.32
0.8
0.32
0
0.16
0.16
0.16
0.32
0.32
0
0.16
0.48
0.16
0.16
0.48
0.32
0.48
0.16
0
0.16
0.8
0.32
0
0.16
0.64
0.16
0.64
0.64
0.48
0.16
0.16
0.32
0.32
0.16
0.16
0.32
0.64
0.32
0
0.48
0
0.32
0
0.48
0.48
0.64
0.16
0.24
0.48
1.12
0.32
0.64
0.16
0
0.48
0.64
0.16
0.16
0.16
0.16
0.32
0.16
0.48
0
0.48
0.64
0
0
0.16
0.16
0
0
0.16
0.32
0
0.48
0.8
0.16
0.64
0.48
0.16
0.32
0
0.32
0.96
0.48
0.32
0.32
0.32
0.32
0.48
0.64
0.64
0.64
0.32
0.16
0.16
0.16
1.12
0.48
0.64
0.32
0.64
0.64
0.48
0.48
0.16
0.32
0.96
5.28
3.84
6.24
1.76
0.64
2.88
2.88
0
0.16
0.32
2.24
1.6
2.24
1.44
2.72
2.4
2.88
4
4.64
2.88
2.4
7.36
7.2
4.8
0.16
1.12
1.12
3.84
2.88
0
2.72
2.56
4
4.8
4.8
3.36
3.36
3.84
4.16
5.12
6.88
3.2
2.56
2.88
6.88
1.44
0.16
0.32
2.4
5.12
7.36
8.48
8
7.52
6.72
6.56
6.08
6.72
6.08
6.72
4.96
6.88
7.68
7.36
8.8
6.4
3.68
2.88
2.56
2.08
2.88
0.16
1.92
4.64
1.6
4
3.36
3.2
3.2
3.68
4.16
4.64
7.68
8.96
5.44
4.8
4
4
2.72
3.52
4.8
4.64
5.44
2.24
2.24
3.2
1.76
1.12
2.08
3.2
5.44
6.4
5.28
11.36
8.32
8.32
3.68
3.04
1.76
1.44
6.08
8.64
8.16
9.28
6.88
7.04
8.32
5.92
8
5.28
5.12
2.88
7.36
7.84
2.72
1.28
6.24
4.16
3.84
2.24
4.8
5.28
1.6
5.12
8.64
2.56
3.84
3.04
1.76
4
1.28
2.08
3.2
4.8
5.44
4.16
2.56
0.96
0.64
0.48
3.36
5.44
1.76
3.2
2.08
2.72
2.72
4.8
6.88
7.04
3.36
1.6
2.4
1.76
4
2.88
2.24
3.84
5.76
4.96
3.04
4.64
4.16
6.56
9.92
12.8
10.88
8.16
8.96
9.28
8.32
9.92
9.6
7.52
7.68
4.96
8.64
7.84
3.52
3.84
2.88
2.24
6.24
5.12
7.84
7.84
7.52
7.84
7.2
8.48
7.52
8.16
8.8
7.84
4
7.36
8
8.16
4
3.84
5.76
7.36
7.52
8.32
8
4.96
4.8
3.2
5.44
2.88
5.28
9.76
8.64
6.88
8.64
10.08
8.8
7.2
4.96
9.12
8.8
9.6
7.04
6.72
6.08
10.08
11.84
12.8
14.24
12.32
11.68
10.08
11.04
5.76
7.84
6.08
9.12
8.64
4.16
3.68
4.64
9.28
8.48
9.28
12.64
11.52
10.56
9.12
8.64
8
10.56
10.88
8.96
6.88
9.92
8.64
10.08
8.48
6.88
6.72
6.88
6.4
6.08
4.48
4
3.68
8.16
10.4
11.52
9.28
9.6
8.16
5.92
12.48
9.28
9.44
10.08
10.72
7.52
7.36
7.52
6.4
8.16
11.2
8.8
7.2
5.92
7.04
5.28
6.24
8.8
4.96
3.68
6.72
6.4
6.88
7.68
9.6
9.76
8.32
7.52
6.08
6.08
7.36
7.04
4.8
8.16
6.08
7.36
6.72
8.32
6.56
10.24
14.08
11.84
12.8
13.6
11.04
10.24
9.6
8.48
7.36
6.08
7.68
10.88
8.64
11.2
6.88
8.8
9.28
6.24
9.92
12.96
12.64
10.24
11.04
9.92
8
9.44
10.08
11.2
10.88
11.36
12.64
11.52
9.76
11.52
11.36
9.28
10.72
5.28
12.16
9.12
8.16
9.92
11.2
7.36
10.4
8.96
8.64
9.12
8.48
8.32
14.56
13.76
9.28
6.4
5.76
7.52
4.32
4.48
7.84
6.4
8.16
10.4
10.24
10.4
8.32
7.52
9.44
11.68
9.6
10.56
11.68
8.64
12
5.28
6.56
5.92
4.16
8.8
9.28
6.24
12.48
12.48
6.88
10.24
10.4
9.92
8.8
8.16
9.6
12.32
13.28
11.04
9.12
10.72
9.92
8.64
6.88
10.72
7.36
9.6
10.08
11.36
7.68
10.24
12.96
9.6
11.04
8.64
11.04
11.04
9.44
12.96
11.52
11.04
8
4.48
11.36
8.32
13.44
9.76
11.2
11.52
8.48
8.48
8.8
9.44
10.08
9.6
5.92
8.32
11.04
11.52
10.4
9.44
11.68
5.76
6.56
7.52
9.12
9.12
8.32
8.48
10.72
8.8
9.76
8.64
9.76
10.72
9.12
11.52
11.2
9.12
8.64
10.08
4.64
11.52
11.04
9.28
10.72
6.72
8.96
8.64
8
11.04
6.24
6.88
8.8
9.12
7.68
8.8
12.96
9.12
4.16
4.48
4.32
4.48
4.96
3.52
3.2
2.72
2.08
0.96
1.44
0.96
1.28
2.24
1.44
2.08
1.76
1.28
1.44
0.48
1.28
0.8
1.76
0.64
0.8
1.44
1.76
1.28
2.08
1.6
1.76
0.64
1.92
1.12
1.76
1.28
0.48
1.6
2.08
1.6
0.96
0.8
1.76
1.6
1.44
0.96
2.24
1.28
1.6
1.76
1.6
2.08
1.6
1.92
1.92
1.12
0.8
1.6
1.6
0.96
0.64
1.28
0.64
0.8
1.12
0.16
0.96
0.8
0.8
0.64
1.12
0.32
0.64
2.08
1.76
1.6
0.96
0.64
0.8
0.8
0.32
1.6
0.64
0.64
0.906667
0.24
0.48
0.64
0.96
1.12
0.56
0.32
0.96
0.64
0.72
1.12
0.16
0.64
0.48
0.64
0.24
0.96
0.48
0.48
0
1.28
0.48
0.32
0.56
0.8
0.56
0.32
0.16
0.32
0.56
0.96
0.48
0.64
0.32
0.48
0.64
0.64
0.48
0.16
0.16
0.16
0.64
0.96
0.586667
0.48
0.48
0.8
0.48
0.32
0.32
0.48
0.32
0.64
0.8
0.32
0.64
0.48
1.12
0.32
0.16
0.32
0.64
0.32
0.48
0.48
0.16
0.8
0.96
0.96
0.48
0.16
0.16
0.16
0.32
0.48
0.96
0.56
0.96
0.96
0.24
0.48
0.48
0.32
0.32
0.8
0.48
0.32
0.56
0.32
0.32
0.32
0.16
1.12
0.96
0.8
0.64
0.16
0.48
0.48
0.48
0
0.48
0.48
0.32
0.48
0.32
0.48
0.72
0.16
0.16
0.16
0.48
0.48
0.96
0.48
0.96
0.48
0.8
0.32
0.64
0.32
0.8
0.48
0.64
0.32
0.56
0.8
0.32
0
0.96
0.64
0.16
0.72
0.64
1.12
0.48
0.64
0.64
0.32
0.48
0.56
0.32
0.16
0.32
0.8
0.64
0.48
0.64
0.32
0.8
0.48
0.8
0.48
0.32
0.16
0.48
0.16
0.8
0.48
0.96
0.96
0.8
0
0.64
0.8
0.8
0.64
0.56
0.48
0.32
0.48
0.8
0.64
0.16
0.533333
0.8
0.64
0.64
0.96
0.32
0.16
0.88
0.16
1.12
0.8
0.48
0.64
0.48
0.16
0.16
0.32
0.64
0.8
0.64
0.56
0.96
0.8
0.8
0.64
0.64
0.16
0.4
0.32
0.72
0.8
0.64
0.32
0.16
0.8
0.8
0.32
0.32
0.64
0.48
0.48
0.64
0.16
0.48
0.8
0.96
0.32
0.96
0.96
0.48
0.48
0.64
0.32
0.32
0.64
0.32
0.16
0.48
0.8
0.16
0.96
0.64
0.96
0.32
0.64
0.48
1.44
0.8
0.96
0.56
1.12
0.24
0.64
0.8
0.64
0.48
0.48
0.48
0.48
0.8
0.48
0.32
0.32
0.96
1.12
0.56
0.32
0.48
0.64
0.48
0.64
0.16
0.64
0.48
0.8
0.48
0.48
0.16
0.48
0.693333
0.32
0.8
0.8
