3.69243
3.36
3.68
3.2
3.84
4.64
3.2
1.6
2.88
3.36
3.84
4.64
3.25333
2.24
2.56
2.4
2.88
3.2
1.92
3.84
4.16
3.36
3.12
3.52
5.44
3.52
3.84
3.04
3.36
3.84
4.8
3.2
4
2.56
3.68
4.64
1.44
3.36
5.6
3.36
4.96
3.84
4.96
2.88
3.04
2.72
5.44
2.24
6.4
2.88
5.44
2.88
4.64
5.12
2.88
3.68
3.84
4.8
4.32
4.96
4.8
4.16
3.04
5.6
4.64
4.8
4.32
4.8
4.48
4.48
4.16
4.8
6.24
3.36
2.72
5.12
4.96
5.12
3.52
5.44
5.28
4.96
4.8
4
5.6
5.12
5.12
4.48
4.48
4.64
5.6
3.68
4.48
5.76
2.08
6.08
5.44
4.48
4.16
4.32
4.16
4.32
4.96
5.76
5.44
5.92
5.12
4.8
4.48
4.96
3.04
6.56
4.8
2.24
5.28
7.04
4.8
2.88
4.8
5.12
5.92
4.16
3.68
9.44
3.2
3.84
6.88
5.92
3.36
3.84
4.96
7.36
3.36
1.76
4.64
5.92
6.88
3.36
3.68
5.92
6.88
4.32
5.28
3.68
6.24
3.04
6.24
4.4
5.44
5.12
3.68
2.4
4.48
5.12
6.08
3.68
8
3.68
4.8
4.64
5.6
6.08
2.24
4.16
5.92
5.44
5.76
3.84
4.48
5.28
6.72
2.08
4
4.32
7.04
5.44
4
4.48
5.6
5.6
4.48
7.52
5.12
3.68
4.96
5.12
4.32
7.36
4.96
4.96
1.44
6.24
3.04
5.92
5.92
3.04
3.2
5.6
6.56
3.2
6.88
5.76
7.52
3.2
4.48
5.12
7.2
3.2
6.88
2.72
3.68
3.52
7.36
4.16
3.36
8.8
3.36
5.12
4.16
7.84
5.12
4.64
4.48
5.44
3.68
5.92
6.4
3.52
7.36
2.56
4.8
4.8
6.4
4.48
7.84
2.88
3.2
5.92
6.56
3.84
3.52
6.56
7.36
4.64
8
3.2
4.64
3.2
4.48
3.36
6.72
3.36
4.16
8.16
3.2
3.84
2.72
9.92
3.52
2.72
6.24
7.52
4.48
7.36
4.64
5.44
6.56
6.72
2.4
3.84
7.04
5.28
5.28
7.52
4.32
6.56
3.68
5.28
5.6
4.8
6.4
3.52
2.88
5.6
5.28
5.92
4
4
1.6
6.08
4.64
4.64
3.04
5.28
3.2
4.8
3.2
4.64
4.96
4.48
4.48
5.28
5.12
3.84
4.16
4.64
3.84
2.4
3.68
3.04
2.88
4
3.52
4.64
4.64
4
5.76
3.52
4.16
4.16
3.68
3.36
4
3.04
3.68
3.04
3.84
2.72
3.68
3.84
4.16
3.2
4.64
3.04
4.8
4.64
3.36
5.28
3.36
5.28
3.52
4.8
4
2.56
3.04
4.64
1.44
3.52
3.2
3.04
3.36
3.2
3.2
3.52
3.52
3.84
3.36
3.04
2.88
2.72
3.68
3.84
2.08
3.2
3.04
2.88
2.72
3.04
2.24
2.72
2.08
1.76
2.24
2.56
1.76
1.92
1.76
1.76
1.28
1.44
1.44
1.76
1.6
1.44
1.28
0.96
1.92
1.28
1.44
1.12
0.96
0.96
0.96
0.8
1.28
1.28
0.96
1.12
0.96
1.44
1.12
1.12
1.12
0.96
0.64
1.44
0.64
0.96
0.96
1.28
0.8
0.8
0.96
0.8
0.64
0.96
0.8
0.8
0.8
1.12
0.96
0.64
0.96
0.64
0.96
0.96
0.64
0.64
0.48
0.16
0.32
0.16
0.16
0.16
0
0.16
0.16
0
0
0
0.16
0.32
0.16
0
0.48
0.32
0.48
0.16
0.32
0
0
0.48
0
0.16
0.32
0.16
0.32
0
0
0.16
0.32
0
0.16
0.16
0.48
0
0.16
0.32
0.48
0.32
0.48
0.16
0.16
0.32
0.32
0.16
0.16
0.32
0.8
0.16
0.16
0
0
0.64
0.16
0.16
0.16
0.32
0
0.16
0.32
0.48
0
0.32
0.48
0
0
0
0.32
0.48
0.16
0.32
0
0.16
0.16
0.16
0.64
0.48
0.8
0
0.16
0
0.32
0.32
0.64
0.16
0
0.64
0
0.32
0.16
0.32
0.8
0.16
0.32
0.16
0.16
0
0
0.16
0.48
0.16
0
0
0.32
0.64
0
0.32
0.8
0.32
0
0
0
0.8
0.64
0
0
1.12
0.48
0.64
0.16
0.48
0.32
0.64
0.32
0.64
0.48
0.48
0.48
0.96
0.32
0.48
0.64
0.8
0.16
1.12
0.32
0.32
0.16
0.96
0.16
0.64
0.32
0.8
1.12
0.64
0.64
0.8
0.32
0.48
0.8
0.32
0.64
0.8
0.48
0.48
0.32
0.64
0.64
1.12
0.48
0.64
0.8
1.12
0.48
0.96
0.64
0.8
0.8
1.12
0.48
0.64
0.48
0.32
0.48
0.96
0.48
0.48
0.64
0.8
0.96
0.8
0.48
0.8
0.64
0.48
0.48
0.48
0.48
0.32
0.48
0.64
0.64
0.48
0.64
0.16
0.8
0.48
0.32
0.48
0.64
0.32
0.96
0.48
0.48
0.64
0.96
0.96
0.64
0.16
0.48
0.64
0.64
0.32
0.64
0.16
0.16
0.32
0.16
0.8
0.64
0.48
0.96
0.64
0.32
0.64
0.48
1.04
0.32
0.64
0.32
0.8
0.16
0.48
0.48
0.32
0.32
0.48
0.16
0.48
0.48
0.32
0.32
0.48
0
0.16
0.16
0.16
0.8
0.32
0.16
0.48
0.16
0.32
0.16
0.16
0.32
0.32
0.48
0.32
0
0.32
0.16
0.48
0.48
0.64
0.16
0.16
0
0.16
0.16
0.16
0.16
0.64
0.32
0.16
0.32
0.24
0.16
0.16
0.16
0.48
0.16
0.16
0.16
0.32
0.16
0.16
0.16
0.16
0
0.24
0.16
0.16
0.32
0.48
0.32
0.16
0.64
0.16
0.32
0.08
0
0.32
0.16
0.16
0.16
0.24
0.8
0
0.16
0.16
0.64
0.16
0.16
0.64
0
0.32
0.48
0.48
0
0.64
0.48
0.24
0.64
0.16
0
0.32
0.08
0.32
0.16
0.16
0
0
0.24
0.32
0.48
0
0.16
0.16
0.16
0
0.16
0
0.08
0.32
0.32
0
0
0.32
0.64
0
0.8
0.4
0.16
0
0.16
0.32
0.16
0.16
0.64
0.32
0.32
0
0.48
0.4
0.16
0.32
0.48
0.48
0.48
0.32
0
0.32
0
0.16
0
0.16
0.16
0.48
0.16
0.16
0.48
0.16
0.32
0.32
0
0.16
0
0
0.16
0.16
0.48
0
0.48
0
0.16
0.32
0
0.16
0.16
0.16
0.32
0.32
0.16
0.32
0.16
0.32
0
0.64
0.16
0.48
0.16
0
0
0.16
0.16
0.4
0.32
0.32
0.96
0.32
0.16
0.16
0.16
0.48
0.16
0.48
0.16
0.16
0.213333
0
0.4
0.16
0.48
0.32
0
0
0.16
0.32
0.24
0.16
0.32
0.08
0.48
0.32
0
0.16
0
0
0.213333
0.16
0.32
0
0.32
0.16
0.16
0.16
0.16
0.08
0.48
0
0
0.16
0.16
0.16
0.16
0.16
0
0.24
0.16
0.16
0.32
0
0.4
0.32
0.08
0.4
0
0.24
0.48
0.32
0.64
0
0.8
0.16
0.16
0.16
0.64
0.16
0.16
0
0.64
0.48
0.16
0
0.16
0.48
0.16
0.213333
0.32
0.8
0.64
0.32
0.32
0.16
0
0.64
0.48
0.24
0.32
0.08
0
0.16
0.16
0.32
0.16
0.16
0.16
0
0.16
0
0.32
0.32
0
0
0.16
0.16
0
0.32
0.24
0.16
0.4
0.16
0.32
0.48
0.32
0.32
0.32
0
0.32
0.16
0.16
0.16
0.32
0
0.16
0.24
0
0
0.16
0.16
0.32
0.16
0
0.16
0.16
0.32
0.32
0.32
0.32
0.16
0.16
0.64
0.16
0.4
0.16
0
0
0.32
0.32
0
0.32
0.48
0.24
0
0.16
0.16
0.16
0.4
0.16
0
0.48
0.48
0.16
0.16
0.24
0
0.32
0.16
0.16
0.32
0.16
0.48
0.64
0.16
0.32
0.16
0.16
0.16
0.16
0.64
0.16
0.16
0.16
0
0.32
0.16
0.08
0.48
0.08
0.16
0.16
0.32
0.32
0.48
0.16
0.64
0.16
0.32
0.16
0
0
0.64
0.16
0.32
0
0
0.32
0.32
0.64
0.32
0.64
0
0.32
0.32
0.32
0.16
0
0.64
0.16
0.16
0.16
0.48
0.16
0.16
0.16
0.64
0.16
0.16
0.32
0.16
0.16
0.4
0
0.16
0.64
0.32
0.32
0.16
0.32
0.08
0
0.16
0.48
0.48
0.16
0
0.32
0.32
0.48
0.16
0.32
0.32
0.32
0.24
0.32
0
0.48
0.32
0.16
0.16
0
0
0.16
0.08
0.64
0
0
0
0
0.32
0.16
0.32
0
0.48
0.48
0.32
0.16
0.64
0.4
0.48
0
0.48
0.16
0.32
0.16
0.16
0.32
0.32
0.16
0.16
0.16
0.32
0.32
0.16
0.48
0.16
0.32
0.32
0.16
0
0.16
0
0.16
0.16
0.4
0.32
0.32
0.48
0.16
0
0.64
0
0.48
0.48
0.32
0.32
0.32
0.48
0.48
0.16
0.16
0
0
0.4
0.16
0.32
0.16
0.16
0.16
0
0.08
0.16
0.24
0.32
0.32
0.16
0.16
0.48
0.16
0
0
0
0.16
0.16
0.32
0.16
0.32
0.32
0
0.32
0.32
0.16
0
0
0
0.48
0.64
0.16
0.64
0.64
0
0.32
0
0
0.08
0.16
0.16
0
0.16
0.32
0.16
0.4
0.32
0.32
0
0.16
0.48
0.16
0.16
0.32
0.64
0
0.16
0.48
0.16
0.32
0.48
0.48
0
0.08
0.96
0.32
0.24
0.16
0.16
0.32
0
0.16
0.16
0.16
0.16
0.16
0.32
0.16
0.32
0.32
0
0.8
0.32
0.8
0.96
0.8
0.16
0.48
0.32
0.48
0.64
0.48
0
0.16
0.64
0.32
0
0
0.16
0
0.32
0.16
0.32
0.64
0.16
0.32
0.32
0.32
0
0.32
0
0.48
0.16
0
0.32
0.24
0.16
0.32
0.32
0.32
0
0.48
0.48
0.32
0.32
0.64
0.48
0.16
0.32
0.16
0.32
0.16
0.48
0.16
0
0.16
0.48
0.32
0.64
0.16
0.32
0.32
0
0
0.32
0.32
0.48
0.16
0.16
0.16
0
0.32
0
0.32
0.64
0.64
0.16
0.4
0.16
0
0.32
0.48
0.32
0.32
0.16
0.48
0.16
0.48
1.12
0.64
0
0.32
0.48
0.16
0.32
0.16
0.32
0.8
0.16
0.24
0.16
0.64
0
0.16
0.16
0.16
0.32
0.48
0.64
0.48
0.8
1.12
0.32
0.48
0.32
5.44
3.68
6.56
0.96
1.44
3.36
2.4
0.64
0.64
0.48
2.08
2.4
2.4
1.76
2.24
1.44
2.88
4.16
4.8
2.88
1.92
7.52
6.88
4.32
0.64
0.96
1.12
3.36
3.2
0.48
3.2
2.72
3.36
4.64
4.48
3.2
3.2
4
4.8
4.48
6.72
2.72
3.2
3.36
6.72
1.44
0.32
0.8
2.72
5.76
7.04
7.52
8.16
6.24
7.2
6.88
5.92
6.56
7.52
6.08
5.76
6.56
7.84
7.84
8.8
6.24
3.84
2.88
2.72
1.44
2.88
0.48
1.6
4.8
1.92
4.64
2.88
2.88
3.52
4.8
4.64
4.8
7.36
7.52
6.56
4.96
3.68
3.84
2.56
3.2
5.28
5.44
5.12
2.4
2.24
2.88
1.76
0.8
1.92
4.32
5.6
5.76
6.08
9.6
10.72
7.36
3.84
2.88
0.8
1.92
6.08
8.96
6.56
10.08
7.84
7.68
8.64
6.4
8.64
5.12
4.8
2.08
8.16
7.52
3.36
1.6
7.52
3.36
3.2
2.08
4.64
5.44
2.4
5.6
7.68
2.88
3.2
2.4
1.6
3.68
1.6
2.56
2.4
4.64
7.36
2.72
2.72
0.88
0.48
0.8
2.88
6.24
1.76
1.92
2.08
3.36
2.88
3.36
5.76
6.4
2.56
2.72
2.24
2.56
3.04
3.36
1.92
3.68
6.56
4.32
3.04
4
4.16
7.04
8.16
12.16
10.4
9.92
9.28
8.48
9.28
9.6
9.76
7.04
7.84
5.12
8.8
6.72
3.2
3.2
2.72
3.52
5.92
5.92
7.04
8.48
6.4
10.4
8.8
8
7.04
7.68
9.92
6.72
4.96
6.4
6.08
6.56
3.68
3.68
6.56
7.52
7.52
10.08
8.64
2.56
4.48
3.36
6.08
2.88
5.44
9.92
8.8
8.64
7.04
12.32
7.52
9.76
5.92
10.56
9.28
8.96
6.56
6.24
6.24
9.6
14.4
13.92
13.12
12.32
10.08
10.4
10.56
5.12
7.68
5.76
8.96
8.8
5.12
3.04
5.28
6.08
8.96
6.88
9.6
12.16
10.08
8.64
7.52
7.36
10.56
8.8
11.2
7.2
9.44
9.44
10.72
11.04
5.92
7.2
6.56
5.6
6.56
4.48
4.48
2.4
6.56
9.6
10.56
8.8
11.68
8.8
6.56
9.92
8.64
9.12
9.76
10.56
8
6.56
7.2
7.68
7.52
10.56
7.68
7.04
5.28
8.48
5.28
5.92
6.72
5.76
4.96
7.52
7.04
5.6
8
8.8
9.92
6.88
7.84
5.76
7.2
6.24
8
6.72
8
6.08
6.4
6.56
8.8
6.56
12.64
11.84
13.92
8.96
11.36
12
10.56
10.56
8.64
7.68
6.72
6.72
9.44
11.04
9.92
7.68
9.76
8
8.16
8.16
12.8
11.84
11.36
12.32
10.08
8
9.44
10.72
10.56
12
11.68
13.28
10.56
9.28
10.4
13.12
9.92
9.12
5.12
11.2
8.16
7.84
10.24
11.04
7.04
9.76
8.8
9.44
7.36
8.64
9.6
13.28
14.08
8.32
6.4
5.76
7.52
6.4
4.64
7.36
8.48
8
11.84
10.4
11.84
8.8
6.72
8.48
11.52
12.32
8.32
11.2
11.2
12.48
5.92
6.4
5.6
4.8
8.16
8
5.6
12.64
10.88
8.16
9.92
10.24
10.88
9.28
10.56
10.24
11.36
14.24
13.12
9.76
9.92
10.72
8.96
6.24
12.16
8.64
9.76
10.08
9.76
8
9.44
12.32
10.24
10.88
12
11.2
9.6
10.56
9.92
12.48
11.36
10.08
5.28
9.28
7.36
14.08
10.08
10.24
9.76
8.96
9.12
8.16
9.12
9.12
11.2
8.16
8.48
8.96
11.2
10.72
9.76
11.52
7.04
7.04
7.36
7.84
9.28
9.44
9.6
12.16
7.36
8.16
7.36
9.92
10.4
10.24
11.84
11.2
8.64
9.6
9.44
6.08
10.72
10.08
7.36
11.04
8.48
8.8
8.64
9.6
9.76
4.48
6.88
11.36
9.6
8.48
8.8
12.64
9.92
7.04
6.4
3.84
6.72
5.6
2.72
2.08
3.36
1.6
0.64
0.48
1.6
2.08
1.92
2.4
0.8
1.12
1.6
0.96
0.48
0.96
0.96
2.08
1.44
1.44
0.64
0.96
1.12
0.96
2.24
1.92
1.44
1.28
1.44
1.12
3.36
1.12
1.6
1.76
1.6
1.28
1.12
0.64
0.96
1.28
0.8
2.56
0.96
1.28
1.44
2.08
1.92
1.76
1.6
2.08
2.88
1.44
1.6
0.96
1.28
0.96
0.32
1.28
1.44
0.8
1.6
1.28
1.12
1.92
0.8
0.8
1.12
0.96
1.28
0.64
0.64
1.92
0.32
1.12
0.16
0.96
0.48
0.96
1.12
0.586667
0.48
0.16
0.8
0.48
0.32
0.8
0.8
0.24
0.64
1.28
0.64
0.56
0.16
0.56
0.48
0.64
0.48
0.64
0.64
0.16
0.96
0.64
0.48
0.56
0.48
0.32
0.96
0.72
0.64
0.72
0.64
0.96
0.16
0.32
0.64
0.8
1.76
0.48
0.16
0.8
0.8
0.32
0.8
0.88
0.16
0.8
0.16
1.12
0.64
0.64
0.96
0.32
0.48
0.64
0.56
0.96
0.32
0.32
0.8
0.8
0.48
0.8
1.28
0.48
0.8
0.64
0.64
0.8
0
0.8
0.64
0.48
0.32
0.56
0.64
0.56
0.32
1.28
0.64
0.96
0.8
0.48
0.533333
0.32
0.8
0.48
0.32
0.48
0.8
0.48
0.8
0.32
0.48
0.48
0.32
0.48
0.48
0
0.32
0.48
0.64
1.12
1.12
0.32
1.12
0.48
0.8
0.32
0.96
0.48
0.96
0.96
0.64
0.48
0.64
0.64
0
0.8
0.32
0.48
0.32
0.32
0.32
0.96
0.72
0.48
0.8
0.48
0.64
0.64
0.64
0.32
0.8
0.48
0.32
0.48
0.96
0.64
0.72
0.32
0.56
1.12
0.64
0.48
0.64
0.96
0.8
0.32
0.48
0.32
0.48
0.96
0.32
0.32
0.64
0.96
0.32
0.64
0.64
0.88
0.8
0.16
0.32
0.48
0.32
0.48
0.48
0.693333
1.12
0.32
0.16
0.64
0.96
0.48
0.4
0.48
0.72
0.48
0.48
0.96
0.64
0.48
0.48
0.48
0.64
0.64
0.16
0.48
0.32
0.8
0.16
0.64
0.64
0.4
0
0.16
0.48
0.48
0.48
0.8
0.693333
0.8
0.4
0.32
0.24
0.48
0.8
0.32
0.8
0.48
0.16
1.12
0.64
0.48
0.64
0.64
0.48
0.32
0
0.16
0.72
0.8
0.32
0.64
0.64
1.12
1.12
0.16
0.64
0.48
0.64
0.88
0.8
0.16
0.72
0.8
0.4
0.48
0.8
0.32
0.96
0.48
0.48
0.16
0.96
0.8
0.48
1.12
0.8
0.64
0.48
0.16
0.32
0.8
0.64
0.533333
0.48
0.8
0.64
0.96
0.8
0.64
0.64
0.48
0.48
0.48
0.32
0.72
0.64
0.48
0.48
