0
54000
1000
0
0
1001
0
0
0
1002
0
0
1000
0
0
0
0
0
0
0
0
999
0
0
0
1006
0
995
138
861
0
0
998
0
0
1003
0
0
0
0
999
0
1002
0
0
0
998
0
0
0
1001
0
1001
0
0
998
0
1
437
564
996
0
1001
1
999
1
999
0
0
0
1002
592
36
40
333
996
0
0
1000
2001
999
0
1001
0
1001
1001
646
1001
0
126
2000
0
1
1001
1001
1001
999
1000
1002
998
1000
808
851
155
1004
0
999
2997
1000
0
1000
1002
1000
998
1001
864
138
998
1279
1000
1004
0
1001
998
998
1001
0
1001
1863
1000
1002
0
1003
997
1000
788
2004
1997
999
0
0
1000
1004
997
1999
0
1000
1004
0
1003
999
306
42
1000
241
995
2999
1000
1001
0
999
1002
727
273
1000
1000
1004
1002
0
716
287
998
1003
999
1000
998
1004
1000
2995
1000
3000
849
151
0
1000
0
1001
0
1000
1004
1998
0
2005
995
286
148
140
1000
1001
2000
0
2001
997
824
178
999
1004
998
1002
997
447
1001
0
459
1002
0
1384
1614
1
577
998
352
1002
0
1002
1831
166
1001
0
1003
999
1000
1003
0
1999
73
147
999
1004
400
927
997
1002
1000
1003
0
1999
908
1001
0
1081
463
534
471
968
1032
1001
0
1002
1000
998
1001
1000
2006
0
0
18
1004
0
1000
539
997
513
728
996
1004
126
1001
0
1000
1002
998
1001
1001
1004
995
1000
197
1540
1000
1003
997
1001
0
1957
49
1000
440
568
471
91
999
72
1370
154
1000
1004
0
1001
999
1001
215
187
1092
0
1008
0
999
402
658
1005
0
126
990
1009
998
82
1011
0
999
997
1001
1000
1000
1001
998
1001
1002
997
1002
1000
998
1001
1000
1000
1000
999
999
1001
1001
1000
999
1000
1000
232
987
1006
1001
999
1000
1000
1001
999
1000
1000
1001
999
1000
1000
1001
998
999
1001
1001
998
1000
1001
1001
999
1001
1000
1000
1000
1000
1000
1001
999
1000
1000
1000
999
1000
1001
1000
999
90
1249
0
1007
0
1002
999
143
984
1007
999
1002
1000
1000
999
1001
998
1001
999
1001
999
1001
999
1001
999
1001
999
1001
999
1001
999
1001
1047
0
1008
0
999
1002
998
1001
1000
1001
975
95
999
997
1009
458
384
1008
0
1000
1000
1001
1000
1000
1001
999
1000
1000
1000
1000
1001
999
1013
0
1001
999
1001
999
928
849
247
1010
0
1003
998
999
1116
0
1009
0
1001
1001
1001
997
1002
1001
1000
998
1001
1001
999
1000
1000
1001
1000
997
1002
1000
1000
998
1001
1001
1000
997
1002
1001
999
999
1001
1002
998
999
1001
1002
998
999
1001
1002
998
999
1001
1002
998
999
1001
1002
998
998
1003
1001
998
998
1003
1001
999
997
1003
1001
1000
1014
1011
0
1001
996
1003
1000
1000
998
1001
1001
1000
998
1045
0
1000
1004
1001
1001
1001
997
1001
1001
1000
998
1001
1001
1000
998
1001
1084
0
1010
0
1002
999
998
1001
1001
1001
998
1001
1001
1000
998
1000
1001
999
1000
1000
1000
1002
1001
996
1001
1001
1000
998
1001
1002
1000
997
1001
1002
999
998
1001
1000
1000
999
1001
1000
1001
25
1002
990
147
985
994
1009
1003
998
999
1000
1002
998
1000
1001
1002
998
1033
0
1000
999
1001
999
1002
998
1002
998
1002
999
1001
998
1002
999
1001
998
1002
998
1003
997
1002
1000
1001
997
1002
999
1001
998
1002
999
1001
998
1002
999
1001
999
1001
999
1001
998
1002
999
1000
1000
1002
998
1001
999
1000
1000
1000
1000
1000
1000
1000
1000
1000
1000
1000
1000
1000
1001
999
1001
1000
999
1000
1000
1000
1000
1000
1000
1000
1000
1000
1000
1001
999
1000
1000
1000
1000
1000
1018
0
996
1002
1004
997
999
1000
1004
997
999
1000
1003
998
999
900
1125
0
1013
0
998
1000
999
1001
1001
999
1131
0
897
76
986
996
1008
999
1053
0
1009
0
1001
1000
1000
999
1000
1165
0
1009
0
1001
1000
1000
999
1001
1000
1001
999
1000
1001
1000
999
1000
1000
1001
999
1000
1000
1001
999
1000
1000
1002
998
900
1177
0
956
62
989
993
1008
1001
999
1173
0
1009
0
1005
996
1000
999
1004
997
115
988
995
1009
999
999
1004
997
1000
999
890
1119
0
1013
0
998
999
792
279
1000
1010
0
1003
998
1002
997
1171
0
1009
0
1005
997
999
1000
1004
997
1000
998
1005
998
1000
998
1003
997
1003
997
1003
998
1001
998
1002
57
1000
1011
0
1001
999
999
1000
1001
999
999
1105
0
1010
0
1002
1000
999
28
1002
989
1008
1000
1002
999
999
1000
1002
998
999
1001
1000
999
999
1002
1000
999
999
1002
1000
999
1023
1009
0
1000
999
1002
1000
999
999
1002
1000
999
999
1002
1000
999
999
1002
1000
999
999
1003
998
1001
998
1004
997
1053
0
1009
0
1002
999
1003
996
1002
1000
1001
997
926
1105
0
1010
0
1001
1001
996
1002
1000
1002
996
1002
1000
1002
996
1003
999
1002
996
1002
1000
1002
996
1002
1000
1002
996
1002
1000
1002
996
1003
999
1001
997
1002
1000
1001
997
1002
1000
1001
997
1002
1000
1000
999
1001
999
1001
998
1003
999
1000
999
1002
1000
999
999
1087
0
1010
0
1001
1002
997
999
1002
1001
998
999
1002
1001
998
999
1002
1001
998
999
1001
1002
998
1000
1000
1003
998
998
1002
1032
0
999
1001
89
981
996
1009
21
997
992
1008
1001
1000
996
1004
1000
999
997
1003
1000
1001
997
1002
1000
1002
996
1002
1000
1003
995
1003
998
1002
998
1000
1000
1002
998
1000
1000
1002
998
1000
1000
1002
998
1000
1000
1002
998
1000
1001
1001
999
999
1000
1002
998
1000
1000
1002
998
1000
1000
1002
998
1000
1000
1002
998
1000
999
1001
1001
998
1001
1000
1002
997
1001
1000
1002
997
1002
999
1002
997
1001
1000
1001
997
1002
999
1001
987
1094
0
1009
0
1002
1000
1001
998
1000
1001
1002
997
1000
1001
1002
997
1000
1002
1001
997
1002
999
1000
999
1001
1000
1001
998
1003
997
1002
998
1003
1072
0
1011
0
998
1002
998
1002
997
1003
998
1002
997
1002
1000
75
990
1010
0
1001
998
1001
1000
1000
903
155
999
994
1008
1001
1000
1000
1000
1002
1072
0
1122
0
1009
0
1000
1002
999
1001
999
1000
1001
1064
0
1010
0
1001
999
1000
1001
999
1000
1000
1085
0
1010
0
1001
999
999
1001
1000
999
1000
1001
1000
999
1002
1039
1009
0
1003
998
198
991
1010
0
1000
1001
1000
1000
999
1001
999
1000
999
1002
999
1000
999
1001
998
1001
1063
0
1006
0
1001
1001
998
1000
1001
999
999
999
1000
1001
1001
998
1000
1000
1000
1000
1000
1001
1001
998
1000
1000
1000
1000
1000
1001
999
1000
1000
1001
999
1000
1000
1038
1003
0
1001
1000
1000
1000
999
1001
999
1001
8
1001
997
1004
1000
999
999
1000
1001
1000
1000
67
994
1001
77
996
100
997
1000
1143
0
828
176
1076
0
1206
1004
1003
0
999
1000
999
1000
1001
1000
2
1001
999
1001
999
1000
1001
1000
999
1001
1000
1000
999
1001
1000
1000
1000
999
1001
1000
999
1001
1001
999
999
1000
1001
999
1001
999
1001
0
0
0
0
7
0
0
0
5
0
0
0
0
9
0
0
0
1
0
0
0
0
0
0
0
0
4
0
0
0
3
0
0
0
4
0
0
0
0
9
0
0
0
0
0
0
0
0
0
0
0
1
14
0
0
0
12
0
0
0
9
0
0
0
0
10
0
0
0
1
0
0
0
6
0
0
0
0
9
0
0
0
6
0
0
0
0
0
0
0
0
6
0
0
0
7
0
0
0
0
0
0
0
0
10
0
0
0
2
0
0
0
4
0
0
0
0
9
0
0
0
8
0
0
0
7
0
0
0
0
7
0
0
0
5
0
0
0
1
0
0
0
0
8
0
0
0
8
0
0
0
0
0
0
0
0
7
0
0
0
5
0
0
0
2
0
0
0
3
10
0
0
0
1
0
0
0
4
0
0
0
0
9
0
0
0
3
0
0
0
0
0
0
0
0
7
0
0
0
8
0
0
0
0
0
0
0
2
18
0
0
0
5
0
0
0
6
0
0
0
0
13
0
0
0
6
0
0
0
5
0
0
0
0
7
0
0
0
1
0
0
0
2
0
0
0
3
12
0
0
0
5
0
0
0
1
0
0
0
0
11
0
0
0
7
0
0
0
0
0
0
0
0
10
0
0
0
10
0
0
0
0
0
0
0
0
7
0
0
0
3
0
0
0
8
0
0
0
0
13
0
0
0
12
0
0
0
3
0
0
0
0
10
0
0
0
4
0
0
0
0
0
0
0
0
13
0
0
0
10
0
0
0
5
0
0
0
0
14
0
0
0
5
0
0
0
2
0
0
0
4
10
0
0
0
4
0
0
0
3
0
0
0
0
12
0
0
0
7
0
0
0
0
0
0
0
0
8
0
0
0
7
0
0
0
7
0
0
0
0
9
0
0
0
9
0
0
0
2
0
0
0
0
12
0
0
0
6
0
0
0
0
0
0
0
0
9
0
0
0
7
0
0
0
0
0
0
0
2
12
0
0
0
4
0
0
0
0
0
0
0
0
9
0
0
0
7
0
0
0
0
0
0
0
1
7
0
0
0
6
0
0
0
5
0
0
0
0
9
0
0
0
10
0
0
0
1
0
0
0
0
6
0
0
0
3
0
0
0
3
0
0
0
0
9
0
0
0
16
0
0
0
4
0
0
0
0
12
0
0
0
9
0
0
0
0
0
0
0
0
9
0
0
0
11
0
0
0
1
0
0
0
3
10
0
0
0
8
0
0
0
1
0
0
0
0
14
0
0
0
8
0
0
0
9
0
0
0
1
10
0
0
0
4
0
0
0
5
0
0
0
0
14
0
0
0
4
0
0
0
1
0
0
0
0
12
0
0
0
2
0
0
0
2
0
0
0
0
13
0
0
0
4
0
0
0
8
0
0
0
0
10
0
0
0
10
0
0
0
2
0
0
0
0
14
0
0
0
7
0
0
0
0
0
0
0
0
12
0
0
0
7
0
0
0
7
0
0
0
0
8
0
0
0
7
0
0
0
2
0
0
0
0
14
0
0
0
5
0
0
0
9
0
0
0
0
6
0
0
0
4
0
0
0
0
0
0
0
0
9
0
0
0
2
0
0
0
4
0
0
0
0
14
0
0
0
7
0
0
0
0
0
0
0
2
14
0
0
0
2
0
0
0
4
0
0
0
0
10
0
0
0
8
0
0
0
0
0
0
0
0
11
0
0
0
6
0
0
0
0
0
0
0
0
9
0
0
0
6
0
0
0
2
0
0
0
1
12
0
0
0
6
0
0
0
0
0
0
0
0
11
0
0
0
5
0
0
0
3
0
0
0
1
12
0
0
0
4
0
0
0
2
0
0
0
0
11
0
0
0
3
0
0
0
1
0
0
0
0
7
0
0
0
12
0
0
0
1
0
0
0
0
10
0
0
0
8
0
0
0
0
0
0
0
0
8
0
0
0
11
0
0
0
4
0
0
0
0
10
0
0
0
6
0
0
0
2
0
0
0
5
11
0
0
0
4
0
0
0
5
0
0
0
0
9
0
0
0
6
0
0
0
0
0
0
0
0
6
0
0
0
6
0
0
0
6
0
0
0
0
10
0
0
0
8
0
0
0
3
0
0
0
1
7
0
0
0
4
0
0
0
3
0
0
0
0
11
0
0
0
3
0
0
0
3
0
0
0
0
15
0
0
0
11
0
0
0
0
0
0
0
0
11
0
0
0
6
0
0
0
0
0
0
0
0
5
0
0
0
8
0
0
0
2
0
0
0
2
11
0
0
0
4
0
0
0
3
0
0
0
0
14
0
0
0
6
0
0
0
1
0
0
0
0
9
0
0
0
6
0
0
0
3
0
0
0
0
10
0
0
0
9
0
0
0
0
0
0
0
0
12
0
0
0
6
0
0
0
0
0
0
0
0
16
0
0
0
7
0
0
0
0
0
0
0
0
11
0
0
0
3
0
0
0
4
0
0
0
0
11
0
0
0
8
0
0
0
0
0
0
0
0
8
0
0
0
4
0
0
0
0
0
0
0
1
15
0
0
0
2
0
0
0
5
0
0
0
0
6
0
0
0
8
0
0
0
2
0
0
0
0
11
0
0
0
9
0
0
0
0
0
0
0
0
9
0
0
0
8
0
0
0
0
0
0
0
1
15
0
0
0
5
0
0
0
0
0
0
0
0
12
0
0
0
4
0
0
0
6
0
0
0
0
14
0
0
0
7
0
0
0
3
0
0
0
0
13
0
0
0
5
0
0
0
0
0
0
0
1
9
0
0
0
5
0
0
0
0
0
0
0
0
6
0
0
0
3
0
0
0
3
0
0
0
0
10
0
0
0
4
0
0
0
1
0
0
0
0
12
0
0
0
5
0
0
0
0
0
0
0
5
11
0
0
0
10
0
0
0
2
0
0
0
1
10
0
0
0
7
0
0
0
5
0
0
0
0
12
0
0
0
10
0
0
0
0
0
0
0
0
4
0
0
0
0
0
0
0
0
0
0
0
2
10
0
0
0
2
0
0
0
0
0
0
0
0
10
0
0
0
1
0
0
0
5
0
0
0
0
10
0
0
0
8
0
0
0
3
0
0
0
0
10
0
0
0
6
0
0
0
2
0
0
0
0
8
0
0
0
3
0
0
0
6
0
0
0
3
12
0
0
0
9
0
0
0
7
0
0
0
0
5
0
0
0
8
0
0
0
5
0
0
0
0
7
0
0
0
7
0
0
0
2
0
0
0
0
12
0
0
0
2
0
0
0
0
0
0
0
2
10
0
0
0
5
0
0
0
2
0
0
0
0
8
0
0
0
1
0
0
0
3
0
0
0
0
8
0
0
0
5
0
0
0
0
0
0
0
0
6
0
0
0
7
0
0
0
3
0
0
0
0
12
0
0
0
4
0
0
0
5
0
0
0
1
9
0
0
0
11
0
0
0
2
0
0
0
5
9
0
0
0
2
0
0
0
6
0
0
0
3
12
0
0
0
8
0
0
0
4
0
0
0
0
16
0
0
0
6
0
0
0
5
0
0
0
0
8
0
0
0
11
0
0
0
0
0
0
0
0
14
0
0
0
4
0
0
0
2
0
0
0
0
8
0
0
0
15
0
0
0
1
0
0
0
0
12
0
0
0
7
0
0
0
0
0
0
0
0
10
0
0
0
13
0
0
0
4
0
0
0
0
8
0
0
0
3
0
0
0
0
0
0
0
1
13
0
0
0
7
0
0
0
5
0
0
0
0
8
0
0
0
4
0
0
0
4
0
0
0
0
8
0
0
0
4
0
0
0
3
0
0
0
0
13
0
0
0
8
0
0
0
0
0
0
0
0
6
0
0
0
7
0
0
0
5
0
0
0
3
10
0
0
0
9
0
0
0
3
0
0
0
0
9
0
0
0
10
0
0
0
3
0
0
0
0
7
0
0
0
8
0
0
0
5
0
0
0
0
13
0
0
0
0
0
0
0
0
0
0
0
0
15
0
0
0
6
0
0
0
3
0
0
0
0
10
0
0
0
3
0
0
0
2
0
0
0
0
11
0
0
0
7
0
0
0
1
0
0
0
0
11
0
0
0
7
0
0
0
10
0
0
0
0
11
0
0
0
6
0
0
0
0
0
0
0
0
14
0
0
0
9
0
0
0
0
0
0
0
0
9
0
0
0
9
0
0
0
2
0
0
0
1
11
0
0
0
5
0
0
0
5
0
0
0
0
9
0
0
0
11
0
0
0
2
0
0
0
0
12
0
0
0
10
0
0
0
5
0
0
0
1
12
0
0
0
1
0
0
0
1
0
0
0
3
11
0
0
0
3
0
0
0
5
0
0
0
0
11
0
0
0
6
0
0
0
5
0
0
0
0
12
0
0
0
9
0
0
0
0
0
0
0
0
10
0
0
0
6
0
0
0
5
0
0
0
0
10
0
0
0
5
0
0
0
1
0
0
0
0
10
0
0
0
6
0
0
0
0
0
0
0
1
12
0
0
0
1
0
0
0
1
0
0
0
0
9
0
0
0
6
0
0
0
4
0
0
0
0
14
0
0
0
10
0
0
0
3
0
0
0
0
9
0
0
0
6
0
0
0
0
0
0
0
0
9
0
0
0
5
0
0
0
0
0
0
0
0
12
0
0
0
3
0
0
0
5
0
0
0
0
6
0
0
0
8
0
0
0
0
0
0
0
0
10
0
0
0
3
0
0
0
0
0
0
0
0
9
0
0
0
8
0
0
0
0
0
0
0
0
12
0
0
0
0
0
0
0
1
0
0
0
0
10
0
0
0
12
0
0
0
2
0
0
0
0
9
0
0
0
8
0
0
0
5
0
0
0
8
13
0
0
0
4
0
0
0
3
0
0
0
0
12
0
0
0
15
0
0
0
2
0
0
0
0
7
0
0
0
13
0
0
0
5
0
0
0
0
11
0
0
0
11
0
0
0
0
0
0
0
0
13
0
0
0
6
0
0
0
0
0
0
0
0
10
0
0
0
7
0
0
0
5
0
0
0
2
12
0
0
1
3
0
0
0
0
0
0
0
0
10
0
0
0
6
0
0
0
0
0
0
0
0
5
0
0
0
1
0
0
0
1
0
0
0
0
10
0
0
0
4
0
0
0
4
0
0
0
0
11
0
0
0
8
0
0
0
4
0
0
0
4
10
0
0
0
4
0
0
0
5
0
0
0
0
9
0
0
0
6
0
0
0
0
0
0
0
0
6
0
0
0
8
0
0
0
4
0
0
0
2
8
0
0
1
5
0
0
0
1
0
0
0
0
9
0
0
0
6
0
0
0
7
0
0
0
3
9
0
0
0
9
0
0
0
3
0
0
0
0
9
0
0
0
11
0
0
0
1
0
0
0
0
13
0
0
0
2
0
0
0
2
0
0
0
0
8
0
0
0
4
0
0
0
5
0
0
0
0
11
0
0
0
6
0
0
0
3
0
0
0
0
11
0
0
0
11
0
0
0
0
0
0
0
0
12
0
0
0
0
0
0
0
0
0
0
0
0
9
0
0
1
3
0
0
0
0
0
0
0
0
7
0
0
0
5
0
0
0
5
0
0
0
0
9
0
0
0
11
0
0
0
0
0
0
0
0
11
0
0
0
11
0
0
0
6
0
0
0
1
10
0
0
0
4
0
0
0
0
0
0
0
0
10
0
0
0
8
0
0
0
1
0
0
0
0
9
0
0
0
8
0
0
0
2
0
0
0
0
10
0
0
0
0
0
0
0
4
0
0
0
1
11
0
0
0
6
0
0
0
0
0
0
0
2
10
0
0
0
3
0
0
0
1
0
0
0
0
14
0
0
0
5
0
0
0
2
0
0
0
0
15
0
0
0
4
0
0
0
3
0
0
0
0
11
0
0
0
4
0
0
0
0
0
0
0
1
8
0
0
0
8
0
0
0
1
0
0
0
0
8
0
0
0
3
0
0
0
0
0
0
0
0
13
0
0
0
8
0
0
0
2
0
0
0
0
10
0
0
0
11
0
0
0
3
0
0
0
0
8
0
0
0
13
0
0
0
2
0
0
0
0
13
0
0
0
4
0
0
0
0
0
0
0
4
12
0
0
0
9
0
0
0
2
0
0
0
0
10
0
0
0
5
0
0
0
1
0
0
0
0
12
0
0
0
9
0
0
0
0
0
0
0
0
13
0
0
0
7
0
0
0
4
0
0
0
4
10
0
0
0
3
0
0
0
1
0
0
0
0
7
0
0
0
2
0
0
0
2
0
0
0
0
8
0
0
0
6
0
0
0
2
0
0
0
1
13
0
0
0
7
0
0
0
5
0
0
0
0
8
0
0
0
6
0
0
0
2
0
0
0
0
13
0
0
0
8
0
0
0
0
0
0
0
2
11
0
0
0
8
0
0
0
10
0
0
0
0
11
0
0
0
3
0
0
0
1
0
0
0
0
10
0
0
0
9
0
0
0
2
0
0
0
0
13
0
0
0
7
0
0
0
2
0
0
0
0
8
0
0
0
10
0
0
0
10
0
0
0
0
6
0
0
0
7
0
0
0
4
0
0
0
0
11
0
0
0
9
0
0
0
0
0
0
0
4
12
0
0
0
4
0
0
0
3
0
0
0
0
9
0
0
0
1
0
0
0
2
0
0
0
5
10
0
0
0
9
0
0
0
2
0
0
0
2
9
0
0
0
5
0
0
0
2
0
0
0
2
12
0
0
0
7
0
0
0
0
0
0
0
0
12
0
0
0
9
0
0
0
5
0
0
0
0
14
0
0
0
6
0
0
0
3
0
0
0
2
15
0
0
0
4
0
0
0
1
0
0
0
2
6
0
0
0
9
0
0
0
2
0
0
0
0
18
0
0
0
10
0
0
0
0
0
0
0
0
12
0
0
0
9
0
0
0
5
0
0
0
0
8
0
0
0
6
0
0
0
0
0
0
0
0
8
0
0
0
1
0
0
0
0
0
0
0
0
9
0
0
0
9
0
0
0
5
0
0
0
0
11
0
0
0
0
0
0
0
0
0
0
0
1
11
0
0
0
9
0
0
0
0
0
0
0
0
11
0
0
0
5
0
0
0
0
0
0
0
0
8
0
0
0
4
0
0
0
1
0
0
0
0
9
0
0
0
4
0
0
0
0
0
0
0
0
15
0
0
0
6
0
0
0
5
0
0
0
0
9
0
0
0
2
0
0
0
3
0
0
0
0
13
0
0
0
5
0
0
0
0
0
0
0
0
8
0
0
0
7
0
0
0
4
0
0
0
0
11
0
0
0
10
0
0
0
2
0
0
0
0
6
0
0
0
7
0
0
0
2
0
0
0
0
11
0
0
0
2
0
0
0
1
0
0
0
0
10
0
0
1
5
0
0
0
2
0
0
0
0
11
0
0
0
6
0
0
0
10
0
0
0
0
14
0
0
0
3
0
0
0
3
0
0
0
0
13
0
0
0
7
0
0
0
1
0
0
0
0
8
0
0
0
11
0
0
0
5
0
0
0
0
14
0
0
0
4
0
0
0
0
0
0
0
0
12
0
0
0
3
0
0
0
5
0
0
0
1
10
0
0
0
4
0
0
0
5
0
0
0
3
11
0
0
0
5
0
0
0
0
0
0
0
0
11
0
0
0
5
0
0
0
1
0
0
0
0
10
0
0
0
2
0
0
0
2
0
0
0
0
9
0
0
0
2
0
0
0
2
0
0
0
0
11
0
0
0
10
0
0
0
3
0
0
0
0
10
0
0
0
5
0
0
0
0
0
0
0
0
9
0
0
0
8
0
0
0
0
0
0
0
0
9
0
0
0
5
0
0
0
6
0
0
0
0
7
0
0
3
10
0
0
0
0
0
0
0
0
7
0
0
0
6
0
0
0
5
0
0
0
0
11
0
0
0
3
0
0
0
6
0
0
0
0
8
0
0
0
10
0
0
0
1
0
0
0
0
7
0
0
0
5
0
0
0
5
0
0
0
0
8
0
0
0
5
0
0
0
4
0
0
0
0
8
0
0
0
5
0
0
0
4
0
0
0
0
16
0
0
0
5
0
0
0
0
0
0
0
0
7
0
0
0
4
0
0
0
8
0
0
0
3
8
0
0
0
7
0
0
0
3
0
0
0
0
10
0
0
0
14
0
0
0
2
0
0
0
0
9
0
0
0
8
0
0
0
4
0
0
0
0
9
0
0
0
7
0
0
0
0
0
0
0
0
10
0
0
0
7
0
0
0
0
0
0
0
0
11
0
0
0
10
0
0
0
0
0
0
0
0
12
0
0
0
7
0
0
0
1
0
0
0
0
4
0
0
0
6
0
0
0
5
0
0
0
0
12
0
0
0
9
0
0
0
2
0
0
0
0
13
0
0
0
4
0
0
0
5
0
0
0
0
10
0
0
0
0
0
0
0
6
0
0
0
0
12
0
0
0
6
0
0
0
3
0
0
0
0
7
0
0
0
8
0
0
0
8
0
0
0
1
11
0
0
0
8
0
0
0
1
0
0
0
0
6
0
0
0
4
0
0
0
2
0
0
0
0
7
0
0
0
10
0
0
0
0
0
0
0
0
11
0
0
0
4
0
0
0
4
0
0
0
3
15
0
0
0
5
0
0
0
1
0
0
0
0
6
0
0
0
1
0
0
0
0
0
0
0
0
5
0
0
0
4
0
0
0
0
0
0
0
0
2
0
0
0
3
0
0
0
2
0
0
0
0
7
0
0
0
7
0
0
0
5
0
0
0
0
7
0
0
0
3
0
0
0
1
0
0
0
0
10
0
0
0
0
0
0
0
4
0
0
0
0
13
0
0
0
4
0
0
0
2
0
0
0
0
11
0
0
0
9
0
0
0
2
0
0
0
0
8
0
0
0
0
0
0
0
1
0
0
0
0
10
0
0
0
7
0
0
0
0
0
0
0
0
7
0
0
0
5
0
0
0
4
0
0
0
0
10
0
0
0
7
0
0
0
0
0
0
0
0
11
0
0
0
8
0
0
0
6
0
0
0
0
9
0
0
0
5
0
0
0
4
0
0
0
0
12
0
0
0
7
0
0
0
4
0
0
0
0
10
0
0
0
7
0
0
0
5
0
0
0
1
17
0
0
0
6
0
0
0
2
0
0
0
0
9
0
0
0
9
0
0
0
2
0
0
0
0
4
0
0
0
6
0
0
0
0
0
0
0
0
9
0
0
0
4
0
0
364
117
571
0
0
0
9
0
0
0
0
0
0
0
0
10
0
0
0
7
0
0
0
4
0
0
0
0
12
0
0
0
9
0
0
0
5
0
0
0
5
10
0
0
0
10
0
0
0
5
0
0
0
5
20
0
0
0
11
0
0
0
10
0
0
0
5
16
0
0
2
10
0
0
0
4
0
0
0
2
18
0
0
0
11
0
0
0
6
0
0
0
0
7
0
0
0
5
0
0
0
9
0
0
0
5
14
0
0
0
9
0
0
0
2
0
0
0
0
10
0
0
0
8
0
0
0
6
0
0
0
2
14
0
0
0
3
0
0
0
2
0
0
0
3
15
0
0
0
7
0
0
0
6
0
0
0
0
12
0
0
0
6
0
0
0
8
0
0
0
0
14
0
0
0
3
0
0
0
2
0
0
0
0
5
0
0
0
9
0
0
0
4
0
0
0
0
10
0
0
0
6
0
0
0
5
0
0
0
4
15
0
0
1
7
0
0
0
0
0
0
0
0
14
0
0
0
7
0
0
0
10
0
0
0
3
16
0
0
0
6
0
0
0
6
0
0
0
4
14
0
0
0
7
0
0
0
2
0
0
0
0
21
0
0
0
11
0
0
0
11
0
0
0
2
15
0
0
0
7
0
0
0
0
0
0
0
4
17
0
0
0
10
0
0
0
2
0
0
0
0
13
0
0
0
9
0
0
0
5
0
0
0
0
11
0
0
0
10
0
0
0
0
0
0
0
6
14
0
0
0
13
0
0
0
5
0
0
0
0
16
0
0
0
14
0
0
0
9
0
0
0
4
14
0
0
1
8
0
0
0
11
0
0
0
0
18
0
0
0
14
0
0
0
9
0
0
0
6
15
0
0
0
6
0
0
0
9
0
0
0
1
14
0
0
0
14
0
0
0
2
0
0
0
0
15
0
0
3
7
0
0
0
5
0
0
0
6
14
0
0
0
7
0
0
0
8
0
0
0
2
12
0
0
0
12
0
0
0
5
0
0
0
1
15
0
0
0
2
0
0
0
4
0
0
0
0
17
0
0
0
8
0
0
0
3
0
0
0
2
16
0
0
0
8
0
0
0
7
0
0
0
5
11
0
0
0
5
0
0
0
0
0
0
0
0
7
0
0
0
6
0
0
0
8
0
0
0
0
8
0
0
0
6
0
0
0
1
0
0
0
1
20
0
0
0
10
0
0
0
6
0
0
0
850
369
127
1111
1060
27
0
0
0
8
0
0
0
4
0
0
0
0
10
0
0
0
1
0
0
0
4
0
0
0
0
14
0
0
0
4
0
0
0
0
0
0
0
0
7
0
0
0
4
0
0
0
1
0
0
0
0
4
0
0
0
3
0
0
0
0
0
0
0
0
5
0
0
0
5
0
0
0
4
0
0
0
0
10
0
0
0
2
0
0
0
1
0
0
0
0
7
0
0
0
0
0
0
0
2
0
0
0
4
7
0
0
0
8
0
0
0
0
0
0
0
0
4
0
0
0
10
0
0
0
2
0
0
0
0
9
0
0
0
6
0
0
0
4
0
0
0
0
2
0
0
0
0
0
0
0
0
0
0
0
0
8
0
0
0
3
0
0
0
0
0
0
0
0
6
0
0
0
7
0
0
0
2
0
0
0
0
5
0
0
0
0
0
0
0
0
0
0
0
0
9
0
0
0
2
0
0
0
0
0
0
0
0
3
0
0
0
7
0
0
0
3
0
0
0
0
9
0
0
0
3
0
0
0
0
0
0
0
0
14
0
0
0
10
0
0
0
4
0
0
0
0
6
0
0
0
9
0
0
0
7
0
0
0
0
11
0
0
0
2
0
0
0
0
0
0
0
0
13
0
0
0
4
0
0
0
1
0
0
0
0
14
0
0
0
4
0
0
0
517
250
92
0
0
5
0
0
0
4
0
0
0
1
12
0
0
0
6
0
0
0
8
0
0
0
1
14
0
0
0
9
0
0
0
6
0
0
0
0
12
0
0
0
2
0
53
1138
1087
351
541
3
674
231
0
0
0
7
0
0
0
0
0
0
0
0
14
0
0
0
0
0
0
0
5
0
0
0
0
11
0
0
0
4
0
0
0
2
0
0
0
5
13
0
0
0
7
0
0
0
0
0
0
0
0
10
0
0
0
2
0
0
0
0
0
0
0
3
15
0
0
0
4
0
0
0
2
0
0
0
0
7
0
0
0
7
0
0
0
0
0
0
0
3
9
0
0
0
0
0
0
0
0
0
0
0
0
8
0
0
0
1
0
0
0
0
0
0
0
0
10
0
0
0
8
0
0
0
1
0
0
0
0
15
0
0
0
4
0
0
0
0
0
0
0
0
0
0
0
0
0
0
0
0
2
0
0
0
0
12
0
0
0
7
0
0
0
0
0
0
0
0
9
0
0
0
3
0
0
0
4
0
0
0
0
11
0
0
0
3
0
0
0
5
0
0
0
0
8
0
0
0
5
0
0
0
3
0
0
0
0
9
0
0
0
5
0
0
0
6
0
0
0
3
19
0
0
0
4
0
0
0
0
0
0
0
0
12
0
0
0
3
0
0
0
3
0
0
0
0
7
0
0
0
2
0
0
0
1
0
0
0
0
8
0
0
0
4
0
0
0
1
0
0
0
0
10
0
0
0
3
0
0
0
0
0
0
0
0
8
0
0
0
11
0
0
0
2
0
0
0
0
9
0
0
0
4
0
0
0
0
0
0
0
0
18
0
0
0
7
0
0
0
3
0
0
0
0
9
0
0
0
3
0
0
0
0
0
0
0
0
10
0
0
0
6
0
0
0
5
0
0
0
0
5
0
0
0
4
0
0
0
4
0
0
0
0
11
0
0
2
6
0
0
0
2
0
0
0
0
151
129
259
0
102
217
0
0
0
0
0
0
0
6
0
0
0
3
0
0
0
6
0
0
0
0
11
0
0
0
8
0
0
0
0
0
0
0
0
5
178
482
682
568
1114
1063
1575
1524
209
1686
1635
38
0
1692
1641
0
1062
1011
290
139
0
0
0
0
0
6
0
0
0
5
0
0
0
1
0
0
0
0
4
0
0
0
4
0
0
0
0
0
0
0
0
7
0
0
0
6
0
0
0
3
0
6
227
273
210
40
0
0
8
0
0
0
2
0
0
0
0
13
0
0
0
8
0
0
252
379
313
316
449
343
350
354
348
93
328
13
0
45
125
0
0
364
99
579
75
457
217
248
0
0
0
0
0
0
0
0
10
0
0
0
441
400
280
542
241
499
191
154
367
16
0
169
105
7
0
0
0
0
0
0
0
0
0
0
0
104
184
0
149
167
0
0
0
0
0
0
0
0
0
5
21
0
0
4
0
0
0
0
0
0
0
0
10
0
0
0
2
0
0
0
0
0
0
0
0
5
0
0
0
3
0
0
133
333
226
0
164
166
383
0
0
0
0
0
0
0
0
5
0
0
0
2
0
0
0
1
0
0
0
0
10
0
0
0
6
0
0
0
0
0
0
0
0
6
0
0
0
4
0
0
0
0
0
0
0
0
21
26
79
192
328
336
308
564
103
138
8
0
0
0
0
0
0
10
0
0
0
8
0
0
0
0
0
127
467
223
896
358
362
921
16
0
0
0
0
10
0
0
0
5
0
0
0
1
0
0
103
474
0
531
244
0
1
0
0
0
3
0
0
0
0
6
0
0
0
1
0
0
0
0
0
0
0
0
7
0
0
0
5
0
0
0
0
0
132
612
750
302
745
688
560
661
408
747
540
257
1532
1481
303
801
381
336
129
287
418
109
290
0
0
0
0
0
1
4
0
0
0
6
0
0
0
2
0
0
0
29
434
301
306
510
713
0
1961
1910
1871
699
221
946
500
663
315
33
0
3
0
0
0
2
0
0
0
2
8
0
0
0
4
0
0
0
0
0
0
0
0
6
0
0
0
7
0
0
0
0
0
0
0
0
8
0
0
0
4
0
0
0
2
0
0
0
0
7
0
0
0
5
0
0
0
271
171
34
799
132
185
0
0
23
7
0
0
0
125
0
0
0
0
0
0
0
0
1
0
0
0
4
0
0
0
0
0
123
0
0
5
0
0
0
0
0
0
0
0
0
0
0
0
9
0
0
0
4
0
0
0
0
0
0
0
0
103
0
0
33
235
187
355
274
354
535
177
534
203
455
38
198
74
54
4
97
388
363
467
59
544
130
200
78
147
421
417
444
407
656
448
184
378
267
398
159
508
66
435
342
513
725
556
528
1213
1162
2745
2694
2643
266
0
2355
2304
2253
0
0
2288
2237
2186
475
0
1832
1781
0
0
1127
1076
436
281
391
402
0
0
0
165
0
0
0
0
0
0
0
0
7
0
0
0
5
0
0
0
3
0
0
0
0
5
38
0
0
8
0
0
0
1
0
0
0
0
15
0
0
0
4
0
106
110
372
81
48
116
87
42
288
259
106
3
0
48
0
0
0
0
145
150
373
236
424
0
948
569
22
2424
2373
2322
338
1290
1239
1448
1397
299
972
1071
122
0
1728
1677
0
0
1492
1441
4
943
230
375
705
372
689
406
242
903
249
653
836
167
284
1557
1506
167
1293
1242
0
1165
1114
0
906
581
1250
3034
3250
4250
5250
6250
7250
8250
9250
10250
11250
12250
13250
14250
15250
257
865
812
728
809
3948
3897
3846
3795
6738
6687
6636
6585
6534
520
818
2520
2469
2418
3406
3355
3304
3253
1349
1298
3095
3044
2993
2942
1526
1475
1383
1332
666
0
1166
1115
0
0
0
0
778
1779
2778
3778
4778
5778
6778
7778
8778
9778
10778
11778
12778
9256
10254
11254
