0
44000
790
210
1000
0
1000
0
0
1002
1998
1000
0
0
0
0
0
0
1002
0
0
0
983
24
0
0
1993
0
370
631
0
0
998
0
0
0
0
0
848
160
1991
0
0
0
0
0
1000
11
995
0
0
443
1
0
0
206
350
0
0
995
1001
998
0
0
0
1002
0
0
1001
1004
999
79
340
1001
1190
809
144
859
999
1000
1002
998
466
1000
1000
1005
0
387
995
611
391
1002
0
1001
1001
999
1001
1000
997
1002
1003
0
1
1004
997
1003
2001
0
955
47
2000
0
605
259
495
2078
900
101
0
994
1000
12
995
1000
999
1003
998
1999
0
1538
415
1
121
1000
385
1001
0
1002
1002
997
1000
1430
0
1004
0
1006
0
997
998
1004
0
94
909
444
1002
1004
0
995
1002
22
1004
0
1000
1003
996
1002
0
1000
1001
998
1000
314
818
997
1004
999
998
1000
998
560
998
415
77
2006
1996
0
0
0
758
996
32
61
1003
0
999
2001
0
1004
0
1000
997
397
1013
412
591
416
547
1004
0
1000
997
2998
0
1000
1424
582
0
2008
103
889
1
2010
989
1
273
2003
0
1
824
1004
0
2996
0
1000
2002
0
0
219
997
1008
995
1000
2008
0
992
1002
0
1003
1000
1004
0
50
997
149
354
999
1001
955
3000
0
1000
1002
0
0
999
1003
999
998
374
168
1684
1000
1505
226
1272
0
1009
0
999
995
1000
1000
999
1002
0
1002
1004
999
1001
61
839
1005
0
1001
999
1001
1001
305
35
1004
0
997
1001
1000
1005
756
1008
0
1001
1001
1000
999
999
1002
999
999
1000
1002
998
1001
212
1009
0
1002
999
1001
999
1000
1003
999
999
998
999
1000
1000
999
999
1001
1262
0
915
1087
0
1008
0
1001
997
1000
1078
0
1005
0
1002
1000
999
1018
0
999
1001
1002
998
1001
999
1001
1000
1001
999
999
1001
858
988
98
967
1032
1007
0
1000
1001
999
1071
0
1006
0
1004
997
1000
1196
0
1008
0
1000
1001
1002
998
1000
999
1000
999
999
1001
1001
1000
999
1003
999
999
1001
998
1005
995
1000
1000
88
111
907
983
1010
998
1002
1121
0
1010
0
1000
1002
998
998
1004
997
1003
996
1001
1000
1001
998
1000
1002
1000
1107
0
1010
0
1001
998
1001
1011
0
1001
1000
1000
999
999
1002
30
999
999
1002
1000
999
999
1002
1000
999
999
1002
1000
999
999
1002
1000
999
999
1002
1000
999
999
1002
1000
999
90
990
1009
0
1001
1001
1001
997
1000
1001
999
1000
1000
1197
0
1009
0
1002
999
1002
999
999
1003
997
1001
999
1000
1000
999
1001
999
1002
998
1001
999
1002
998
1000
1091
0
986
1025
0
1225
0
1009
0
1001
1000
999
1001
999
1002
1126
0
1011
0
998
1001
1000
1001
999
1000
1000
1001
999
1000
13
1001
64
993
995
1008
999
1014
0
1000
1000
1000
1000
1000
1000
1000
1000
1138
0
1010
0
1001
1000
1000
166
988
1063
0
1011
0
1000
999
1000
1001
1034
1008
0
1001
1002
1000
998
1000
56
258
1003
1001
1008
998
1001
999
1003
999
999
1000
1001
1002
995
1002
1002
998
1001
997
1003
998
255
989
1010
0
1001
999
1004
996
1000
999
1003
1114
0
935
1118
0
1009
0
1005
998
998
1131
0
1010
0
1000
1078
0
1009
0
1004
998
1000
997
1003
998
1001
999
1002
1000
999
999
1002
998
1001
999
1001
1107
0
1011
0
999
999
1002
1000
1118
0
1011
0
999
999
1002
999
1000
999
1002
999
1000
999
1002
999
1000
999
1002
999
1000
999
1002
999
1000
999
1002
999
1000
999
1002
999
1001
998
1003
999
1000
1055
1003
1011
0
999
1001
999
1003
997
1002
998
1002
1056
0
1034
1009
0
1002
999
1002
998
1001
999
1002
54
1009
0
1004
999
999
999
1000
1001
1055
0
1011
0
1263
0
906
115
984
1010
0
1002
997
1000
1003
998
999
1147
0
981
1029
0
999
1191
0
1011
0
1002
996
1000
771
1333
0
1011
0
1000
998
1000
1001
1000
999
1001
998
1002
132
1218
0
1009
0
1002
36
998
999
1001
1000
999
999
1002
1000
1000
998
1002
1000
1000
998
1002
1000
1000
998
1002
1000
1000
998
1002
1000
999
1000
1000
1002
999
999
1002
1000
999
999
69
1010
0
999
1002
1002
996
1000
1000
1001
999
1000
1000
1000
1000
1000
1000
1000
1000
1000
1001
999
1000
999
1002
999
1000
999
1002
999
1000
999
1002
999
1000
999
1002
999
11
999
1002
999
1000
999
1003
998
1002
997
1116
0
1008
0
1005
996
809
1216
0
1010
0
1001
1000
1132
0
1010
0
1001
998
1001
1000
999
1001
1001
999
1002
998
1000
1000
1000
1028
1009
0
1002
998
1001
1000
1001
998
1001
1000
1001
77
1174
0
1009
0
1004
1183
0
1009
0
57
1004
0
1005
1002
999
1000
999
1001
999
1001
999
1001
999
1001
999
1003
1000
997
1000
1000
1001
999
1000
1000
1001
999
1000
1001
1000
1243
0
1011
0
1000
999
1000
1001
1001
999
999
221
986
998
1006
1000
1000
876
1167
0
936
889
1182
0
1011
0
999
1001
1000
999
1000
1000
1000
999
1002
999
1000
1133
0
1010
0
1000
1000
1000
1000
1026
0
1001
999
999
1000
1000
1002
998
1000
1000
1001
999
1001
999
1001
999
1000
995
100
1008
0
1003
999
1002
997
1001
1000
999
1000
1000
1000
1001
1000
1000
999
1002
999
1001
998
1002
81
981
1007
1003
999
1000
851
744
887
1329
0
1009
0
1003
997
1119
0
1009
0
1004
998
1002
999
1001
997
1001
998
1003
998
1001
998
1002
999
1003
996
1003
998
1001
998
1002
999
1000
1002
1039
0
1003
1004
1002
999
1001
1061
0
1011
0
1000
999
1082
0
824
1183
0
1010
0
1002
1001
998
999
1000
1002
999
999
1000
116
1009
0
1002
1002
1114
0
1012
0
999
999
1000
1002
999
999
1000
1002
998
1000
999
1003
998
1000
999
1003
998
1039
1012
1007
0
1003
999
1071
0
50
950
1274
0
1009
0
1004
997
1001
1000
1001
999
1000
999
1003
997
1000
999
1002
998
1001
999
1002
998
1001
999
1001
1000
999
1001
1000
1000
999
1002
999
1000
999
1002
999
1000
999
1002
999
1000
999
1002
999
1002
997
1002
999
1000
999
1002
999
1002
997
1002
999
1245
0
1010
0
1005
994
1002
999
1000
999
1003
999
1000
1149
0
792
161
983
997
1007
1001
999
954
744
1151
0
1008
0
1001
1000
1000
999
355
984
1004
1000
1048
0
875
1127
0
1005
0
236
1262
974
30
1169
0
1095
0
1004
0
1002
999
999
1000
1000
1001
999
1000
1000
1000
1000
1000
999
1001
1000
1000
999
1001
81
993
1000
1003
1000
1000
999
1001
999
998
1000
1001
1000
999
1066
1000
990
13
1001
997
1001
1002
734
1296
0
109
1000
33
1002
0
116
1000
1002
0
1001
1000
999
999
1000
1001
1000
1000
1000
1001
999
1000
1000
1001
999
1000
1002
999
999
0
0
0
3
14
0
0
6
10
0
0
4
0
0
0
7
0
0
1
14
0
0
7
11
0
0
4
16
0
0
5
13
0
0
2
8
0
0
6
14
0
1
7
0
0
4
6
0
0
1
10
0
0
1
9
0
0
1
16
0
0
7
7
0
0
0
10
0
0
2
15
0
1
4
0
0
3
8
0
0
0
9
0
0
1
8
0
0
0
5
0
0
0
6
0
0
0
8
0
0
0
7
18
239
212
321
384
481
530
471
781
322
723
409
617
314
777
587
351
1015
985
2414
2384
2354
1400
1370
128
3778
3748
3718
3688
187
754
2062
2032
2002
1595
1565
716
3324
3294
3264
3234
1925
1895
871
0
4566
4536
4506
4476
4446
1285
1255
2858
2828
2798
2592
2562
2532
917
2762
2732
2702
970
1245
1505
1475
4229
4199
4169
4139
4109
6607
6577
6547
6517
6487
6457
6427
5821
5791
5761
5731
5701
5671
2310
2280
5188
5158
5128
5098
5068
5038
7602
7572
7542
7512
7482
7452
7422
7392
10818
10788
10758
10728
10698
10668
10638
10608
10578
10548
10518
7786
7756
1780
1750
0
22942
22912
22882
22852
22822
22792
22762
22732
22702
22672
22642
22612
22582
22552
22522
22492
22462
22432
22402
22372
22342
22312
22282
26018
25988
25958
25928
33218
33188
33158
33128
33098
33068
33038
33008
32552
33206
33908
35764
35765
40454
40424
40425
40426
40659
39924
40911
41892
42892
43892
44892
45830
46675
47489
48303
49210
50117
48515
49358
48467
49405
54016
53986
53956
53926
53896
53866
53925
54925
55925
59810
59811
59812
59925
60925
61925
62925
63925
64925
65925
66925
67925
68925
69925
70925
71925
72708
