3.76735
3.64
3.52
3.68
3.36
2.56
2.88
3.57333
3.84
3.2
3.2
5.28
3.52
5.28
3.68
3.2
4.32
3.36
4.96
4.8
3.2
3.84
2.88
3.04
2.88
2.88
3.84
4.32
3.68
3.36
3.28
4
2.08
3.52
3.2
3.84
4.48
2.56
4.96
5.12
3.2
2.72
2.08
4.8
3.36
3.68
5.28
3.68
3.84
4.96
3.84
3.36
3.04
5.28
4
5.28
2.88
4.48
2.4
3.84
4.48
3.84
1.6
5.28
3.2
3.52
5.76
3.36
4.48
4.16
5.44
2.72
3.2
5.6
2.56
3.68
5.76
5.28
4.32
4
3.68
2.24
5.6
2.88
5.76
3.52
4.48
4.48
5.76
4.8
4.96
4.48
5.12
3.68
5.28
4.16
6.24
4.96
4.8
4.8
5.12
3.36
3.2
4.32
4
4.48
4.96
4.16
4
6.08
4.64
4.64
4.96
3.84
4.64
4.32
3.84
4.64
6.4
3.52
2.08
5.76
6.88
4
3.52
3.52
4.64
3.68
5.6
4.48
5.44
6.24
2.4
5.6
4.8
4.96
5.6
6.4
3.84
4.16
1.76
3.68
5.12
6.56
4
2.56
4.64
5.28
4.32
3.84
5.28
6.24
2.88
3.68
6.24
3.68
4.32
4.8
4.8
2.72
5.12
5.92
4.32
4.16
4.16
5.76
4.16
3.36
6.4
6.88
4.32
3.36
4.32
5.92
5.76
3.04
5.6
2.56
4.8
2.24
6.4
2.72
7.36
4
5.44
5.92
4
4
5.92
4.96
2.72
7.68
3.52
4
4.48
6.4
5.28
3.52
4.16
4.64
3.52
3.84
5.12
4.64
4
4
5.28
5.6
4.8
4.64
5.76
6.72
4.48
7.2
2.56
4.64
6.08
4
3.52
5.76
4.16
4.8
3.52
5.12
5.6
4.16
5.28
5.12
4
4.48
4.16
4.16
6.4
4
6.24
4.32
5.12
3.2
7.04
3.52
3.52
5.92
5.44
4.32
5.12
4.32
4.8
4.48
5.6
4
3.36
5.44
5.44
4.8
5.6
4.64
4.96
2.72
3.36
4.96
8
3.68
2.72
7.68
5.76
4.88
4.16
5.12
5.6
5.44
2.88
4.8
5.44
4.96
4.64
3.68
6.24
4.48
3.68
6.88
3.52
5.12
7.68
3.68
2.88
7.2
5.76
4.16
4.64
5.6
3.84
4.96
3.68
4.96
3.36
2.56
3.68
4.8
4.16
3.68
4
3.2
2.88
3.84
4.8
2.72
3.68
3.68
3.68
4.16
4.8
3.36
4.48
3.84
2.56
3.52
3.84
4.32
4.32
3.84
2.72
3.04
3.84
4.48
6.56
3.84
3.36
4.8
4.16
3.68
3.36
3.36
3.36
4.8
3.04
4
4
5.12
2.72
6.08
3.36
6.4
3.68
6.08
4.96
3.52
5.76
3.36
5.92
3.52
6.56
3.04
4
4.48
5.76
3.52
2.88
7.04
4.48
6.08
2.72
4.8
5.76
4.32
4.8
4
3.2
3.2
6.56
3.68
6.56
3.84
5.92
3.84
4.16
4.16
4.96
4.48
6.4
3.84
5.6
4.32
5.28
3.68
6.24
4.16
6.4
3.52
4.8
3.84
5.6
3.52
2.08
3.2
5.12
4.96
2.88
4
3.84
3.52
4.48
4.8
3.2
4
4.8
4.32
4.32
2.56
2.08
3.68
3.04
3.04
2.4
4.16
2.56
4.32
3.04
3.84
3.36
3.2
3.68
4
4
4.16
3.52
2.88
4.32
3.52
4
4.48
2.88
1.76
3.52
4.8
3.04
5.28
2.72
4.48
5.12
4.8
2.56
6.08
4.96
2.88
3.84
3.68
6.56
4.16
5.76
3.2
4.8
2.4
3.84
4.32
2.72
4.48
3.52
3.04
4.8
2.72
3.84
3.68
4
3.52
4.16
2.56
3.04
3.52
3.84
3.84
2.4
2.72
2.56
2.24
3.36
2.72
3.04
3.84
2.56
3.68
3.36
3.04
3.36
2.4
3.52
2.24
3.52
2.88
2.4
2.72
1.92
3.36
3.36
2.4
3.52
2.72
4
2.88
2.08
3.52
3.04
2.24
3.04
2.72
3.04
3.36
3.36
3.2
2.88
1.76
3.52
2.88
3.36
4
3.68
3.04
2.88
3.04
3.68
3.68
4.32
3.84
3.52
4.16
4
2.88
3.04
2.72
4.16
3.04
4
3.84
3.52
3.2
2.88
2.56
3.04
2.4
3.04
2.88
2.56
3.36
1.76
2.72
2.4
3.52
3.2
2.56
2.24
3.52
2.56
1.76
2.56
2.56
3.2
2.08
3.36
2.08
2.88
2.56
2.56
1.92
2.4
2.56
3.68
2.72
2.24
2.88
2.08
2.72
1.92
1.92
2.08
2.88
3.36
2.4
2.88
3.2
3.04
2.4
3.68
2.24
3.36
2.88
1.92
2.56
2.88
1.6
3.04
2.4
3.84
3.04
3.2
2.56
2.72
2.32
1.76
2.08
1.6
2.56
3.2
3.04
2.88
2.88
3.2
3.2
1.6
3.04
1.76
2.72
2.4
2.08
1.76
2.4
2.4
2.24
2.4
2.72
3.04
3.36
2.72
1.92
2.4
2.56
1.12
1.76
1.92
2.08
1.76
2.24
2.72
2.08
1.76
1.76
1.76
1.76
1.6
1.92
2.24
2.24
1.76
1.28
2.72
2.72
1.92
1.92
1.92
1.76
2.4
1.44
3.2
1.92
2.88
1.76
1.92
2.24
0.8
3.52
1.76
3.2
1.6
2.08
1.12
2.24
1.6
1.28
1.76
1.44
2.56
2.24
2.08
2.4
1.92
1.76
1.76
2.24
1.44
1.76
2.24
2.24
2.56
1.76
2.08
3.04
1.6
1.6
1.92
2.72
1.76
1.28
2.56
2.4
1.6
2.72
1.6
3.04
2.08
1.6
1.76
1.44
1.92
1.44
1.92
0.8
2.08
1.28
1.92
1.76
1.76
2.88
1.6
1.92
2.24
2.08
2.4
1.6
1.44
1.44
1.6
2.4
1.6
1.92
2.24
1.76
2.24
1.76
1.76
1.92
1.44
2.08
2.08
1.76
0.8
2.08
1.44
1.44
2.4
2.08
1.6
0.48
1.44
2.08
1.28
1.92
1.12
2.24
2.4
1.76
2.08
2.56
1.6
1.44
2.08
2.88
2.24
2.72
1.6
1.76
1.28
1.12
2.72
2.72
0.8
0.96
2.72
2.88
0.96
2.56
1.6
1.6
2.56
1.44
1.92
1.6
1.28
1.44
1.44
2.24
1.44
1.76
1.76
1.44
3.04
1.28
1.76
2.08
1.12
1.12
2.08
1.28
0.48
0.96
2.08
1.44
0.8
1.12
1.76
2.56
1.92
1.92
1.12
0.96
1.28
0.8
1.12
0.48
1.28
1.44
1.44
2.88
1.28
1.28
0.96
1.12
1.44
1.12
0.96
1.28
0.8
0.96
0.8
0.96
1.12
0.8
1.92
0.8
1.44
0.48
0.96
0.64
1.12
1.76
0.8
0.8
0.48
1.6
0.32
0.96
1.12
1.6
1.12
1.04
0.96
1.6
1.6
1.28
1.92
0.64
1.28
1.12
1.12
1.44
0.64
1.76
1.12
1.44
1.6
0.48
1.44
0.32
0.8
0.48
1.28
0.96
1.12
0.8
0.96
0.32
1.12
0.72
0.8
0.96
0.32
0.8
0.8
1.6
1.28
0.32
0.64
0.48
0.64
0.32
1.12
0.48
0.32
0.8
0.64
0.48
1.28
0.8
0.96
0.64
0.32
0.32
0.64
1.28
1.28
0.96
0.8
0.8
1.92
0.16
0.96
1.28
0.8
0.32
0.48
1.44
0.8
1.44
1.12
0.96
1.28
0.96
0.96
0.8
1.12
1.44
1.12
0.48
1.12
0.8
0.64
0.48
1.12
0.32
1.12
1.12
0.48
0.16
1.44
0.48
0.8
0.32
0.96
0.8
0.48
1.28
0.96
1.6
1.12
1.6
1.44
0.96
1.44
0.64
0.48
0.96
0.48
0.64
0.32
1.28
1.28
0.96
0.48
2.24
0.8
2.24
0.96
1.76
0.64
1.6
1.92
1.12
1.28
0.8
1.44
1.44
0.32
0.96
0.8
0.48
0.48
1.44
0.48
2.08
1.44
0.16
1.76
0
1.76
1.12
1.92
0.64
0.64
1.44
0.16
1.28
1.44
0.96
0.48
1.12
0.96
0.96
0.96
0.48
1.12
0.8
0.64
0.48
0.96
0.8
0.96
0.8
0.48
0.48
0.64
0.96
1.28
0.32
0.8
0.64
1.28
1.12
0.48
1.12
1.12
1.28
0.96
0.64
1.12
0.64
0.96
0.8
1.12
1.6
0.8
1.44
0.48
0.8
0.64
0.16
0.8
0.8
1.28
1.12
1.76
0.8
1.28
1.12
2.72
2.24
0.64
1.28
1.28
2.08
0.96
1.6
1.76
1.28
0.64
0.64
1.6
0.64
2.08
0.64
0.96
1.12
0.8
1.28
0.64
1.44
0.8
1.92
1.6
1.44
0.96
1.12
1.12
0.64
0.96
1.28
1.44
1.44
0.8
1.28
0.64
1.28
0.16
0.96
1.92
0.48
0.16
0.32
0.64
0
0.64
0.8
0.48
0.96
0.8
0.48
0.8
0.48
0.64
0.8
0.16
1.28
0.8
0.16
1.28
0.16
0.96
0.48
0.64
0.64
0.8
0.8
0.8
0.64
0.48
0.96
0.64
1.12
0.8
1.28
0.64
0.96
0.8
0.8
1.28
1.76
0.8
1.28
0.64
1.6
1.76
0.8
1.12
1.44
0.8
0.8
1.44
0.8
1.12
0.8
0.32
1.44
1.76
0.96
0.48
0.8
0.48
1.12
2.08
1.28
1.28
1.76
1.6
0.8
1.6
0.32
1.12
1.28
1.12
1.92
1.76
1.28
0.96
1.76
0.8
1.12
0.8
1.12
1.28
0.8
0.8
0.96
0.48
0.48
1.12
0.96
1.44
1.28
1.44
1.28
0.48
0.64
0.48
0.8
0.64
1.12
0.96
1.44
0.32
0.96
0.8
0.32
1.28
0.32
0.48
0.64
1.76
0.8
0.8
0.48
0.48
0.8
0.96
0.32
1.12
0.32
0.64
0.48
1.12
1.12
0.48
0.8
0.48
0.32
0.48
1.6
0.64
1.44
0.48
0.96
1.12
0.96
1.44
0.8
1.28
0.8
0.8
0.32
1.28
0.96
0.96
1.92
1.28
1.12
1.12
0.64
1.28
0.96
0.32
0.64
0.8
1.44
0.64
0.8
0.96
0.96
0.32
1.28
1.28
0.96
0.8
0.96
0.96
1.12
0.96
0.16
0.48
1.6
0.64
0.96
1.12
0.48
0.48
0.48
0.96
0.32
1.12
1.44
1.28
0.48
1.44
0.16
0.64
0
0.32
0.16
0.8
0.8
1.12
0.32
0.48
0.48
1.28
1.12
0.96
0.32
1.28
0.48
0.64
0.32
0.48
1.12
0.8
0.8
0.64
0.96
0.48
0.64
0.96
0.48
0.64
0.16
0.8
0.64
0.96
0.48
1.12
0.64
0.48
0.64
0.96
0.8
0.64
0.64
0.4
0.96
0.64
0.16
0.16
0.64
0.64
0.64
0.64
0.64
0.32
0.48
0.16
0.64
1.28
0.8
0.48
0.8
0.8
0.8
0.64
0.64
0.96
0.48
0.8
0.96
1.28
0.32
1.12
1.12
0.8
0.48
1.6
1.44
3.2
2.4
1.44
3.36
1.12
1.28
1.44
0.8
3.2
3.04
3.84
3.2
5.76
4.48
5.92
6.24
5.6
5.44
4.96
5.28
2.88
3.36
3.68
2.88
4.32
4
3.04
2.24
2.72
3.36
2.24
0.48
0.8
4
3.2
1.6
2.08
2.4
4.32
2.88
3.04
3.52
3.52
4.64
4.8
4.32
5.76
6.4
3.36
3.84
2.08
2.88
2.88
3.2
6.88
1.44
1.28
0.64
1.28
2.08
2.4
2.56
2.4
2.88
3.84
3.68
4
2.56
2.08
1.6
0.48
1.6
1.6
2.4
0.8
1.76
2.4
5.6
1.44
1.28
3.2
2.24
2.56
2.4
3.2
2.4
3.04
1.76
2.56
1.28
4.16
2.56
1.92
3.36
1.6
2.72
4.16
4.16
2.72
3.52
1.12
1.92
3.04
2.08
2.24
2.56
3.52
3.52
4
3.04
6.4
5.44
5.44
4.16
3.68
1.76
1.6
0.8
2.08
2.08
3.84
2.4
8
3.52
4.16
5.6
6.08
2.88
5.28
5.92
5.6
7.36
7.84
6.24
5.28
7.36
5.6
5.28
4.8
6.24
6.24
5.12
5.6
4.48
5.28
3.2
2.56
2.88
2.88
6.08
6.88
6.88
1.76
2.4
4
4
3.2
4.48
4.96
5.92
5.92
5.12
5.28
4.96
5.92
5.28
2.88
5.44
3.2
4.16
3.04
3.68
4
2.72
3.68
5.6
4.48
2.88
3.36
3.52
6.24
6.72
6.72
7.68
6.08
5.12
3.84
6.4
4.8
1.28
2.72
5.76
4.96
5.76
7.52
3.52
3.68
3.84
3.2
4.48
4.32
3.84
2.88
8
10.4
5.12
12.48
9.6
4.32
4.48
5.44
3.2
5.76
6.4
3.2
3.36
4.96
3.04
6.08
6.08
4.8
7.52
5.6
8.64
6.08
6.88
5.6
5.12
7.2
5.44
7.68
6.08
4.64
4.96
11.68
9.6
9.28
10.08
8.8
10.08
9.92
14.08
11.2
10.4
6.24
8
7.68
11.52
9.6
8.8
8.64
12.16
14.08
14.4
11.84
12
11.36
11.04
8.8
10.56
9.12
9.76
10.24
13.6
6.4
13.12
12.16
9.12
11.04
8.32
7.04
8.16
7.52
9.44
9.12
10.24
10.56
9.92
9.12
10.4
7.68
7.52
6.24
4.96
11.36
9.76
12.16
11.36
12.16
8.16
7.52
8.64
8.96
9.92
6.88
7.68
5.6
9.12
8.8
8.64
11.52
10.24
10.72
6.56
9.92
9.92
11.36
10.08
8
8.48
10.4
10.24
8.16
9.12
9.6
8.96
10.08
8.64
10.72
10.4
12.8
14.08
7.2
14.08
12
9.6
10.4
10.08
12.96
13.6
12.64
9.76
8.8
7.68
8.16
6.4
4.48
9.92
9.12
10.24
12.32
12
9.12
9.6
11.2
9.6
10.88
10.88
9.44
9.6
9.76
8.96
9.28
10.4
9.92
9.76
11.2
10.4
11.52
10.4
9.92
4.8
13.28
10.08
9.6
10.4
10.56
8.48
10.56
12.16
13.28
9.92
12.8
7.68
7.04
12.64
11.68
11.84
11.52
12.32
13.28
8.8
13.76
14.08
13.28
12.16
12.48
12
12.32
8.8
9.92
10.56
12.96
12.48
13.6
12.32
13.44
11.52
14.4
14.88
6.88
15.04
12.8
11.36
11.04
11.2
12.16
14.08
14.08
13.44
14.08
12.32
14.56
13.44
12.48
14.24
12.32
12.32
13.28
9.76
7.52
14.56
10.88
11.84
14.4
12.8
12.96
12.32
14.4
14.4
12.8
13.12
11.04
13.76
14.72
14.08
13.92
15.2
13.6
8.32
14.24
13.76
13.6
14.72
11.68
12.48
11.2
14.56
14.08
13.44
14.24
15.04
13.44
12.48
15.04
13.92
16
14.56
13.92
9.28
16.16
15.2
13.76
13.28
14.4
14.24
13.28
14.56
14.72
13.12
15.04
14.08
14.72
12.8
16
12.8
14.08
14.72
7.04
14.88
13.76
12.96
12.64
9.44
9.6
11.04
15.36
15.04
16.8
12
13.76
17.92
14.56
16.96
14.88
17.12
16.16
14.24
9.12
15.2
15.04
14.4
12.96
15.84
13.12
15.68
14.4
13.12
15.84
12
12.96
13.76
14.08
14.24
13.28
15.68
14.4
8
15.36
13.76
12.8
14.56
16.8
14.72
15.2
16.48
17.28
14.4
16.96
15.2
13.6
15.2
13.6
15.52
14.08
14.4
14.08
9.44
14.4
16.16
11.36
15.2
11.84
15.36
13.44
15.04
12.64
14.4
12.64
14.88
15.84
14.24
15.2
15.04
13.12
15.52
7.04
12.96
14.08
13.76
13.28
15.52
12.96
13.12
15.68
14.4
13.44
11.68
14.08
12.96
14.88
14.72
13.76
14.24
11.52
15.2
6.4
15.04
16
15.36
13.6
17.28
15.84
15.36
14.24
17.6
16
11.84
10.72
12.48
13.76
12.8
15.2
13.12
7.84
13.92
15.68
12.96
11.04
12.8
16
12.32
10.88
9.44
11.04
8.64
9.12
10.4
4.32
4.32
5.92
15.2
4.48
2.4
1.28
2.24
3.2
2.88
2.72
3.2
1.76
1.6
2.72
2.4
1.6
3.04
2.56
1.76
1.76
1.6
0.96
1.92
2.4
1.6
1.44
2.24
2.08
1.44
1.92
1.92
1.6
2.4
2.24
3.2
1.6
1.6
2.24
2.88
1.44
2.24
1.76
3.68
1.28
0.8
2.08
2.56
2.24
2.24
3.84
1.92
1.92
1.28
1.12
0.8
2.72
2.4
1.12
2.4
2.24
0.96
0.96
1.44
0.96
1.12
1.76
1.44
1.12
1.6
2.4
1.44
1.28
2.08
1.6
1.12
1.6
1.6
1.28
1.44
1.28
0.72
0.8
0.88
1.6
0.96
1.44
1.28
1.28
1.28
1.44
1.92
1.92
0.8
2.08
2.08
1.76
1.04
1.28
0.96
0.96
1.44
0.72
1.12
1.12
0.8
0.96
2.08
1.12
0.64
1.44
1.92
0.96
1.6
1.12
2.08
1.28
1.12
1.76
1.76
1.12
0.8
1.6
1.44
2.24
1.76
0.96
2.08
1.6
0.8
0.96
2.08
1.44
1.76
1.28
0.64
0.8
1.44
1.12
0.64
1.92
2.08
1.6
1.6
1.28
2.08
2.56
1.92
1.76
1.44
1.6
1.6
1.76
1.6
1.92
0.72
1.92
1.44
1.28
1.6
2.08
1.2
2.08
1.28
1.28
1.6
1.28
0.96
2.4
1.12
1.28
1.44
1.6
1.28
1.2
1.6
1.76
2.08
1.76
1.12
1.12
0.96
2.72
1.28
1.76
1.44
1.28
2.24
2.24
1.6
0.16
1.76
1.92
2.24
1.44
1.92
1.28
1.92
1.76
2.08
0.96
1.44
0.96
1.12
1.92
2.08
1.28
0.8
0.96
1.6
1.28
1.28
0.8
1.28
0.96
1.6
1.44
1.92
1.44
1.92
1.28
1.6
1.6
1.12
1.6
0.96
1.6
1.12
0.96
2.72
1.12
0.96
1.28
1.6
1.92
0.64
0.96
1.44
2.08
1.44
1.44
2.56
0.96
0.96
0.64
1.92
1.12
1.12
1.6
0.32
1.28
1.12
1.12
1.44
1.12
1.12
1.92
1.6
1.6
0.8
2.24
1.76
2.4
2.08
2.08
1.6
1.76
1.12
1.12
1.6
1.6
1.12
1.44
0.96
1.76
1.28
1.44
1.28
1.12
1.76
0.96
1.44
1.6
0.96
1.28
1.12
0.8
2.72
1.28
0.96
1.44
1.04
1.76
