3.76749
2.96
3.52
3.52
3.68
2.4
4.8
3.12
3.36
4.08
4.32
3.52
4.64
3.04
4.48
4
3.36
3.04
3.52
3.36
3.68
2.24
3.2
2.88
2.56
2.72
2.88
4.32
3.52
3.68
4.96
3.2
3.68
5.44
3.04
3.52
5.92
3.2
2.56
5.12
4
4.48
6.72
1.76
2.24
5.12
5.28
4
3.68
3.04
4.32
2.72
2.72
4.64
5.12
2.72
3.04
4.96
4.48
3.68
4.48
4.96
3.2
1.76
5.12
3.68
4.96
3.84
4.64
4
4.16
4.8
4.96
3.52
5.28
6.4
3.84
5.44
3.68
3.68
3.52
5.44
2.08
6.24
3.52
2.4
4.8
4.32
4.32
6.4
3.84
5.28
5.44
3.2
3.68
4.8
5.76
6.4
3.2
3.2
4.48
4.48
1.44
4.8
4
6.24
5.92
3.52
4.8
5.28
5.28
4
4
4.32
3.68
5.92
3.2
4.48
5.12
5.76
3.68
3.04
5.44
5.6
4.16
4.48
4.96
5.6
2.88
5.44
4.16
5.28
4.16
5.6
2.72
5.6
4.64
5.76
5.28
4.64
3.04
2.72
4.16
6.08
4.32
4.32
5.44
5.6
3.52
2.56
5.76
4.64
5.76
3.04
3.36
5.12
4.16
4.16
4.16
4.64
1.76
7.04
3.84
3.84
4.96
4.48
7.36
4.16
3.2
4.32
4.8
7.04
4.48
5.44
4.64
4.32
4.32
3.2
4.48
5.12
2.08
4
5.12
4.8
6.08
4.16
6.4
3.84
4
6.24
5.28
3.2
3.52
6.72
3.84
6.4
5.76
3.68
4
4.16
4.48
3.68
4.16
4.8
6.88
4.64
4.16
4.64
6.24
5.76
4.48
5.76
4.48
3.52
5.28
6.08
4.32
8.16
4
2.4
6.08
4
4.32
6.24
5.92
3.68
4.8
5.76
4.32
4.48
5.44
4.8
4.16
6.4
3.04
6.72
2.88
4.32
4
6.88
3.68
6.88
4
3.84
5.28
6.08
3.04
7.36
4
3.2
4
5.12
5.44
6.4
4.48
5.12
5.6
3.04
3.04
4.8
6.08
3.36
2.88
4
4.64
7.04
4
7.68
4
4.48
5.76
3.84
4.8
4.96
5.6
4.8
3.68
3.84
7.84
6.88
5.12
5.6
6.88
3.68
2.56
3.2
8.16
5.44
4.64
3.52
6.56
3.04
4
3.84
4.48
4.16
3.2
2.56
4.96
3.68
3.68
4.48
3.84
4.48
3.52
3.36
3.52
3.36
4.16
3.04
4.64
3.68
4.48
4.64
3.68
1.76
3.84
3.36
5.28
4
4.48
4.32
2.88
4.48
5.6
4.96
4.16
4.16
4.16
3.84
3.52
4.32
3.68
3.84
4
2.72
3.68
4
3.36
3.68
5.28
3.84
6.24
4
6.72
4.48
3.2
6.72
3.04
6.72
3.36
6.4
3.52
5.6
2.24
5.28
4.32
3.52
6.72
3.68
6.08
3.04
5.92
2.88
4.64
5.12
4
4.96
3.2
5.92
3.68
6.24
4.16
6.56
3.2
3.68
6.56
3.04
4.64
5.28
4.16
6.08
3.36
6.08
4.32
6.4
3.84
5.6
4.8
5.44
4.16
3.36
5.76
1.92
2.24
5.28
4.32
3.68
3.2
3.84
4
3.2
5.28
3.84
4.16
3.68
5.12
3.68
3.36
2.72
3.68
3.84
3.36
1.44
3.2
3.36
3.2
3.52
3.2
3.84
3.04
4.16
5.12
4.16
3.52
3.68
2.72
5.28
3.52
4.96
3.2
3.84
1.76
3.52
3.36
2.56
4.48
2.88
4.48
4.8
4.48
4.16
4.32
3.84
3.36
4.16
3.52
5.28
4.16
3.36
3.52
3.84
2.4
3.68
4.16
3.04
4.16
3.52
4
3.84
3.04
3.52
4.16
3.36
3.84
3.68
3.2
3.04
3.2
3.68
3.04
2.56
3.68
4.16
2.24
3.52
3.04
4.48
2.72
2.56
3.2
2.24
3.2
3.36
3.52
2.24
2.88
3.04
3.68
2.24
3.36
1.76
2.72
3.84
2.72
2.72
2.4
3.2
2.88
3.2
3.2
2.4
2.72
2.4
3.04
3.36
3.84
3.52
3.2
3.68
2.08
4.32
2.56
4.96
4
3.36
3.36
2.88
3.52
4.32
3.04
3.68
4
3.04
4.48
3.36
2.72
3.84
2.72
4.32
2.88
3.36
3.36
3.2
2.72
2.4
2.72
2.88
3.2
2.72
2.56
2.56
3.04
2.4
2.08
3.36
3.68
3.36
2.88
2.08
1.44
2.24
1.6
3.2
1.92
3.2
2.4
2.72
2.08
2.56
2.72
1.76
2.08
3.2
2.56
2.88
3.52
2.08
2.08
1.12
2.56
2.56
2.08
2.56
2.72
2.56
3.2
2.72
2.4
2.88
2.24
2.4
3.04
3.04
3.84
1.6
2.88
2.56
2.72
3.04
2.4
2.24
2.88
2.4
2.56
2.72
3.84
2.4
2.4
2.08
2.4
2.24
3.2
3.2
2.88
2.56
2.08
1.92
1.44
2.4
1.92
1.28
1.92
2.56
2.72
2.24
2.24
1.76
2.56
3.04
1.92
1.6
2.56
3.2
2.72
2.88
3.04
1.28
3.04
2.4
3.2
2.08
1.92
3.04
2.4
0.8
2.24
2.72
1.76
1.92
1.28
1.76
1.76
1.92
2.72
2.08
1.76
1.92
2.72
2.24
1.44
2.4
1.76
1.44
1.92
2.24
1.76
1.6
1.76
1.92
2.24
2.24
2.56
2.72
2.08
2.56
1.76
2.72
1.76
1.44
1.92
1.6
2.4
2.08
1.76
3.04
2.24
2.08
1.92
2.4
1.92
1.44
1.28
2.56
1.76
2.72
1.76
2.08
2.88
1.6
1.6
1.12
1.6
2.88
1.44
1.44
0.96
2.08
1.44
2.08
2.08
1.6
2.08
1.28
2.08
0.96
2.24
1.76
1.76
1.6
2.08
2.24
1.28
1.28
1.6
1.76
1.92
2.56
1.76
1.76
2.08
2.56
0.8
1.92
1.28
1.6
2.4
2.08
2.08
2.08
1.44
2.08
1.28
2.4
1.76
1.92
3.04
2.08
2.08
1.28
1.92
0.64
1.6
2.88
1.28
1.44
1.28
1.76
1.28
1.28
1.28
1.92
2.4
1.92
2.4
2.4
0.96
2.88
1.6
1.6
1.76
1.76
2.08
1.76
1.92
2.24
2.24
2.08
1.44
2.08
0.96
2.56
2.56
1.6
2.56
1.6
2.4
0.32
2.4
1.92
1.44
1.6
1.76
1.6
1.76
1.76
1.28
0.64
1.44
1.12
1.76
2.08
1.6
1.12
2.4
1.92
1.44
1.6
1.6
1.76
0.64
0.64
0.64
0.8
1.92
1.12
2.24
1.28
1.28
1.6
0.96
1.12
0.96
0.96
0.96
1.6
0.96
1.12
1.92
2.08
1.44
0.88
1.12
0.96
0.96
2.08
0.64
0.8
0.8
0.48
0.96
1.12
1.6
0.8
0.96
1.12
0.96
0.96
0.8
1.92
1.12
1.12
0.16
1.44
1.44
1.6
1.76
0.8
0.96
0.8
1.44
1.76
2.08
1.36
0.8
1.12
1.76
0.96
0.8
0.32
0.64
1.6
0.64
0.64
1.28
1.92
0.8
1.28
1.12
1.12
0.64
1.76
0.96
0.96
1.12
0.64
1.12
0.64
0.96
1.28
0.48
0.8
0.96
0.8
0.96
0.8
1.28
1.28
1.28
0.48
0.8
0.8
0.96
0.96
0.96
0.8
0.96
1.12
1.12
0.32
0.32
0.64
0.8
0.32
0.64
0.48
0.96
0.96
1.6
0.8
0.48
1.28
0.64
0.64
0.96
0.8
1.12
1.28
0.48
0
0.64
0.96
0.64
0.96
0.32
0.48
0.96
0.8
1.04
1.44
1.28
0.8
0.32
0.8
0.32
0.48
0.48
0.8
0.96
0.64
1.28
0.64
1.28
1.12
2.08
0.96
0.48
0.8
1.76
0.64
1.28
1.6
0.64
0.96
1.12
1.12
2.08
0.96
1.6
1.44
0.96
1.12
1.76
1.6
1.44
0.64
0.96
0.8
1.44
0.96
0.96
1.28
0.32
0.96
1.12
1.92
0.32
1.76
1.6
1.12
1.12
1.6
0.48
0.32
1.6
0.48
1.6
0.96
0.96
1.76
0.64
0.32
0.48
0.8
0.8
0.16
1.6
1.28
0.64
0.64
1.44
1.12
0.48
1.44
0.8
0.96
1.12
0.8
0.96
0.64
0.96
1.12
0.64
0.64
0.8
0.96
1.12
0.48
0.64
0.64
1.12
0.16
1.6
1.28
1.44
2.08
1.28
0.8
0.48
1.28
0.48
0.96
0.32
0.96
1.76
0.8
1.12
0.8
0.8
0.8
0.96
0.8
1.76
1.76
0.96
2.08
1.12
1.44
0.64
0.8
1.76
0.96
0.8
0.96
1.6
2.24
1.28
1.6
1.28
0.96
1.44
1.44
1.44
0.96
1.76
0.8
1.44
0.64
1.44
0.8
0.32
0.8
0.48
1.28
0.96
1.12
0.8
1.76
0.8
0.32
0.48
0.96
0.16
1.28
1.12
0.96
0.32
0.48
1.44
0.48
0.48
0.48
0.96
0.96
1.12
1.12
1.12
0.64
0.64
0.8
0.96
1.28
0.8
0.64
1.6
0
0.48
0.32
0.96
0.48
0.16
1.92
1.28
1.12
1.44
0.88
0.8
0.8
0.8
0.8
0.96
1.28
0.8
1.44
0.8
1.28
0.64
0.96
0.96
1.92
0.64
0.8
1.28
1.44
1.12
1.28
0.96
0.96
1.28
0.8
1.6
1.92
0.8
1.12
1.28
1.44
0.8
0.96
1.6
0.64
1.44
1.28
1.12
2.08
1.6
0.96
1.28
1.44
0.8
1.12
1.44
1.44
0.32
0.48
0.8
1.76
0.96
1.12
0.8
0.96
0.16
1.12
0.96
0.64
0.64
0.96
1.44
0.96
0.72
1.12
0.96
0.64
0.64
0.64
1.12
1.76
0.48
1.12
0.64
0.64
0.8
0.8
0.32
0.32
0.64
1.6
1.12
0.32
0.96
0.8
1.76
0.8
0.48
0.64
0.64
1.28
0.48
1.6
0.8
0.64
0.96
0.48
0.48
0.96
0.48
1.12
0.8
0.64
0.96
1.12
1.12
1.12
0.16
0.64
0.8
1.92
0.64
0.96
0.96
0.8
0.96
1.12
1.12
1.28
0.48
0.32
0.96
0.8
0.32
0.8
0.32
0.64
1.28
0.8
1.12
1.44
0.48
0.64
0.64
0.96
0.64
0.32
0
0.64
0.48
0.96
0.96
0.8
0.64
0.32
0.16
0.48
1.12
0.48
0.64
0.48
0.64
0.48
0.48
0.96
0.8
1.12
0.8
0.8
1.12
0.48
1.12
1.12
0.64
0.16
0.8
0.64
1.12
0.64
1.12
2.24
0.48
1.44
0.96
0.64
0.64
0.48
1.12
0.96
0.48
0.48
0.8
0.96
0.16
0.96
0.8
0.64
0.8
0.48
0.48
0.48
0.48
0.48
0.64
0.64
1.12
0.56
1.28
0.96
0.96
0.8
0.96
1.92
0.48
0.16
0.64
0.96
0.48
0.8
1.28
1.12
0.96
0.64
1.12
0.32
0.32
0.32
0.64
1.28
1.28
1.12
0.96
0.8
0.16
0.96
0.8
0.32
0.96
1.44
1.12
2.4
1.6
1.44
2.88
0.8
0.48
0.16
0.16
2.72
3.52
3.68
2.56
6.4
5.12
5.6
6.08
5.28
4.96
5.6
6.4
2.88
3.04
2.56
3.04
3.52
4.16
3.36
2.4
2.24
2.4
1.92
0.96
0.8
4.96
4.16
1.44
1.44
2.56
4
3.84
3.36
3.2
4
4.8
5.12
5.12
5.12
6.88
3.04
3.36
2.4
2.24
2.88
3.68
6.56
1.92
1.28
0.48
1.44
1.76
2.4
2.56
3.52
2.56
3.04
3.68
3.68
1.92
1.28
2.08
0.96
2.24
0.96
1.92
1.28
1.92
2.88
4.8
1.28
1.92
2.88
2.88
3.04
3.68
2.4
1.76
2.08
3.2
2.72
2.08
2.72
2.08
2.4
2.72
1.92
2.4
4.32
4
2.88
2.24
0.96
1.76
2.56
1.6
1.76
3.68
4.16
4.48
4.64
3.52
5.44
4.96
4.8
3.84
4.16
2.4
1.6
1.6
2.24
1.12
0.96
3.52
2.08
6.88
5.6
4.16
7.04
5.92
2.88
5.44
6.88
6.72
6.4
5.76
6.24
5.76
5.6
6.08
4.48
5.12
3.2
6.08
6.56
4.96
3.84
5.12
3.2
1.6
3.52
3.84
5.92
6.72
6.4
2.08
2.72
4
3.2
2.72
2.56
6.24
5.44
5.6
5.12
4.8
4.96
6.08
6.08
1.92
4.96
3.2
3.68
2.88
1.92
3.2
2.24
4.64
5.76
5.12
3.04
4.32
3.36
5.92
7.2
8.64
7.04
6.88
3.36
2.4
6.72
8.16
4.64
5.6
5.12
4.96
5.12
7.36
3.84
3.04
3.2
5.12
3.84
3.68
5.28
2.72
8
8.96
3.84
11.36
9.6
3.36
3.2
5.28
6.56
5.92
5.44
5.28
4.32
5.6
3.2
3.84
7.04
5.12
7.36
6.88
8.96
4.8
5.92
8.64
6.24
7.2
7.2
5.76
5.28
6.08
5.12
11.52
11.2
10.56
9.44
8
9.28
9.12
13.12
10.4
10.4
5.12
8.8
9.6
10.08
11.84
7.68
7.68
11.2
14.4
15.04
13.44
12
10.24
8.32
9.6
10.24
10.56
10.4
10.56
13.76
7.04
12.32
9.76
10.24
9.28
8.48
8.48
6.4
6.24
9.28
9.6
11.2
10.56
11.68
10.4
10.56
9.92
6.88
5.6
4.64
11.2
8.96
10.88
11.04
10.72
8.64
9.28
8.16
9.44
10.24
6.72
7.2
6.4
8.96
8.16
9.28
10.4
11.36
11.68
6.4
8
9.76
10.88
10.56
8
8.16
12.16
11.68
7.2
11.2
9.12
8.96
8
10.72
9.76
9.92
12.64
10.88
7.68
12.8
10.08
10.4
10.72
12.64
12.32
12.32
11.36
9.44
9.28
6.88
9.12
4.8
6.56
7.2
8.64
8.64
12.8
10.72
8
9.92
10.4
8.48
10.72
14.24
10.88
9.76
9.44
8
9.92
12.48
8.64
8.8
12
9.92
10.56
10.88
9.92
6.4
11.36
10.72
11.36
9.28
8.64
7.2
11.52
10.4
11.04
12.16
11.2
7.84
9.12
11.04
13.92
11.04
12.48
12.8
12.16
8.8
13.6
12.96
14.4
12.48
11.68
11.68
12.96
9.12
12.32
9.92
14.08
11.36
12.96
13.92
13.76
13.12
14.72
13.92
6.56
15.36
11.68
11.52
11.36
9.6
11.36
13.76
13.6
12.64
10.72
13.44
14.56
9.6
13.12
13.92
11.2
13.44
12.32
11.52
8.48
13.92
11.52
13.12
13.28
14.4
13.12
12.96
12.16
11.2
14.08
15.68
15.36
14.4
13.76
13.6
13.92
14.4
12.16
7.84
13.76
12.48
15.68
13.44
13.6
14.4
15.04
12.16
14.24
14.24
14.56
13.28
14.4
10.24
15.04
14.88
12.8
14.56
14.72
6.4
13.76
16.8
14.72
14.72
15.52
14.72
13.12
13.28
15.36
13.12
15.04
15.04
12.48
14.4
15.36
14.4
14.24
14.4
7.52
14.72
11.04
13.28
13.76
10.24
8.48
11.84
14.56
14.24
14.88
14.56
10.24
16.8
14.4
16.64
16.48
16.32
16.96
15.36
6.4
15.52
15.84
14.4
12.8
12.96
16.48
12.8
15.84
12.96
15.2
13.28
14.72
15.68
13.76
14.72
13.6
15.68
14.72
7.84
14.24
15.68
14.56
14.08
16.16
15.36
15.04
14.72
17.28
14.08
16.64
14.72
12.8
15.52
15.2
16.8
13.76
15.2
13.6
7.68
16
14.88
16.16
14.4
12.96
13.6
13.12
13.6
12.96
15.68
13.92
13.28
14.24
14.24
14.08
13.76
14.4
15.52
8.48
13.6
14.24
11.36
14.72
15.84
11.84
12.8
15.84
15.84
13.28
13.76
14.88
10.72
15.2
12.32
15.04
14.24
13.6
12.64
6.08
14.24
14.88
12.8
16.8
13.6
14.24
16.64
16
14.56
15.84
17.28
15.36
15.36
12.96
12.32
14.08
14.24
13.12
6.72
14.88
14.56
9.92
10.72
11.84
15.52
13.76
11.36
10.88
10.08
8.8
9.12
9.44
3.68
4.8
6.24
13.28
2.08
3.52
1.28
2.24
3.04
1.6
1.76
2.08
1.44
2.56
2.4
1.76
3.2
1.92
2.88
2.4
1.6
1.6
1.6
1.6
2.08
1.28
2.88
3.2
2.08
1.44
1.76
2.24
2.24
1.92
2.24
1.76
2.24
2.08
3.52
2.88
2.72
2.56
1.6
3.2
1.92
1.6
2.24
2.24
2.4
2.56
1.28
3.2
2.72
3.04
1.12
3.04
2.4
2.72
2.56
1.44
2.56
1.28
0.8
0.96
1.12
1.6
0.96
0.96
1.6
1.92
1.12
1.6
1.76
1.76
1.44
0.8
1.28
1.12
1.12
1.6
1.12
1.44
2.24
1.6
1.68
1.6
1.28
1.12
1.44
1.76
1.6
1.6
1.28
1.76
1.76
2.24
0.96
2.4
1.52
0.96
1.76
1.6
1.12
2
1.6
2.24
1.76
2.08
1.44
1.28
0.8
0.8
1.44
1.44
1.44
1.12
2.08
1.44
1.44
1.12
0.8
1.44
0.96
0.8
1.92
1.76
0.96
2.4
0.64
0.96
0.8
2.24
2.4
2.24
1.68
1.28
1.28
0.96
0.96
1.28
1.6
1.92
2.56
1.6
0.8
1.44
3.36
1.28
1.12
1.6
1.92
1.76
0.8
0.96
1.6
1.6
1.04
1.92
1.28
1.12
1.6
0.96
1.44
1.76
1.12
1.6
1.92
1.92
1.12
1.28
1.12
0.64
1.28
1.28
1.44
1.92
1.12
1.44
2.08
1.92
1.76
1.12
1.76
1.12
1.44
1.6
1.28
0.96
2.88
0.96
1.44
0.8
2.08
2.08
1.28
0.96
1.28
1.6
1.12
1.28
1.76
2.08
1.28
0.96
1.92
2.24
2.24
1.44
0.96
0.8
1.44
1.12
1.76
0.96
1.28
1.44
2.08
2.08
1.76
1.44
0.96
1.44
1.92
1.6
1.28
1.76
0.96
1.76
1.28
1.28
2.08
1.92
1.12
0.96
0.8
1.28
1.28
1.76
1.44
1.28
1.28
0.8
1.76
1.28
0.96
2.08
1.92
1.28
1.6
1.44
1.76
1.28
1.12
0.32
1.12
1.76
2.08
2.08
1.12
0.96
1.44
1.28
1.28
2.24
1.92
1.12
1.92
1.92
1.6
1.28
0.96
0.48
0.96
1.28
2.24
1.6
1.28
1.28
1.76
0.96
1.6
1.6
1.28
2.24
1.92
1.44
1.6
1.76
1.12
1.6
0.8
1.6
1.28
0.8
1.28
1.44
1.12
1.92
