5.16169
3.52
3.84
4.64
3.84
3.04
4.16
3.52
3.68
4.8
4.92
4.08
3.84
4.32
3.36
2.88
3.52
4.8
3.68
4.48
3.84
6.72
4.48
4.88
3.52
4.48
1.92
4.32
5.12
4.08
3.68
3.68
6.72
3.2
4.8
3.2
5.92
5.6
3.84
6.08
5.6
2.24
3.68
4.16
1.76
3.2
3.36
4.48
3.84
2.72
6.24
3.52
5.12
6.08
3.84
4.32
4.64
5.28
5.12
6.08
5.12
5.28
5.28
1.92
6.72
4.32
6.4
5.28
2.72
5.12
4.96
4.96
4.96
4.32
4.96
4.8
6.24
4.32
4.32
5.28
4.48
4.48
4.32
4.48
5.6
4.96
6.72
5.28
4.96
4.96
6.56
4
5.92
5.44
4.32
5.92
8.8
3.36
5.6
4
3.36
8
4.8
5.6
4.32
3.84
4.16
7.2
3.84
6.16
3.36
4.64
3.04
5.28
4.96
5.76
5.44
4.48
4.32
1.92
4.32
4.48
8
3.68
6.24
3.36
6.72
5.12
6.24
4.48
5.28
6.13333
5.12
6.72
3.36
4.32
6.24
3.68
4.48
5.92
5.44
5.12
5.44
5.28
4.8
5.76
4.64
6.4
7.2
4.8
7.04
4.96
5.12
1.6
6.56
4.32
2.72
5.92
6.88
4.64
5.6
5.06667
5.6
4.48
4.8
4
4.32
5.76
6.24
3.68
3.2
5.28
5.44
4.64
6.4
4.96
4.8
4.96
4.32
6.08
3.52
4.96
5.76
4.8
7.36
5.84
5.6
3.84
4.16
4
4.64
5.6
4.16
5.92
6.08
5.92
4.64
4.48
5.44
5.44
6.56
5.28
6.08
4.48
7.04
6.08
3.04
4.16
5.44
5.28
5.76
4.32
6.4
6.4
5.12
4.32
4.32
4.48
4.96
4.96
5.76
4.32
6.72
5.76
4
6.32
5.44
4.16
5.12
4
4.64
4
4.32
4.96
6.08
6.4
4.56
5.12
4.8
6.24
4.8
5.6
4.8
4.48
4.16
7.52
3.36
5.28
4.32
4.64
6.24
3.36
4.08
4.48
6.88
4
4.48
4.8
4.64
5.6
4.96
6.24
4.32
4
4.32
5.44
4.48
4.16
4.16
5.6
4.48
4
5.6
6.24
5.28
4
6.72
4.64
6.56
4.48
4.48
6.24
2.88
5.28
3.68
5.6
5.76
5.92
5.44
5.12
4
6.72
4
4
4.64
5.6
4
4.32
4.16
4.96
5.12
6.4
3.36
4
4.48
4.48
4.64
4.8
4.8
5.12
4.64
3.36
6.4
5.92
5.6
4
4.96
3.68
4.32
6.08
4
3.2
5.76
4.64
3.84
5.12
4.96
4.48
6.08
4.8
4.96
5.6
4.64
5.12
5.12
5.76
5.12
4.48
5.6
4
5.76
2.24
6.4
5.12
4.16
4.48
4.64
4.8
3.52
7.04
3.2
5.28
4.32
5.12
5.76
5.44
5.76
4.48
4.96
3.36
5.44
4.48
4.16
5.28
4.64
4.48
4.32
6.72
5.12
3.52
4.64
3.04
4.64
3.84
4.32
4.64
3.52
3.36
3.68
3.52
4.16
4.96
4
3.2
4.32
3.2
4.64
4
3.36
3.52
4.8
3.36
4.48
3.2
4.16
5.44
3.2
2.72
4
3.84
4.16
3.36
4.32
3.04
5.44
3.2
3.36
3.84
4
3.84
4.48
3.84
3.2
4.64
3.36
4.8
3.36
2.72
3.36
3.68
3.04
3.84
3.52
3.68
4.16
3.04
3.68
3.36
3.52
3.36
3.84
4.32
3.68
3.52
4
2.72
1.92
3.68
3.36
3.2
3.52
3.04
4
4
4.32
4.16
4.48
4
3.2
3.36
3.2
3.2
4.8
4
3.84
3.84
2.4
4.16
3.52
3.68
3.68
3.52
3.52
3.52
3.68
3.52
3.68
3.36
3.68
4.8
3.36
4.4
3.84
4.48
1.92
3.84
2.72
3.52
3.68
3.2
3.68
4
3.36
3.36
3.68
4
3.84
2.88
3.2
3.52
4.64
3.2
3.84
2.56
1.6
3.36
3.52
3.04
4.16
3.2
4
3.84
3.04
4
4.32
3.04
3.68
3.68
3.36
4.96
3.84
3.52
3.36
1.76
4.64
4.8
3.84
2.88
3.36
3.84
4
3.52
3.84
2.72
3.68
4
3.68
4
2.72
3.68
3.36
5.44
2.88
2.08
3.36
3.52
4.64
4.32
4.48
3.68
3.68
2.56
3.68
3.36
3.04
3.52
4
4.32
3.52
3.36
3.84
3.04
3.44
4
4.16
3.36
5.28
4.64
4.16
2.72
4
3.68
3.36
3.2
3.68
3.84
3.84
4
2.4
3.84
3.84
1.6
3.78667
4.32
3.68
2.4
4
5.12
3.68
3.04
4.16
3.84
4.32
3.68
3.68
3.68
3.2
4.32
3.78667
4.16
3.84
3.52
4
3.04
3.84
3.36
3.52
3.52
3.68
3.68
3.68
3.52
4
4.16
1.92
4
4.16
4.32
3.52
4
3.88
3.68
4.16
3.84
3.84
4.8
3.52
4
4.48
4.32
2.08
3.64
3.2
4
3.84
3.52
3.2
3.68
4.48
2.72
3.36
4.96
3.2
3.68
3.2
3.25333
2.4
4.21333
3.68
3.52
4.16
3.36
3.2
4
3.84
4.8
3.04
3.84
4.32
3.84
4
1.44
2.88
3.04
3.68
3.68
4
3.36
3.76
3.36
3.68
3.68
4.48
3.84
3.68
3.52
3.36
4.32
3.68
4.32
2.08
3.2
3.52
3.2
3.68
2.56
4
3.36
3.2
3.52
3.2
3.2
3.84
3.52
3.52
3.04
3.52
3.84
2.24
3.36
3.52
4.48
3.52
4
3.68
3.04
4.16
3.68
3.36
3.68
3.68
4.16
3.04
3.2
3.04
4.16
3.36
4
2.4
2.88
3.36
4
4
3.2
4.16
3.84
4.16
4.64
4
4.64
4
3.52
3.2
3.84
3.52
3.52
4.64
2.4
4.64
4.16
3.52
4.32
3.84
3.84
4.16
3.84
3.04
3.68
4
4
2.88
4.16
3.68
4.8
4.64
2.88
4.32
1.6
3.2
3.2
3.84
3.36
3.04
4
3.68
4.16
3.36
4
3.2
3.36
3.36
4.96
4.48
2.4
3.84
3.68
2.24
4.32
3.68
4
3.36
3.04
3.52
3.52
4.16
3.36
3.68
3.84
4.96
3.2
4.16
3.36
2.72
4.48
4.16
4.32
1.76
4
4.16
4.48
4
4
3.68
3.36
4.48
3.2
3.84
3.52
3.36
4.32
3.2
4.16
4
3.04
3.84
3.04
4
4.48
3.2
3.84
3.52
4
3.68
3.84
4.32
3.52
4.16
4.32
3.52
3.52
4
4.96
4
5.12
4.32
2.24
4.8
3.68
5.28
4.16
4.8
3.36
3.52
3.84
3.52
4
4.16
4.96
4.64
4.16
5.28
4.48
4.8
4.96
2.24
3.84
4.64
4.96
4.96
4.32
3.84
3.2
3.68
4.16
4.16
5.28
5.44
4.48
5.44
4
4.96
4.48
4.8
4.16
3.2
3.36
4.8
3.68
4.8
3.76
2.88
3.92
4.16
4.48
4.64
4.64
3.52
3.2
3.2
4.64
3.36
2.24
3.52
5.12
3.84
4.32
5.12
3.68
4.32
4
4
3.84
4.48
4.16
3.36
4.48
4.8
3.84
4.48
4.48
3.68
2.24
3.2
3.2
4.16
3.52
4.32
3.52
4.64
3.2
5.28
4.96
4.48
4.16
4.32
4.16
3.52
4.32
3.52
3.36
2.4
4.48
3.84
4.16
4.32
2.72
4
5.44
4.16
3.52
4.32
4.32
4.48
5.12
3.84
4.8
4.4
3.2
4.48
4.16
4.48
2.56
3.84
3.68
4.16
5.6
4.64
3.52
5.28
4.8
3.68
5.28
5.12
2.56
3.84
4.96
3.52
5.12
4.96
5.76
2.72
4.48
5.44
6.08
5.6
5.12
4.96
5.44
4.96
5.44
4.8
5.28
4.56
5.28
5.44
5.28
5.6
5.28
5.6
5.28
5.76
5.44
6.4
5.28
5.12
5.28
6.88
4.32
4.64
5.92
5.12
3.2
5.6
4.64
4.96
4.88
4.16
5.44
4.24
4.96
4.8
5.44
4.96
4.32
3.68
4.64
5.44
6.56
5.28
5.28
5.12
5.28
5.28
5.6
4.96
4.8
4.96
4.32
5.6
5.28
4
5.44
2.72
4.8
4.64
4.32
5.44
4.86857
2.08
1.76
6.24
6.08
6.08
5.44
5.12
6.24
2.88
5.6
5.6
4.96
5.76
4.8
6.08
5.12
5.6
5.24
5.76
5.76
6.08
4.96
5.76
5.28
3.04
5.44
6.56
5.44
4.96
5.28
5.44
5.44
5.92
4.96
6.24
5.6
4.64
5.76
6.24
4.96
5.6
5.12
2.72
4.64
4.16
5.12
5.12
5.44
5.28
5.44
5.28
5.44
5.12
5.76
5.76
5.76
5.44
4.64
5.12
5.6
4.8
2.88
6.4
5.12
5.44
5.28
6.72
4.64
5.6
5.28
5.28
4.96
6.4
5.92
5.44
6.08
4.8
5.44
5.6
4.56
4.64
6.08
4.48
5.76
5.44
5.6
5.6
5.28
6.24
6.08
6.08
4.96
4.8
5.44
5.76
6.4
5.76
5.76
3.52
5.6
5.28
4.8
4.32
5.92
4.96
5.12
6.4
5.44
5.6
6.4
4.48
5.6
5.44
5.92
5.28
4.32
6.4
4.48
3.2
6.24
4.8
4.96
4.48
4.48
5.28
4.64
4.48
5.6
4.64
5.28
4.48
4.64
4.16
4.16
4.16
4.16
3.84
2.72
4.8
4.48
3.84
4.8
3.84
5.28
5.12
5.92
3.52
4.64
3.52
5.2
4
3.52
5.6
4.64
5.28
5.12
3.2
4.48
5.76
4.48
5.28
5.12
5.28
4.64
4.8
3.52
5.28
4.8
5.28
5.92
5.44
3.52
4.48
4
4.96
3.04
4.8
5.76
5.12
5.44
3.84
5.12
5.28
2.88
4
4
3.52
4.64
4.16
3.52
4.32
4.64
4.8
4.96
2.4
4.48
3.04
5.12
4.32
4
4.8
4.8
4.48
3.68
5.6
3.36
4.16
4.16
4
4.13333
4.48
4
3.84
4.96
5.6
6.08
4.96
4.96
5.12
5.44
4
4.32
4.48
5.76
5.12
4.8
3.52
1.92
5.28
5.76
5.44
4.32
4.48
5.12
4.64
4.32
5.28
5.76
3.84
4.96
4.37333
2.56
4.96
5.92
4.96
4.8
5.12
3.52
5.12
4.8
6.56
5.44
4.16
4.24
4.64
5.76
4.64
4.48
5.92
5.28
2.72
4.32
4
4.16
4.16
4.96
5.6
4.32
5.12
3.84
4.56
4.8
6.24
3.84
5.12
5.12
1.92
4.64
4.96
3.68
5.28
4.8
5.28
4.16
4.8
3.84
3.68
3.52
4.8
5.28
3.2
4.48
4.64
5.12
5.6
3.6
4.32
5.44
4.32
5.28
4
3.84
4.8
4.16
4.72
3.84
4.64
3.6
4.64
4.8
4.64
2.56
4.16
3.84
4.8
3.68
4.24
5.28
4.32
4.64
4.48
7.2
5.6
4.96
4
4.48
3.2
4.8
4.32
4.96
2.24
4.8
4.8
4.64
4.64
5.12
4.64
4.8
4.16
4.16
4.8
5.12
4.96
3.84
3.36
4.8
5.12
2.08
4.48
4.16
3.84
4.24
4.8
5.6
5.92
4.48
4.32
5.6
4
5.28
4.32
5.76
4.48
5.76
3.68
3.6
5.28
4.16
5.6
4.32
4.64
4.32
4.8
5.12
4.8
5.76
5.12
4.48
4
3.2
4
4.64
2.56
4.64
4.64
4.48
4.8
5.6
3.68
3.2
4.16
4.72
5.44
5.44
5.44
5.12
4.96
4
4.32
4.96
3.68
2.72
5.76
4.16
4.16
3.52
5.36
3.68
4.32
5.44
4
4.8
3.52
4.48
4
5.28
5.44
5.76
3.2
2.4
3.68
4.48
5.12
5.92
4.32
4.8
5.12
3.68
4.8
4.96
4.16
3.84
4.64
6.72
4.16
5.44
4.48
3.52
3.68
3.52
4.16
3.84
2.72
5.28
4.96
4.48
4.48
3.52
5.28
3.2
3.52
3.84
4.16
5.12
5.6
4.32
3.2
4.8
4.48
4.64
4.8
5.12
3.68
6.08
5.12
5.6
4.48
3.84
4.64
4.72
3.84
3.84
4
4
3.68
2.88
2.88
3.84
4.16
3.68
4.96
4.32
4.64
3.2
2.88
5.12
6.24
4.48
4
4.48
4.96
3.68
4.16
4.8
3.04
4.32
4.8
3.04
5.76
4.32
3.52
5.44
3.84
3.68
3.68
4.16
4.48
3.68
4.64
4.8
3.52
3.68
4.8
4.64
2.56
4.48
3.68
4.96
5.12
3.68
5.12
3.52
3.84
3.36
4.96
3.84
3.2
4.64
3.68
4.64
4.32
3.2
3.68
2.24
4.16
4
4.16
4.64
3.68
4.8
4
4.48
4.8
3.2
3.2
3.68
4.8
3.84
4.48
3.36
3.68
3.52
4.16
2.88
4.32
2.56
4.16
4.16
3.52
3.04
4.16
4
4.32
4
4
3.84
5.6
4.32
4
3.52
3.52
4.16
2.24
5.6
4.32
4
4.48
4.32
4.96
3.84
4.16
3.52
4.16
5.12
2.72
3.68
3.52
4.16
3.68
3.68
3.84
3.68
2.48
3.36
4
4.8
3.36
3.36
3.84
4.32
4.16
4.32
3.52
3.36
5.12
2.88
3.36
4.48
3.68
2.24
4.32
5.12
2.56
3.84
3.84
4
4.48
3.36
3.52
3.68
4.16
4
1.12
2.08
3.84
4.8
3.68
3.84
2.24
3.2
3.2
4
4.16
4
3.76
4.16
3.84
5.28
3.68
4.16
3.36
4.32
3.84
3.68
3.68
4.8
2.56
3.36
3.2
3.84
2.56
4.64
4.8
3.2
4
3.04
4.32
4.16
3.52
3.68
3.2
4.16
4.32
3.52
4.64
3.36
4
3.2
2.88
3.36
3.68
3.68
2.88
2.4
4.48
3.52
3.36
3.52
4.16
3.68
3.04
3.68
3.84
3.36
2.24
3.36
3.68
2.88
3.04
2.72
3.68
4
4.48
3.36
4
4
3.68
3.36
4.16
3.52
3.68
3.36
3.52
4.16
1.76
3.04
4.16
4
3.52
4.32
4.32
3.2
4.32
3.2
4.16
3.68
4.8
3.2
4.16
3.68
4.48
3.6
2.24
3.36
3.52
4.32
3.68
3.52
4
4.64
3.2
4
4
4.64
4.64
3.2
4.48
4
4.8
4
3.68
5.76
2.4
4.16
4.48
4.8
5.28
4.32
3.36
4.32
3.68
4.8
4.16
3.36
3.84
3.84
4.8
4.32
4.32
4.48
3.52
3.2
3.84
4.48
3.2
5.6
4.96
4.16
5.28
4.16
4.16
5.6
6.08
4.16
4.32
2.88
3.84
4.16
4.96
4.48
2.72
3.84
3.04
5.12
3.36
4.64
4.64
4.96
4.64
4.32
3.04
3.84
5.12
4.64
3.36
3.52
4.48
4.8
3.04
2.72
4
3.52
4.96
4.64
3.84
3.52
4.32
4.16
3.68
4
3.36
3.84
4.48
3.36
3.68
4.32
4.96
4.16
5.6
2.4
3.84
3.04
4
4.16
2.88
4.16
4.32
4.8
3.52
4
4.96
5.12
4.96
3.68
4.16
5.12
2.72
3.84
2.88
4.8
5.6
4.8
3.68
4.32
4.48
4.96
5.28
4
4.8
4.16
5.28
7.2
5.04
5.2
5.44
4
3.68
3.84
6.08
5.6
6.4
5.76
5.28
5.28
4.96
5.44
6.56
3.2
5.44
5.28
4.96
5.28
3.2
4.96
5.6
5.44
5.6
4
5.44
5.76
5.92
4.96
4.8
5.44
5.6
5.76
5.76
5.28
5.6
3.04
5.92
5.12
5.76
6.24
5.28
5.76
5.76
4.8
3.36
6.24
4
4.96
4.96
5.28
5.76
4.96
4.48
4.28
5.6
5.76
5.12
5.12
4.8
4.48
4.64
5.44
5.44
4.96
4.8
3.68
2.08
5.44
5.12
6.24
5.6
5.28
5.76
5.28
5.6
5.92
5.76
5.6
6.08
5.44
5.6
4.64
5.92
4.32
6.08
6.08
6.4
5.76
6.4
5.28
5.84
6.08
5.92
5.92
5.28
6.08
5.6
6
5.12
5.92
5.6
2.56
6.24
5.76
5.28
5.12
6.24
6.16
6.24
5.76
6.24
5.12
5.6
5.76
5.92
5.76
5.44
5.12
3.2
6.4
5.76
4.8
6.88
6.56
6.08
6.56
5.12
6.24
6.08
6.56
6.24
5.6
6.24
5.28
5.44
6.56
5.76
6.24
3.04
5.28
6.88
5.76
7.04
6.24
6.08
5.44
5.76
4.64
6.08
5.28
5.92
6.24
6.24
5.76
5.92
5.44
2.88
6.72
5.92
5.44
6.72
6.72
5.6
6.08
5.6
6.08
6.24
6.24
5.12
5.92
6.56
6.08
6.56
5.44
7.2
6.24
3.2
5.92
5.44
5.6
6.4
6.4
5.28
5.12
4.16
7.04
6.72
6.4
4.8
5.76
5.6
6.08
6.72
4.64
6.4
3.84
6.24
5.6
5.12
4.96
5.12
6.24
6.72
4.8
4.8
4.8
5.92
5.92
5.76
5.28
4.48
4.48
4.32
3.68
4.64
2.4
5.44
6.56
5.12
5.44
5.28
5.44
6.4
6.88
6.56
5.6
6.4
4.64
5.12
4.96
6.88
4.32
4.96
4.64
3.52
5.6
4.32
6.08
3.36
4.8
4.16
6.56
5.12
6.24
5.44
3.2
4.16
4.32
6.56
4.96
4.32
4.8
4.8
6.88
2.88
5.76
5.28
5.44
4.16
5.76
4.64
3.68
5.44
4.8
4.48
4.8
4.48
4.8
4.32
4.48
4.48
4.16
3.84
2.88
4.48
3.84
4.48
4.8
4.48
5.44
3.2
4
4.64
4.64
4.32
4.32
4.48
5.12
4.16
4.8
4.32
4.8
3.68
3.52
4.16
3.52
4.48
4.8
4.48
4.64
3.84
3.84
4
3.36
4.16
4.32
4.8
4.16
3.84
4.32
4.32
4.16
3.04
4
4.64
4
3.84
5.12
3.68
4.8
4.16
3.68
4
3.84
3.68
3.52
3.04
3.52
2.56
2.72
2.88
2.56
2.4
4
2.72
3.2
2.24
4.16
3.52
3.68
3.52
3.04
3.68
3.2
3.84
2.88
2.88
3.52
3.52
4
3.2
2.4
4.32
2.88
4
3.2
3.36
4
4.48
3.84
2.72
3.52
3.2
2.72
3.2
3.52
3.68
3.84
3.84
4
3.04
3.68
3.36
3.52
4.8
3.68
3.36
3.84
3.68
3.52
4.48
3.52
3.84
2.56
2.88
2.56
3.04
2.4
3.04
4
1.76
3.2
3.04
3.36
3.2
3.2
3.2
3.36
3.36
4.64
2.72
3.52
2.4
3.2
3.68
2.88
4
3.2
3.2
2.24
2.72
4
2.24
4
3.2
3.52
2.88
3.68
3.36
4.48
2.4
3.84
3.68
3.52
3.04
2.72
3.2
4.16
2.4
1.92
2.56
3.84
3.68
3.68
3.68
3.84
4
2.88
4.64
4.32
3.84
2.24
2.56
2.4
1.76
2.88
2.88
2.08
3.04
2.08
2.56
2.72
2.24
2.72
3.36
2.4
1.76
2.08
2.56
2.72
1.92
1.76
2.4
3.68
2.4
2.24
3.68
3.36
2.08
3.52
2.4
3.2
1.92
2.08
3.36
2.24
3.2
2.56
2.88
3.84
3.2
3.68
3.68
5.12
5.92
4.64
5.6
4.32
2.56
5.6
4.96
4.8
4.32
5.6
4.8
4.72
5.28
5.44
6.08
5.28
3.84
5.44
6.56
2.4
4.8
5.92
5.6
4.48
4.64
5.12
4.16
6.4
5.12
6.4
3.84
4.64
4.48
4.64
6.56
5.28
4.64
3.68
4.64
4.48
5.28
5.6
5.12
5.76
4.16
5.12
3.68
5.12
5.6
5.28
3.36
5.44
4.8
5.6
6.56
5.28
4.8
4.96
3.2
5.76
5.44
3.52
4.8
5.6
5.44
4.96
3.2
5.44
5.6
4.16
3.52
5.12
4.48
5.12
6.88
4.48
4.32
4.32
2.88
4.48
4.16
3.52
5.12
4.8
3.68
4.48
5.28
4.8
4.64
5.28
4.96
4.64
4.8
4.96
5.12
4
3.84
2.24
5.92
3.84
4
5.28
5.12
3.68
4.48
5.28
4.64
5.04
4.32
5.12
4.96
4.64
4.16
5.44
4.48
4.8
2.88
4.96
3.36
4.64
4.96
3.52
4.64
4
4.64
4.32
4.32
5.44
4.16
4.16
4.16
3.68
4
5.44
5.28
1.6
5.12
4.32
2.88
4
4.96
4.16
5.44
4.96
4.64
5.12
4
3.68
3.52
3.84
3.36
4.16
4.96
2.88
4.48
2.24
4.8
6.08
4.48
4.16
5.12
4.64
4.64
4.8
5.44
4.8
4
4
3.52
4.48
5.12
4.48
4.64
4.8
2.4
5.44
3.68
4
4.8
4.32
5.12
4.32
4.64
4.16
5.12
4
5.28
4.88
4.8
4.32
3.84
4.64
4
2.08
4.48
4.32
4.16
6.56
3.84
4.96
4.32
4
3.52
4.16
3.84
3.84
4
4
3.36
3.68
4.32
4.16
2.4
3.84
2.88
4.16
4
3.36
5.28
4.16
4
4.64
3.68
4.16
4.32
4.64
5.28
4.32
5.12
4.64
4
4.64
2.56
5.12
3.36
5.6
4.48
3.68
4.32
6.56
4.32
4.48
3.84
4.32
4.8
3.36
4.8
4.64
5.28
4.96
4.48
3.84
3.36
4.96
4
4
4.64
4.8
5.28
6.24
4
3.2
4.16
3.52
3.68
4.8
3.84
4.64
4.8
3.84
5.6
2.72
3.68
4.32
3.68
4.8
4.48
3.04
3.2
4.48
4.64
4.32
4.16
6.08
5.12
3.84
4.32
4.8
2.72
3.2
2.24
5.28
4.64
3.2
2.88
2.4
2.72
2.4
6.24
4.8
3.84
4.48
4.32
5.6
5.12
3.68
4.16
3.2
2.72
3.68
3.04
4.64
5.6
5.28
5.76
6.56
5.76
4.8
4.48
5.92
4.96
5.12
5.76
4.64
4.64
5.12
6.08
7.2
4.16
2.72
7.04
6.88
7.12
4.32
5.44
4.8
7.68
5.28
4.64
4.64
4.64
4.96
5.6
6.88
5.92
4.64
4.32
4.64
3.2
4.8
4.64
6.08
3.2
4.8
5.92
5.6
4
5.28
4
3.84
3.36
4.32
5.76
5.12
4.16
2.56
3.68
6.88
7.36
4.96
3.04
3.44
6.24
5.28
6.56
8.64
7.04
10.72
10.56
9.12
9.76
7.04
6.24
8.64
7.68
4.64
6.72
10.24
8.16
11.36
9.76
8.32
4.8
13.92
10.56
7.2
12
10.72
8.16
11.36
9.76
9.76
10.08
8.8
3.68
7.36
8.48
6.72
8.16
6.72
10.24
5.44
9.76
10.24
8.64
4.64
7.84
5.6
4.96
4.64
7.84
8.48
7.68
7.04
5.76
8
8.8
9.44
11.84
10.56
11.68
11.36
6.88
10.72
10.88
8.96
11.68
12.16
9.92
8.48
6.88
11.52
11.84
4.16
13.28
9.6
9.92
6.56
12
10.72
14.56
7.68
14.4
10.56
16
11.04
12.64
12.96
15.2
14.72
15.2
15.52
13.12
9.28
14.56
15.04
11.04
15.84
14.72
8.48
12.8
10.4
10.08
10.56
8.48
9.6
10.24
13.28
8.32
6.24
11.52
9.76
7.2
11.04
8.8
8.48
10.4
8.64
15.84
15.2
7.84
15.68
11.2
12.32
14.4
13.28
5.6
11.04
10.88
10.56
7.68
7.84
7.04
10.24
8.48
8.96
9.28
10.08
9.44
8.32
10.72
10.4
8.32
12.64
12.32
8.48
11.2
13.44
13.6
9.92
12.32
7.04
9.6
11.68
10.08
9.44
8.64
6.08
5.76
4.96
5.28
5.6
5.28
6.4
9.12
5.76
5.44
5.12
5.12
5.76
6.24
3.84
5.12
6.72
7.36
7.2
8.16
8.64
9.6
7.2
7.52
8.64
12.48
10.88
7.84
7.84
5.76
10.08
11.68
8.64
4.64
13.44
8.48
11.04
8.96
11.68
12.48
8.48
12.32
9.28
9.6
12.32
8.96
11.84
16.16
15.84
15.2
14.24
14.08
13.44
6.56
13.92
16.8
14.4
12.48
17.12
14.24
14.4
13.76
16
12.96
12
14.24
10.08
13.28
9.44
12.8
14.56
10.72
5.92
8.48
12.96
12.8
6.56
4.48
4.64
6.4
7.04
4.48
4.8
6.24
3.36
4.32
4.48
5.12
5.76
4
3.84
3.04
4
5.44
7.36
7.36
4
3.84
5.12
3.84
4.48
4.8
3.68
5.76
6.24
5.12
6.56
5.76
7.04
5.92
5.84
6.72
6.72
6.88
8.96
5.6
3.04
3.52
4.16
3.52
5.44
4.8
5.12
4.16
8
10.4
11.52
10.24
8
4.96
8.64
10.72
4.48
3.68
5.12
3.68
3.52
3.84
4
4.8
5.12
6.4
7.36
6.72
6.56
4.16
7.52
5.28
1.92
10.72
10.72
9.28
5.44
15.36
8.16
13.92
9.28
13.6
11.52
13.76
9.76
14.08
13.12
14.72
16.48
14.08
13.44
15.52
8.64
17.12
18.72
12.32
14.4
11.04
6.72
8
13.12
8
9.92
9.6
7.52
10.88
10.4
7.52
5.28
6.72
7.04
8
7.36
12
10.24
9.76
13.12
9.76
11.04
9.92
7.36
10.56
13.6
13.92
8
9.12
11.36
11.36
11.04
7.52
12.16
3.2
10.88
10.4
7.68
12.16
7.52
11.92
9.92
10.24
13.28
10.4
11.2
13.92
8.32
8.32
9.28
11.68
5.6
5.92
11.68
8.96
10.72
9.92
11.68
6.88
7.84
13.28
13.76
11.36
8.96
16
10.4
11.04
18.72
15.36
16.16
16
14.24
9.28
18.08
18.4
16.32
14.24
12
15.52
12.96
16.16
16.48
14.08
10.56
9.92
10.08
11.36
11.84
10.88
8.96
13.6
4.48
12.64
12.96
14.4
17.6
19.04
18.88
19.2
16.32
17.12
16
16.64
15.84
16.32
8.96
14.24
11.2
8.96
13.52
7.2
10.56
13.28
12.64
12.8
12.8
10.56
9.76
9.92
7.36
12.32
7.68
9.28
7.36
8.64
10.4
8.8
10.4
14.4
6.72
15.04
13.92
13.92
17.44
13.6
13.44
11.84
11.52
11.68
8.16
9.76
9.76
17.28
10
8
9.52
7.36
4.8
8.96
15.04
15.84
12
9.6
7.36
11.04
9.12
8
8.64
8.48
9.44
8.48
9.76
8.8
8.8
7.36
8.48
8.72
9.76
8.96
9.12
10.88
10.24
12.32
9.12
10.4
8.8
8.8
8.48
8.96
9.28
10.56
7.52
4
8.64
9.6
11.04
8.16
9.44
14.88
16.8
14.08
14.88
17.12
16.32
16.8
15.84
16.16
17.28
8.32
16.8
18.4
17.8667
18.24
18.56
17.92
18.16
19.2
10.96
4.32
3.04
3.68
3.52
3.52
3.2
3.68
4.8
3.84
3.04
4.32
3.44
4.32
3.04
3.04
3.84
3.52
2.88
4
3.2
3.84
3.68
3.52
2.56
4.16
3.36
4.8
3.36
3.52
3.04
4.48
4.96
4
3.36
3.12
4.96
3.36
3.36
4.16
3.52
3.36
2.08
2.88
3.36
3.84
2.88
3.04
3.52
2.88
3.52
4.32
3.2
3.2
3.52
4.16
2.88
3.68
4.8
3.84
3.52
3.2
4.16
3.2
4.32
3.04
4.16
3.36
3.68
4.64
4.48
4.96
4.48
3.68
5.28
6.24
10.72
8.64
9.12
8.32
6.72
3.68
5.92
7.36
7.84
6.08
7.68
6.24
5.28
8.32
7.36
7.84
12.16
14.24
13.92
12
12.48
14.56
7.68
17.12
8.96
16.96
13.92
17.28
17.6
14.56
15.52
16.8
17.28
18.24
17.76
16.32
16.16
16
14.4
12.64
12.64
15.2
15.52
12.8
9.28
12.48
12.8
16.64
16.8
11.84
11.52
8.48
15.04
16.96
17.12
19.2
12.48
12.64
10.24
11.1741
7.84
7.52
7.52
8.16
8.48
6.88
4.16
7.52
8.64
9.44
8.96
14.24
14.72
9.6
7.36
7.2
8.64
7.68
8.48
8
7.68
10.4
14.56
14.08
10.72
4.96
9.76
10.72
13.76
16
8.32
13.76
8.32
13.6
14.92
16.8
13.76
17.6
18.4
15.52
18.56
9.6
18.88
17.6
18.24
18.56
18.88
17.92
15.36
15.68
18.24
14.56
16.16
15.36
12.96
15.2
11.84
12.32
13.76
9.28
12.16
5.92
7.84
4
4.16
4
2.4
4.32
4.64
4.32
4.48
5.28
4.64
6.24
5.76
12.48
10.72
8.32
3.68
8
4.48
5.12
4.32
4.32
4.16
3.52
4.64
3.52
6.08
3.2
3.36
4.64
3.84
4.72
3.04
4.48
4.96
4.32
4.8
4.96
4.64
15.0926
16.3886
14.08
15.9867
6.72
15.68
11.84
15.52
16.32
17.3333
19.2
17.357
16.5333
16.5459
16.6
17.1733
17.152
16.16
7.04
14.9333
18.1867
15.04
9.92
15.2267
18.72
17.52
16.48
17.28
13.8933
18.88
19.2
12.32
18.3467
18.4
15.8982
8.64
15.2
14.08
15.68
15.36
9.888
9.6
11.04
9.76
6.08
9.92
8.64
8.64
8.96
9.6
7.04
7.2
8.16
6.88
8.48
9.76
8.64
8.96
6.13333
6.02667
10.32
5.51652
5.12
7.04
4.8
4.64
4.96
8.96
4.16
5.28
6.72
4.96
4.48
7.52
9.76
8.48
13.44
5.504
3.84
3.04
8.56
9.44
7.36
9.12
8.16
8.8
8.2
7.36
8.64
4.64
3.15429
4.8
2.72
3.2
4.16
3.36
4.16
4.8
3.52
4
5.6
3.52
4.32
4.48
2.24
2
2.72
2.56
2.24
3.52
3.68
2.4
2.08
2.88
3.36
4.16
4
2.4
1.92
2.24
2.56
3.04
2.24
3.04
1.6
2.56
3.68
2.4
4.64
2.08
2.56
3.2
3.2
2.56
2.72
1.92
3.84
2.72
2.24
3.2
3.2
3.68
3.84
2.24
1.76
2.72
2.24
1.92
2.4
1.76
2.56
2.72
1.6
2.08
3.52
2.72
3.52
1.44
2.72
2.72
2.24
2.56
2.56
3.04
3.04
2.88
2.24
1.6
2.72
2.72
3.36
3.2
2.56
2.56
2.56
3.68
1.12
1.76
2.01432
1.88
2
2.16
2.08
1.76
2.13333
2.18667
0.32
1.84
1.86667
1.38667
1.81333
2.32
1.88
2.08
2.4
2.08
1.86667
2.08
1.65333
1.8
1.92
1.952
2.02667
2.34667
1.81333
1.97333
2.4
2.45333
1.76
1.6
1.84
1.92
1.6
2.08
2.56
1.76
2.16
2.24
1.68
1.92
1.6
2.32
2.24
3.68
1.44
2.72
2.56
2.4
3.2
2.32
1.44
1.28
1.44
1.12
2.72
2.24
1.92
2.08
1.76
1.76
1.76
1.44
2.24
2.56
2.56
2.08
1.76
0.96
1.12
2.08
1.28
2.24
3.2
1.76
2.08
2.24
1.92
2.56
0.8
1.6
2.24
1.92
2.56
2.24
1.92
1.28
1.6
1.12
2.56
1.92
3.2
1.76
1.76
2.08
1.76
2.08
2.4
0.64
2.24
1.44
2.4
2.08
1.92
1.6
1.76
2.08
1.92
2.77333
1.6
1.76
1.44
2.72
2.24
2.72
2.4
1.76
2.88
2.08
2.56
2.16
2.24
4
2.32
1.6
1.92
2.24
2.08
1.12
2.56
1.28
2.08
2.4
2.72
1.76
2.24
1.92
2.24
2.08
2.72
1.44
1.92
1.6
2.24
2.96
2.88
0.96
3.12
1.92
1.76
2.08
1.92
1.44
2.4
1.92
2.08
2.16
1.76
3.04
1.6
2.24
1.6
2.72
2.4
1.92
1.52
1.28
2.08
2.72
1.28
2.24
1.76
2.72
2.4
2.08
1.76
3.04
2.72
2.24
1.6
2.24
1.28
1.12
1.76
2.08
2.08
1.92
2.56
1.76
3.36
3.04
2.56
2.24
3.04
1.68
2.4
3.68
2.4
1.28
