0
50000
0
0
0
2004
0
0
996
1002
0
0
0
0
822
0
1177
0
0
0
728
1
0
0
0
0
0
1
1274
0
0
0
0
0
0
0
0
0
0
802
203
0
0
0
0
0
0
990
0
0
0
0
0
0
1007
0
0
0
0
0
0
999
0
999
998
1003
1000
1000
997
999
1000
4998
4000
1000
2001
999
0
1000
0
0
0
1001
0
1002
0
998
0
0
596
1003
0
1000
1001
1000
997
1004
61
996
790
994
1004
1000
998
999
1998
1000
1002
0
3998
1000
0
1001
571
430
999
0
1
1002
998
1001
0
1000
1000
1000
1002
1001
1001
2995
0
1000
1004
0
998
1000
999
443
1000
1001
2998
1000
0
409
139
765
1004
0
999
3997
1000
0
1000
1104
896
1001
1999
0
1000
0
1001
0
1000
1001
1000
1002
666
1045
1000
1001
999
984
18
2998
1000
0
1001
0
1003
1001
604
772
994
1001
1001
998
1000
1002
998
691
315
2002
2998
1000
0
1000
0
1002
0
999
0
1001
2000
998
1000
1002
0
999
3999
781
221
0
999
2000
999
1001
788
1
211
1001
0
188
1003
0
1000
295
997
1000
1004
999
1002
0
1000
261
211
794
1003
0
1000
1001
1002
591
749
997
1004
998
1000
1000
999
999
1000
1001
999
1000
8999
5000
0
1000
2000
1000
823
1177
5000
0
241
761
0
0
998
0
0
1002
0
1999
999
0
1001
609
1391
0
0
0
999
0
1004
999
0
0
997
0
0
1004
3996
1
999
0
0
1002
0
1001
2333
664
1000
1001
0
663
714
287
1001
0
1002
999
334
999
1001
1998
0
564
51
66
999
1002
1000
1001
1000
999
1000
1000
1000
1001
998
188
994
1005
999
1002
998
1000
999
999
998
11000
4000
2001
0
999
5000
2000
1000
0
1001
0
1001
0
0
1000
0
0
0
0
337
668
0
0
0
993
0
926
78
1744
252
1000
0
0
1001
2999
1000
0
1
999
0
4000
0
0
0
1000
0
1004
0
1000
998
2998
1000
989
11
2001
999
733
207
725
540
394
234
413
589
745
2620
1175
94
1112
999
1000
1001
0
527
474
999
248
2996
0
1000
1001
999
805
197
998
1001
1001
819
296
997
1003
999
784
992
1002
515
1002
0
1002
999
1000
1002
148
993
852
1008
0
999
998
1002
1000
998
1000
1000
996
1001
1000
1003
530
998
1001
1002
999
1001
1003
996
1002
999
999
999
1000
1002
998
999
1000
1004
998
999
1000
1000
999
1002
998
1000
1000
1001
998
1000
1001
999
1
433
490
517
568
641
1005
0
1002
999
998
1002
998
1001
1000
998
999
707
994
1002
1002
999
1001
999
999
999
1000
1002
999
1001
999
1001
1000
1002
997
1000
1000
116
1003
0
911
1003
0
1002
1000
997
1001
1000
999
1001
76
482
342
1001
0
1003
1000
999
999
731
1001
0
1001
1001
1000
491
996
541
235
1002
0
349
995
703
519
1002
0
1003
1002
998
999
1000
999
1000
1001
998
1001
531
353
998
1005
998
1002
998
1001
999
1001
999
1002
999
1001
1000
1000
999
1002
999
1039
0
1001
1003
1000
1000
1001
1000
1018
437
184
996
1006
717
987
1005
1000
999
1001
999
1000
1000
1001
999
1000
1001
999
998
998
1000
1000
813
1001
0
1002
0
1000
1000
1002
999
1000
1000
1000
999
1001
684
993
1001
1001
1000
1000
999
1000
1001
1002
996
905
996
1003
999
998
1001
1002
998
253
1005
0
1000
1000
1000
1000
999
1002
1000
1000
1001
1000
1002
998
1002
999
999
999
1000
1001
1000
1000
1000
999
999
1001
998
1000
999
1001
997
1003
999
1001
1000
1001
998
1001
1001
1000
999
1002
998
1000
1000
1000
999
1000
1002
998
999
1000
1001
1000
999
1001
999
1001
1001
1000
999
1002
998
1001
1000
1001
999
999
1000
1001
999
999
1000
1000
1000
1001
999
1001
1000
1000
997
1001
1001
718
997
1003
999
695
993
1004
1001
999
1000
1001
999
1001
999
1000
1000
1000
999
1001
1000
999
999
961
111
996
1002
1002
1001
1001
998
1000
1000
1001
999
1000
1000
1000
1000
1000
1000
1000
999
438
1006
0
997
1003
998
1001
223
992
1005
999
999
1001
1001
999
999
1001
1004
998
998
1000
1001
622
991
788
1007
0
1000
1001
1002
999
997
1002
1002
998
997
1000
1003
998
998
1000
1003
999
1000
999
1002
999
1000
999
1003
999
1000
999
1001
999
1000
998
1001
1001
1000
999
1001
1000
999
999
999
1002
1000
999
1001
1000
999
1001
1001
1000
1000
1000
1000
1000
999
999
1001
1001
999
999
1002
999
999
1000
1002
999
999
1000
1001
1000
999
1000
336
395
73
887
270
995
1007
999
1001
999
998
1001
999
319
993
1003
832
990
1005
998
1003
998
1000
999
1002
998
1001
999
1001
1000
999
998
1001
999
1003
998
96
996
1003
1000
540
996
1003
999
1001
241
1005
0
1001
1001
999
998
1000
1002
999
998
1002
1000
1000
1001
1000
1001
1000
998
706
29
1004
0
1000
999
1002
299
993
1003
1001
1000
425
1004
0
1002
997
1002
999
1000
998
1002
116
1005
0
1004
997
1004
1000
999
999
1000
1001
999
998
1000
997
1001
1000
1002
1000
999
999
1001
999
1001
591
696
1007
0
999
1002
996
251
1005
0
999
1000
1001
998
999
1000
1003
999
1000
999
1004
998
999
1001
999
1000
1000
399
994
1004
1002
996
26
1003
0
1001
1000
1000
999
999
1001
1002
22
1001
0
498
813
1008
0
999
1001
997
999
999
1000
1000
998
1004
999
999
1000
1002
998
999
1000
1002
1002
1003
998
1000
997
1002
1001
1000
995
1000
425
273
999
1002
1000
1000
1002
998
1000
999
1002
1000
926
990
1006
998
1000
998
999
1000
1000
1000
1001
999
1001
6
999
999
1004
1029
1004
0
1159
0
1004
0
1002
181
1006
0
1002
1000
998
1003
998
1000
1000
999
1001
998
1000
1000
1001
1000
999
998
1001
1000
999
999
1000
998
1001
1001
1000
999
1000
1001
1002
999
1001
999
1002
998
1003
999
1000
1000
1000
999
530
73
1003
0
1003
1002
998
1002
998
1000
999
1002
1002
999
998
999
999
1000
1058
0
1007
0
999
1001
997
999
1171
0
1003
0
998
1000
1001
1000
1001
999
1001
1000
1001
999
162
995
1004
998
215
58
1214
0
835
1008
0
999
1001
1001
1004
997
1000
999
1004
994
1000
997
999
999
1001
1000
1000
156
995
1003
1000
999
1000
1001
999
22
1004
0
1000
1001
998
1001
999
1000
1000
1001
531
781
1008
0
997
999
1000
1001
999
1001
1000
1001
998
1001
1000
1000
999
1000
1000
1000
998
1000
505
997
1002
999
1000
1000
1002
999
999
374
148
1284
0
1006
0
999
999
825
993
1006
1001
998
1001
1000
999
1000
998
1001
998
1000
726
991
1004
265
1004
0
1003
999
1000
998
1002
1000
999
1000
1000
1000
1000
999
1000
1001
999
1000
1000
1002
999
1000
1000
1001
1001
1002
1000
999
1000
1000
999
1000
999
998
1001
1002
998
1000
1000
1001
1000
999
999
1000
1001
1001
999
1000
1000
999
1000
999
308
188
684
1006
0
998
1001
999
1002
999
1001
998
1002
999
1000
999
1002
1021
1002
0
1006
589
986
842
1007
0
1001
1000
1001
998
999
1000
1004
1045
0
1002
0
1004
998
1001
1000
1002
997
1003
998
1001
997
1002
999
1002
998
1003
999
1000
1000
1001
998
1001
997
1003
998
1001
999
1002
720
988
1005
1002
796
1005
0
1003
998
1000
1001
1001
998
999
999
1003
999
1000
999
1001
999
1000
999
1003
999
1001
997
1003
999
999
1001
999
1002
999
1000
1000
269
988
524
382
994
1004
1002
1000
87
981
1008
1000
1001
996
1000
1000
1001
999
1000
1000
1001
999
999
1001
423
1006
0
1001
998
999
916
1007
0
1000
999
999
999
1003
998
1002
999
999
1000
1000
1001
1001
1000
998
1001
1002
997
1000
1000
1001
999
1000
1000
999
1003
999
1000
998
1000
1000
1001
1000
999
1001
1001
999
998
1001
999
1002
999
566
994
1004
999
1003
999
1001
998
1002
999
241
189
994
1004
1001
1000
999
999
1001
1000
1000
999
1001
999
1001
999
1001
1000
682
989
1005
1001
997
999
1000
1000
1002
998
1000
1001
339
993
1003
1001
999
270
997
1002
1002
1000
999
1000
999
1000
999
1004
997
999
660
987
890
1229
0
1003
0
1002
162
990
1006
0
999
1001
997
1001
596
989
1003
1001
998
1003
998
1001
998
1001
998
999
1003
998
1003
997
893
993
1005
998
24
81
1004
0
1002
32
1003
0
873
993
256
393
698
1006
0
996
1001
1001
1000
999
1002
1000
999
1002
997
1002
996
195
994
321
43
284
997
556
994
187
994
1002
531
482
323
139
166
46
507
685
174
1007
0
995
1004
996
1005
999
995
1001
999
1004
999
1005
993
1005
1000
996
1000
1000
7
1001
998
1004
998
1002
999
997
1000
1003
1001
998
1004
1263
0
1005
0
1000
208
611
765
997
1004
928
994
1003
23
1000
868
140
993
1002
1001
999
8
998
1000
690
289
1000
518
992
1001
1004
1000
997
1001
360
1003
0
999
1005
994
117
1002
0
5
1002
1003
0
242
988
1002
640
38
1001
0
1003
193
598
405
997
1003
263
993
672
1080
348
34
566
239
996
1002
1004
996
769
394
288
996
1000
1005
789
994
1000
1003
580
1
557
17
648
387
600
664
339
1000
999
102
994
25
263
571
108
99
319
61
999
999
106
1003
0
199
646
1000
1000
1005
996
673
799
308
116
891
768
325
682
995
143
996
1004
1000
998
999
1003
1001
721
1000
1004
998
883
995
1124
0
371
223
1004
0
421
219
453
775
770
261
1006
0
995
801
525
674
525
417
623
281
209
996
1000
482
357
45
652
484
773
1004
0
1000
998
1005
997
1001
999
79
996
123
356
656
7
711
204
745
57
999
388
993
872
995
1002
450
992
319
434
999
341
1004
0
997
673
1227
0
769
70
991
1001
1005
994
1001
359
346
623
386
993
1000
893
991
1003
998
327
994
1001
283
1003
1001
0
826
113
998
813
997
468
1255
1000
475
445
991
437
1003
0
307
306
126
567
434
460
547
650
829
1005
997
0
269
602
996
138
1084
0
908
98
163
456
472
336
840
997
56
998
454
692
24
231
774
996
1003
455
992
1003
395
994
877
997
608
994
1000
1001
339
438
357
131
997
1003
181
995
562
250
804
113
1194
1000
544
459
728
118
721
386
1001
321
1005
0
27
487
1000
1003
146
904
999
1005
996
1002
997
629
994
1002
1001
392
1002
0
676
403
1001
999
1002
998
1002
1001
1082
0
177
455
111
1004
0
997
1002
1000
1000
358
398
605
691
1100
1000
1
1005
998
253
1146
0
1006
0
999
998
199
13
402
493
997
651
1281
0
1006
0
996
321
27
214
793
1003
0
1001
382
995
1003
999
1002
107
995
1000
1000
99
1016
160
843
838
173
990
1001
1002
1000
329
1000
1004
0
573
699
689
879
996
1003
1201
0
1005
0
1001
562
99
1002
0
1004
999
998
42
228
488
1000
1002
999
1001
33
273
1005
0
1000
100
1003
0
590
265
456
548
289
999
1004
256
1002
0
1002
1001
999
367
634
998
1003
1000
998
492
37
1004
0
999
102
998
1000
221
529
996
1003
952
992
1002
1001
583
1006
0
1000
26
1005
0
998
1004
310
991
1003
1002
997
1002
244
1004
0
1000
1001
279
377
357
835
171
996
298
76
122
1006
0
999
998
689
989
1002
1002
1000
112
1004
0
1003
998
999
875
1006
0
667
807
1005
0
1001
1000
997
1001
1000
1002
1001
997
1001
1000
999
998
1005
996
40
1004
0
1003
998
343
1005
0
546
255
996
636
368
104
830
1007
0
998
999
1000
998
1002
998
1002
222
1006
0
1000
996
1000
258
994
657
745
997
1003
1002
389
996
176
1004
0
1000
1000
1000
999
51
290
1002
0
1004
999
996
1006
273
36
887
999
1004
321
239
998
389
157
995
1002
1002
1001
997
400
990
87
1003
0
1003
1001
93
989
97
1005
0
998
1002
999
488
1006
0
997
1002
1001
43
1003
0
128
572
220
1008
874
130
557
135
1261
0
1004
0
1000
451
46
152
28
464
1000
259
747
1
953
994
1005
1000
1005
0
997
1001
1001
1002
1000
997
1000
1002
998
1001
1000
1000
999
884
1001
0
396
994
1000
1003
998
1002
999
1002
999
1000
998
999
1005
996
1003
872
997
1002
999
297
406
220
427
1003
0
1001
1001
569
506
720
1004
0
1001
999
999
1001
1000
1000
154
996
1000
616
1003
0
998
1003
999
999
998
15
999
997
1004
1001
997
1001
999
1002
822
511
716
124
997
568
810
1001
1002
1000
999
1001
999
406
1003
0
1001
1000
999
999
1002
999
1000
1000
1001
1000
625
635
1003
0
1000
1001
747
198
995
1004
997
1003
1000
1000
996
1001
1002
1000
1002
997
1001
999
929
769
750
1149
1001
0
1000
1004
1000
1950
1046
0
1004
0
1001
515
1000
604
402
1002
0
1003
999
1000
999
887
1003
0
1001
1001
999
999
1000
1002
850
995
1002
1002
998
1000
1000
1002
998
1000
999
1001
1001
999
1001
999
999
1003
1418
945
956
965
703
808
1308
671
722
786
1006
0
998
1000
999
1002
998
1001
997
1003
1002
135
24
1004
0
1000
1001
999
1001
997
1003
997
1002
998
1001
1000
1000
998
1003
999
43
997
1004
0
998
1001
1000
1000
1000
54
342
999
1002
1000
190
994
1000
376
439
464
489
767
999
1002
1001
999
751
1003
0
1001
19
110
1000
1002
1000
1001
999
295
736
804
999
1000
1003
998
1000
671
831
998
685
994
1001
1002
1000
83
994
1002
1001
999
1001
998
86
1003
0
1001
1000
470
883
658
348
995
1002
1000
1000
1001
998
103
260
284
998
138
1002
0
1001
1886
114
998
1001
1003
998
1000
906
1071
0
960
43
774
231
1003
0
1000
998
1002
1001
704
646
1185
0
1002
0
1000
1000
1000
1000
1000
999
1001
1000
1001
1000
1000
999
1000
1000
1000
1000
1002
998
1000
1142
0
1002
0
1000
1000
1000
1001
1000
999
1000
1000
1000
1000
1000
1000
1000
1000
1001
999
1000
1000
1001
999
1000
1004
0
999
1000
999
1001
1000
1000
1000
1000
1000
1000
999
1001
1000
999
1000
792
213
1000
1001
1000
999
1001
1000
1000
999
1001
999
0
0
0
0
0
0
0
8
0
0
0
0
0
0
0
0
0
0
0
0
0
0
5
0
0
0
0
0
0
0
4
0
0
0
0
0
0
0
6
0
0
0
0
0
0
0
0
0
0
0
0
0
0
0
48
162
636
417
5
45
163
3
0
0
0
0
0
0
0
4
0
0
0
0
0
0
0
0
0
0
0
0
0
0
1
438
0
0
0
0
0
0
5
0
0
0
0
0
0
0
6
0
0
0
0
0
0
2
0
0
0
0
0
0
0
9
0
117
418
79
677
175
366
487
195
609
188
300
140
555
0
559
57
865
300
0
901
960
0
170
972
911
728
493
559
293
681
473
458
504
629
453
620
586
667
566
575
835
398
741
616
928
143
1394
1333
1010
949
1733
1672
197
0
0
2936
2875
2814
1785
711
518
0
3175
3114
3053
2992
270
0
3705
3644
3583
3522
98
278
4473
4412
4351
4290
4229
289
283
0
7813
7752
7691
7630
7569
7508
7447
7386
284
550
0
6505
6444
6383
6322
6261
6200
6139
180
212
8772
8711
8650
8589
8528
8467
8406
8345
8284
463
611
0
8629
8568
8507
8446
8385
8324
8263
8202
8141
0
6630
6569
6508
6447
6386
6325
6264
2815
2754
2693
3141
3080
3019
2958
0
3290
3229
3168
3107
17833
17772
17711
17650
17589
17528
17467
17406
17345
17284
17223
17162
17101
17040
16979
16918
16857
16796
9456
652
2385
2324
2263
1944
1883
0
9994
9933
9872
9811
9750
22677
22616
22555
22494
22433
22372
22311
22250
22189
22128
22067
22006
23150
23089
23028
22967
22906
22845
22784
22723
0
9816
9755
9694
9633
9572
9511
9450
9389
9328
9267
2787
2726
5171
5110
5049
4988
4927
4866
9736
9675
9614
9553
9492
9431
9370
9309
9248
9187
7565
7504
7443
7382
7321
7260
7199
7138
8999
8938
8877
8816
8755
8694
8633
8572
8511
8450
5801
5740
5679
5618
5557
5496
2801
2740
2679
4579
4518
4457
4396
4335
14978
14917
14856
14795
14734
14673
14612
14551
14490
14429
14368
14307
14246
14185
14124
14063
3551
3490
3429
3368
4970
4909
4848
4787
4726
6882
6821
6760
7864
7803
7742
7681
7620
7559
7498
7437
2278
2217
0
14868
14807
14746
14685
14624
14563
14502
14441
14380
14319
14258
14197
14136
14075
13412
13351
13290
1742
1681
1566
1505
3972
3911
3850
3789
3651
6319
6258
6197
6136
6075
6014
5953
2258
2197
2136
16926
16865
16804
16743
16682
16621
16560
16499
16438
16377
16316
16255
16194
16133
16072
16011
15950
26323
26262
26201
26140
26079
26018
25957
25896
25835
25774
25713
25652
25591
25530
1699
1638
5728
5667
5606
5545
5484
5423
1782
1721
9454
9393
9332
9271
9210
9149
9088
9027
8966
8905
10181
10120
10059
9998
9937
9876
9815
9754
9693
9632
9571
6718
6657
6596
6535
6474
6413
6352
5617
5556
5495
5434
5373
5312
1392
1331
9814
9753
9692
9631
9570
9509
9448
9387
9326
9265
9825
9764
9703
9642
9581
9520
9459
9398
9337
9276
896
4813
4752
4691
4630
4569
0
1919
1858
2788
2727
2666
5350
5289
5228
5167
5106
5045
1806
1745
0
0
13879
13818
13757
13696
13635
13574
13513
13452
13391
13330
13269
13208
13147
13086
25622
25561
25500
25439
25378
25317
25256
25195
25134
25073
25012
24951
24890
24829
24768
24707
24949
24888
24827
24766
24705
24644
24583
24522
24461
24400
24339
24278
24217
24156
697
877
1102
1041
4500
4439
4378
4317
4256
28516
28455
28394
28333
28272
28211
28150
28089
28028
27967
27906
27845
27784
27723
27662
27601
27540
27479
27418
27357
27296
27235
27174
27113
27052
26991
26930
26869
26808
2537
2476
2415
13808
13747
13686
13625
13564
13503
13442
13381
13320
13259
13198
13137
13076
13015
7393
7332
480
1323
1262
13731
13670
13609
13548
13487
13426
13365
13304
13243
13182
13121
13060
12999
12938
8244
8183
8122
8061
8000
7939
7878
7817
7756
17678
17617
17556
17495
17434
17373
17312
17251
17190
17129
17068
17007
16946
16885
16824
16763
16702
16641
1753
1692
0
2824
2763
2702
9887
9826
9765
9704
9643
9582
9521
9460
9399
9338
10390
10329
10268
10207
10146
10085
7518
7457
7396
8305
8244
8183
8282
8221
1771
1710
1979
1918
9446
9385
9324
9263
9202
9141
9080
9019
8958
0
8787
8726
8665
8604
8543
8482
8421
8360
8299
7730
7669
7608
7547
7486
7425
7364
7303
2664
2603
2542
3799
3738
3677
3616
1787
1726
4852
4791
4730
4669
4608
0
0
18884
18823
18762
18701
18640
18579
18518
18457
18396
18335
18274
18213
18152
18091
18030
17969
17908
17847
17786
19364
19303
19242
19181
19120
19059
18998
14098
14037
13976
13915
13854
13793
13732
13671
13610
13549
13488
13427
13366
11643
11582
11521
11219
11158
11097
11036
10975
10914
10853
10792
10731
800
737
2835
2774
2713
1389
1328
13947
13886
13825
13764
13703
13642
13581
13520
13459
13398
13337
13276
13215
13154
13093
11638
11577
11516
11455
11394
11333
11272
11211
11150
11089
11028
10967
3881
3820
3759
3698
21518
21457
21396
21335
21274
21213
21152
21091
21030
20969
20908
20847
20786
20725
20664
20603
20542
20481
20420
20359
20298
20237
1730
1669
10809
10748
10687
10626
10565
10504
10443
10382
10321
10260
10199
2631
3629
3568
3507
1406
1345
5725
5664
5603
5542
5481
5420
5019
4958
4897
4836
4775
4714
9442
9381
9320
9259
9198
9137
9076
9015
8954
8893
18585
18524
18463
18402
18341
18280
18219
18158
18097
18036
17975
17914
17853
17792
17731
17670
17609
17548
17487
7636
7575
7514
7453
7392
7331
7270
7209
1433
1372
0
24694
24633
24572
24511
24450
24389
24328
24267
24206
24145
24084
24023
23962
23901
23840
23779
23718
23657
23596
23535
23474
23413
23352
23291
23230
8834
11669
11608
5391
0
0
20745
20684
20623
20562
20501
20440
20379
20318
20257
20196
20135
20074
20013
19952
19891
19830
19769
19708
19647
19586
19525
8061
807
3177
3116
3055
2994
5878
5817
5756
5695
5634
5573
1747
1686
4013
3952
3891
3830
3769
1349
1288
9192
9131
9070
9009
8948
8887
8826
8765
8704
8643
1850
1789
462
2361
2300
2239
1280
1219
0
4714
4653
4592
4531
4470
2591
2530
2469
246
0
3161
3100
3039
2978
2296
2235
2174
0
4461
4400
4339
4278
4217
216
879
542
1838
1777
490
894
2
2639
2578
2517
166
0
0
3051
2990
2929
2868
0
0
2270
2209
2148
0
1001
940
482
328
31
0
21
0
0
0
0
0
0
0
0
0
0
0
0
0
0
0
0
0
0
0
0
0
0
2
0
0
0
0
0
0
0
2
0
0
0
0
0
0
0
0
0
0
0
0
0
0
2
0
0
0
0
0
0
0
3
0
0
0
0
0
0
0
3
0
0
0
0
0
0
0
0
0
0
0
0
0
0
0
0
0
0
0
0
155
0
0
0
0
0
0
0
0
0
6
0
0
0
0
0
0
0
0
0
0
0
0
0
0
187
0
0
0
210
0
0
0
1
0
0
0
0
0
0
0
2
0
0
0
0
0
0
0
4
0
0
0
0
0
0
0
0
0
0
0
0
0
0
1
0
0
0
0
0
0
0
3
0
0
0
0
0
0
0
5
0
0
0
0
0
0
0
0
0
0
0
0
0
0
2
0
0
0
0
0
0
0
4
0
0
0
0
0
0
0
6
0
0
0
0
0
0
0
0
0
0
0
0
0
0
1
0
0
0
0
0
0
0
3
0
0
0
0
0
0
0
3
0
0
0
0
0
0
1
0
0
0
0
0
0
0
1
0
0
0
0
0
0
0
2
0
0
0
0
0
0
0
9
0
0
0
0
0
0
0
0
0
0
0
0
0
0
0
0
0
0
0
0
0
0
3
0
0
0
0
0
0
0
5
0
0
0
0
0
0
3
0
0
0
0
0
0
0
4
0
0
0
0
0
0
0
1
0
0
0
0
0
0
0
7
0
0
0
0
0
0
0
0
0
0
0
0
0
0
1
0
0
0
0
0
0
0
4
0
0
0
0
0
0
0
4
0
0
0
0
0
0
0
0
0
0
0
0
0
0
0
0
0
0
0
0
0
0
2
0
0
0
0
0
0
0
6
0
0
0
0
0
0
0
0
0
0
0
0
0
0
2
0
0
0
0
0
0
0
5
0
0
0
0
0
0
0
3
0
0
0
0
0
0
0
0
0
0
0
0
0
0
0
0
0
0
0
0
0
0
5
0
0
0
36
0
0
0
4
0
0
0
0
0
0
1
0
0
0
0
0
0
0
1
0
0
0
0
0
0
0
1
0
0
0
0
0
0
1
6
0
0
0
0
0
0
2
0
0
0
0
0
0
0
2
0
0
0
0
0
0
0
4
0
0
0
0
0
0
0
7
0
0
0
0
0
0
0
0
0
0
0
0
0
0
2
0
0
0
0
0
0
0
0
0
0
0
0
0
0
0
6
0
0
0
838
1838
2838
3838
4776
5776
6280
6044
7041
8040
8854
9482
10486
9749
10251
11250
12250
13002
13509
13886
14205
15207
15647
16027
17027
17779
17107
18105
18422
18617
18811
19810
20191
20200
19216
20214
21214
20417
21417
22416
23416
24416
25416
26416
27416
28416
27556
