0
60000
0
989
12
999
1003
0
286
386
329
243
302
452
692
1
0
1309
0
0
997
0
0
0
0
0
1002
0
0
0
0
1
1002
0
0
0
0
1003
0
0
0
0
0
996
865
36
1096
999
0
0
0
330
673
0
0
0
0
0
282
721
0
0
0
994
0
0
248
760
0
0
0
0
993
0
0
0
0
1006
0
0
0
0
998
999
999
999
1001
1002
1001
995
1002
998
1000
1001
0
1000
1000
1003
0
1000
998
1039
0
3000
1000
0
1001
0
0
1000
1000
1001
1000
809
994
1199
1000
1001
0
34
1006
0
2994
0
1000
1002
0
2003
995
1000
981
1000
2000
824
176
1000
244
761
1007
0
773
998
1001
1001
998
1000
1000
459
1541
1000
1000
1
498
328
999
1001
999
1000
821
687
174
1001
1000
0
773
1000
532
997
2999
0
1000
622
1183
196
1001
1003
997
1001
0
1001
1001
1000
1002
998
1741
257
1000
1003
1004
1993
0
1003
0
999
1001
1000
1
220
999
1002
2996
0
1000
1002
0
1000
1000
1002
998
999
1000
1000
653
997
1004
998
1001
997
1003
1000
998
803
1197
0
403
1000
1000
1000
1000
1000
1001
0
632
918
1717
1282
1000
989
16
1002
0
1005
999
997
1000
3997
0
1000
0
1004
0
1000
998
999
1267
0
1002
0
1002
733
994
1003
1996
1000
1001
2000
0
999
1001
1000
0
573
1003
999
0
465
539
1002
0
1001
999
1003
996
1003
2001
0
999
1002
999
0
1001
0
1003
997
1291
1000
1001
0
1003
1001
1002
0
999
1001
630
372
999
1002
0
1001
1569
1000
510
496
725
1003
999
999
0
1002
0
1000
1001
998
1001
0
1002
3997
0
0
1000
1003
756
243
999
189
841
1159
1000
3000
1000
1000
0
1000
0
821
181
998
1000
1190
1145
1000
911
95
725
997
1000
1002
949
52
1002
0
1001
378
623
550
381
2995
0
1000
1002
0
999
1000
45
1004
0
1000
998
634
624
996
1006
1001
997
999
999
998
1005
995
183
1003
0
1001
1002
1001
1003
1000
576
11
1008
201
986
1004
1006
995
1000
1001
1031
768
985
1009
1006
995
1001
999
1005
996
998
1001
1004
994
1000
1002
999
999
998
1002
1000
999
1001
996
1002
998
1000
1000
1002
998
1000
1000
1001
998
1000
1001
1001
998
1000
1003
999
998
1001
1001
1000
1002
611
734
993
330
1042
0
1002
997
1000
962
1000
2300
0
0
822
1000
5148
0
0
0
0
856
1002
1003
999
999
999
1002
1000
999
999
1001
1001
999
1001
999
1000
1002
1000
1002
999
998
1003
1000
1000
997
1001
1002
1000
997
1001
1001
1001
997
1002
1001
999
998
1001
1000
1000
1001
999
1000
1000
1001
999
1001
999
1001
999
1002
814
980
1010
1000
999
1000
999
1002
999
1000
999
1002
1000
999
1000
1002
999
1000
1001
999
1000
1000
1001
999
1000
1000
1001
999
1000
1000
1001
999
998
1000
1000
1000
999
999
1005
997
999
1001
999
1000
1000
999
1000
999
1033
970
1033
1021
1012
1075
892
996
1027
975
999
1215
822
964
1139
860
999
1039
930
1029
1001
1001
969
1000
1001
997
1002
1000
1001
997
1002
1000
1001
998
1002
999
1000
999
1002
999
1000
999
1002
999
1000
999
1001
1000
997
999
1001
999
1000
1001
1000
999
1000
1000
1001
999
1000
1000
1001
999
1000
1000
1002
1033
1798
1236
0
1038
0
1500
1072
1756
0
1505
1132
0
1285
0
997
1005
1001
1074
957
967
1000
1144
614
526
507
680
960
1004
999
1001
1001
1000
998
1000
1001
1001
1039
993
969
1000
1036
974
1056
415
1990
0
1206
1217
1176
0
1303
0
993
1008
1002
998
1001
1002
998
999
1000
1003
998
1000
1002
1000
998
1000
1003
998
999
1000
999
1000
1030
970
999
1001
1001
999
1001
1000
998
1001
1000
1033
966
1030
983
1017
1004
996
1005
1001
964
1001
1070
997
1076
999
850
2090
0
1088
827
1002
1072
957
1004
1069
964
1590
1130
2173
0
1032
0
1029
978
1034
959
2213
0
634
856
1104
735
1034
1088
912
997
1851
186
931
997
1086
953
959
2615
0
1677
0
744
865
1177
778
961
966
1034
1001
1041
1068
854
2777
0
1542
0
822
928
1009
0
1003
1107
922
1026
566
2349
0
1237
0
850
1038
1003
1037
997
639
1866
4199
0
0
0
0
852
1041
997
1036
979
1096
852
2371
0
1112
1114
4087
0
0
0
1322
0
1013
0
998
1000
999
1028
1037
1001
1127
906
1031
1521
1000
226
3989
0
0
0
1174
0
963
1023
1018
1001
997
1110
922
1151
1
3986
0
0
0
1091
0
963
1001
1004
1626
1246
0
2989
0
0
1032
0
1013
1023
1037
924
1781
0
2426
0
1405
0
1740
2389
0
0
1037
0
1005
1034
1110
1000
4791
0
0
0
0
1224
0
1037
0
1001
1036
1000
254
3804
0
0
0
1011
0
1034
997
1001
1064
1132
762
1783
0
3106
0
0
0
897
60
4401
0
0
0
1146
1246
1213
0
990
1014
996
1011
1023
956
1000
4948
0
0
0
738
391
926
1007
1037
996
1035
1107
1040
54
1000
3644
0
0
1049
1350
0
958
778
1114
424
2172
0
1748
0
1770
0
886
2517
0
0
1353
2341
0
0
890
1030
1036
1000
1074
852
1084
0
605
1000
9051
0
0
0
0
0
0
0
0
958
997
1004
997
1037
962
2471
0
0
831
505
2491
0
0
1393
357
423
2442
0
0
694
1207
0
1313
1496
255
3375
0
0
1409
0
1579
1382
1000
3999
0
0
0
1006
0
1004
1002
1027
1000
1001
962
2028
0
2696
0
3117
0
0
1196
0
1007
0
1043
1025
1121
1000
815
4378
0
0
0
0
810
1007
1029
1036
926
2301
0
315
2718
0
0
2787
0
0
984
996
1001
1250
395
914
5554
0
0
0
0
0
1152
1457
0
1041
0
1284
676
630
3851
0
0
0
1302
0
1038
0
1003
823
1422
0
1680
1872
0
454
1125
974
1703
0
2314
0
1302
2284
0
0
1243
548
1364
0
816
1000
2312
0
802
800
4510
0
0
0
1131
1367
0
1008
0
1039
1000
1000
5237
0
0
0
0
0
769
1004
999
1028
1004
1000
2288
0
0
1
2996
0
1006
0
1039
2687
0
0
922
1395
0
1031
180
363
379
5623
0
0
0
0
0
1323
1235
0
1081
0
637
1482
2250
0
0
120
1000
7195
0
0
0
0
0
0
0
814
1011
1019
1111
911
1025
1366
2030
0
0
11
3292
0
0
3081
0
0
1317
1447
0
861
1000
150
1000
5448
0
0
0
0
957
1246
1013
1000
516
3397
0
0
903
222
1038
0
2830
0
0
792
1195
0
864
173
926
1000
3085
0
0
4737
0
0
0
1182
0
995
1009
1030
1006
956
2293
0
1446
0
1306
1582
0
1437
448
571
1916
0
1387
1237
0
1000
5246
0
0
0
0
759
1001
1000
1231
485
645
2480
0
1963
0
134
987
943
1000
842
5132
0
0
0
0
0
1010
0
1039
1221
1322
1112
1506
0
790
1073
1000
690
2657
0
0
1659
0
1005
1111
0
1078
871
1072
223
876
1605
2764
0
0
1268
1367
0
956
1640
1114
978
697
1316
2997
0
0
1008
1033
0
974
1483
1246
265
1858
0
1124
1273
210
1163
1159
841
3590
0
0
0
1314
998
2204
0
225
1017
0
1044
1067
1011
878
1324
0
5564
0
0
0
0
1237
1207
0
992
1008
1002
1000
1038
1173
789
1065
926
1361
0
1010
792
1128
1114
545
1484
0
2876
0
1091
0
166
361
923
1040
1001
1030
1062
976
154
1998
0
1099
0
1036
1111
391
1412
1459
0
1
1040
1032
1617
946
895
1474
0
817
343
1126
0
1009
873
1055
565
2410
0
1027
0
1010
1027
973
1029
1006
995
1021
1015
999
1000
1450
895
1146
1344
1078
0
992
1011
996
1038
1029
1147
817
570
722
2955
0
0
1058
0
989
1007
1004
996
1195
0
994
1008
1000
1000
1107
923
970
1034
434
2285
0
1062
1094
0
993
1041
969
2985
0
0
1300
0
1009
0
998
1002
1001
1381
673
591
918
965
1133
860
1189
1180
1284
0
2194
0
807
2890
0
1118
0
1039
0
970
1029
1110
862
1028
1136
1261
1129
1186
720
1000
1000
5022
0
0
0
0
0
983
1004
1001
999
999
1001
1029
1000
1127
1369
1343
2122
0
703
1551
0
1207
1463
0
959
531
774
3222
0
0
816
998
1116
1216
1252
841
4167
0
0
0
0
1009
0
1040
679
1127
0
1057
0
972
5047
0
0
0
0
1272
0
990
1019
991
998
1034
195
2724
0
1092
0
989
1011
999
1027
1009
992
1795
167
1951
1099
0
904
1035
1073
1066
1000
3324
0
0
0
937
744
998
1035
1089
1945
0
2598
0
0
1296
1164
0
1007
0
1000
1035
996
970
1030
1000
868
897
1004
993
1041
1631
2275
0
0
531
996
1004
1003
999
998
1001
999
1000
1000
1001
999
1000
1000
1001
1048
0
997
1006
999
999
1002
999
1001
1000
999
1001
999
1001
999
1000
999
1000
1000
1001
999
999
1001
1002
998
999
1004
997
1000
1000
1001
997
1001
1003
997
999
1004
997
1000
1000
1000
1000
1001
999
1001
999
1000
999
1001
1000
1000
1002
999
999
1000
1002
998
1000
1001
1001
998
1000
1000
1000
1000
1000
1000
1000
1003
997
1001
999
1000
1000
1000
1001
1001
999
1001
999
1000
1000
1001
1002
996
1000
1000
1002
999
998
1002
1002
996
1000
1004
999
999
1001
1000
999
1000
998
1001
1001
998
1001
1001
1000
998
1000
1003
997
1000
1000
1001
1000
999
1002
1000
998
1000
1003
997
1001
1001
1000
1000
998
1136
0
999
1002
1002
1000
998
1000
1002
999
999
1001
1000
999
1000
1000
1001
999
1000
1000
1001
1000
999
1001
1000
999
1001
1000
999
1001
1001
998
1000
1000
1001
1000
999
151
994
1000
1002
1001
1000
997
1000
1000
1002
999
999
1000
1003
998
999
1002
1000
998
1002
999
1000
1001
46
997
1002
1001
998
1000
1000
1002
998
1002
1000
998
1001
1002
997
1001
1001
998
1000
1001
999
1000
1001
1000
999
1002
998
1000
1000
1001
1000
1000
1000
1000
1001
999
1001
999
1000
1001
999
1000
1002
998
1000
1001
1000
999
1000
1000
1000
1000
1000
1000
1000
1001
1000
999
1000
1001
1000
999
1000
1001
1000
1000
999
1000
1000
1068
0
999
1002
1000
1002
998
1000
1001
1002
998
999
1000
1000
1000
1000
1000
1000
1000
1000
1000
1000
1000
1000
1000
1000
1000
1000
1000
1000
1000
1000
1000
1000
1000
1001
999
1000
1001
1000
999
1000
1001
1000
999
1000
1000
1000
999
1001
1001
999
1000
1000
1000
1001
999
1000
1001
998
1000
1001
1000
999
1000
1002
998
1002
999
1000
1001
999
1000
1001
999
1000
999
1001
999
1000
1002
998
1000
1003
997
1000
1001
999
1001
1000
1000
1000
1000
1000
1002
998
1000
1000
1001
1000
999
1000
1002
19
996
1001
1001
1000
1000
1000
1000
1000
1000
1000
1000
1001
999
1000
1000
1000
1000
1000
1000
1001
999
1124
0
999
1004
998
1000
1002
998
1000
1002
998
1000
1000
1002
998
1000
1000
1000
1000
1000
1000
1000
1000
1000
1000
1000
1000
1000
1000
1000
1000
1000
1000
1000
1000
1000
1000
1000
1000
1000
1000
1000
1000
1000
1000
1000
19
995
1000
1002
1000
1000
1000
1001
1000
999
1001
1000
999
1000
1000
1000
1001
998
1000
1001
999
1000
1003
998
999
1002
1000
513997
1000
1000
1001
1001
998
1000
1002
999
999
1000
1002
999
999
1000
1001
1000
999
1001
1000
1000
999
1001
1000
1000
999
1001
1000
1000
999
1000
1001
1001
998
1000
1001
1001
998
1000
1002
999
999
1000
1002
999
999
1000
1001
1000
999
1001
1000
1000
999
1001
1000
1000
999
1001
1000
1000
999
1000
1002
999
999
1001
1001
999
999
1001
1000
1000
999
1001
1000
1000
999
1000
1001
1000
999
1001
1000
1000
999
1001
1000
1000
999
1001
1000
1000
999
1000
1001
1000
999
1001
1000
1000
1000
999
1002
999
999
1001
1001
999
999
1000
1001
1000
999
1001
1000
1000
861
1138
1000
1001
1001
998
1000
1002
998
1000
1001
1001
998
1000
1001
1000
999
1001
1001
999
999
1001
1000
1000
999
1000
1001
1001
998
960
800
1240
1000
1002
998
1001
999
1000
1002
999
999
1000
1001
1000
999
1001
1000
1000
999
1001
999
678
1322
1000
1002
999
999
1000
1001
1001
998
1000
1002
1000
998
1000
1002
999
999
1000
1002
999
999
1000
1001
1001
998
1000
1002
999
999
1000
1002
999
999
1001
1000
1000
999
1000
1000
1001
893
1107
999
1001
1000
1000
1000
1000
999
1000
1002
999
999
1000
1001
1001
998
1000
0
0
0
1
0
0
0
0
0
0
0
0
0
0
1
0
0
0
0
0
0
0
0
0
0
0
0
0
0
0
0
0
0
0
0
0
0
0
0
0
0
0
0
0
0
0
0
0
0
0
0
0
0
0
0
0
0
0
0
0
0
0
0
0
0
0
0
0
0
0
0
0
0
0
0
0
0
0
0
0
0
0
0
0
0
0
0
0
0
0
0
0
0
0
0
0
0
8
0
0
0
0
0
0
0
0
0
0
0
0
0
0
0
0
0
0
0
0
0
0
0
0
0
0
0
0
0
0
0
407
377
347
317
287
257
227
197
167
137
107
77
47
17
0
0
0
0
0
0
0
0
0
0
0
0
0
0
0
0
0
0
0
671
641
611
581
551
521
491
461
431
401
371
341
311
281
251
221
191
161
131
101
71
41
11
0
0
0
0
0
0
0
0
0
1188
1158
1128
1098
1068
1038
1008
978
948
918
888
858
828
798
768
738
708
678
648
618
588
558
528
498
468
438
408
378
348
318
288
258
228
198
168
138
108
78
48
18
0
0
0
0
0
0
0
0
0
0
0
0
0
0
0
0
0
0
0
0
0
0
0
0
0
0
0
0
0
0
0
0
0
0
0
0
0
0
0
0
0
0
0
0
0
0
0
0
0
0
0
0
0
0
0
0
0
5574
5544
5514
5484
5454
5424
5394
5364
5334
5304
5274
5244
5214
5184
5154
5124
5094
5064
5034
5004
4974
4944
4914
4884
4854
4824
4794
4764
4734
4704
4674
4644
4614
4584
4554
4524
4494
4464
4434
4404
4374
4344
4314
4284
4254
4224
4194
4164
4134
4104
4074
4044
4014
3984
3954
3924
3894
3864
3834
3804
3774
3744
3714
3684
3654
3624
3594
3564
3534
3504
3474
3444
3414
3384
3354
3324
3294
3264
3234
3204
3174
3144
3114
3084
3054
3024
2994
2964
2934
2904
2874
2844
2814
2784
2754
2724
2694
2664
2634
2604
2574
2544
2514
2484
2454
2424
2394
2364
2334
2304
2274
2244
2214
2184
2154
2124
2094
2064
2034
2004
1974
1944
1914
1884
1854
1824
1794
1764
1734
1704
1674
1644
1614
1584
1554
1524
1494
1464
1434
1404
1374
1344
1314
1284
1254
1224
1194
1164
1134
1104
1074
1044
1014
984
954
924
894
864
834
804
774
744
714
684
654
624
594
564
534
504
474
444
414
384
354
324
294
264
234
204
174
144
114
84
54
24
0
0
0
0
0
0
0
0
0
0
0
0
0
0
0
0
0
0
0
0
0
0
0
0
0
0
0
0
0
0
0
0
0
0
0
0
0
0
0
0
2754
2724
2694
2664
2634
2604
2574
2544
2514
2484
2454
2424
2394
2364
750
29
1893
1863
2424
2394
2364
616
640
934
0
3837
3807
3777
3747
0
2743
2713
2683
0
0
4881
4851
4821
4791
2809
289
1591
1561
109
845
1742
1712
0
1064
1034
4331
4301
4271
4241
4211
0
0
13411
13381
13351
13321
13291
13261
13231
13201
13171
13141
13111
13081
13051
13021
0
2678
2648
2618
10304
10274
10244
10214
10184
10154
10124
10094
10064
10034
10004
2933
2903
2873
2517
3294
3028
2998
8802
8772
8742
8712
8682
8652
8622
8592
8562
5450
5420
2559
2529
699
5922
5892
5862
5832
5802
5772
5753
5723
5434
5866
5836
5806
5776
5746
3796
4762
4732
4702
4672
4072
4042
3775
3745
3715
3685
951
2033
2003
4734
4704
4674
4644
4614
1959
1929
1910
2188
2158
2128
12097
12067
12037
12007
11977
11947
11917
11887
11857
11827
11797
11767
11737
2746
2716
2686
2953
2923
2893
2417
407
10333
10303
10273
10243
10213
10183
10153
10123
10093
10063
10033
1945
1915
8876
8846
8816
8786
8756
8726
8696
8666
1856
2940
2910
2880
2064
923
863
322
4822
4792
4762
4732
4702
787
1810
1780
1495
1465
8748
8718
8688
8658
8628
8598
8568
8538
8508
2725
0
11919
11889
11859
11829
11799
11769
11739
11709
11679
11649
11619
11589
10599
6930
6900
6870
6840
6810
6780
6750
5871
723
2801
2771
2741
2369
2339
2309
8550
8520
8490
8460
8430
8400
8370
8340
8310
2751
2721
2691
2916
2886
2856
2597
2567
2230
2200
2170
2793
2763
2733
13557
13527
13497
13467
13437
13407
13377
13347
13317
13287
13257
13227
13197
13167
7574
7544
7514
7484
7454
7424
7394
3735
3705
3675
3645
559
3753
3723
3693
3663
0
21969
21939
21909
21879
21849
21819
21789
21759
21729
21699
22138
22108
22078
22048
22018
21988
21958
21928
21898
21868
21838
21808
21778
6533
900
741
2929
2899
2869
2632
2350
603
2398
2368
2338
754
4714
4684
4654
4624
4594
505
884
640
2381
2351
2321
1872
1842
653
875
348
946
1396
1366
1197
1167
3883
3853
3823
3793
1953
0
3777
3747
3717
3687
1316
1286
1622
1592
811
975
1139
3299
3269
3239
3209
4843
4813
4783
4753
4723
1595
3076
3046
2776
1380
1350
14267
14237
14207
14177
14147
14117
14087
14057
14027
13997
13967
13937
13907
13877
13847
22869
22839
22809
22779
22749
22719
22689
22659
22629
22599
22569
22539
22509
22479
22449
22419
22389
22359
22329
22299
22269
22239
22209
19689
0
26578
26548
26518
26488
26458
26428
26398
26368
26338
26308
26278
26248
26218
26188
26158
26128
26098
26068
26038
26008
25978
25948
25918
25888
25858
25828
25798
14248
26745
26715
26685
26655
26625
26595
26565
26535
26505
26475
26445
26415
17497
17467
17437
17407
17377
24151
24121
24091
24061
24031
24001
23971
23941
23911
23881
11814
11784
11754
11724
11694
11664
11634
11604
11574
11544
6001
7855
7825
6125
3370
890
910
721
751
756
141
0
0
3
0
0
0
5
0
0
0
6
0
0
0
4
0
0
2
289
91
846
258
5
1545
1515
198
33
494
45
0
141
865
739
459
837
835
0
0
5932
5902
5872
5842
5812
5782
6579
6549
483
458
1983
1953
4574
4544
4514
3765
3735
3705
3675
213
2063
2033
2003
3927
3897
3867
3837
9667
9637
9607
9577
9547
9517
9487
9457
7616
7057
6938
1001
642
935
2916
2886
2856
1644
825
2796
2766
2736
650
3398
3368
3338
3308
0
6296
6266
6236
6206
6176
6146
2361
2331
2301
17666
17636
17606
17576
17546
17516
17486
17456
17426
17396
17366
17336
17306
17276
17246
17216
17186
17156
29182
29152
29122
29092
29062
29032
29002
28972
28942
28912
28882
28852
28822
28792
28762
28732
28702
28672
28642
28612
28582
28552
2632
5244
5214
0
5155
5125
5095
5065
5035
5005
50566
50536
50506
50476
50446
50416
50386
50356
50326
50296
50266
50236
50206
50176
50146
50116
50086
50056
50026
49996
49966
49936
49906
49876
49846
49816
49786
49756
49726
49696
49666
49636
49606
49576
49546
49516
49486
49456
49426
49396
49366
49336
49306
49276
49246
49216
49186
49156
49126
49096
49066
56788
56758
56728
56698
56668
56638
56608
56578
56548
56518
56488
56458
56428
56398
56368
56338
56308
56278
56248
54111
54081
54051
54021
53991
53961
37672
37642
34612
34582
34552
34522
29829
29799
25792
25762
9352
21134
21104
21074
21044
21014
20984
20954
20924
20894
20864
20834
15524
5632
5602
5572
5542
5512
5482
32173
32143
32113
32083
32053
32023
31993
31963
31933
31903
31873
31843
31813
31783
31753
31723
31693
31663
31633
31603
31573
31543
31513
31483
31453
31423
31393
31363
31333
31303
31273
31243
31213
69412
69382
69352
69322
69292
69262
69232
69202
69172
69142
69112
69082
69052
69022
68992
68962
68932
68902
68872
68842
68812
68782
68752
68722
68692
68662
68632
68602
68572
68542
68512
68482
68452
68422
68392
68362
68332
68302
68272
68242
68212
68182
68152
68122
68092
68062
68032
68002
67972
67942
67912
67882
67852
67822
67792
67762
67732
67702
67672
67642
67612
67582
59989
59959
52957
57492
57462
57432
57402
57372
57342
57312
57282
57252
57222
51189
51159
51129
54169
54139
54109
54079
54049
54019
53989
53959
48240
48210
48180
48150
48120
48090
48060
48255
44775
14775
27473
27443
27413
27383
27353
27323
27293
27263
27233
27203
27173
27143
43256
43226
43196
43166
43136
43106
43076
43046
43016
42986
42956
42926
42896
42866
42836
42806
42776
42746
42716
42686
42656
42626
42596
42566
40701
50072
50042
50012
49982
49952
49922
49892
49862
49832
49802
45616
47503
47473
47443
47413
47383
47353
43284
43254
43224
43194
43164
43134
43104
43074
43044
43014
42984
42954
42924
42894
42864
43149
43119
43089
43059
43029
42999
40072
40042
40012
43977
43947
43917
43887
43857
43827
43797
43767
43737
43707
40880
40850
40820
40790
21440
33287
33257
33227
33197
33167
33137
33107
33077
33047
33017
32987
31597
31567
38723
38693
38663
38633
39747
39717
39687
39657
39627
39597
39085
53891
53892
53893
53894
53895
53896
53897
53898
53899
53900
53901
53902
53903
53904
55991
55992
56085
58067
58085
59085
60085
61085
62085
63085
64085
65085
66085
67085
68085
69085
70085
71085
72085
73085
74085
75085
76085
77085
78085
79085
80085
81085
82085
83085
84085
85085
86085
87085
88085
89085
90085
91085
92085
93085
94085
95085
96085
97085
98085
99085
100085
101085
102085
103085
104085
105085
106085
107085
108085
109085
110085
111085
112085
113085
114085
115085
116085
117085
118085
119085
120085
121085
122085
123085
124085
125085
126085
127085
128085
129085
130085
131085
132085
133085
134085
135085
136085
137085
138085
139085
140085
141085
142085
143085
144085
145085
146085
147085
148085
149085
150085
151085
152085
153085
154085
155085
156085
157085
158085
159085
160085
161085
162085
163085
163373
162946
163947
164946
165946
166946
167946
168946
169946
170946
171946
172946
173946
174946
175946
176946
177946
178946
179946
180946
181946
182946
183946
184946
179652
181052
181226
182126
183126
184126
185126
186126
187126
188126
189126
190126
191126
192126
193126
194126
195126
196126
197126
198126
199126
200126
201126
202126
203126
204126
205126
206126
207126
208126
209126
210126
211126
212126
213126
214126
215126
216126
217126
218126
219126
220126
221126
222126
223126
224126
225126
226126
227126
228126
229126
230126
231126
232126
233126
234126
235126
236126
237126
238126
239126
240126
241126
242126
243126
244126
245126
246126
247126
248126
249126
250126
251126
252126
253126
254126
255126
256126
257126
258126
259126
260126
261126
262126
263126
264126
265126
266126
267126
268126
269126
270126
271126
272126
273126
274126
275126
276126
277126
278126
279126
280126
281126
282126
283126
284126
285126
286126
287126
288126
289126
290126
291126
292126
293126
294126
295126
296126
297126
298126
299126
300126
301126
302126
303126
304126
305126
306126
307126
308126
309126
310126
311126
312126
313126
314126
315126
316126
317126
318126
319126
320126
321126
322126
323126
324126
325126
326126
327095
328095
329095
330095
331095
332095
333095
334095
335095
336095
337095
338095
339095
340095
341095
342095
343095
344095
345095
346095
347095
347816
348692
348979
349979
350793
351607
352607
353266
354111
354925
355708
356708
357274
358274
358995
359871
360747
361747
362375
363375
364189
365003
365817
366755
367476
368290
369042
369949
370949
371949
372949
373949
370640
373580
373550
374425
370796
372472
373600
374637
375365
375796
376796
377796
378796
379796
380796
381796
382796
383796
384796
