3.82801
2.88
3.68
3.52
3.04
3.36
3.04
3.84
3.2
3.36
2.4
4.64
3.52
4.32
4.32
3.36
4
1.92
2.4
4.48
3.52
4.48
2.88
4.48
3.52
4
2.56
2.88
3.04
4.16
2.4
4.8
2.72
4.08
0.96
3.2
4.48
2.88
3.84
3.84
2.72
3.2
3.52
4
4.08
4.8
3.68
3.2
5.44
4.96
4
4.64
1.76
4.48
3.52
3.36
4.96
2.88
2.24
5.28
4.48
3.04
2.56
5.12
3.36
5.76
6.24
2.88
5.12
4.64
4.64
5.28
2.08
6.24
3.52
2.88
2.88
4.96
7.04
4.64
3.52
3.68
6.24
5.92
4.16
4.48
3.84
5.28
2.88
5.28
4.64
1.6
4.16
5.28
5.12
4.64
5.28
2.56
4.48
4.48
5.12
4.32
3.84
5.6
3.84
7.52
3.68
5.6
4.64
3.84
6.24
4.16
1.44
4.16
3.2
5.44
4.64
4
5.28
4.16
5.44
5.44
4.16
4.16
5.44
6.72
2.4
3.68
5.92
4.32
3.84
4.8
5.76
3.68
7.2
4.16
4.8
4.32
5.76
5.76
4.16
6.08
4.64
5.6
7.68
4.64
2.88
3.36
4.48
4.8
3.68
4.32
5.44
3.84
3.68
4.64
6.08
4.48
4.16
5.12
5.28
3.04
4.8
4
6.56
3.84
4.96
3.52
6.56
3.84
4.8
4.8
5.12
4.48
4.8
6.24
5.6
4.64
3.84
7.68
3.68
3.2
4.8
4.8
4.64
6.24
2.88
5.76
4.96
1.92
6.08
6.4
3.52
3.52
3.84
7.2
5.44
4.32
3.84
4.96
3.52
6.56
4.64
2.56
6.72
6.24
3.52
4.96
1.92
4
7.68
3.84
4.48
4.48
7.04
2.88
5.92
5.28
4.48
3.68
5.6
5.6
5.28
4.16
5.44
4.64
3.04
6.24
2.4
2.72
5.28
5.28
5.6
5.92
4.16
5.6
4.96
4.48
3.52
5.92
5.28
5.12
4.8
2.4
4.48
5.92
5.44
2.08
3.52
3.68
8.48
3.04
5.6
5.44
5.44
4.48
5.12
5.28
5.92
3.36
5.12
3.84
3.36
6.24
5.44
4
4.48
3.52
3.2
6.88
3.68
5.28
4.64
5.12
4.8
3.52
5.44
6.72
3.2
4.32
7.04
3.36
3.84
6.4
5.92
5.28
2.08
5.12
5.44
4.96
4.32
4.32
2.88
6.56
5.28
5.44
4.64
4.32
4.96
3.68
5.76
4.32
6.24
4.64
5.28
3.36
3.52
5.28
4.64
5.6
4
3.84
5.12
3.68
5.92
3.84
7.36
5.6
4.8
3.84
4.64
4.96
4.48
4.32
6.4
1.92
4.16
4.32
6.56
3.68
5.28
4
5.28
5.44
5.28
2.88
5.76
5.44
6.72
4.48
3.36
3.36
4.96
5.12
4.64
2.4
6.56
3.36
4.32
5.12
5.28
2.4
6.56
4.16
3.2
3.68
5.92
4.96
5.76
3.52
5.12
5.6
2.56
6.72
2.24
4.16
4.64
4.96
5.76
2.88
3.84
6.24
4.16
5.76
3.68
3.36
5.12
4.96
5.28
4.48
6.24
4.16
5.12
3.84
3.04
2.4
3.68
3.68
4.32
3.36
3.2
3.52
4.64
4
4.16
2.88
4.32
3.68
3.04
4.8
3.04
3.68
4.48
2.56
3.84
3.68
4.64
3.04
5.28
3.84
4
3.36
2.72
4.48
3.84
3.84
3.36
4.8
2.88
3.2
5.28
4.8
4.96
2.08
5.92
4.16
3.68
3.04
4.48
3.84
3.68
2.72
4
3.52
3.68
3.68
3.2
4.8
4
3.52
3.04
3.68
3.2
3.68
3.04
4.32
3.68
3.36
3.68
3.68
4.32
3.52
4.64
4.16
3.04
3.84
4.64
3.36
3.36
4
3.84
3.68
3.2
3.68
3.2
4.16
4.48
3.84
4.16
4.32
3.36
2.88
4
4
4.16
4.64
4.32
4.16
3.84
4.8
3.84
2.24
4.64
4.32
4.32
3.68
4
3.68
4.8
4.16
4
4
3.36
5.6
4.32
3.36
3.36
4.16
4
4.32
4.32
2.24
2.72
4
3.2
4.16
3.68
3.2
4.64
4.16
2.88
4.16
2.56
3.52
4.64
4
3.2
3.52
4.16
4.96
2.4
3.52
4.16
4.48
2.88
3.52
3.68
3.36
4.16
3.68
5.44
3.84
5.6
4.8
4.8
4
5.12
3.36
6.08
4.16
4.32
5.92
5.12
5.44
3.68
6.88
4.64
4.96
4.16
4.96
4.8
4.8
4.32
5.28
3.2
4.96
5.28
6.08
5.28
2.72
3.68
4
5.44
3.36
3.84
4.64
4.16
4.16
4
4.48
4.64
4.32
5.6
4.48
4.64
4.96
4.96
4.8
6.72
2.72
5.6
4.8
5.28
4
4.64
4.32
5.28
4.48
4.32
5.44
5.28
4.8
4.96
4.8
3.52
4.32
6.56
4
1.92
4.48
4.16
4
4.32
4.16
3.84
4.32
3.36
3.68
3.2
4.8
3.52
4.32
4.32
4.48
5.28
5.76
5.6
4.96
2.24
5.92
4.48
6.24
5.76
3.2
4.96
5.28
3.84
5.12
4.48
4.64
5.28
3.84
4.96
4.96
4.16
4.64
4.32
2.24
4.8
4.96
4.8
4.16
5.12
5.44
6.08
4.96
4.96
3.84
3.52
5.28
4.64
5.44
5.76
4.64
4.8
5.12
5.76
3.36
4
6.24
6.08
6.4
6.72
5.76
6.72
6.72
5.28
7.36
4.32
5.12
5.6
5.12
5.76
6.24
4.8
5.6
3.2
5.76
5.28
5.92
6.72
4.64
5.44
5.44
4.96
5.92
6.24
5.44
6.08
5.44
5.92
6.4
5.92
5.28
5.92
2.88
4.96
5.76
5.76
7.2
6.24
5.44
6.88
5.92
5.28
5.92
6.4
7.2
5.92
6.08
5.76
5.28
6.88
6.08
3.2
5.28
6.4
5.44
5.6
6.56
5.92
5.6
5.92
5.92
5.92
6.4
5.12
4.16
5.6
5.76
6.08
6.08
5.76
6.4
3.36
6.56
6.24
5.92
5.6
5.92
3.68
4.32
5.28
5.6
5.28
5.12
4.8
5.44
4.96
4.48
4
6.24
6.08
2.24
5.76
4.8
5.12
5.12
5.28
5.44
5.92
5.28
5.6
5.12
6.4
6.4
5.28
3.84
6.4
4.48
5.44
5.44
4.48
3.2
5.12
3.36
5.12
2.56
5.92
5.28
4.48
4.48
5.12
4.96
4.8
6.4
5.28
4.8
4.16
4.32
3.84
4
2.4
4.48
4.8
4.16
4
4.8
3.68
5.44
5.44
3.84
4.16
4.16
4.64
4.64
4.16
3.04
5.12
4.64
4.8
4.16
2.72
3.68
5.12
4.64
0.32
3.04
3.68
4
4
3.84
3.68
5.76
4.16
4.96
4.8
4.8
4.96
3.36
4.16
0.96
1.44
4.48
3.84
3.84
4
4
4
4.8
5.12
4.64
3.84
4.16
4.16
4.48
3.84
4
3.52
4.16
4.48
2.72
3.84
3.84
4.8
4.96
3.52
4.48
4.16
4.96
4.32
3.2
5.12
4.64
3.68
4.16
4.48
4.48
4.32
4.48
1.6
4.48
4.32
5.44
3.68
4.16
3.84
4.16
4.16
3.68
3.84
4
3.36
4.16
3.68
3.04
3.68
4.16
4.96
5.44
1.76
3.04
4.32
2.72
4.16
3.84
4.64
3.68
4.16
2.88
5.44
4.32
3.36
4.16
4.8
3.36
4.32
4.64
3.68
2.56
4.16
4
3.68
3.68
4.48
3.2
4.32
5.12
3.04
2.88
4.32
4.32
3.52
3.52
4.48
3.52
3.52
4
4.8
1.92
3.36
4.16
3.2
3.84
3.84
4
3.52
2.56
3.84
3.2
3.84
4.16
3.68
3.68
4.64
4.64
4
3.84
2.24
3.68
4.48
4.16
3.68
4.64
4
4.16
4.32
3.68
3.84
3.2
3.68
4.48
4.64
3.36
4.96
3.84
3.52
4.16
2.24
3.52
3.52
4
4.32
4.32
3.68
3.84
3.52
3.84
4.16
3.68
3.2
4
4
4.16
3.52
2.88
4.8
2.72
4.16
4.32
4
3.68
3.52
4.32
4.48
4.16
3.2
3.52
4
3.52
3.84
4.16
3.04
2.88
1.76
0.16
4
2.88
4.32
4.16
4.8
3.84
4.64
4.48
5.12
5.28
4.48
5.6
5.28
4
5.28
4.48
4.96
4.64
4.48
3.52
4.16
5.12
5.12
5.28
3.68
4.8
4.4
5.76
3.84
6.08
3.84
4.48
5.44
4
4.96
6.08
4.32
3.04
4
4.16
4.16
5.12
4
4.56
4
5.12
3.68
5.12
4.8
4.48
6.24
5.92
5.28
3.2
4
2.72
4.64
4
5.28
4.32
5.28
5.28
6.24
5.6
5.28
6.24
4.32
5.44
4
4.48
4.16
4.32
4.72
5.12
4.48
3.84
5.12
4.96
4.64
5.28
4.96
4.48
5.12
4.8
4.05333
5.6
3.2
4.64
4.96
4.48
3.36
2.72
4.16
5.44
4.16
3.84
4.48
4.96
4.48
4.8
5.6
4.32
4.48
4.8
4.96
3.68
3.04
4.8
5.12
4.96
2.08
5.2
4
3.68
5.12
4.32
4.64
4.48
5.28
4.64
5.6
4.96
4.64
7.2
4.16
5.12
5.6
5.12
3.68
4
6.08
4.96
4.8
3.36
4.96
4.8
4.48
5.6
4
4.32
3.2
5.22667
4.32
4.32
3.04
4.64
4.32
5.28
4.64
4.16
5.28
4.16
5.36
4.48
4.8
6.4
4.8
3.52
4.64
4.16
6.24
5.28
3.68
5.12
3.68
5.6
5.12
5.92
3.68
4.90667
5.76
3.68
5.12
3.68
4.64
5.12
4.8
4.16
3.52
4.8
3.36
3.68
4.96
4
3.68
4.69333
5.2
4.8
5.6
5.76
4
5.12
5.92
4.16
4.64
4.56
4.8
3.84
5.04
5.44
5.12
4.48
7.04
3.36
5.76
4.8
5.44
3.84
3.2
4
5.92
4.64
4.88
4.64
5.76
3.68
6.24
3.52
4.48
6.4
4
2.4
4.96
4.96
5.12
3.52
3.84
6.08
4.96
5.6
5.44
5.92
2.88
5.44
3.52
4.48
3.52
4.96
4
3.68
4.32
5.12
4.48
4.96
4.8
3.84
4.64
4.96
5.6
4
6.08
3.2
5.92
4.64
4.96
4.64
4.16
6.08
4.8
4.32
4.16
4.96
5.92
3.84
4.16
4.8
4.64
4
5.76
3.84
2.4
4.96
4.96
3.36
5.6
3.36
4.32
4.64
6.08
4
4.16
6.88
3.68
5.44
4.8
4.8
3.2
4.16
5.28
2.88
4.8
4.96
5.12
4.96
5.12
4.48
5.92
5.28
4.48
6.08
5.28
5.6
4.96
5.28
3.68
5.44
6.08
5.44
2.56
5.44
4.64
4.64
4.96
5.44
5.92
5.6
5.6
5.12
3.68
4.64
4.48
6.24
4.8
5.28
5.44
6.24
6.56
5.44
3.04
4.32
5.76
6.72
4.32
4.64
6.24
4
4.64
5.28
5.12
6.24
5.12
5.6
5.12
4.32
5.12
3.68
3.36
5.44
4
6.24
5.12
5.92
6.24
5.76
5.76
3.84
5.28
4.32
5.12
4.96
5.92
5.76
6.56
5.92
4.72
2.08
4.96
5.44
5.44
7.36
4.8
5.12
4.96
6.24
5.92
5.28
5.76
7.84
4.8
4.96
4
6.72
6.56
6.4
4.32
6.08
5.76
5.92
6.56
7.68
6.56
7.2
8
7.2
6.88
7.04
5.6
6.4
7.52
5.44
6.08
6.24
5.44
7.68
4.96
6.24
5.6
8
5.6
8.32
7.36
5.76
6.56
8
5.76
7.36
6.88
6.24
5.28
7.04
6.56
7.04
7.2
4.16
6.72
6.56
6.72
3.84
5.44
7.04
6.4
6.56
7.84
8.64
7.36
7.84
7.2
6.72
7.52
7.04
7.04
7.2
7.04
3.36
8.32
8
6.56
7.68
7.36
7.04
7.04
7.04
4.8
6.72
8
4.48
7.68
3.68
5.76
7.04
7.04
7.04
4.32
7.84
7.52
6.88
5.44
7.36
8.8
7.52
5.92
7.36
7.04
8.16
4.96
8.16
6.24
5.76
6.4
8.16
7.68
7.52
3.36
7.04
5.44
7.68
4.8
5.92
6.24
6.08
6.08
5.92
7.04
6.56
5.12
7.52
6.88
7.36
7.2
7.04
5.6
4.16
6.72
5.92
7.52
6.4
5.76
8.48
5.92
5.28
7.04
6.56
6.4
8
6.72
6.4
5.44
6.72
7.04
5.28
5.44
3.68
5.6
7.52
6.24
5.76
5.28
2.08
5.76
5.76
7.68
6.72
6.88
5.44
5.44
6.24
4.64
7.84
4.16
5.28
5.92
5.44
5.28
4.96
5.28
4.56
6.24
6.4
5.44
6.72
5.2
6.24
6.08
5.76
4.64
6.88
2.72
5.92
7.52
3.84
5.28
4.96
6.88
4.8
5.12
6.4
4.96
6.56
5.6
5.92
7.2
4.864
4.64
4.32
6.08
5.44
5.76
7.2
4.64
3.84
5.12
3.04
5.44
4.8
3.84
4.48
5.6
4.96
5.12
4.16
4.32
3.04
5.28
4.16
6.72
4.48
4.96
5.28
5.92
5.92
5.44
4.64
4.16
5.92
5.92
5.12
5.28
5.76
7.36
5.44
2.88
6.08
5.28
5.44
6.24
5.92
5.28
6.72
5.92
6.4
5.12
4.64
6.72
7.84
4.8
6.4
4.48
5.12
5.44
4.8
2.08
6.24
5.76
5.12
5.12
4.8
4.48
5.6
4.32
3.68
4.48
5.12
4.48
2.24
4
3.68
3.36
5.12
4.64
3.36
4.64
3.84
3.84
4.96
4.64
4.48
4
4.96
4.16
4
4.8
5.12
4.48
2.72
4.32
4.64
4.8
6.08
6.24
2.56
4.8
4.96
5.6
5.12
6.08
6.08
3.52
5.92
5.28
5.28
4.48
5.92
6.08
4.16
4.48
5.12
4.48
4.32
2.08
5.6
5.44
4.32
4.16
3.68
4.32
5.44
4
4
4.16
5.28
3.68
4.96
3.2
4.16
4
4.32
3.68
3.36
4
3.68
4.16
3.68
4.16
4.64
4
4.48
4.16
4.96
5.28
3.2
4.16
3.84
4.64
4.16
3.84
4.32
4
2.08
5.76
5.28
5.12
4.48
4
4.48
4.96
4.48
4
4
4
3.84
3.52
4.96
4.16
3.84
4.32
4.64
4.96
3.36
4.32
4.48
4.8
4.16
4.16
3.68
4.16
3.52
3.52
4.64
4
3.84
3.68
3.52
3.84
3.04
3.04
2.88
1.76
5.12
3.68
3.52
3.36
3.36
3.2
3.52
3.52
3.52
3.2
3.68
3.36
3.84
3.52
3.84
3.04
3.52
2.88
3.36
3.68
3.68
3.68
3.36
3.04
3.68
3.52
3.52
3.04
2.88
3.04
3.68
3.36
3.2
3.2
4.16
3.68
4
3.2
1.12
4.48
2.56
3.52
2.88
3.36
3.36
3.2
3.52
3.52
3.36
3.36
3.68
3.04
3.2
3.2
2.56
2.72
3.52
2.4
2.08
2.24
2.72
3.36
3.52
2.56
2.4
2.88
2.72
3.04
2.88
2.24
2.72
3.04
3.52
3.04
3.2
2.88
2.56
2.4
4.16
2.56
3.52
2.72
3.2
2.24
2.88
3.2
3.2
2.72
3.2
2.56
2.72
3.04
3.52
2.72
2.24
2.08
3.04
2.88
3.36
3.04
3.04
2.72
3.04
2.88
3.36
2.24
2.72
2.56
1.6
2.72
2.72
2.56
2.4
2.56
3.04
2.56
0.96
4.16
3.04
2.56
2.88
2.88
3.04
2.88
2.88
2.24
2.56
3.04
3.2
3.04
3.04
3.04
1.92
1.92
2.72
3.04
1.92
3.2
2.4
2.72
3.36
2.72
2.88
2.72
2.72
2.72
2.72
2.24
3.2
3.04
3.2
2.56
2.88
2.88
3.04
1.6
3.84
2.72
3.04
3.36
2.4
3.52
3.2
3.04
2.4
2.4
2.4
3.04
2.56
3.2
2.08
3.36
2.72
2.4
2.4
2.56
3.04
3.2
2.56
3.04
3.04
2.88
2.88
2.72
4.16
3.04
3.04
3.2
2.56
2.4
2.56
3.04
2.72
2.4
2.08
3.84
3.52
3.36
2.72
3.2
4
2.88
3.36
2.56
2.88
3.2
3.04
3.04
2.56
2.4
2.56
2.56
3.52
3.36
2.72
2.88
2.88
3.52
3.84
2.72
2.88
3.2
2.56
2.56
2.72
2.4
2.4
2.4
3.2
2.72
3.68
2.4
3.04
1.12
4.16
1.76
2.08
4.16
3.04
3.2
3.2
2.72
3.04
3.04
3.04
2.72
1.92
3.04
3.04
2.72
3.52
2.24
3.04
3.52
3.04
3.52
3.04
3.36
3.2
3.04
3.52
2.72
2.08
2.56
3.04
2.72
3.52
3.36
3.52
3.68
3.36
3.04
1.6
3.36
2.08
3.2
3.04
3.04
3.36
2.88
3.52
3.2
2.88
3.2
2.56
3.04
2.4
2.56
2.24
3.2
2.72
3.84
1.92
2.72
3.04
2.88
3.04
3.36
3.36
4
3.68
3.2
3.36
3.84
3.52
3.04
3.36
1.92
2.4
1.92
3.04
1.92
4.64
2.88
3.2
3.2
3.2
3.36
2.88
3.36
3.84
3.84
2.56
4
3.52
3.2
3.68
3.36
3.04
2.88
4.96
2.4
3.36
2.88
4
2.56
2.4
2.24
1.92
1.84
1.12
1.92
2.18667
2.24
2.24
2.72
2.02667
2.24
2.24
2.24
1.12
1.12
1.2
2.56
1.44
2.8
2.08
2.24
1.92
3.04
1.76
2.08
1.12
3.04
1.76
2.4
0.8
1.28
3.04
2.08
2.08
1.36
2.24
2.56
1.92
1.76
1.68
1.92
1.44
1.44
2.24
1.76
2.4
1.44
1.52
2.24
2.4
2.08
1.92
2.4
2.72
1.92
2.56
1.44
1.12
2.4
0.8
1.28
2.08
1.6
3.04
2.88
2.4
1.6
2.64
2.88
0.96
1.12
2.08
1.6
1.92
2.72
2.72
2.56
1.44
2.08
3.04
2.72
1.44
2.72
2.02667
2.24
2.32
3.04
1.6
2.4
2.4
1.44
1.92
1.68
2.08
2.24
2.88
2.24
1.6
1.92
1.6
2.4
2.4
1.44
1.76
1.44
2.4
2.56
2.24
3.52
2.72
1.76
1.76
2.08
3.2
2.88
1.76
3.2
2.4
2.24
2.4
1.92
2.24
2.08
2.32
2.08
2.56
2.88
1.44
1.76
2.24
3.36
1.76
2.4
2.88
2.4
1.76
1.76
1.12
2.08
1.44
3.2
2.88
1.76
2.08
2.72
2.24
2.24
3.36
2.24
2.56
1.76
2.08
3.36
2.88
3.52
2.72
2.72
2.88
2.24
0.64
2.24
3.04
1.28
1.6
1.92
2.4
3.2
2.08
1.92
3.36
1.76
1.6
2.08
2.72
2.88
3.52
2.88
1.76
2.24
2.08
1.44
1.28
1.76
2.4
2.4
2.72
2.88
3.04
2.56
1.92
2.88
2.08
2.72
2.4
2.72
3.04
1.44
1.68
2.24
2.4
2.24
2.4
3.68
2.24
2.72
3.04
2.88
2.56
2.4
3.36
1.76
1.92
3.04
2.08
2.4
1.92
2.08
1.92
2.24
2.24
2.56
3.2
2.56
2.56
3.04
2.56
2.24
1.44
2.72
2.88
2.24
2.24
3.2
3.2
2.4
1.92
1.92
3.52
1.92
1.28
2.4
3.84
2.72
1.92
1.92
2.72
2.24
2.72
2.24
2.88
2.24
1.92
3.04
2.56
1.28
3.12
2.56
1.6
2.4
2.24
3.2
2.08
2.56
2.88
3.04
2.72
1.44
2.72
3.2
2.24
2.56
2.72
3.2
1.76
0.64
3.2
2.56
3.2
1.6
2.08
2.24
3.2
0.96
3.52
1.28
1.44
1.6
3.04
4.32
3.68
2.08
2.24
1.92
1.76
2.56
3.36
2.72
2.4
3.04
3.36
1.92
3.04
2.88
2.08
1.76
2.24
3.04
2.08
2.88
2.24
2.72
1.76
2.72
2.72
1.76
2.72
2.08
2.88
2.88
1.44
2.08
2.72
2.08
3.36
1.92
3.2
2.24
2.56
3.2
1.76
2.56
3.04
2.24
3.68
1.44
1.28
2.88
3.2
2.56
1.6
2.08
2.88
2.88
2.72
2.24
2.56
2.4
2.24
2.08
2.24
2.08
3.2
1.76
2.88
3.36
3.68
2.4
2.88
2.56
2.24
1.92
2.88
3.04
2.72
1.92
2.56
2.56
2.24
2.88
2.56
2.08
2.88
2.4
2.56
3.04
2.4
1.92
2.56
3.04
1.76
1.6
1.76
1.76
2
2.4
2.24
2.4
2.72
1.44
1.76
2.56
2.24
2.24
4
2.56
2.72
1.6
2.32
2.56
3.84
3.36
4
1.28
2.88
2.08
2.08
1.44
2.4
3.2
2.88
2.88
2.72
2.56
2.24
2.88
2.56
3.36
2.24
2.56
1.76
1.6
2.24
1.28
2.72
2.72
1.92
1.92
3.36
3.36
1.92
2.88
2.72
2.24
2.24
2.88
3.2
2.24
2.88
1.92
1.92
2.56
2.56
2.4
1.44
1.76
2.88
3.52
1.76
2.08
3.04
3.68
2.88
3.04
2.08
3.2
3.04
1.28
3.04
2.56
3.04
3.2
2.88
2.08
3.2
2.56
2.72
3.04
2.08
3.52
2.88
2.08
1.76
2.08
1.44
2.4
2.56
3.04
2.72
2.72
2.88
2.08
2.72
2.56
1.44
3.2
3.52
3.36
2.88
2.24
2.24
2.24
2.24
2.4
2.4
2.88
2.24
3.36
3.04
3.36
2.56
2.56
2.72
3.84
1.76
1.92
3.84
3.2
2.72
3.2
2.08
2.72
2.4
2.88
2.4
3.04
2.4
2.72
2.88
2.24
2.72
2.88
3.68
2.08
2.24
2.56
2.72
3.04
3.36
2.72
2.24
3.68
2.24
2.24
2.56
2.88
1.92
1.76
2.72
2.56
1.44
3.04
2.56
2.08
2.4
2.4
2.56
2.24
2.56
2.88
1.92
2.72
2.24
3.36
2.24
1.92
2.72
2.56
1.92
2.4
2.24
2.88
1.44
2.24
2.08
2.4
2.24
2.24
2.4
2.4
2.24
2.72
2.08
2.56
2.08
3.36
2.72
1.76
2.56
3.52
2.88
2.72
1.92
3.04
3.36
2.72
2.88
3.04
3.2
2.24
2.4
3.68
2.72
2.88
2.24
4.32
3.68
3.52
2.88
2.72
2.08
2.24
3.36
2.08
2.08
2.72
2.56
2.4
3.2
2.72
1.76
2.72
3.04
2.88
2.56
2.56
2.72
2.08
2.56
3.52
3.36
2.4
2.72
3.36
2.72
2.08
2.24
2.56
2.72
2.4
3.36
2.88
3.04
2.88
3.04
2.88
3.2
2.4
2.24
2.4
1.92
2.88
3.36
1.76
3.36
3.68
3.2
2.88
3.52
2.88
2.24
2.88
3.2
2.56
3.36
3.36
3.04
3.36
2.72
2.72
2.72
3.2
2.24
4.32
1.92
2.4
2.56
2.4
2.56
3.84
1.6
3.52
2.72
2.56
3.68
3.68
2.72
2.24
3.2
2.24
2.08
2.24
3.2
3.36
2.24
3.52
2.4
2.72
2.4
2.72
2.4
2.72
3.68
3.2
2.4
2.4
2.56
2.72
2.56
1.44
2.56
3.36
2.72
2.24
9.28
10.4
5.76
8.8
8.16
8.32
6.08
7.36
7.04
8.8
4.32
4.96
6.08
7.68
5.92
11.04
12.8
10.72
9.6
12.8
10.4
11.04
10.24
10.08
7.52
10.56
8.32
10.24
11.84
13.44
11.2
12.48
9.76
11.36
6.4
10.4
10.4
11.04
9.28
12.16
13.28
9.44
12.16
12.16
11.04
14.4
13.6
10.72
8.64
11.36
8.48
6.08
6.4
3.84
7.2
6.88
9.12
10.56
6.24
14.72
5.44
4.96
8.32
7.52
7.68
5.92
8.8
13.44
5.28
10.08
9.44
11.68
12.96
6.56
10.88
12.8
15.2
11.68
14.24
5.76
16
10.72
15.04
8.96
12
7.52
6.08
15.52
15.36
8.8
13.92
10.56
4.16
13.28
6.72
10.24
11.36
12.64
11.36
10.4
16.48
16.48
16.8
15.52
15.2
14.08
10.4
6.88
6.56
8.32
11.04
12
5.76
8
9.92
8.96
8.32
8
5.92
11.84
10.4
11.2
10.08
9.6
15.68
15.52
14.72
16
14.24
13.12
12.64
8.64
13.12
10.24
10.88
13.6
11.2
10.88
16.32
17.44
17.44
13.28
11.84
12.48
10.4
12.64
15.04
13.44
12.8
13.28
10.08
7.68
16.8
17.44
13.28
9.6
15.36
15.52
9.12
16.96
10.08
12.48
9.92
13.76
7.2
10.08
12.96
14.08
15.52
12.48
9.6
14.4
12.64
12.64
9.44
11.84
10.56
6.4
11.36
12.64
13.6
9.92
12.48
11.2
8.64
12.8
13.28
11.68
13.76
15.2
9.28
15.04
10.4
12
12.48
13.12
12.48
12.96
11.04
11.68
14.24
12.32
14.56
13.76
15.52
14.08
12.64
14.56
11.04
5.76
10.56
14.56
11.2
15.2
13.76
14.24
17.28
16.32
12.48
13.12
9.76
12.64
12.48
12.32
18.24
14.56
14.24
15.84
17.92
7.84
15.36
14.4
16
10.88
11.04
12.48
13.92
14.4
16.8
15.84
15.36
17.6
16.48
13.76
12
14.72
12.16
13.92
7.2
14.88
15.52
13.44
15.68
15.84
18.24
15.84
11.52
10.88
11.52
10.08
8.96
10.24
10.24
9.92
15.2
13.76
11.68
10.56
7.2
15.36
11.84
11.04
14.24
14.88
13.92
13.44
16.16
14.24
16
13.76
13.92
12.8
17.76
13.92
14.72
14.4
14.4
4.8
17.44
15.68
15.52
15.52
14.08
16.96
15.84
16.48
15.2
16
14.24
17.12
15.04
12.32
11.84
9.44
14.56
15.36
15.36
5.76
12.32
16
15.2
16.16
11.84
14.56
15.2
14.72
16.64
15.52
14.08
16.32
17.6
16.8
18.24
18.88
14.56
17.6
8.32
13.12
14.24
15.68
15.84
17.28
16.64
16.96
16.96
14.08
13.92
18.88
15.2
15.04
15.04
11.36
13.76
13.6
13.28
16
7.68
14.88
15.68
15.84
15.52
14.88
16
17.28
14.72
14.56
15.52
13.76
10.08
7.04
5.6
8
9.44
10.72
15.36
9.6
15.04
18.08
8.96
16
9.12
10.4
10.88
9.44
12.16
12.16
8.32
9.28
11.2
8
7.36
6.88
8.8
9.44
8.16
3.52
11.04
9.92
7.84
6.24
7.84
9.76
8.48
6.72
7.84
7.52
7.68
7.52
7.68
9.76
7.36
5.92
5.12
7.68
4.8
9.28
4.8
2.72
3.36
4.96
3.68
3.04
2.88
3.52
4.64
7.68
8.16
5.92
8
5.76
8.96
7.52
5.28
7.36
3.84
7.04
7.36
5.92
6.24
5.6
4.8
4.8
7.68
11.84
12
11.04
7.84
7.84
9.12
8.96
7.52
7.84
7.68
4.96
8.16
7.68
8.16
5.92
7.68
7.52
7.52
7.84
8.16
10.4
9.44
7.68
5.6
5.6
8.96
10.56
8.48
11.68
13.92
6.56
11.52
11.36
13.28
14.56
12.32
7.04
10.24
11.52
9.12
8.48
8.96
9.6
6.72
7.52
10.4
7.04
6.56
8.8
3.84
9.6
6.56
5.44
5.44
7.2
12.8
10.56
11.36
14.4
14.72
13.76
14.24
7.04
8
11.68
6.72
9.44
9.28
13.92
7.2
11.68
13.28
15.52
3.52
8
6.88
3.84
5.28
6.72
4.16
5.6
5.44
3.68
5.28
3.68
4.16
5.6
4.32
2.24
5.12
4.64
4.16
5.6
5.6
5.28
5.92
5.92
5.76
7.44
6.4
7.52
9.92
6.56
5.12
6.72
4.96
5.44
3.04
5.12
6.72
6.24
4.48
5.56
4.72
7.68
7.52
8.64
7.84
7.04
11.2
8.88
4.16
7.6
5.92
6.72
6.92
8.48
7.68
8.53333
6.88
7.52
8.64
9.12
10.56
6.56
10.24
8.8
11.68
10.1867
6.72
8.6
8.68
3.52
6
8.32
6.4
7.89333
8.52
7.62667
7.88
7.44
8.88
7.68
10.88
9.72
9.81333
8.76
10.6133
8.48
8
12.8
9.76
8.16
7.84
5.76
7.68
9.76
11.36
7.68
6.56
10.72
7.36
8
10.56
10.24
6.72
8.32
9.88
13.76
12.64
6.72
9.47879
13.2211
16.1067
11.12
16.32
13.52
13.2
13.72
9.92
12.2133
13.183
16.9781
17.92
19.2
18.032
18.6667
18.86
18.6514
19.2
9.44
18.72
18.2
19.2
17.568
18.24
18.6133
16.2773
16.16
13.28
17.424
19.12
16.6667
18.56
18.84
14.08
9.46968
8
12.64
16.48
7.86667
8.29333
9.44
8.88
10.72
17.6
18.24
17.28
13.28
7.62667
10.56
10.88
10.56
10.88
10.72
10.72
11.36
9.92
7.04
10.08
9.44
8.85333
9.12
10.24
9.28
8.16
10.88
9.76
9.12
9.92
11.2
10.08
9.76
9.92
11.84
7.04
8
10.16
8.48
9.49333
8.32
10.4
8.48
8.52226
12.16
10.56
9.28
8.8
5.92
7.52
8.32
10.24
10.4
10.72
9.76
8.48
8.44
9.48
9.28
7.2
9.04
9.6
7.36
6.72
7.36
6.24
3.52
7.41333
6.08
6.72
7.04
8.96
8.48
8
8.32
9.76
8.64
7.68
8.16
7.2
9.44
9.12
7.68
4.32
5.48
6.08
6.08
9.12
7.84
12.32
7.04
10.24
9.76
8.48
11.04
9.76
9.28
10.4
9.12
6.24
11.2
11.36
10.72
9.92
9.12
10.56
9.76
11.2
10.72
11.36
10.24
9.76
9.44
9.44
6.4
7.36
6.88
7.04
7.36
8.8
14.88
15.68
15.2
13.76
14.08
15.04
15.2
8.16
9.28
6.72
4.96
3.2
3.2
1.12
2.24
3.04
3.04
3.52
3.36
3.2
2.88
2.24
2.72
2.4
2.72
4.32
2.56
2.4
2.72
3.04
2.72
3.52
2.4
1.92
2.56
1.6
3.2
1.92
2.08
2.56
3.84
2.08
3.2
2.72
3.04
3.2
2.88
2.88
2.24
3.2
3.04
2.16
2.24
2.08
2.28571
2.66667
3.2
2.18667
2.96
1.85143
2.13333
1.68
2.4
2.4
2.45333
0.96
2.48
1.6
2.72
2.61333
2.29333
1.92
2.66667
2.56
3.36
2.2
3.28
3.04
3.52
2.82667
2.24
1.84
1.76
1.44
2.8
2.24
2.24
2.24
2.88
1.76
2
2.02667
2.48
1.86667
2.24
2.72
2.77333
1.6
1.81333
2.88
2.48
1.76
1.6
2.48
2.88
2.4
1.12
2.4
2.4
2.4
2.24
2.08
2.56
2.4
2.4
3.68
2.24
1.92
2.08
1.76
2.08
2.08
2.56
2
2.4
2.08
2.56
1.2
3.52
2.72
2.56
2.88
1.92
1.92
0.96
3.36
1.76
3.2
2.72
4
2.56
2.08
2.56
2.08
1.92
2.08
2.4
2.48
2.24
2.72
2.4
1.76
2.72
2.56
2.88
1.76
3.52
3.2
2.88
2.24
4
3.52
1.92
2.88
1.6
2.24
2.24
2.08
2.72
2.72
2.72
1.92
2.4
2.56
2.08
2.24
2.24
2.88
2.72
3.2
1.76
2.88
3.2
2.4
3.68
2.72
1.92
2.4
3.52
2.56
2.24
2.24
2.24
1.92
1.6
2.72
3.36
3.52
2.24
2.24
3.36
1.44
2.56
3.04
2.88
4
2.08
2.88
2.4
2.56
2.48
3.2
2.24
1.92
3.2
3.2
2.56
2.56
1.44
2.24
1.6
3.36
2.56
2.72
1.76
2.88
2.24
1.76
2.24
2.08
2.24
1.12
3.2
3.36
3.04
2.88
2.72
2.56
4.16
1.92
2.56
2.24
3.84
2.08
2.08
4
4.8
1.44
2.88
2.4
2.08
0.96
3.2
2.88
