0
51000
1000
2000
1000
0
1000
249
753
699
1047
1
1253
0
998
0
1001
0
0
922
1
1
80
0
571
426
0
0
0
0
651
351
997
1000
0
0
0
830
0
172
0
0
0
998
0
0
0
0
1003
999
997
0
0
629
0
373
0
0
999
0
1001
999
0
0
0
0
0
999
0
0
0
0
646
367
0
0
0
987
930
912
1
1157
524
480
998
1002
1000
999
1001
1001
1001
2994
0
1000
406
595
1003
748
1249
1000
1003
0
1002
0
1001
1997
734
1000
1004
0
1004
998
751
999
1001
2998
1000
0
1000
1003
0
1999
0
580
432
466
810
212
2001
0
999
1002
0
689
1998
999
1000
3000
0
0
1000
1002
0
1003
1001
999
1000
1001
998
1536
1461
0
679
953
1001
2999
0
0
922
80
999
1005
1996
0
1002
0
1001
251
1
1001
1999
1999
0
1000
1004
998
998
1000
2003
0
997
1001
0
1001
1001
1001
1003
801
691
1140
216
668
1001
38
336
2999
0
655
349
2001
0
1001
1275
159
104
355
140
1002
1000
0
999
1003
1000
1003
0
998
1002
998
382
993
1002
1000
1176
0
431
1001
1002
841
1082
999
1000
1006
997
963
1000
1006
998
0
1002
1003
996
0
2999
0
319
689
1999
993
1000
1002
0
1000
576
2993
0
1000
2001
0
0
1034
796
116
1001
1000
1001
2149
0
1000
766
238
997
1002
575
996
131
363
1105
504
501
2004
0
1003
646
355
529
2000
0
1002
0
1003
999
609
322
994
1005
999
997
1000
1000
447
996
1002
1004
1002
1000
998
1001
1000
1001
999
999
1001
998
998
1000
1003
890
1004
0
1002
1000
998
1000
1001
1001
998
1001
1003
998
998
1001
1001
999
1000
1000
442
990
1003
1003
1001
1001
1000
999
1001
648
1005
0
1003
1001
999
999
1004
1000
997
1001
1003
999
1000
1000
1001
998
1000
998
1001
999
999
1000
1000
1001
999
1002
998
1002
548
216
1007
0
1000
999
1002
1001
998
999
1002
1002
999
1001
1001
1000
998
1000
1002
999
999
1000
1003
1000
997
1000
1003
998
999
1000
1001
1000
1002
49
1008
0
1001
50
934
1073
0
1011
0
1001
1000
998
1144
0
1010
0
1001
1001
1000
999
1000
1001
1001
997
1001
1003
1000
998
999
1000
999
1000
1001
999
1000
1008
885
202
1001
1009
0
132
986
993
1008
1002
997
1002
133
985
995
1009
1002
1000
996
1002
1260
0
29
1005
0
1007
997
1115
0
1009
0
1005
996
1002
997
1142
1000
1009
0
1005
995
1001
1003
998
1019
0
999
1003
1000
998
1003
999
999
999
1000
1002
999
1144
0
1010
0
1000
999
1001
101
1003
0
1098
0
1009
0
1001
1001
998
1000
1001
1002
997
1001
1002
999
998
1000
1001
1001
998
1000
31
1005
0
1004
1002
1000
998
1002
1000
1000
998
1000
1002
1000
1000
998
1001
1001
998
1000
1001
136
986
1012
0
999
1000
1000
999
1002
802
1224
0
1014
0
995
1000
1003
999
1000
57
1012
0
997
1004
1000
1033
1010
0
1002
1001
997
1001
1001
1001
997
1001
1001
1001
70
980
1010
1003
997
1000
1004
999
998
999
1002
1000
997
1001
1002
1000
997
1001
1002
1001
996
1001
1002
1000
997
1000
1004
1133
0
1013
0
353
985
993
1012
999
999
999
1003
999
999
999
175
984
1010
0
1003
999
999
999
1002
987
1012
1027
1010
0
1002
999
1002
1000
999
998
1001
318
1103
0
1011
0
1001
998
1001
1000
1000
999
1001
1001
999
999
1001
1000
1000
999
1001
1000
1064
0
1012
0
998
1002
1001
1000
998
1000
1000
1001
998
1105
0
1141
0
1025
1010
0
39
1248
0
1011
0
999
1003
998
999
1000
999
1002
999
999
1002
1000
999
1001
998
1004
997
1000
999
1002
1000
998
1001
1001
999
999
1001
1001
999
999
1002
1000
999
999
1001
1001
999
999
1001
999
1004
996
1005
994
1002
1001
1001
996
1003
1219
0
951
1019
873
1162
0
1010
0
1102
0
1009
0
1001
1004
995
999
1191
0
1038
1008
0
48
1008
0
1001
1000
1024
1003
0
1028
996
1012
0
1001
998
1002
999
1248
0
966
1032
1007
0
1003
999
1003
997
1002
1000
1000
998
1081
0
1009
0
1034
0
998
1001
1001
999
1000
1001
999
1002
998
1002
999
1001
1001
1000
998
1040
0
997
1001
1002
998
1000
1000
19
999
992
1096
0
1010
0
1001
1000
1001
997
10
1001
1001
998
1000
1001
1028
0
999
1002
1002
997
1000
1001
1002
997
1000
1001
1002
997
1000
1001
1005
994
1000
1001
1002
997
1000
1001
1002
997
1001
1000
1002
997
999
1002
1003
996
1001
1096
0
1010
0
1003
1252
0
775
161
980
994
1008
1004
999
998
94
980
52
1004
0
1007
1001
172
989
996
1009
996
1000
1005
998
999
999
1001
1000
1056
0
65
1193
0
1011
0
1004
995
1001
1001
999
999
1000
1001
1003
998
998
1001
1004
1169
0
1010
0
1002
1132
0
1010
0
1001
1001
998
1001
999
1001
1001
998
1001
1003
998
998
1000
1002
1050
0
867
947
190
1125
1119
0
1242
0
1010
0
1003
996
1004
1000
999
997
1003
998
1002
997
1002
999
1002
997
1002
1157
0
1011
0
1000
1001
997
1002
999
1002
997
1003
998
1000
1002
999
999
49
1003
0
1007
1001
998
1002
999
1094
0
1010
0
1000
999
154
1023
1009
0
1001
1000
998
1027
0
999
1001
1000
1001
1001
998
1000
1141
0
900
87
63
988
1007
1003
1031
1008
0
1001
1002
891
1187
0
1013
0
996
1056
0
1009
0
1001
1001
1000
184
989
992
1010
998
1000
1001
1001
999
999
1001
1039
1008
0
1003
1002
1000
997
1001
1003
997
998
1000
1003
999
998
1000
1003
999
998
1002
1001
1067
1013
1010
0
714
1304
0
1013
0
109
984
994
1012
997
1002
1001
999
13
1120
0
1010
0
1002
1001
1003
994
1117
0
854
1157
0
1126
0
1011
0
1004
998
997
1000
1003
1000
997
1000
1003
1001
996
1001
1002
999
999
999
1003
1001
997
999
1003
999
999
999
1032
0
108
987
997
1007
1000
1207
0
1151
0
1011
0
1002
998
999
1001
1000
1000
999
98
993
1140
0
1011
0
1001
998
1001
1000
1000
999
1001
1000
1000
999
1001
1002
997
1002
999
1001
998
1001
1000
1001
998
1001
1000
1001
998
1001
1000
1000
999
1000
1086
0
1010
0
1003
998
749
1309
0
1011
0
999
53
1006
0
1003
1002
97
1009
0
1000
1002
1000
997
1002
999
1001
998
1003
293
1297
1016
1007
0
1001
1040
1161
0
1130
0
1143
1015
1005
0
1001
202
991
1000
1002
1002
998
1000
903
1160
0
62
996
1004
1000
1000
1001
1159
0
1005
0
1000
1000
1251
0
1004
0
1001
1001
998
1000
1000
1000
999
1003
997
111
1002
0
1001
1002
1000
50
996
999
52
994
1000
1001
1000
999
1001
1000
1000
999
1000
1001
999
1001
999
1000
1000
1001
999
1000
1000
1001
999
1000
1000
1001
999
1000
0
7
9
5
11
5
12
2
11
5
5
4
3
2
6
4
3
6
6
7
3
5
5
7
3
5
8
8
5
10
16
3
10
8
12
6
7
8
8
11
6
10
9
5
6
7
4
3
8
7
8
9
12
10
7
12
6
5
9
8
10
10
8
4
8
7
3
4
4
4
5
4
10
5
11
11
13
7
6
8
9
9
14
7
6
5
7
7
8
7
6
9
7
6
4
9
7
4
10
4
7
10
9
9
6
12
5
4
4
6
6
7
5
8
3
13
9
8
7
12
7
6
9
14
9
8
8
6
5
6
7
5
8
17
8
7
4
10
8
9
10
8
9
9
11
7
4
6
5
8
8
5
3
3
4
6
6
5
5
4
9
7
6
6
14
6
9
9
7
7
7
7
7
7
7
10
12
9
8
6
11
14
6
8
4
7
7
8
8
7
7
7
5
4
5
9
7
11
10
7
9
7
7
11
0
7
11
6
7
7
5
4
6
3
5
8
10
7
6
12
5
11
11
11
11
6
5
7
5
8
5
5
13
9
3
3
7
5
8
4
6
12
5
8
7
7
7
9
6
6
4
5
8
8
5
5
7
4
11
7
11
11
5
6
10
9
8
10
10
7
12
8
6
7
4
7
5
4
8
10
7
8
6
7
8
4
6
9
8
9
6
10
11
8
7
4
8
3
4
4
6
6
11
5
4
10
5
6
11
7
7
11
12
5
10
4
7
8
10
3
5
7
10
12
6
9
10
3
9
4
7
7
11
12
8
7
7
10
5
3
3
5
6
7
9
5
9
5
10
3
6
3
9
10
9
12
8
11
2
10
8
4
7
9
6
6
7
9
7
9
10
6
7
10
10
9
11
9
10
8
9
14
4
6
10
5
7
8
4
7
4
3
3
5
6
6
4
7
5
10
8
7
10
8
8
4
6
7
6
8
8
13
8
13
10
10
4
4
6
7
5
10
12
5
7
7
7
5
9
6
9
8
9
4
8
6
7
7
5
9
9
9
6
7
8
8
9
5
7
7
10
5
6
11
6
10
5
10
4
13
5
10
6
7
6
6
5
3
9
4
8
4
5
9
9
10
7
8
4
11
8
7
6
8
3
13
8
9
3
4
8
9
10
7
6
5
2
4
2
3
7
10
5
7
10
14
7
5
5
10
8
11
13
6
9
9
15
6
7
8
7
4
8
6
10
7
7
6
3
3
1
1
4
6
5
3
14
9
13
6
8
9
11
7
5
6
5
5
2
8
8
6
10
7
5
7
7
8
4
11
8
12
9
4
8
6
7
7
7
7
8
9
3
7
8
11
5
14
5
6
6
7
6
10
8
6
9
7
7
7
11
7
6
3
8
4
6
9
6
5
8
5
5
3
4
3
6
7
6
9
8
7
6
8
6
9
14
8
5
4
5
320
620
147
3
1
0
278
37
3
5
0
0
1
1
5
5
4
5
4
3
6
4
4
5
5
2
3
5
8
7
9
9
1
3
2
4
5
2
98
660
93
481
241
186
5
2
5
5
4
5
5
7
4
6
5
9
8
7
8
12
5
6
8
5
8
4
11
4
6
7
57
472
145
6
3
9
5
4
10
7
6
6
5
6
6
4
11
8
8
13
7
6
6
496
290
857
282
3
8
4
0
7
4
5
5
5
9
2
5
6
2
4
6
5
10
1
7
1
4
4
6
6
8
8
1
5
6
165
478
245
183
7
228
0
169
121
183
403
272
506
396
330
78
3
4
5
4
4
2
4
3
2
7
52
504
4
1
5
6
2
5
4
4
5
4
1
5
4
5
16
142
3
4
1
36
0
5
6
2
53
352
499
400
146
708
136
482
99
3
157
4
3
7
422
155
483
264
459
572
492
152
779
1515
1466
486
0
1855
1806
3
1416
1367
616
502
1334
1285
1013
1234
3502
3503
4149
5149
6149
7149
8149
9149
10149
11099
12101
13099
14099
14399
15051
15258
15203
16200
17199
17501
18500
19400
20349
21201
22199
23051
23999
24949
25801
26700
27699
28503
29500
30499
31499
