3.82288
3.68
4.48
1.92
3.52
2.72
3.36
3.52
2.64
4.32
4.48
4.16
3.28
3.52
2.72
3.36
3.04
4.08
2.88
2.72
2.88
2.24
3.36
4.48
4.8
2.88
3.52
4.16
3.52
2.56
3.2
5.28
2.72
4.48
3.04
3.36
2.56
4
3.68
3.84
1.76
3.36
2.88
3.36
4.64
4.88
4.96
2.72
4.48
4.16
3.36
4.8
5.28
3.84
5.28
2.56
5.6
5.12
1.76
4.96
2.72
4.48
4.8
5.28
4
4.48
7.04
3.52
4.16
5.28
7.68
4.48
4.64
5.92
6.56
4.8
4.64
5.6
1.76
5.76
5.92
4.64
4.16
5.28
4.48
3.52
4.64
4.64
4.8
4
4.32
3.68
7.04
5.28
4.8
8
4.16
3.36
4.8
4.96
4.8
4.16
6.24
4.32
5.12
5.44
4.48
5.28
4.64
6.56
5.76
3.2
4.32
6.56
3.2
5.44
3.84
2.4
5.28
5.44
4.48
5.92
4.8
4.32
6.88
4.96
4.8
5.12
7.52
4.16
2.4
6.24
5.92
5.76
3.36
4.48
2.4
6.56
6.4
3.68
4
4.8
6.88
2.56
5.28
6.72
6.4
5.12
3.52
5.6
7.36
3.2
3.36
4.8
5.6
7.52
2.56
4.64
4.16
5.92
6.08
3.2
4.64
3.68
8.32
5.28
3.52
4.8
7.84
5.44
3.52
5.28
8.16
4.8
6.56
1.76
5.92
4.32
5.76
6.24
3.52
4.8
7.68
3.04
5.44
4.64
7.36
3.36
3.68
10.08
3.04
4.64
6.4
6.24
3.04
2.4
6.88
7.52
4.64
6.56
7.36
4.96
3.52
3.36
5.92
5.28
4.64
4.8
4.16
7.52
2.56
5.76
5.12
5.12
3.84
5.28
6.24
3.52
5.44
7.2
4.48
5.76
6.72
5.44
4.8
5.28
5.76
3.68
6.24
7.04
3.52
4.16
8.64
3.68
1.92
6.08
7.04
4.48
3.04
8.48
6.88
3.2
4.64
8.64
4.8
4.64
6.72
6.08
3.36
4
9.12
3.52
5.28
6.72
4
5.12
4.8
6.88
7.04
3.36
3.84
8.96
3.52
5.44
8.96
3.84
10.88
4.48
3.2
10.08
5.28
4.32
8.8
1.6
3.84
8.96
4.8
4.64
7.2
4.48
5.44
5.6
3.2
10.56
3.2
2.4
6.88
6.72
3.36
3.84
4.16
4.96
2.4
3.68
4.8
5.12
3.52
4.16
5.28
3.84
5.28
3.68
4.48
3.36
5.12
3.84
5.76
3.36
4.32
4.16
5.12
4
2.72
3.04
3.2
5.12
3.2
4.32
3.68
2.88
2.88
4.16
3.84
3.52
4.16
5.12
3.52
4.96
3.68
4.32
3.84
1.76
3.68
5.28
3.04
3.2
3.68
4.32
4.8
3.68
3.2
4.48
3.68
4.32
4.16
3.2
4.8
4.48
4.16
5.12
5.28
2.88
4.32
3.84
3.68
3.36
2.88
2.72
4.32
2.4
2.88
3.52
4
2.56
3.68
4.48
4.8
3.04
3.36
2.56
2.08
5.12
4.16
2.72
2.88
4.32
3.36
2.72
2.56
2.88
3.68
2.56
2.4
2.88
3.04
2.88
2.56
3.52
2.88
2.08
1.6
2.4
2.24
1.92
1.92
1.92
1.6
1.92
1.6
2.08
1.76
2.24
1.92
2.08
2.4
1.76
2.08
1.6
1.92
1.76
1.92
1.44
1.92
1.76
1.76
1.44
1.44
1.6
1.44
1.6
2.4
2.4
2.72
1.76
1.76
1.44
1.76
1.6
2.24
1.92
1.92
1.6
2.24
1.6
2.08
2.24
2.08
1.28
2.4
1.6
1.28
0.96
0.64
0.8
1.12
1.12
1.28
1.44
0.8
0.8
0.8
1.12
1.12
0.96
1.12
1.6
0.96
1.28
1.6
1.6
0.96
0.96
1.12
1.28
1.12
0.64
0.8
1.12
0.64
1.28
1.92
0.64
1.12
0.96
1.28
1.6
0.96
1.28
1.44
0.96
1.44
0.64
1.28
1.6
1.28
1.12
1.44
1.6
1.12
0.8
1.12
2.08
0.96
1.28
1.28
1.76
0.96
1.76
1.44
1.28
1.44
2.24
1.76
1.6
1.6
1.6
0.96
1.44
1.44
1.12
1.6
0.96
1.6
1.28
0.96
1.28
1.44
1.44
0.96
1.6
1.28
1.28
1.28
1.12
0.8
0.8
0.8
0.96
1.6
1.12
1.44
0.96
1.12
0.96
1.12
2.08
0.96
1.12
1.12
0.8
1.28
0.96
1.28
1.28
1.6
0.8
1.44
1.28
1.12
1.6
0.8
1.12
1.6
1.6
1.6
0.8
1.6
1.12
1.12
1.28
1.6
0.96
1.12
0.8
0.96
1.12
1.6
1.6
0.8
0.96
1.28
1.28
1.28
1.6
1.12
1.44
1.28
1.28
1.76
0.8
0.8
1.6
1.76
1.6
0.8
1.12
1.28
1.12
1.12
0.96
1.92
1.6
1.92
0.96
1.28
1.6
1.44
0.96
1.28
1.44
0.96
1.12
0.8
1.12
0.8
0.8
1.12
1.12
1.28
0.64
1.28
1.28
2.08
0.8
0.96
0.96
1.28
0.8
1.92
1.6
1.6
1.28
0.96
0.64
1.12
1.12
0.48
1.12
0.64
0.96
0.64
0.64
1.12
0.8
0.96
0.64
1.12
1.44
0.96
0.64
1.28
0.96
0.96
0.8
0.48
0.16
0.64
0.8
1.12
1.6
1.12
0.64
0.96
0.96
0.64
1.12
0.8
0.8
1.12
0.96
0.8
0.8
0.96
0.8
0.96
0.64
1.6
0.32
0.64
0.8
0.8
0.8
0.64
0.48
1.12
0.32
0.48
0.96
0.96
0.64
0.64
0.64
0.8
0.8
0.8
1.12
1.44
0.48
1.28
0.96
0.96
1.28
1.44
0.48
0.64
0.64
0.48
0.16
0.96
0.64
0.8
0.32
1.28
1.12
1.12
0.8
0.64
0.96
0.8
0.8
1.12
0.96
0.64
0.8
0.64
1.6
0.8
1.28
1.12
0.16
0.32
0.64
0.8
0.8
0.64
0.96
0.64
0.64
0.32
0.64
0.8
0.96
1.44
1.44
0.64
0.64
1.28
0.8
1.28
0.8
0.64
0.96
0.64
1.44
0.64
1.12
0.96
1.28
0.96
0.64
0.8
0.64
1.12
1.6
1.12
1.12
1.44
1.28
0.96
1.44
1.76
1.44
1.12
0.96
1.12
1.12
1.44
0.8
1.6
1.6
1.28
1.44
1.6
1.28
1.12
1.92
0.96
1.12
1.28
1.6
0.8
1.44
1.44
1.28
0.8
1.28
0.96
0.8
1.44
2.08
1.12
0.96
1.12
0.96
1.44
1.6
1.28
1.12
0.8
0.8
0.8
0.64
0.48
0.32
1.28
0.32
0.64
0.32
0.96
0.64
1.12
0.16
0.32
0.48
0.8
1.28
0.8
0.96
0.16
0.8
0.48
0.32
0.96
0.16
0.64
0.32
1.28
0.32
0.96
0.32
0.64
0.96
0.8
0.64
1.12
0.64
0.64
0.8
0.16
0.96
0.64
0.48
0.96
0.16
0.32
0.48
0.96
0.48
0.64
0.32
0.64
0.16
0.48
0
0.64
0.32
0.8
0.64
0
0.8
0.64
0
0.32
0.48
0.8
0.64
1.12
0.64
0.48
0
0.64
1.12
0.64
0.16
0.16
0.64
0.32
0.48
0.8
0.48
2.24
0.96
0.48
0.48
0.48
0.16
1.44
0.48
0.64
0.64
0.8
0.64
0.8
0.48
0.8
0
0.16
0.32
0.64
0.96
0.16
0.64
0.64
0.8
0.96
0.64
0.64
0.64
0.96
0.64
0
0.32
1.12
0.8
0.64
0.64
0.8
0.32
0.16
0.16
0.96
0.48
0.32
0.48
0.64
0.48
0.8
0.32
0.64
0.48
0.32
0.32
0.64
0.48
0.64
0.48
0.64
0.48
0.96
0.48
0.32
0.32
0.48
0.64
0.96
0.8
0.64
0.48
0.64
0.32
0.48
0.48
0.64
0.96
0
0.48
0.48
0.64
0.8
0.64
0.64
0.48
0.8
0.64
0.8
0.48
0.56
0.16
0.32
0.64
1.28
1.44
0.64
0.32
1.12
0.64
0.64
0.32
0.32
0.64
0.64
0.8
0.48
0.48
0.48
0.48
0.16
0.32
0.64
0.16
0.8
0.48
0.32
0.48
0.64
0.32
0.48
0.4
0.48
0.64
0.48
0.64
0.64
0.48
0.64
0.48
0.8
0.8
0.48
0.8
0.64
0.48
0.16
0.48
0.48
0.8
0.64
0.8
0.64
0.8
0.4
0.48
0.64
0.64
0.64
0.8
0.48
0.16
0.32
0.96
0.48
0.8
0.8
0.64
0.96
0.48
0.64
0.64
0.48
0.16
0.8
0.96
0.8
0.32
0.64
0.48
0.8
0.48
0.16
0.48
0.32
0.96
0.32
0.32
0.48
0.48
0.96
0.48
0.48
0.96
0.32
0.32
0.48
0.48
0.32
0.64
0
0.32
1.12
0.48
0.96
0.48
0.64
0.16
0.32
0.88
0.8
1.2
1.12
0.32
0.48
0.32
0.32
1.6
0.48
0.48
0.32
0.48
1.12
0.64
0.8
0.32
0.48
0.48
0.32
0.48
0.32
0.16
0.64
0.48
1.12
0.8
1.44
0.96
1.12
0.32
0.48
1.28
0.48
0.64
0.48
0.32
0.96
0.8
0.32
0.64
0.32
0.48
0.32
0.8
0.32
0.48
0.32
0.64
0.8
0.64
0.32
0.64
0.64
1.12
0.48
0.8
0.32
0.32
0.48
0.8
0.32
0.16
0.48
0.48
0.8
0.8
0.8
0.32
0.16
0.48
0.32
0.64
0.32
0.48
0.64
0.48
0.96
0.64
0.32
0.32
0.32
0.48
0.64
0.8
0.48
0.48
0.48
0.64
0.96
0.32
0.32
0.48
1.44
0.16
0.48
0.96
0.96
0.16
0.64
0.48
0.32
0.48
0.16
0.48
0.32
0.32
0.8
0.16
0.64
0.32
0.8
1.12
0.64
0.72
0.64
0.64
0.8
0.48
1.12
0
0.64
0.96
0.8
0.64
0.48
0.16
0.32
0.48
0.64
0.8
0.64
0.64
0.96
0.8
0.32
1.28
0
0.64
0.64
0.96
0.48
0.64
0.48
0.48
0.64
0.32
1.28
0.64
0.48
0.16
0
0.32
0.48
0.48
0.64
0.48
0.64
0.48
0.32
0.64
0.64
0.32
0.96
1.12
0.48
0.16
0.32
0
0.48
0.64
0
0.32
1.28
0.64
0.32
0.32
0.96
0.48
0.16
0.48
0.48
0.48
0.8
0.48
0.32
0.96
0.8
0.32
1.12
0.8
0.96
0.64
0.32
0.96
0
0.16
0.48
0.48
0.8
0.32
0.32
0.8
0.32
0.16
0.32
0.64
0.32
0.8
0.64
0.48
0.48
0.64
0.8
0.64
0.16
0.64
0.48
0.48
0.32
0.64
0.48
0.16
0.48
0
0.16
0.64
0.96
0.64
0.48
0.16
0.96
0.16
0.64
0.48
1.28
0.32
0.16
0.8
0.48
0.48
0.48
0.16
0.8
0
0.8
0.16
0.16
0.32
0.48
0.48
0.48
0.32
0.64
0.64
0.8
0.64
0.8
0.64
0.32
0.32
0.48
1.28
0.32
0.48
0.48
0.16
0.64
0.48
0.16
0.32
0.8
1.44
0.32
0.16
0.8
0.48
0.64
0.64
0.8
0.48
0.64
0.96
0.64
0.96
0.32
0.48
0.16
0.32
0.48
0.48
2.4
1.6
3.68
1.44
2.08
2.24
0.8
0.64
0.48
0.48
0.48
1.12
0.16
0.16
0.96
0.8
0.32
0.16
0.96
1.28
0.32
0.48
0.8
0.48
0.16
0.48
0.64
0.48
0.8
0.32
0.16
0.48
0.96
0.64
0.48
0.32
0.64
0.32
0.48
0.96
0.32
0.64
0.96
0.48
0.64
0.64
0.48
2.08
4.16
2.4
1.76
0.48
0.8
0.48
0.64
0.48
0.32
0.96
0.16
0.32
0.64
0.64
0.64
0.32
0.8
1.6
0.48
0.96
2.72
2.08
0.16
2.88
2.4
3.04
3.04
3.68
4
3.2
3.52
2.56
1.12
0.32
0.32
0.64
0.32
0.64
1.92
1.28
1.76
0.16
0.8
0.16
0.48
0.64
0.8
0.48
0.96
0.8
0.48
0.64
0.16
0.64
0.8
1.12
0.48
0.32
0.48
0.48
1.12
4
2.88
4.8
5.6
5.6
7.2
5.6
7.36
5.12
4.16
2.56
1.12
1.6
1.92
0.64
0.96
0.96
0.8
0.16
0.48
0.32
1.92
1.76
1.76
4.64
5.44
4.16
4.8
4.8
2.88
4.16
3.04
1.28
3.52
1.92
1.44
3.84
1.76
2.08
1.6
0.8
0.48
0.64
0.96
2.4
1.6
5.6
2.88
3.2
1.76
1.44
1.6
1.92
1.76
2.24
5.6
6.24
4.48
4.48
5.76
4.16
2.72
1.76
1.44
3.2
1.28
4.48
6.88
8.96
3.52
5.76
4.8
3.04
1.28
1.6
6.08
10.72
4.32
4.16
3.84
4.32
5.6
3.84
5.28
6.08
7.2
5.12
5.12
4.8
1.6
2.72
2.72
3.36
3.2
3.36
2.08
1.28
0.96
1.12
5.6
4
3.2
4.48
4.8
4.8
3.68
2.56
3.36
3.04
2.08
3.52
4.96
4.32
1.36
0.96
1.28
0.16
0.8
1.12
1.6
7.52
1.92
3.52
5.6
5.28
9.44
5.6
7.04
7.04
6.72
5.6
4.48
7.36
4.8
8
6.56
5.92
6.56
6.56
4.64
7.04
6.88
4
5.6
7.84
8.64
8
6.88
6.08
2.24
4.64
2.08
4.32
7.84
5.44
7.68
6.24
5.28
4.48
3.36
2.08
5.6
5.44
6.24
5.44
7.2
7.36
4.48
2.56
3.52
1.76
11.36
13.12
6.88
3.52
2.88
5.6
4.8
2.72
5.76
8.64
9.92
7.36
8
10.72
11.84
8.48
6.88
6.72
9.92
6.24
7.36
6.88
8
8.16
6.56
10.72
7.84
8.8
7.68
7.84
7.2
6.56
5.44
3.68
4.32
2.72
3.68
3.04
4
10.08
6.72
3.36
4.16
7.04
9.76
8.32
7.52
6.88
3.68
3.04
3.68
5.44
5.12
6.56
5.44
4.8
4.8
8.64
6.4
7.84
7.36
6.24
5.44
5.6
5.44
3.04
6.24
8.64
8.32
9.92
8.64
5.44
3.36
3.2
3.04
4
3.84
1.6
7.36
7.2
8.32
8.64
6.24
3.36
1.6
7.04
6.88
4.32
8.16
8.64
11.36
9.28
9.6
6.08
5.6
4.16
2.4
2.4
2.72
2.72
2.88
4.32
8.16
5.6
4
4
4.8
10.56
8.8
10.88
6.56
7.52
10.56
8.32
7.04
4.8
3.84
6.24
8
8.32
9.6
7.04
5.92
3.68
6.08
5.12
2.72
5.44
6.4
3.84
8
8.96
8.64
6.08
6.4
3.2
4.32
7.36
3.68
10.72
9.92
8.96
9.44
8.48
8.48
9.44
6.08
5.76
7.36
7.04
10.4
9.6
14.72
8.64
7.2
5.92
7.36
6.56
7.36
6.24
9.92
9.6
6.88
6.08
7.36
7.36
5.92
9.76
6.4
9.28
11.2
7.04
8.64
9.6
5.44
6.24
5.6
7.36
8
8
11.36
12
9.6
9.6
10.08
11.04
13.12
8.48
10.72
12.64
13.6
12.8
9.44
5.6
9.44
6.88
11.52
10.4
10.4
8.48
12.64
13.28
9.28
10.88
9.76
11.68
14.08
13.92
9.44
8
9.76
11.68
12.8
7.84
7.04
6.08
4.8
4.96
11.68
13.92
14.88
7.68
8.8
8.16
9.44
10.72
6.56
10.88
9.6
12.32
9.92
10.08
5.76
12.16
9.28
8.48
8.8
9.12
8.96
7.36
7.36
10.24
6.72
12.32
7.36
7.2
8
7.04
7.04
9.44
11.36
11.68
6.4
12.96
10.08
11.52
10.72
10.4
9.28
12.16
12.64
15.2
15.04
12.96
13.44
12.8
13.28
12.96
7.84
9.76
8
4.64
8.16
8.16
7.84
13.28
9.28
9.6
7.04
9.44
8.8
11.36
10.72
10.08
10.72
13.6
17.6
17.44
15.36
12.48
13.12
6.56
13.76
14.88
14.08
13.76
12
9.6
9.92
9.28
11.52
6.72
11.84
12.16
13.76
10.56
11.68
13.28
9.6
13.44
6.72
10.4
9.76
10.88
13.76
10.56
16.32
14.24
13.44
12.64
13.92
10.88
9.92
15.52
13.44
13.28
15.2
11.84
11.68
14.4
8.16
14.56
14.4
12.32
13.12
12.16
10.56
12.64
8.64
11.68
13.76
10.4
12.96
6.4
8.64
10.88
14.08
10.72
9.28
6.24
11.36
15.2
11.36
14.88
13.28
12.16
14.4
15.2
14.72
12.8
11.36
12.48
14.72
8.96
8.8
10.24
7.52
10.56
11.52
6.24
14.24
15.2
14.24
13.28
14.56
12.8
12.64
13.76
13.6
16.16
11.84
15.68
12.64
13.92
12.16
10.72
9.6
10.56
6.4
10.4
11.2
11.04
15.52
11.84
12.8
13.92
11.84
10.72
12.8
15.2
11.68
8.64
12.48
15.68
15.68
14.56
14.56
15.36
7.36
13.92
14.08
11.68
12.16
14.08
15.04
16.48
18.24
13.6
14.56
14.56
11.04
16.16
14.08
14.08
14.08
16.96
13.76
8.48
12.96
17.44
17.44
12.48
12.8
13.76
17.28
11.68
14.56
15.36
16.16
13.44
12
12.96
9.76
10.24
17.12
13.6
15.04
5.6
14.56
17.6
14.56
13.28
11.68
11.2
12.64
14.4
13.92
13.28
14.88
14.72
14.24
16.8
14.08
10.08
13.44
15.2
8.16
12.8
13.44
11.84
11.36
10.08
10.08
9.12
9.44
11.52
11.36
13.44
13.28
12.96
12.32
13.6
14.88
12.8
9.44
12.8
4.64
12.96
15.84
14.4
13.28
15.2
13.76
12.64
11.52
14.56
13.28
13.12
10.88
10.72
10.88
8.96
9.6
10.56
12.16
5.76
14.88
11.84
7.68
6.08
12.8
8.64
6.4
5.6
4.96
3.84
5.92
3.84
3.2
5.12
4.32
1.28
4
1.28
0.96
0.64
0.96
1.44
1.44
1.28
0.96
1.44
1.6
0.8
0.32
1.44
1.6
3.36
1.6
2.4
0.64
1.76
0.96
0.64
0.48
2.08
2.24
1.92
1.44
1.76
0.96
1.44
1.12
1.12
2.08
1.6
1.6
1.44
0.8
1.12
1.76
1.92
0.8
2.24
1.28
2.24
2.24
1.6
1.6
1.12
0.96
0.8
0.96
1.28
0.32
1.12
0.96
1.92
1.28
0.96
0.96
1.28
1.12
1.92
0.8
0.48
0.96
0.64
0.88
1.28
1.6
0.8
0.8
0.8
0.96
0.16
1.12
0.8
1.28
0.32
0.48
0.32
0.32
0.8
0.64
0.48
0.64
0.32
0.8
0.64
0.96
0.16
0.96
0.64
0.8
0.48
0
0.16
1.12
0.8
0.8
0.56
0.8
0.16
0.64
0.64
0.48
0.48
0.16
0.64
0.48
0
0.32
0.48
0.48
0.64
0.48
0.48
0.8
0.48
0.32
0.48
0.64
0.32
0.64
0.64
0.16
0.16
0.64
0.64
0.16
0.48
0.16
0.32
0.48
0.48
0.48
0.56
0.16
0.96
0.32
0.96
0.16
0.8
0.4
0.64
1.44
0.48
0.48
0.32
0.32
0.32
0.32
1.28
0.64
0.32
0.48
0.64
0.48
0.48
0.48
0.48
0.48
0.48
0.8
0.64
0.48
0.16
0.64
0.32
0.8
0.96
0.48
0.32
0.64
0.48
0.4
1.12
0.48
1.12
0.8
0.32
0.64
0.64
0.32
1.12
0.48
0.8
0.48
0.48
0.32
0.48
0.16
0.8
0.48
0.8
0.16
0.32
0.48
0.16
0.32
0.48
0.8
0.32
0.64
1.28
1.12
0.48
1.28
0.48
0.48
0.8
0.32
0.64
0.16
0.32
0.8
0.64
0.64
0.8
0.32
0.16
0
0.32
0.8
0.48
0.32
0
0.48
1.44
0.64
0.32
0.48
0.64
0.96
0.48
0.8
0.32
0.32
0.48
0.16
0.48
0.32
0.32
0.48
0.32
0.8
0.96
0.64
0.48
0.64
1.12
1.12
0.48
1.12
0.32
0.96
0.8
0.64
1.12
0.64
0.48
1.28
0.16
0.48
0.48
0.64
0.64
0.96
0.64
0.32
0.72
0.64
0.8
0.8
0.64
0.8
0.64
0.96
0.8
0.32
0.32
0.96
0.32
0.64
0.8
0.16
0.32
0.16
0.96
0.48
0.56
0.48
0.8
0.32
