0
46000
0
2001
0
0
999
2000
1000
1000
1000
0
0
0
1000
0
1004
0
997
0
0
0
0
1000
0
0
579
1421
999
0
0
1
999
0
0
0
0
0
0
1002
0
0
1005
0
997
0
0
0
998
0
0
0
0
0
0
0
1002
0
0
0
0
0
1002
0
0
0
0
0
0
999
1002
997
1000
998
1000
1001
998
1000
1001
1001
0
1001
1127
0
579
426
996
225
3000
2000
1000
0
1001
0
0
2002
0
0
1003
998
0
1002
0
1001
1002
1002
999
998
999
1001
2996
5000
1000
1000
1000
1000
0
0
0
1001
0
0
0
1002
1001
1001
999
998
999
1001
999
1000
1001
1001
999
1998
4000
785
2215
0
2001
999
1001
0
0
999
0
0
1003
0
1003
1994
1000
1001
1001
0
1002
0
1002
907
1001
999
1000
1001
0
317
1660
0
671
332
1001
0
1001
1000
1000
1003
0
999
1001
999
999
1000
1003
0
998
1002
1000
1000
1000
1140
0
1999
0
797
2203
1000
0
1001
0
1002
998
1000
695
307
1001
0
1001
871
1003
0
1001
1002
428
1006
0
996
1001
999
1479
1519
1000
540
463
1001
999
632
1135
0
1003
998
1000
0
2003
1996
231
0
1021
1001
0
1000
263
666
343
992
1001
1001
1999
0
1001
0
1000
1002
999
1001
1252
0
1
1002
662
1005
0
1001
997
1000
998
1001
136
998
1000
2001
997
1001
1000
1000
0
1005
998
0
1002
0
999
1000
1004
1001
999
999
999
997
1000
1003
0
1999
0
1005
0
996
1001
1002
1001
997
1001
1001
999
1001
996
1002
0
1001
1003
3994
0
0
1000
2001
0
410
591
999
1002
1008
0
999
999
998
998
999
1003
1001
2006
994
0
1002
0
1002
1001
1002
1000
999
582
71
996
1005
999
998
1003
1002
303
990
998
142
988
1002
1005
592
251
374
1001
1002
1007
999
999
1000
1002
1096
0
1012
0
998
1000
996
999
1004
1081
1000
1003
0
1001
1001
998
1000
1001
1000
1001
1000
999
1001
998
1000
1001
1000
1000
999
1003
1000
997
1003
1001
999
1001
1000
1000
999
1000
999
462
1007
0
999
1003
1000
998
1004
997
1001
998
1002
999
1001
998
195
394
1157
0
699
1376
0
1011
0
998
1002
997
1002
999
1002
997
1003
264
89
305
1000
995
1009
998
1001
1000
999
999
1003
999
1001
997
1005
650
981
1006
1005
1166
0
1010
0
1000
1001
999
1001
999
1002
997
1003
998
1002
996
296
988
993
1006
1001
1002
998
999
1002
999
1000
999
1001
1002
998
999
1002
1000
999
1000
999
1001
1000
999
1001
1000
1000
999
1002
1001
998
999
1001
1001
999
999
1001
999
1000
1000
1001
999
1000
1000
1001
999
1000
1000
1001
1000
232
984
1006
1003
998
1001
1000
1000
999
1000
1002
1000
999
1000
1000
1000
1000
1003
995
1006
997
999
1000
1001
999
1001
999
1001
1001
1000
997
1003
998
1001
997
1003
1000
1001
1086
0
1010
0
1000
1001
998
1001
998
1003
1000
999
1002
999
999
1001
1000
1000
998
1002
999
1000
999
1002
999
1000
1000
1000
1001
998
1001
1000
1001
998
1001
1000
1001
998
1001
153
977
1002
242
418
998
996
1006
1000
1000
999
1000
1002
999
999
1001
1000
1000
1002
996
1002
1000
999
1001
1000
1000
1000
998
1005
997
999
434
1009
0
351
984
1007
1001
1000
999
1002
998
1001
1001
1000
999
1000
1001
999
999
1000
1002
998
1000
1001
999
1000
1000
1001
999
1000
1000
1002
998
1000
1000
1001
1000
1001
999
1001
1000
998
1000
1002
999
1000
999
1002
999
1000
1000
1001
999
1002
998
1000
1002
997
1002
1001
1000
997
1001
1000
1001
1000
1000
998
1006
994
1002
810
363
988
1255
0
1010
0
1002
1000
999
999
1001
1000
1000
998
1002
1001
1000
27
1290
0
1010
0
1001
1000
1001
997
1002
999
1002
997
1002
999
1002
997
1002
999
1002
997
1002
999
1002
997
1002
999
1006
993
1004
997
1002
997
1002
1002
1002
998
998
999
1003
996
1002
999
1007
992
1002
999
1002
997
125
164
1003
0
1008
1000
1002
997
1001
998
1003
998
1003
998
1001
997
1002
998
1003
997
1002
998
1005
995
1005
995
1002
999
1001
998
1001
1000
1000
999
1002
1000
999
1002
999
999
1001
1000
1001
998
1000
1001
1001
998
1001
999
1001
999
1000
1000
1001
999
1001
999
1002
998
1001
999
1002
999
999
1005
996
1000
999
1001
1000
1002
997
1002
1001
998
1000
1000
1001
1000
997
1002
1001
1000
998
1001
1000
1001
998
1001
1000
1000
998
1276
0
1009
0
1004
998
1000
998
1002
1000
1000
998
1002
1001
999
998
1002
1000
1000
998
1002
1000
1000
998
1002
1000
1000
998
1002
112
973
1001
1010
1002
997
998
1002
1001
999
998
1002
296
981
996
326
984
993
1007
1004
999
999
998
1002
1001
999
998
1002
1001
999
998
1002
1001
999
997
1003
1001
998
998
1002
1002
997
999
1001
1003
997
999
1001
1003
997
999
1002
1002
997
999
1001
1003
997
999
1001
1002
998
999
1001
1001
999
999
1001
1001
999
998
1002
1017
0
1000
1001
116
985
1010
0
1001
1001
998
1001
331
984
770
1239
0
1009
0
1003
1000
1000
998
1001
999
1000
999
1001
1000
284
988
993
1010
1001
997
1001
1000
1000
1001
999
1001
999
1000
1002
998
1001
1000
999
1000
1000
999
1002
999
1001
999
1000
1000
1000
999
1002
999
1000
999
1001
1000
1000
999
1001
1000
1000
999
1001
1000
1001
999
1001
998
1003
996
1003
998
1002
997
1003
998
1002
997
1003
998
1003
1303
0
1012
0
996
1004
998
1002
997
1005
996
1001
1000
1001
998
1001
1000
1000
999
1001
997
1003
999
1001
997
1003
999
1001
999
1000
1000
1001
745
1583
0
1011
0
998
1002
1000
998
1003
999
1000
998
1001
1000
1001
999
999
1000
1001
1000
998
1001
1003
998
1000
1000
1000
1000
1001
1001
1001
996
1000
1002
1001
997
1001
1190
0
1215
0
1013
0
996
1003
999
1001
997
1002
1000
1172
0
1011
0
999
999
1000
1002
999
999
1000
1002
1000
998
1000
1003
999
998
1000
1003
999
998
1004
999
999
998
274
58
1003
0
1008
1001
1154
0
1012
0
998
1001
1001
1000
998
1000
1002
1000
998
999
1002
315
986
994
1012
998
999
1001
1003
999
998
997
1004
999
998
1000
1003
999
1001
998
1005
996
998
637
794
48
720
583
586
663
572
902
1009
0
1001
1000
999
1000
1001
1001
998
1002
999
999
1001
1000
1000
1002
999
1000
999
1000
1000
1002
998
1002
998
1001
999
1000
1237
0
1010
0
1001
1000
1000
1002
997
1001
1001
999
1001
1000
999
999
1001
1000
1001
999
1000
1000
1000
1000
1003
996
1000
999
1000
1002
998
999
1001
1001
998
1000
999
1002
998
1000
999
1003
998
1001
998
1003
997
1001
999
1001
999
1000
1000
23
988
1005
1000
1000
1000
1002
999
1000
998
1000
1000
1000
1000
1000
1001
998
1001
1000
998
1002
1000
1000
999
1001
999
1002
999
1000
999
1001
1000
1000
999
1001
1000
1000
999
1001
999
998
1000
1002
998
0
0
0
3
0
0
0
0
10
0
0
0
5
0
0
0
0
0
0
0
0
13
0
0
0
7
0
0
0
11
0
0
0
4
15
0
0
0
12
0
0
0
6
0
0
0
0
14
0
0
0
13
0
0
0
7
0
0
0
2
14
0
0
0
11
0
0
0
0
0
0
0
0
15
0
0
0
12
0
0
0
8
0
0
0
0
7
0
0
0
7
0
0
0
6
0
0
0
2
19
0
0
1
13
0
0
0
0
0
0
0
0
9
0
0
0
6
0
0
0
3
0
0
0
2
19
0
0
0
3
0
0
0
2
0
0
0
6
9
0
0
4
8
0
0
0
8
0
0
0
0
8
0
0
0
13
0
0
0
5
0
0
0
0
20
0
0
0
5
0
0
0
2
0
0
0
0
13
0
0
0
9
0
0
0
5
0
0
0
2
16
0
0
0
6
0
0
0
6
0
0
0
3
14
0
0
0
10
0
0
0
1
0
0
0
0
11
0
0
0
12
0
0
0
3
0
0
0
5
14
0
0
0
7
0
0
0
4
0
0
0
0
10
0
0
0
8
0
0
0
8
0
0
0
0
10
0
0
0
8
0
0
0
7
0
0
0
0
13
0
0
1
8
0
0
0
3
0
0
0
0
13
0
0
0
10
0
0
0
4
0
0
0
0
16
0
0
0
6
0
0
0
8
0
0
0
8
11
0
0
0
11
0
0
0
5
0
0
0
2
13
0
0
0
11
0
0
0
10
0
0
0
0
11
0
0
0
7
0
0
0
0
0
0
0
0
16
0
0
0
9
0
0
0
6
0
0
0
0
12
0
0
0
4
0
0
0
7
0
0
0
3
13
0
0
0
8
0
0
0
0
0
0
0
0
14
0
0
1
9
0
0
0
7
0
0
0
0
15
0
0
0
8
0
0
0
7
0
0
0
3
9
0
0
0
9
0
0
0
7
0
0
0
0
10
0
0
0
4
0
0
0
14
0
0
0
2
8
0
0
0
9
0
0
0
0
0
0
0
4
11
0
0
0
8
0
0
0
2
0
0
0
0
12
0
0
0
11
0
0
0
5
0
0
0
0
18
0
0
0
8
0
0
0
4
0
0
0
0
11
0
0
0
10
0
0
0
6
0
0
0
1
13
0
0
0
8
0
0
0
6
0
0
0
6
14
0
0
0
14
0
0
0
5
0
0
0
0
16
0
0
3
9
0
0
0
5
0
0
0
2
15
0
0
0
11
0
0
0
1
0
0
0
6
12
0
0
0
12
0
0
0
5
0
0
0
0
10
0
0
0
8
0
0
0
7
0
0
0
9
10
0
0
0
10
0
0
0
9
0
0
0
2
16
0
0
3
2
0
0
0
8
0
0
0
0
15
0
0
0
8
0
0
0
8
0
0
0
0
15
0
0
0
7
0
0
0
2
0
0
0
0
16
0
0
0
8
0
0
0
8
0
0
0
6
15
0
0
0
8
0
0
0
7
0
0
0
4
9
0
0
0
9
0
0
0
6
0
0
0
0
13
0
0
0
13
0
0
0
1
0
0
0
4
16
0
0
0
9
0
0
0
0
0
0
0
6
9
0
0
4
9
0
0
0
6
0
0
0
6
13
0
0
6
6
0
0
0
1
0
0
0
3
14
0
0
2
4
0
0
0
7
0
0
0
0
15
0
0
0
12
0
0
0
1
0
0
0
0
9
0
0
0
10
0
0
0
3
0
0
0
5
23
0
0
0
6
0
0
0
6
0
0
0
0
16
0
0
0
9
0
0
0
4
0
0
0
0
11
0
0
0
13
0
0
0
3
0
0
0
0
15
0
0
2
11
0
0
0
9
0
0
0
4
9
0
0
0
11
0
0
0
6
0
0
0
3
17
0
0
0
4
0
0
0
5
0
0
0
0
8
0
0
4
8
0
0
0
5
0
0
0
3
10
0
0
0
7
0
0
0
3
0
0
0
9
9
0
0
0
11
0
0
0
7
0
0
0
1
14
0
0
0
7
0
0
0
8
0
0
0
3
13
0
0
0
11
0
0
0
0
0
0
0
3
10
0
0
0
10
0
0
0
2
0
0
0
4
16
0
0
0
11
0
0
0
7
0
0
0
2
11
0
0
0
15
0
0
0
1
0
0
0
0
13
0
0
0
5
0
0
0
4
0
0
0
0
13
0
0
0
8
0
0
0
4
0
0
0
0
12
0
0
0
9
0
0
0
4
0
0
0
0
14
0
0
0
12
0
0
0
3
0
0
0
2
18
0
0
0
11
0
0
0
3
0
0
0
4
19
0
0
1
7
0
0
0
3
0
0
0
4
20
0
0
0
16
0
0
0
7
0
0
0
2
13
0
0
0
13
0
0
0
2
0
0
0
0
19
0
0
0
8
0
0
0
2
0
0
0
3
12
0
0
0
11
0
0
0
6
0
0
0
0
13
0
0
0
11
0
0
0
10
0
0
0
0
7
0
0
0
10
0
0
0
8
0
0
0
0
13
0
0
0
9
0
0
0
7
0
0
0
2
12
0
0
0
9
0
0
0
7
0
0
0
3
12
0
0
0
11
0
0
0
6
0
0
0
1
18
0
0
0
8
0
0
0
5
0
0
0
5
16
0
0
0
15
0
0
0
1
0
0
0
3
14
0
0
0
9
0
0
0
3
0
0
0
1
15
0
0
0
9
0
0
0
8
0
0
0
0
18
0
0
0
12
0
0
0
9
0
0
0
1
14
0
0
0
13
0
0
0
2
0
0
0
0
12
0
0
0
14
0
0
0
4
0
0
0
0
22
0
0
0
9
0
0
0
6
0
0
0
4
14
0
0
0
9
0
0
0
6
0
0
0
0
10
0
0
0
7
0
0
0
5
0
0
0
0
13
0
0
0
7
0
0
0
4
0
0
0
3
10
0
0
0
6
0
0
0
5
0
0
0
0
14
0
0
0
9
0
0
0
6
0
0
0
5
10
0
0
0
13
0
0
0
6
0
0
0
0
13
0
0
0
10
0
0
0
4
0
0
0
2
16
0
0
0
11
0
0
0
2
0
0
0
0
15
0
0
0
9
0
0
0
8
0
0
0
0
13
0
0
5
6
0
0
0
4
0
0
0
0
12
0
0
0
8
0
0
0
7
0
0
0
0
15
0
0
0
10
0
0
0
5
0
0
0
0
13
0
0
0
5
0
0
0
8
0
0
0
0
14
0
0
0
4
0
0
0
5
0
0
0
6
9
0
0
0
10
0
0
0
10
0
0
0
0
18
0
0
0
10
0
0
0
8
0
0
0
3
11
0
0
0
19
0
0
0
4
0
0
0
2
15
0
0
0
9
0
0
0
6
0
0
0
0
9
0
0
0
8
0
0
0
7
0
0
0
0
9
0
0
0
9
0
0
0
10
0
0
0
4
14
0
0
0
11
0
0
0
10
0
0
0
2
15
0
0
0
5
0
0
0
5
0
0
0
0
14
0
0
0
11
0
0
0
8
0
0
0
0
13
0
0
0
11
0
0
0
6
0
0
0
0
13
0
0
0
7
0
0
0
6
0
0
0
0
11
0
0
0
13
0
0
0
0
0
0
0
2
14
0
0
2
7
0
0
0
3
0
0
0
0
16
0
0
2
6
0
0
0
1
0
0
0
2
12
0
0
0
4
0
0
0
6
0
0
0
2
20
0
0
0
7
0
0
0
5
0
0
0
2
14
0
0
3
5
0
0
0
3
0
0
0
1
14
0
0
0
9
0
0
0
4
0
0
0
2
7
0
0
0
8
0
0
0
0
0
0
0
2
12
0
0
0
18
0
0
0
0
0
0
0
0
9
0
0
0
13
0
0
0
7
0
0
0
1
15
0
0
0
6
0
0
0
9
0
0
0
4
11
0
0
0
3
0
0
0
3
0
0
0
2
16
0
0
0
20
0
0
0
4
0
0
0
0
12
0
0
0
2
0
0
0
1
0
0
0
0
10
0
0
0
9
0
0
0
0
0
0
0
0
10
0
0
0
9
0
0
0
2
0
0
0
0
10
0
0
3
5
0
0
0
0
0
0
0
0
11
0
0
0
10
2
427
0
601
359
296
784
557
187
835
0
300
0
0
0
0
0
0
0
187
469
102
0
0
0
3
0
0
0
0
0
0
0
0
224
0
0
0
6
0
0
0
0
0
0
0
0
8
0
0
0
9
0
0
0
3
0
0
0
462
76
364
58
167
738
382
194
1386
1335
0
1450
1399
0
0
1643
1592
0
508
0
0
0
5
0
0
0
1
13
0
0
0
2
0
0
0
40
0
154
7
47
5
0
391
359
483
368
180
528
206
581
225
180
161
496
196
64
0
163
405
50
221
73
6
0
0
1
0
0
0
2
6
0
0
247
177
101
58
0
0
5
0
0
0
0
0
0
0
3
0
0
0
0
9
0
0
0
6
0
0
0
2
0
0
0
1
10
0
0
0
6
0
0
379
420
242
495
662
433
138
826
508
324
0
2917
2866
2815
991
760
960
1384
346
0
2011
1960
1909
0
1409
1358
0
0
2447
2396
2345
430
616
896
240
466
304
150
87
422
28
107
61
0
3
10
0
0
0
11
0
0
0
2
0
0
0
0
7
0
0
0
3
0
0
0
0
0
0
0
0
11
0
0
0
3
0
0
0
0
0
0
0
0
10
0
0
0
5
0
0
0
0
0
0
0
1
665
169
572
587
101
1648
1597
233
0
2295
2244
2193
537
296
917
323
492
401
313
166
598
160
178
108
130
0
7
0
0
0
7
0
0
0
2
0
0
0
0
264
0
0
0
8
0
0
0
4
0
0
0
0
0
0
0
0
7
0
0
0
0
0
0
0
0
0
0
0
0
7
0
0
0
7
0
0
0
0
0
0
180
562
572
502
714
544
161
852
902
710
0
1866
1815
891
201
0
1589
1538
1718
1667
0
646
1560
1509
434
367
1981
1930
1879
2435
2384
2333
1782
1731
536
418
935
1867
1816
0
1512
1461
3255
3204
3153
3102
3150
3099
3048
2997
1580
1529
1960
1909
3164
3113
182
0
3817
3766
3715
3664
1130
1079
834
849
471
869
1360
1309
1848
1797
711
900
0
1488
1437
3208
3157
3106
3055
928
0
3668
3617
3566
3515
63
835
2315
2264
2213
562
1077
1026
925
875
780
186
685
1567
1516
455
394
1336
1285
224
1501
1450
0
856
0
476
248
348
498
205
243
404
28
149
177
14
0
0
0
0
0
0
0
0
0
4
0
0
9
569
0
906
31
775
194
445
401
118
880
704
480
400
1299
1248
303
0
1756
1705
0
0
2116
2065
2014
0
1855
1804
0
0
1133
1082
759
217
650
192
768
219
424
629
425
355
410
401
573
568
307
870
435
485
297
249
523
165
556
178
166
44
504
122
0
132
86
0
0
0
1
0
0
0
0
9
0
0
0
1
0
0
0
0
0
0
0
0
66
0
0
0
985
1985
2985
3985
4465
3595
4489
4033
4415
4993
5993
6993
7993
8993
9993
10993
11993
12993
13993
12133
13766
11430
