3.62203
3.36
3.84
4.16
2.88
4.16
1.28
2.4
4.64
3.52
3.28
4.32
2.56
4.32
2.72
4.16
3.2
4.16
3.36
4.48
2.72
2.4
4
1.6
4.16
3.52
3.36
3.04
3.04
4.32
3.36
3.84
3.36
3.52
3.2
3.2
2.88
2.56
5.28
3.04
5.28
3.68
3.04
2.4
4.16
3.52
2.88
2.4
4.32
3.52
2.08
2.72
2.72
3.2
4.8
3.68
4.16
4.32
4.16
3.52
4.64
4
3.36
3.2
4.8
2.88
3.36
3.2
4.64
4
5.12
2.88
6.88
3.2
3.68
2.72
4.64
4.16
3.84
4.48
5.76
5.76
0.64
2.4
5.76
4
4.16
3.2
4.16
6.24
4.32
4.8
2.72
4.64
4
5.12
4
2.72
4.96
5.44
3.52
4
3.84
3.36
5.12
4.32
6.4
3.2
6.4
5.44
3.92
5.92
4.16
3.84
6.08
5.28
5.12
3.84
5.44
4.16
5.12
4.48
4.16
3.84
5.76
3.52
4.64
4.32
4.08
5.6
5.28
3.84
4.48
4.8
5.6
3.2
6.24
4.64
5.76
4.8
5.12
2.56
3.36
4.48
5.28
5.12
3.68
4.48
5.44
5.12
3.84
3.84
4.48
4.96
6.08
2.4
5.28
5.28
3.84
3.36
4.96
6.24
2.56
6.08
3.04
5.12
5.28
4.16
6.56
4.48
5.44
3.68
4.64
5.28
3.52
4.16
3.68
5.6
4.16
4.16
4.32
4
3.84
5.44
4.16
5.92
4.32
4.16
8
3.04
5.12
4.64
4.96
5.28
1.76
5.92
6.72
4.48
5.6
4.8
4.32
4.64
5.76
4.32
5.28
6.4
3.68
5.44
5.12
4.96
3.36
3.36
6.08
1.92
5.44
3.52
4.8
6.4
2.88
3.68
5.12
5.6
5.92
3.04
4.8
3.04
5.92
4.16
3.36
7.84
2.88
4.8
3.2
4.96
3.68
7.04
2.88
4.96
4.8
6.08
4.96
6.08
5.28
4.16
6.72
3.68
4.8
3.52
5.44
7.2
3.2
2.24
5.28
5.44
3.52
5.92
5.44
2.72
5.28
5.76
4.16
3.36
5.6
6.72
3.68
4.48
6.08
5.12
4.16
4.48
4.48
2.08
6.72
4.96
4.8
4.8
5.92
4.96
5.44
4.96
6.56
7.04
2.88
5.12
6.08
3.52
2.88
7.04
3.52
5.12
4.16
6.72
4.48
2.88
6.4
6.72
4.16
3.52
3.68
4.16
6.24
5.92
4.16
5.44
3.68
5.6
6.88
4.48
5.6
4.96
3.52
4.48
5.6
3.2
5.44
8
4.32
3.52
9.12
3.84
3.68
6.08
4.8
4.16
3.84
4
3.2
4.32
3.36
4.16
5.28
4.64
3.68
3.68
4
3.36
3.04
3.52
4.8
2.88
4
3.2
3.68
3.2
3.84
3.36
3.2
4.8
1.92
4.16
4
3.36
3.52
4
3.84
4.32
3.2
3.84
3.68
2.72
5.12
3.2
2.72
5.28
3.84
2.08
4.96
1.92
5.44
2.72
4
3.36
2.88
3.68
4.48
3.04
4
3.68
4.8
3.52
3.52
4.32
2.88
4.32
4.32
3.04
4
1.76
4
4
3.84
4
2.72
3.36
3.52
3.36
2.72
3.04
3.68
3.84
3.36
3.68
3.52
4.32
4
3.68
2.72
4.16
3.36
3.36
3.68
3.84
3.52
4.16
4.32
3.36
3.84
3.36
3.04
1.76
3.84
2.24
2.08
3.04
3.84
2.72
2.56
3.36
2.72
4.32
1.12
1.92
2.24
2.24
1.76
1.44
2.24
1.6
3.2
2.24
2.72
3.52
3.52
2.88
3.2
1.92
3.36
3.2
2.56
2.56
3.2
2.72
3.04
2.4
2.24
2.08
2.08
2.24
2.4
1.6
2.08
3.04
1.6
2.56
1.6
1.76
1.28
1.76
2.24
2.4
1.6
2.56
1.28
2.24
1.92
1.92
1.6
2.24
1.92
2.08
2.56
0.96
1.76
2.08
2.08
2.56
1.44
1.92
2.24
1.76
2.4
1.92
1.6
1.92
2.24
1.76
1.92
2.4
2.24
1.76
2.24
2.24
1.92
1.76
1.76
1.92
1.92
2.4
1.6
1.6
1.44
1.92
1.12
1.6
1.28
1.44
0.96
1.12
1.6
1.76
1.6
1.44
0.8
1.44
0.8
1.28
0.8
0.96
1.44
1.28
0.64
1.12
0.96
0.8
0.48
0.8
0.96
1.12
0.96
0.96
0.16
0.96
0.64
1.28
1.28
1.92
0.8
0.96
1.28
1.44
0.48
0.8
0.96
0.48
0.96
0.64
0.8
1.28
0.8
1.28
1.12
0.64
0.96
1.12
1.12
0.96
1.12
1.28
1.28
0.8
0.8
0.32
1.28
1.12
1.12
1.12
1.44
1.28
0.64
0.96
0.8
0.64
0.8
0.64
0.32
0.96
0.16
0.64
0.48
0.48
1.6
0.96
0
1.12
0.8
0.32
0.48
0.8
1.12
0.48
0.64
0.8
0.96
0.16
0.48
0.32
0.32
0.4
0.64
0.32
0.48
0.96
0.48
0.16
0.8
0.32
0.8
0.32
0.32
0.16
0.64
0.32
0.32
0.48
0.8
0.16
0.16
0
0.16
0.48
0.32
0.16
0.48
0.64
0.64
0.64
0.96
0.48
0.48
0.48
0
0.8
0.32
0.48
1.12
0.48
0.32
0.8
0.32
0.32
0.96
1.28
0.48
0.8
0.64
0.4
0.32
0.8
0.32
0.48
0.32
0.48
0.32
0.32
0.48
0.16
0.48
0.16
0.24
0.48
0.48
0.96
0.64
0.16
0.32
0.32
0.32
0.48
0.16
0
0.32
0
0
0
0
0.16
0.106667
0.106667
0.16
0.16
0.16
0.106667
0
0
0
0.16
0.16
0
0.08
0.16
0.08
0.16
0.16
0.213333
0.0533333
0.32
0.16
0.04
0.16
0
0.16
0.08
0.16
0.0533333
0.16
0.48
0.08
0
0
0.16
0.16
0
0
0
0
0
0
0.426667
0.16
0.08
0
0
0.16
0.16
0
0
0.16
0
0
0.16
0
0.16
0.16
0.08
0
0.16
0.16
0
0.106667
0
0
0.16
0.08
0
0.0533333
0.32
0.16
0
0.16
0
0
0.16
0.08
0.32
0
0
0
0.16
0.08
0.16
0.16
0
0
0
0.16
0.08
0.32
0.16
0.16
0.24
0.08
0.16
0.32
0.16
0
0.32
0.08
0.32
0.16
0.106667
0
0.24
0
0
0.32
0
0
0.16
0.16
0.16
0
0.32
0.16
0.32
0.08
0.16
0.32
0.08
0.32
0.0533333
0.08
0.16
0.16
0
0.16
0.16
0.106667
0.4
0
0.16
0
0.08
0.12
0
0.16
0.08
0.0533333
0.16
0.08
0.24
0.08
0.16
0
0
0.106667
0.32
0.16
0.16
0.08
0
0
0
0.16
0.24
0
0.16
0.213333
0.16
0.16
0.16
0
0.24
0.213333
0
0
0
0.16
0.08
0
0
0
0
0
0.16
0.16
0.08
0
0
0.16
0.16
0
0.16
0
0
0
0.08
0.16
0.16
0.16
0.16
0
0
0.08
0.48
0.08
0
0
0
0
0.16
0
0
0
0.32
0.24
0.16
0.16
0
0
0.16
0.08
0.08
0
0.16
0.08
0
0.16
0
0.16
0.16
0
0.32
0
0.16
0
0
0.16
0.16
0
0.16
0.16
0
0.08
0
0.16
0.64
0.16
0.08
0.2
0.08
0.08
0
0
0.08
0
0.16
0
0
0
0.16
0.32
0.16
0.16
0
0
0.16
0.24
0.08
0
0.16
0.213333
0
0.16
0.16
0
0.16
0.16
0.08
0
0.128
0
0.0533333
0.16
0
0
0.08
0.213333
0.08
0
0
0
0.16
0
0.213333
0.08
0.08
0
0
0.106667
0.16
0.213333
0.16
0.24
0
0.16
0.08
0
0.08
0.08
0.16
0.32
0.16
0
0.16
0.08
0.16
0.32
0
0.106667
0
0.16
0.0533333
0
0.16
0
0.16
0.16
0
0.16
0.16
0
0.16
0
0.32
0.32
0.16
0.064
0.04
0.32
0
0
0.16
0
0
0
0.16
0.16
0.32
0.16
0.16
0.16
0
0.16
0.0533333
0
0
0
0
0
0
0.16
0.16
0.0533333
0.16
0.32
0.08
0.106667
0.16
0.16
0
0.48
0.16
0.32
0.16
0
0
0
0.16
0
0
0
0
0
0.16
0
0.16
0.16
0
0
0.16
0
0
0.096
0.08
0.16
0
0.16
0
0
0
0
0.96
0.8
0.8
0.16
0.32
0.8
0.64
0.32
1.12
0.64
0.8
0.8
0
1.28
0.96
0.48
0.64
0.64
1.12
0.48
0.96
1.12
1.44
0.8
1.28
0.96
0.64
1.12
1.28
1.44
0.32
0.48
0.16
0
0.16
0.8
1.76
1.92
1.12
0.48
1.12
0
1.04
0.48
0.48
1.44
1.44
2.08
0.8
0.8
1.76
0.32
0.16
0
0.08
0
0
0.16
0
0
0.16
0.16
0.16
0.16
0.48
0
0.213333
0
0.32
0.16
0.48
0.32
0.16
0
0
0.32
0.16
0.32
0.64
0.48
0.32
0.64
0.32
0.16
0.48
0.48
0.8
0.32
1.28
0.16
0.96
1.44
1.12
0.106667
0.0533333
0.08
0.32
0.64
0.64
0.48
1.6
1.28
0.32
1.44
0.64
1.28
0.32
0.08
0.213333
0
0.32
0.48
0.8
0.96
0.16
0.8
0
0.32
0.64
0.64
0.96
0.56
0.32
0.48
0.48
0.32
0.16
0.48
0.32
0.48
0.64
0.48
0.48
0.48
0.32
0.24
0.16
0
0.16
0.16
0.16
0
0.64
0.32
0.96
2.56
0.64
2.24
0.64
1.92
0.64
1.44
0.64
0.64
0.96
0.96
0
0.32
0.106667
0.32
0
0
0.4
0.32
0.16
0
0.16
0
0.24
0.32
0
0.16
0
0.48
2.4
2.72
1.12
3.68
3.52
1.92
1.92
1.28
0.8
1.44
0.96
0.16
0.64
0.32
0.4
0.32
0.64
0.32
0.8
0.64
0.16
0
0.16
0.32
0.32
0.64
0.16
0.64
0.48
0.48
0.48
0
0.12
0
0.16
0.08
0
0
0.0533333
1.12
0.48
0
0.8
0.16
0
0
0.32
0.32
0.64
0
0
0.16
0
0
0.106667
0.16
0.16
0.8
0.32
0.56
1.28
0.32
0.16
0.16
0
0
0.16
0.08
1.92
3.04
1.12
0.96
2.08
1.28
0.32
0.96
0.64
0.16
0.64
0.8
0
0.56
0.96
0.64
0.64
0.48
0.16
0
0.64
0
0.08
0.32
0.24
0.0533333
0.16
0.08
0.16
0.32
2.08
3.36
2.32
0.16
0.48
1.12
0.48
0.8
0.4
0.8
0.16
0.16
0
0.4
0
0.16
0.08
0.16
0.16
0.8
0.96
1.44
0.32
0.64
0.32
1.28
1.44
0.64
0.32
0.48
0.48
0.48
1.92
3.84
3.36
2.4
4
2.48
1.44
1.12
0.96
0.24
0.32
1.28
1.28
0.96
1.44
0.16
0.8
0.96
2.24
1.12
0.48
0.8
0.16
1.44
0.64
0.32
0.08
1.44
1.6
1.28
0.8
0.64
0
0.64
0
0.32
0.64
0.64
0.32
0.32
0.64
0.32
0
0.16
0.16
0
0.32
0
0.16
0.32
0.64
0.48
0.16
0.16
0
0
0.32
0.24
0.16
0
0.48
1.6
1.12
1.6
1.44
0.32
0.48
0.8
0.32
0.4
0.32
0.8
0.48
0.8
0
1.12
1.12
0.64
1.12
0.64
0.32
2.88
4
0.64
0.32
0.32
0.48
0.48
0.8
0.48
0.96
0.96
0.48
0.8
0.48
0.48
0
0.16
0.16
0.16
0
3.68
0
0.48
0.32
0
0.64
0.64
0.48
0.64
0.32
0.64
0.32
0.64
0.64
0.8
0
0.16
0
0
0
0.32
0.16
2.24
3.52
3.2
2.56
2.4
2.56
1.6
1.28
0.64
0.16
0.106667
0.16
0
1.44
0
2.24
0.48
0
0.64
0.48
0.8
0.64
0.64
0.32
0.16
0.08
0.106667
0.16
0.64
0.64
0.8
1.28
1.44
0.32
0
0.8
0.64
0.24
0.32
0
0.16
0.16
0.08
0.16
0.16
0.64
0.48
0.32
0
0.16
0
0
0
0
0.16
2.08
0.16
0.16
0.96
0.96
2.08
0.64
0.64
1.44
0.08
0
0
0
0.16
0.32
0.106667
0.24
0
0
0.0533333
0
0.32
1.22667
1.44
1.92
0.8
0.24
0
0.96
1.92
1.44
0.8
0.16
0.08
0
0.08
0.32
0.32
0.32
1.76
0.8
0.8
0.32
0.32
0.16
0.64
0.64
0.8
0.64
0
0.8
0.96
0.96
0.8
1.12
0.32
1.76
1.28
1.28
0.8
0.8
1.6
2.08
5.6
7.04
4.32
1.6
1.28
0.64
1.92
2.56
1.92
1.6
1.6
1.6
4.64
3.04
6.88
3.2
3.04
1.6
1.28
1.28
1.6
2.08
2.24
1.44
1.92
0.96
1.6
3.36
0.48
0.8
2.24
1.28
3.2
4.8
2.24
0.96
1.44
1.28
1.28
0
3.04
1.44
0.16
0.16
1.28
1.6
0.96
0.64
0.32
0.16
1.12
2.4
0.48
0.96
0
1.12
0.8
1.92
0.64
1.6
1.28
0.8
0.24
0.96
0.08
0.64
0
0
0
0.08
0.64
1.12
1.44
1.12
0.4
0.48
0.48
0.16
0.192
0
0.08
0
2.88
3.04
7.52
3.2
1.92
0.96
1.28
0.8
0.64
1.28
0.96
0.48
0.48
1.12
0.32
0.24
0
0.32
0.48
0.32
0.16
2.4
0.48
2.08
1.12
1.12
0.64
1.44
0.16
0.32
0.8
0.64
0.64
0
0.16
0.16
0.32
0.106667
0.32
0.0533333
0.16
0
0.48
1.44
1.28
0.32
0.16
0
0.0533333
0.08
0.16
0.96
0.48
0.16
0.48
0.32
0.32
2.88
4.64
1.92
1.44
0.24
0.48
0.64
0.32
0.16
0.56
0.32
0.8
0.48
0.8
0.48
0.48
0.32
0.64
0.48
0.64
0.32
0.32
0.32
0.16
0
0.16
0.16
0.32
0.64
0.32
0.16
0.56
0.32
0.56
0.64
0.213333
0
0.16
0
0.16
0.08
0.32
0
0.08
2.72
5.44
1.92
1.28
1.12
0.24
0.32
0.64
0.64
0.48
0.32
0
0.08
0.16
0.16
0.32
0
0.8
0.16
0.0533333
0
0
0.08
0.16
0.16
0.08
0.106667
0.08
2.72
7.2
4.32
1.92
1.92
2.72
2.56
1.44
2.72
2.56
1.76
2.08
1.2
0.16
0.16
0.08
0.96
4
0.8
0.32
1.6
0.48
0.32
0.32
0
0
0.32
0.16
0.8
1.28
1.28
0.48
0.64
0.16
0.64
0.16
3.36
2.72
0.64
0.64
1.12
0.64
0.64
0.72
0
0.16
0
0.32
0
5.12
2.4
0
0.16
2.4
2.24
1.44
1.6
0.96
0.64
1.36
0.08
0.32
0.8
0
0.8
0.32
0
0
0
0.48
0.64
0.4
0.24
0
2.4
2.24
0
0.32
0.96
6.4
1.44
1.28
0.96
1.44
0.96
0
0
0
1.6
0
0.64
0
0.16
0
0.32
0.16
0.32
0
0.16
0.16
0.16
0.16
0.16
0
0
0.8
1.76
6.08
2.72
2.24
2.08
0.096
0.96
1.28
0.8
2.4
1.6
1.28
1.28
1.92
0.64
0.64
0.48
0.32
0
0.64
0
0.64
0.64
1.12
0.48
0.32
0.32
0.08
0.8
0.16
1.28
0.16
0.64
1.28
0.213333
0
0.08
0
5.44
4.96
2.72
4
2.08
1.44
1.52
0
0.16
0
0.16
0.16
0
0
1.12
0.48
0.0533333
0.08
1.12
0.56
0
0.16
0.32
0
0.16
0.16
2
0
0
0.32
0
0.32
0
5.76
7.68
7.84
7.2
8
5.28
3.36
3.68
1.92
1.6
2.4
1.92
1.36
6.08
6.56
2.24
1.44
2.08
3.2
3.36
2.56
1.92
2.72
5.6
3.04
2.4
2.4
2.72
4.32
2.4
1.44
1.28
1.92
5.44
6.56
7.04
7.52
6.24
3.2
3.36
1.44
3.68
3.2
4.32
2.88
1.6
3.2
1.92
2.24
3.04
3.2
2.72
1.76
1.12
7.68
7.36
5.6
4.64
0.8
0
1.28
1.92
0.96
1.28
1.44
1.44
1.6
1.28
1.28
0.8
1.28
1.28
0.64
1.28
6.56
2.4
4.32
1.6
0.64
2.56
0.64
0.48
1.76
0.16
4
2.24
4
2.72
1.6
1.12
1.92
1.28
2.56
5.92
6.88
4.64
4.96
5.12
3.2
3.84
2.56
2.56
1.6
3.36
7.36
7.52
7.04
2.88
4.96
4.64
6.24
4.64
3.52
3.68
3.04
2.56
0.96
3.36
1.92
2.08
0.96
1.44
1.12
0.96
2.08
0.64
3.04
4.64
0.64
0.96
0.96
0
0.8
3.84
4.48
8
9.28
8.48
7.84
6.08
2.88
2.56
3.2
2.88
8.32
3.84
8.8
7.52
9.6
11.68
8.48
6.08
7.36
10.4
9.6
5.12
8.48
11.04
6.88
4.48
7.04
9.6
4.16
6.56
9.6
4.64
8.16
4
5.28
7.84
3.84
5.28
6.56
4.48
4.8
4.64
2.88
3.04
3.52
4.32
2.56
5.6
8
4.32
3.52
4.96
8.8
7.36
2.08
3.52
9.12
4.16
4
1.28
1.28
1.44
6.24
4.8
6.24
4
7.2
7.36
4.64
4
3.04
8.32
7.68
9.92
10.08
10.88
8
5.44
7.84
7.52
8.64
6.24
8.8
7.68
3.84
3.36
3.84
3.36
3.52
3.2
4.16
2.4
6.56
7.52
9.12
6.72
4
6.4
8.96
7.2
7.04
6.4
6.88
8.96
5.6
8.8
7.84
6.4
9.28
5.6
10.72
5.28
1.44
2.4
1.92
1.44
1.28
2.88
4
2.72
7.2
6.08
5.44
7.68
6.88
4.8
2.08
3.2
2.72
3.36
4.8
2.72
1.76
8
6.72
4.16
7.52
2.24
0.4
0.96
2.08
2.72
1.6
0.64
2.56
2.08
3.52
3.84
3.2
3.36
3.36
5.6
6.56
3.36
2.08
0.64
3.04
0.16
4.64
2.88
6.72
6.08
7.04
7.68
4.8
4.96
3.2
4.32
3.84
3.68
2.24
1.92
2.72
2.72
5.28
6.72
4.32
4.64
6.88
7.04
5.6
7.36
8
3.2
1.6
2.56
2.08
8.16
5.28
4.96
4.48
3.68
5.76
5.12
4.96
4.32
2.24
1.6
4.96
1.6
6.72
7.2
1.44
0.8
2.72
4.64
5.76
6.56
2.72
2.56
3.52
4.32
2.56
5.28
5.76
8.16
6.08
4.32
6.72
5.92
4.48
8.32
8.8
2.24
3.84
5.92
5.76
5.6
7.04
3.84
3.04
4
4.64
1.92
4.96
9.44
8.96
7.68
9.44
10.72
11.2
12.16
14.72
5.6
6.56
2.08
5.28
5.12
8
9.92
13.12
10.56
8.16
9.6
9.6
8.64
6.88
3.68
7.2
7.84
8.32
7.04
5.12
4.8
6.88
9.44
6.24
4.64
5.12
2.4
7.84
8
8.48
12.96
14.56
10.4
13.12
8.32
9.28
8.8
5.92
6.24
2.72
4.32
3.36
5.76
6.24
7.68
9.6
5.76
3.36
4.96
2.88
3.84
3.84
5.44
6.4
6.4
8.96
8
7.2
7.04
4.8
8.16
5.76
4.8
8.48
8.32
8.32
5.76
8.32
5.6
6.56
5.12
6.4
8.48
9.76
7.84
6.56
3.36
4.8
4.96
6.88
3.2
3.2
4
4.16
7.52
8.48
5.76
5.28
7.36
6.08
4.64
8.16
9.44
7.04
9.6
9.92
10.56
9.44
4.48
7.84
7.84
7.84
7.68
12.64
10.08
11.84
9.92
7.04
6.4
7.68
6.24
6.24
7.52
6.88
7.36
8
7.84
8.32
11.04
5.76
9.44
8.16
4.8
5.44
11.52
10.08
6.24
8.48
8.48
8.64
8.16
7.84
8.16
7.04
9.76
9.12
11.68
6.4
5.92
6.88
5.92
6.72
7.68
8.96
8.8
9.6
8.8
10.56
9.6
8.32
8.16
11.04
11.36
11.36
10.72
6.24
6.72
12.16
3.84
8.96
10.88
9.6
11.84
11.04
12.32
9.12
7.36
6.56
8
10.88
11.2
8
9.28
7.84
8.48
8.64
4
8.16
11.04
12.64
9.76
14.4
8.16
9.6
7.04
9.6
7.04
8.32
8.64
11.36
9.28
11.68
9.6
9.6
5.12
10.4
13.76
10.56
14.08
12.32
11.84
10.24
8.96
15.04
9.12
9.92
13.6
13.76
11.2
9.76
9.92
8.96
8.16
11.52
6.72
15.36
14.24
13.6
12
13.76
15.36
14.08
12
11.36
12.32
15.36
13.92
8.96
11.84
11.04
13.6
12.32
14.88
6.88
15.84
14.4
15.04
12.8
12.64
8.8
9.6
8.64
12.16
13.76
13.12
11.52
9.12
15.2
11.36
12.16
12.16
10.72
12.16
5.12
12.64
12.64
8.48
8.96
10.08
14.56
12.48
11.36
11.2
14.24
8
12.32
16.64
9.12
15.84
16.16
15.36
15.68
8.8
16.48
17.44
9.92
8.16
13.76
12.96
16.64
16.64
15.04
16.48
12.48
14.4
9.28
10.72
11.36
12.32
17.28
12.16
13.44
7.36
16.16
16.32
16.64
15.84
16.8
15.04
16.32
15.52
14.88
14.72
14.08
14.88
15.36
13.92
14.4
14.88
14.56
14.24
7.52
14.4
16.8
10.08
10.88
12
12.64
10.24
12.32
11.68
8.32
8.64
9.44
14.56
16.64
12.32
13.28
14.48
17.92
9.44
12
10.08
16
11.6
6.88
13.12
9.6
8.96
14.56
15.04
15.52
11.68
11.68
11.36
13.12
15.68
14.72
6.4
13.44
14.88
12.32
14.24
13.76
15.04
13.6
12.16
12
10.56
14.24
15.84
14.4
8.96
13.92
14.72
16.32
15.2
15.84
8.64
14.88
18.08
16
8.96
13.92
17.12
16.64
15.04
16.8
14.88
17.12
15.2
16.8
16.16
16.64
16.64
14.72
16.16
8.8
12.8
15.04
13.92
15.04
16.64
16
15.52
16.96
17.6
16.64
14.72
15.36
15.68
16.32
15.84
14.72
14.88
13.92
12
7.2
13.28
16
15.52
16.16
15.04
15.36
15.84
15.52
13.6
16
15.2
10.24
12.16
15.68
10.4
13.76
14.72
11.52
7.52
11.36
10.4
15.2
9.92
11.68
14.88
13.92
9.44
11.2
8.8
8.64
9.92
16.96
15.2
16.16
13.28
15.84
15.52
18.4
9.44
16.96
15.36
13.76
10.08
12.48
14.08
9.12
12.8
7.2
11.36
14.56
14.24
17.6
17.6
19.04
16
16.8
18.24
7.52
15.68
12.8
15.68
15.36
14.56
16.64
13.92
16
12.48
12.32
11.36
16
15.04
12.96
12.8
12.96
13.76
14.08
13.28
9.12
17.6
14.72
15.04
14.56
15.2
14.88
14.88
15.04
13.76
11.36
15.2
12.8
15.68
16
14.56
14.24
13.76
15.68
8.16
16
15.84
14.72
14.24
13.76
15.2
15.84
15.36
14.4
11.68
9.6
8.32
12.32
13.92
14.08
16
14.56
8.64
9.6
7.2
13.12
13.92
10.4
12
11.92
13.92
12.48
11.04
15.68
12.32
17.44
14.24
18.24
19.04
14.72
16.32
18.08
9.6
14.72
15.04
17.28
16.64
14.72
14.72
14.08
13.6
13.6
13.6
11.68
15.52
14.72
13.12
12.8
15.36
12.32
12.48
15.36
8.48
15.36
13.12
12.96
13.76
14.72
13.6
16
17.44
15.2
14.88
14.24
12.64
16.32
16
15.36
15.04
14.72
14.88
7.84
16
16.96
16.8
16
15.36
16.64
15.68
14.56
13.44
16.32
15.84
17.44
12.8
15.68
15.2
14.88
15.2
13.92
12.16
7.2
9.76
9.44
10.88
9.92
10.56
12
12.48
14.24
11.52
8.32
11.2
9.6
10.4
12.64
13.28
14.08
13.6
15.2
8.32
17.12
16.96
14.88
18.56
17.44
13.92
10.4
10.72
8.96
9.28
8
8.64
10.56
15.2
12.8
10.88
16.16
14.72
9.92
5.92
11.52
11.36
9.28
8.64
10.88
11.68
15.84
16.16
16.6
16.88
17.12
16.64
8.16
15.04
17.12
16.96
16
15.2
14.56
14.08
14.08
17.44
14.24
11.68
11.04
11.68
13.44
12.8
12
16.16
16.96
15.52
9.12
16.6
16.8
16.32
16.64
14.56
15.2
16.32
15.52
16.48
18.88
16.16
16.32
17.6
17.6
7.84
16.96
17.28
18.4
17.12
18.24
14.72
16.16
18.24
14.64
16.16
16.8
17.12
15.84
16.96
16.32
16.8
15.36
18.24
7.84
18.4
15.36
16.32
15.68
15.84
16.64
16.16
17.6
13.76
13.76
16.48
15.04
16.16
14.4
15.36
14.08
13.44
11.04
5.44
7.84
7.84
13.76
13.12
14.88
16.96
16.64
16.16
12.16
10.88
7.52
7.2
13.6
15.84
15.36
13.28
14.08
15.68
16
8.64
13.92
12
14.72
17.92
10.88
12.32
16.64
16.16
16
17.28
18.56
16.64
16.96
13.44
13.92
10.88
16.8
17.28
8.16
13.76
15.36
12.64
13.92
10.88
13.12
10.08
16.16
17.12
12.64
17.44
18.4
14.88
13.6
13.12
17.6
15.52
16.64
15.04
6.24
17.6
16.8
15.52
12.64
16.64
17.12
14.24
15.52
16
14.4
15.2
15.52
16.16
15.52
16.16
17.44
14.24
15.52
8.48
14.88
15.52
15.36
14.88
15.36
15.04
16
14.24
17.44
16.16
16.16
11.0933
16.16
17.44
18.08
17.6
16.48
9.76
12.8
11.2
7.84
6.56
5.12
3.68
1.12
0.8
0.48
4.16
15.36
16.16
14.72
14.56
4
0.96
1.28
0.96
0.48
1.12
0.48
0.16
0.16
0.8
0.64
0.48
0.48
0.48
0.48
0.64
1.12
1.12
1.76
1.12
0.48
0.48
0.8
0.48
1.44
1.44
0.8
0.32
0.32
0.8
1.28
0.8
0.96
0.32
1.12
0.64
0.32
1.12
0.48
0.64
0.8
1.12
0.96
0.96
0.64
0.48
0.48
0.96
0.96
0.32
0.64
0.32
0.64
0.48
0.48
0.64
0.64
0.32
0.64
0.48
0
0
0.0533333
0
0.106667
0
0.16
0.12
0.08
0
0
0
0
0
0.213333
0.32
0.32
0.0533333
0.08
0.16
0.0533333
0.0533333
0
0
0.0533333
0.106667
0.106667
0.213333
0.0533333
0.0457143
0.16
0
0.08
0
0
0.16
0.16
0.24
0.106667
0.0533333
0.096
0
0.16
0
0
0.096
0.0533333
0.0533333
0.08
0
0.04
0.32
0.08
0
0.0533333
0
0.0266667
0
0.08
0.106667
0
0.32
0.106667
0
0.0533333
0.032
0.16
0
0
0
0
0
0.106667
0
0.08
0.0457143
0
0.16
0
0
0.08
0.16
