0
51000
1000
0
1000
0
0
0
0
766
1
1234
0
0
1
998
0
0
0
0
1003
0
433
571
0
0
0
458
539
0
0
0
996
0
1
1002
0
0
363
639
0
185
813
246
136
104
1901
160
0
414
39
817
0
1
181
0
0
898
105
0
0
0
996
0
0
0
1004
0
0
999
0
165
835
131
1000
974
791
236
999
1000
1001
1004
996
999
1001
1001
1145
1000
1003
0
1999
2899
1
98
975
28
277
1000
1003
443
992
1001
1001
1000
396
140
999
469
2170
1000
0
1000
1
1000
1002
1247
999
1001
1000
999
1002
0
511
173
998
1002
329
995
1000
2003
0
1001
0
1005
998
1225
408
999
1001
3998
0
0
1000
2000
0
1000
1002
0
1002
997
1000
1001
312
990
1001
1000
587
1890
1107
0
1
95
995
1002
1005
995
679
2319
1000
0
354
648
883
998
1005
997
1286
0
1002
0
1001
999
1002
1000
585
1997
0
593
999
1003
0
998
2999
0
771
234
997
1003
1996
0
1003
1001
0
256
778
998
2000
0
1005
0
510
337
2417
583
0
1002
0
1004
11
996
997
1005
1090
0
1002
0
1999
0
1002
0
1000
1001
357
993
1005
421
994
1002
1000
999
1003
1011
1000
0
36
1004
1
1002
0
1002
526
997
1003
948
64
1000
612
393
633
583
2533
33
125
1000
1001
0
887
198
1000
1001
1739
1259
0
1172
0
906
179
999
489
724
1002
1598
1
829
1301
0
1006
0
1001
1997
0
1265
50
1004
996
1006
562
991
256
991
826
990
1006
1004
816
1009
0
1003
999
1001
1000
998
1001
998
1001
1000
1000
998
1001
1001
999
999
1001
1159
1000
1006
0
1001
1000
1000
1002
998
1000
1001
999
1001
998
999
1001
999
1001
1000
1000
1003
997
999
1001
999
1001
1000
1000
999
1002
998
1001
999
1003
1068
1000
1006
0
1002
1000
999
1000
1000
1287
0
1009
0
1003
998
999
1000
1001
1000
999
1001
1002
997
1290
0
714
1293
0
1010
0
1000
1000
1001
999
999
1000
1000
1001
999
1003
998
1001
1002
1254
0
1010
0
1001
1268
0
1011
0
999
1001
999
1002
998
1000
1000
194
986
996
1009
999
1003
997
1001
1000
999
1000
1000
1000
1000
1000
1000
1000
1002
998
1000
1000
1001
999
1000
1000
1000
999
1001
1001
999
1000
1000
1002
998
1000
1001
1001
998
1000
1000
1002
998
1000
1000
1002
998
1000
1000
1002
998
1000
1000
1002
998
1000
1000
1002
998
1000
1000
1001
999
999
1003
998
999
1001
1001
1000
999
1001
1000
700
1354
0
680
696
1403
1180
0
1010
0
1004
997
1000
999
1001
1001
999
1001
1001
998
1000
999
1001
1002
146
983
996
1011
998
1000
1000
1002
996
1002
1141
1000
1011
0
1111
135
999
815
1193
0
1011
0
1002
997
1000
1001
1272
0
719
1291
0
1010
0
1004
999
997
664
740
1009
1152
511
284
1210
0
1011
0
1005
994
1000
642
1397
0
1010
0
1004
997
998
1266
0
725
1105
487
521
293
983
1008
1001
1001
1001
998
1000
1001
999
1000
1000
1001
738
1499
675
714
1402
614
1342
0
1011
0
1001
1001
998
1002
211
978
997
1009
1001
1000
999
1305
0
1012
0
1000
998
1002
1000
999
999
1002
1000
999
999
1002
1000
998
1000
1002
1000
998
1280
1000
1010
0
1003
999
1000
999
999
1002
1000
998
1274
0
1010
0
1002
999
1005
993
1001
1001
1002
998
999
1001
1004
994
1002
1001
1002
995
1002
999
1004
1256
0
1316
0
1011
0
1000
1003
997
1000
999
1004
995
1002
999
1004
995
1002
999
1238
0
1010
0
1006
993
1005
996
1004
995
1002
999
1003
1122
735
1433
0
1010
0
1001
999
999
1001
999
1001
1254
0
1010
0
1000
1000
999
1001
999
1000
1248
0
1009
0
1001
1003
996
1000
1000
1002
998
1000
1001
1002
999
1000
999
1002
998
1000
998
1005
996
1001
999
1001
999
1001
999
1002
998
1002
999
1002
998
1000
999
1001
999
1003
997
1001
1246
0
1010
0
999
1001
999
1001
999
1001
999
1001
1002
998
999
1001
999
1002
1001
998
1001
1003
995
1001
999
1002
998
1001
999
1002
998
1001
999
1002
998
1001
999
1002
998
1001
999
1005
995
1001
1000
1001
998
1001
1000
1001
998
1001
1000
1002
997
1002
998
1002
1000
1001
997
1002
998
1001
1245
0
1009
0
1000
1002
999
999
1000
1001
1000
1001
998
1003
998
1002
999
1000
999
1002
997
1253
1000
1009
0
1001
1002
999
998
1002
999
999
1001
1000
1001
999
1000
999
1000
1004
995
1003
1000
1051
0
1009
0
1002
999
999
1244
0
1009
0
1001
1002
997
1000
1001
1000
999
1000
1000
1274
0
1009
0
1001
1000
999
1000
1002
1000
998
1000
1001
999
1000
1000
1001
1142
0
1010
0
1000
999
1002
999
999
1001
1000
1000
999
1001
1303
0
1010
0
1002
999
999
1000
1002
998
1000
1000
1000
1000
999
1001
1000
1000
999
1002
999
1001
999
1000
1004
996
1001
999
1001
1000
1000
999
1001
999
1000
1000
1003
997
1001
999
1003
997
1001
999
1003
997
1001
999
1003
997
1001
1000
1002
998
1000
999
1003
997
1001
999
1004
996
1001
999
1003
999
999
1311
0
1010
0
1001
1000
1000
999
1004
997
998
1000
1000
1002
999
999
1001
1001
998
1001
999
1004
996
1003
998
1001
1001
997
1000
1007
993
1002
998
1002
998
1002
998
1002
998
1000
1000
1002
998
1000
1001
1000
1001
999
999
1001
1001
999
1000
1115
0
1010
0
999
1002
1153
0
1010
0
1005
994
1000
1001
1001
997
1001
1001
1001
997
1001
1001
1003
995
1001
1001
1001
999
999
1001
1001
998
1000
1001
1002
997
1002
998
1004
996
1002
998
1004
996
1001
999
1003
998
1001
1000
1000
1000
1001
999
1000
1002
999
999
1000
1000
1001
999
1000
1000
1003
997
1000
1000
1001
999
1000
1000
1001
999
1000
1000
1001
1001
998
1000
19
999
991
1012
998
1000
998
1000
1002
1000
1000
998
1002
1000
998
1000
1002
1000
998
1000
1002
1000
998
1221
0
1010
0
1002
1000
1000
1000
998
1003
999
1000
998
1002
1000
998
1000
1001
1002
996
1001
1001
1002
996
1001
1001
1322
0
732
1424
1126
0
1010
0
1005
996
1000
1001
1003
994
1002
999
1005
994
1002
1000
1003
995
1004
1183
0
1015
0
998
1003
995
1000
999
1004
995
1002
999
1004
995
1003
998
1003
997
1001
998
1004
997
1002
997
1001
999
1000
1000
1001
999
1002
998
1001
999
1000
1001
999
1001
998
1000
999
1002
996
1003
997
1000
1000
999
144
1000
1005
0
999
1002
999
1001
998
1001
999
1001
998
1002
999
1001
999
1002
998
1001
1001
1111
0
1236
0
693
599
1
1000
1000
1002
999
1000
1270
999
1000
980
1020
1001
869
1130
1000
1001
999
1000
1000
1001
999
979
847
1174
1000
1000
1000
1001
999
1000
1000
1001
999
1000
1001
1000
999
1000
1000
1001
0
0
0
0
8
0
0
0
0
0
0
0
0
4
0
0
0
0
0
0
0
2
0
0
0
0
6
0
0
0
12
0
0
0
0
0
0
0
7
8
0
0
0
8
0
0
0
0
0
0
0
5
15
0
0
0
12
0
0
0
2
0
0
0
0
6
0
0
0
5
0
0
0
10
0
0
0
1
15
0
0
0
17
0
0
0
0
0
0
0
0
9
0
0
0
14
0
0
0
4
0
0
0
0
12
0
0
0
0
0
0
0
1
0
0
0
0
13
0
0
0
5
0
0
0
9
0
0
0
0
10
0
0
0
6
0
0
0
3
0
0
0
1
15
0
0
0
5
0
0
0
0
0
0
0
0
10
0
0
0
10
0
0
0
1
0
0
0
0
12
0
0
0
4
0
0
0
6
0
0
0
1
14
0
0
1
11
0
0
0
0
0
0
0
0
5
0
0
0
6
0
0
0
7
0
0
0
0
13
0
0
0
6
0
0
0
3
0
0
0
4
10
0
0
0
7
0
0
0
1
0
0
0
0
4
0
0
0
3
0
0
0
4
0
0
0
6
13
0
0
0
11
0
0
0
0
0
0
0
1
14
0
0
0
4
0
0
0
0
0
0
0
1
14
0
0
0
0
0
0
0
1
0
0
0
3
7
0
0
0
9
0
0
0
8
0
0
0
0
8
0
0
0
7
0
0
0
12
0
0
0
4
8
0
0
0
5
0
0
0
0
0
0
0
0
4
0
0
0
9
0
0
0
4
0
0
0
0
10
0
0
0
6
0
0
0
6
0
0
0
0
14
0
0
0
4
0
0
0
0
0
0
0
0
9
0
0
2
2
0
0
0
8
0
0
0
1
8
0
0
0
4
0
0
0
5
0
0
0
0
14
0
0
0
5
0
0
0
2
0
0
0
0
9
0
0
0
3
0
0
0
1
0
0
0
0
11
0
0
0
11
0
0
0
5
0
0
0
0
12
0
0
0
7
0
0
0
10
0
0
0
0
11
0
0
0
8
0
0
0
6
0
0
0
1
13
0
0
0
5
0
0
0
2
0
0
0
0
12
0
0
3
8
0
0
0
5
0
0
0
0
15
0
0
0
3
0
0
0
4
0
0
0
3
9
0
0
0
6
0
0
0
7
0
0
0
1
14
0
0
0
7
0
0
0
8
0
0
0
2
10
0
0
0
5
0
0
0
3
0
0
0
0
13
0
0
0
6
0
0
0
1
0
0
0
0
9
0
0
0
8
0
0
0
3
0
0
0
0
10
0
0
0
8
0
0
0
3
0
0
0
0
11
0
0
0
13
0
0
0
7
0
0
0
0
17
0
0
0
9
0
0
0
0
0
0
0
2
11
0
0
0
2
0
0
0
3
0
0
0
0
15
0
0
0
4
0
0
0
1
0
0
0
1
21
0
0
0
10
0
0
0
2
0
0
0
0
14
0
0
0
4
0
0
0
1
0
0
0
0
14
0
0
0
6
0
0
0
4
0
0
0
0
15
0
0
0
7
0
0
0
8
0
0
0
9
12
0
0
0
8
0
0
0
2
0
0
0
0
11
0
0
0
10
0
0
0
0
0
0
0
0
10
0
0
0
9
0
0
0
0
0
0
0
0
14
0
0
0
3
0
0
0
1
0
0
0
0
9
0
0
0
8
0
0
0
6
0
0
0
0
14
0
0
0
9
0
0
0
8
0
0
0
0
10
0
0
0
9
0
0
0
1
0
0
0
3
10
0
0
0
5
0
0
0
0
0
0
0
0
8
0
0
0
9
0
0
0
1
0
0
0
0
12
0
0
0
10
0
0
0
0
0
0
0
0
9
0
0
0
7
0
0
0
0
0
0
0
4
16
0
0
0
7
0
0
0
4
0
0
0
0
11
0
0
0
4
0
0
0
4
0
0
0
0
12
0
0
0
6
0
0
0
4
0
0
0
0
12
0
0
0
2
0
0
0
3
0
0
0
0
12
0
0
0
11
0
0
0
5
0
0
0
3
10
0
0
0
5
0
0
0
0
0
0
0
1
12
0
0
0
10
0
0
0
0
0
0
0
2
10
0
0
0
4
0
0
0
7
0
0
0
2
6
0
0
2
9
0
0
0
0
0
0
0
0
13
0
0
0
10
0
0
0
7
0
0
0
0
8
0
0
0
0
0
0
0
0
0
0
0
3
12
0
0
0
6
0
0
0
3
0
0
0
0
7
0
0
0
7
0
0
0
7
0
0
0
0
12
0
0
0
4
0
0
0
10
0
0
0
0
15
0
0
0
8
0
0
0
4
0
0
0
0
9
0
0
0
5
0
0
0
7
0
0
0
0
17
0
0
0
12
0
0
0
3
0
0
0
0
10
0
0
0
9
0
0
0
3
0
0
0
1
10
0
0
0
5
0
0
0
3
0
0
0
3
11
0
0
0
15
0
0
0
1
0
0
0
0
10
0
0
0
11
0
0
0
3
0
0
0
6
8
0
0
0
5
0
0
0
1
0
0
0
2
10
0
0
2
12
0
0
0
0
0
0
0
0
17
0
0
0
9
0
0
0
6
0
0
0
0
12
0
0
0
4
0
0
0
0
0
0
0
0
13
0
0
0
13
0
0
0
6
0
0
0
0
4
0
0
0
6
0
0
0
7
0
0
0
0
14
0
0
3
5
0
0
0
1
0
0
0
0
5
0
0
0
8
0
0
0
0
0
0
0
0
11
0
0
0
7
0
0
0
3
0
0
0
5
10
0
0
0
15
0
0
0
2
0
0
0
0
11
0
0
0
11
0
0
0
1
0
0
0
0
10
0
0
0
7
0
0
0
0
0
0
0
0
17
0
0
0
9
0
0
0
1
0
0
0
1
12
0
0
0
10
0
0
0
10
0
0
0
0
13
0
0
1
4
0
0
0
1
0
0
0
0
20
0
0
0
9
0
0
0
1
0
0
0
2
10
0
0
0
5
0
0
0
5
0
0
0
0
15
0
0
0
8
0
0
0
2
0
0
0
0
10
0
0
0
8
0
0
0
4
0
0
0
0
9
0
0
0
6
0
0
0
1
0
0
0
0
10
0
0
0
12
0
0
0
5
0
0
0
0
7
0
0
0
5
0
0
0
4
0
0
0
0
13
0
0
0
5
0
0
0
2
0
0
0
0
16
0
0
0
5
0
0
0
1
0
0
0
0
12
0
0
0
1
0
0
0
4
0
0
0
0
17
0
0
0
7
0
0
0
3
0
0
0
0
9
0
0
0
8
0
0
0
3
0
0
0
0
9
0
0
0
9
0
0
0
7
0
0
0
0
11
0
0
0
6
0
0
0
1
0
0
0
1
14
0
0
0
4
0
0
0
0
0
0
0
0
15
0
0
0
10
0
0
0
5
0
0
0
0
17
0
0
0
7
0
0
0
4
0
0
0
0
12
0
0
0
13
0
0
0
5
0
0
0
3
8
0
0
0
6
0
0
0
1
0
0
0
1
9
0
0
0
5
0
0
0
3
0
0
0
4
6
0
0
0
5
0
0
0
6
0
0
0
5
8
0
0
0
2
0
0
0
4
0
0
0
4
9
0
0
0
6
0
0
0
5
0
0
0
1
11
0
0
0
4
0
0
0
2
0
0
0
6
13
0
0
0
7
0
0
0
0
0
0
0
4
13
0
0
0
2
0
0
0
6
0
0
0
0
16
0
0
0
1
0
0
0
5
0
0
0
0
14
0
0
0
6
0
0
0
4
0
0
0
4
9
0
0
0
7
0
0
0
5
0
0
0
0
12
0
0
0
10
0
0
0
2
0
0
0
1
7
0
0
0
5
0
0
0
4
0
0
0
0
15
0
0
0
3
0
0
0
0
0
0
0
0
12
0
0
0
12
0
0
0
6
0
0
0
0
12
0
0
0
7
0
0
0
5
0
0
0
0
11
0
0
0
8
0
0
0
6
0
0
0
0
16
0
0
0
6
0
0
0
4
0
0
0
0
14
0
0
0
7
0
0
0
3
0
0
0
0
9
0
0
0
5
0
0
0
4
0
0
0
0
10
0
0
0
9
0
0
0
5
0
0
0
0
12
0
0
0
7
0
0
0
3
0
0
0
0
9
0
0
0
8
0
0
0
5
0
0
0
1
9
0
0
0
4
0
0
0
1
0
0
0
0
13
0
0
0
5
0
0
0
6
0
0
0
0
10
0
0
2
10
0
0
0
3
0
0
0
0
6
0
0
0
8
0
0
0
3
0
0
0
0
10
0
0
0
5
0
0
0
1
0
0
0
0
13
0
0
0
7
0
0
0
0
0
0
0
2
10
0
0
0
5
0
0
0
1
0
0
0
0
12
0
0
0
8
0
0
0
4
0
0
0
0
10
0
0
0
8
0
0
0
6
0
0
0
4
10
0
0
0
3
0
0
0
3
0
0
0
0
15
0
0
0
6
0
0
0
9
0
0
0
0
12
0
0
0
6
0
0
0
3
0
0
0
0
12
0
0
0
9
0
0
0
0
0
0
0
0
16
0
0
0
7
0
0
0
8
0
0
0
0
11
0
0
0
6
0
0
0
1
0
0
0
2
9
0
0
0
7
0
0
0
0
0
0
0
0
5
0
0
0
8
0
0
0
1
0
0
0
2
15
0
0
0
2
0
0
0
4
0
0
0
2
17
0
0
0
8
0
0
0
5
0
0
0
0
9
0
0
0
10
0
0
0
10
0
0
0
2
13
0
0
0
4
0
0
0
1
0
0
0
3
13
0
0
0
11
0
0
0
1
0
0
0
0
10
0
0
0
9
0
0
0
7
0
0
0
3
9
0
0
0
13
0
0
0
3
0
0
0
5
15
0
0
0
6
0
0
0
5
0
0
0
0
16
0
0
0
1
0
0
0
1
0
0
0
0
12
0
0
0
5
0
0
0
1
0
0
0
0
11
0
0
0
1
0
0
0
5
0
0
0
5
10
0
0
0
7
0
0
0
3
0
0
0
0
13
0
0
0
1
0
0
0
3
0
0
0
4
8
0
0
0
6
0
0
0
6
0
0
0
2
9
0
0
0
7
0
0
0
1
0
0
0
0
16
0
0
0
4
0
0
0
6
0
0
0
0
11
0
0
0
6
0
0
0
0
0
0
0
2
15
0
0
2
6
0
0
0
0
0
0
0
2
12
0
0
0
14
0
0
0
3
0
0
0
1
17
0
0
0
6
0
0
0
5
0
0
0
0
8
0
0
0
7
0
0
0
4
0
0
0
0
10
0
0
0
10
0
0
0
2
0
0
0
7
11
0
0
0
0
0
0
0
8
0
0
0
0
11
0
0
0
8
0
0
0
3
0
0
0
0
6
0
0
0
10
0
0
0
4
0
0
0
0
8
0
0
0
7
0
0
0
2
0
0
0
0
14
0
0
0
4
0
0
0
0
0
0
0
0
9
0
0
0
3
0
0
0
2
0
0
0
0
11
0
0
1
9
0
0
0
2
0
0
0
1
12
0
0
0
7
0
0
0
3
0
0
0
0
7
0
0
0
11
0
0
0
5
0
0
0
1
11
0
0
0
3
0
0
0
2
0
0
0
0
7
0
0
0
11
0
0
0
3
0
0
0
0
6
0
0
3
6
0
0
0
4
0
0
0
4
13
0
0
0
4
0
0
0
0
0
0
0
0
9
0
0
0
4
0
0
0
3
0
0
0
1
10
0
0
0
6
0
0
0
0
0
0
0
0
15
0
0
0
10
0
0
0
2
0
0
0
0
12
0
0
0
3
0
0
0
5
0
0
0
1
15
0
0
0
10
0
0
0
1
0
0
0
0
8
0
0
0
11
0
0
0
8
0
0
0
0
11
0
0
0
5
0
0
0
5
0
0
0
0
13
0
0
0
5
0
0
0
9
0
0
0
0
12
0
0
0
7
0
0
0
8
0
0
0
0
10
0
0
0
10
0
0
0
0
0
0
0
0
16
0
0
1
10
0
0
0
2
0
0
0
0
10
0
0
0
8
0
0
0
5
0
0
0
0
12
0
0
0
9
0
0
0
3
0
0
0
0
11
0
0
0
10
0
0
0
3
0
0
0
1
9
0
0
0
12
0
0
0
3
0
0
0
1
13
0
0
0
11
0
0
0
0
0
0
0
0
13
0
0
0
13
0
0
0
2
0
0
0
0
13
0
0
0
1
0
0
0
6
0
0
0
4
11
0
0
0
4
0
0
0
1
0
0
0
2
10
0
0
0
9
0
0
0
5
0
0
0
0
11
0
0
0
6
0
0
0
0
0
0
0
0
12
0
0
0
5
0
0
0
7
0
0
0
0
14
0
0
0
11
0
0
0
8
0
0
0
0
10
0
0
0
7
0
0
0
3
0
0
0
0
9
0
0
0
7
0
0
0
6
0
0
0
0
15
0
0
0
1
0
0
0
1
0
0
0
0
15
0
0
0
11
0
0
0
3
0
0
0
0
11
0
0
1
4
0
0
0
4
0
0
0
2
12
0
0
0
5
0
0
0
0
0
0
0
4
9
0
0
0
8
0
0
0
5
0
0
0
0
8
0
0
0
7
0
0
0
7
0
0
0
0
11
0
0
0
10
0
0
0
4
0
0
0
0
10
0
0
0
16
0
0
0
5
0
0
0
0
14
0
0
0
6
0
0
0
7
0
0
0
0
12
0
0
0
6
0
0
0
2
0
0
0
1
11
0
0
0
16
0
0
0
5
0
0
0
0
11
0
0
0
3
0
0
0
4
0
0
0
0
16
0
0
0
4
0
0
0
4
0
0
0
0
10
0
0
0
9
0
0
0
2
0
0
0
0
9
0
0
0
4
0
0
0
0
0
0
0
2
11
0
0
0
7
0
0
0
2
0
0
0
0
11
0
0
0
3
0
0
0
5
0
0
0
0
15
0
0
0
7
0
0
0
4
0
0
0
0
13
0
0
0
12
0
0
0
4
0
0
0
7
9
0
0
0
2
0
0
0
3
0
0
0
0
18
0
0
0
7
0
0
0
0
0
0
0
0
14
0
0
0
6
0
0
0
8
0
0
0
2
9
0
0
0
8
0
0
0
0
0
0
0
2
13
0
0
0
12
0
0
0
3
0
0
0
1
9
0
0
0
6
0
0
0
3
0
0
0
1
4
0
0
0
8
0
0
0
8
0
0
0
0
14
0
0
0
6
0
0
0
1
0
0
0
0
6
0
0
0
11
0
0
0
4
0
0
0
1
13
0
0
0
6
0
0
0
2
0
0
0
0
17
0
0
0
9
0
0
0
0
0
0
0
0
14
0
0
0
5
0
0
0
0
0
0
0
4
10
0
0
0
6
0
0
0
0
0
0
0
0
11
0
0
0
9
0
0
0
0
0
0
0
6
8
0
0
0
4
0
0
0
5
0
0
0
0
16
0
0
0
10
0
0
0
5
0
0
0
0
3
0
0
0
10
0
0
0
5
0
0
0
0
18
0
0
0
5
0
0
0
0
0
0
0
0
14
0
0
0
12
0
0
0
0
0
0
0
0
6
0
0
0
9
0
0
0
8
0
0
0
0
15
0
0
0
5
0
0
0
4
0
0
0
0
12
0
0
0
10
0
0
0
5
0
0
0
3
8
0
0
0
10
0
0
0
0
0
0
0
4
12
0
0
0
2
0
0
0
6
0
0
0
0
14
0
0
0
5
0
0
0
2
0
0
0
3
12
0
0
0
5
0
0
0
0
0
0
0
0
10
0
0
0
7
0
0
0
1
0
0
0
4
11
0
0
0
4
0
0
0
1
0
0
0
0
11
0
0
0
0
0
0
0
0
0
0
0
1
13
0
0
0
12
0
0
0
1
0
0
0
0
14
0
0
0
3
0
0
0
7
0
0
0
0
13
0
0
0
8
0
0
0
0
0
0
0
0
9
0
0
0
11
0
0
0
1
0
0
0
2
8
0
0
0
9
0
0
0
4
0
0
0
0
13
0
0
0
3
0
0
0
4
0
0
0
2
10
0
0
0
11
0
0
0
1
0
0
0
1
18
0
0
0
5
0
0
0
0
0
0
0
0
12
0
0
0
9
0
0
0
3
0
0
0
0
14
0
0
0
7
0
0
0
1
0
0
0
0
18
0
0
0
14
0
0
0
1
0
0
0
0
6
0
0
0
6
0
0
0
0
0
0
0
0
14
0
0
0
5
0
0
0
0
0
0
0
0
13
0
0
0
11
0
0
0
9
0
0
0
0
10
0
0
0
2
0
0
0
3
0
0
0
0
14
0
0
0
9
0
0
0
5
0
0
0
2
10
0
0
0
0
0
0
0
2
0
0
0
0
11
0
0
0
4
0
0
0
0
0
0
0
0
11
0
0
0
7
0
0
0
1
0
0
0
5
8
0
0
0
10
0
0
0
6
0
0
0
0
12
0
0
0
5
0
0
0
0
0
0
0
0
15
0
0
0
11
0
0
0
10
0
0
0
0
7
0
0
0
5
0
0
0
3
0
0
0
6
12
0
0
0
8
0
0
0
0
0
0
0
0
10
0
0
0
0
0
0
0
4
0
0
0
0
11
0
0
0
9
0
0
0
4
0
0
0
0
11
0
0
0
2
0
0
0
2
0
0
0
0
13
0
0
0
6
0
0
0
7
0
0
0
0
13
0
0
0
6
0
0
0
2
0
0
0
0
10
0
0
2
7
0
0
0
0
0
0
0
3
7
0
0
0
3
0
0
0
4
0
0
0
3
13
0
0
0
11
0
0
0
2
0
0
0
2
14
0
0
0
4
0
0
0
2
0
0
0
3
11
0
0
0
5
0
0
0
4
0
0
0
2
12
0
0
2
8
0
0
0
0
0
0
0
0
14
0
0
0
5
0
0
0
2
0
0
0
0
9
0
0
0
2
0
0
0
2
0
0
0
1
11
0
0
0
10
0
0
0
3
0
0
0
0
11
0
0
0
11
0
0
0
0
0
0
0
2
11
0
0
0
7
0
0
0
3
0
0
0
0
2
0
0
0
9
0
0
0
3
0
0
0
0
12
0
0
0
7
0
0
0
0
0
0
0
0
12
0
0
0
5
0
0
0
0
0
0
0
1
6
0
0
0
5
0
0
0
6
0
0
0
0
10
0
0
0
7
0
0
0
1
0
0
0
0
13
0
0
0
7
0
0
0
0
0
0
0
0
10
0
0
0
8
0
0
0
2
0
0
0
0
14
0
0
0
7
0
0
0
0
0
0
0
0
7
0
0
0
8
0
0
0
4
0
0
0
0
18
0
0
0
2
0
0
0
7
0
0
0
0
7
0
0
0
9
0
0
0
5
0
0
0
0
12
0
0
0
3
0
0
0
6
0
0
0
0
14
0
0
0
5
0
0
0
3
0
0
0
0
13
0
0
0
13
0
0
0
7
0
0
0
0
12
0
0
0
7
0
0
0
4
0
0
0
0
14
0
0
0
9
0
0
0
3
0
0
0
0
12
0
0
0
11
0
0
0
7
0
0
0
5
18
0
0
0
7
0
0
0
3
0
0
0
0
8
0
0
0
2
0
0
0
9
0
0
0
0
10
0
0
0
8
0
0
0
0
0
0
0
0
12
0
0
0
8
0
0
0
2
0
0
0
0
13
0
0
0
10
0
0
0
3
0
0
0
0
6
0
0
0
2
0
0
0
3
0
0
0
0
13
0
0
0
9
0
0
0
4
0
0
0
0
7
0
0
0
5
0
0
0
0
0
0
0
0
11
0
0
0
7
0
0
0
3
0
0
0
0
14
0
0
0
3
0
0
0
1
0
0
0
1
19
0
0
0
7
0
0
0
5
0
0
0
2
14
0
0
0
6
0
0
0
0
0
0
0
1
7
0
0
0
2
0
0
0
2
0
0
0
0
13
0
0
0
9
0
0
0
5
0
0
0
0
9
0
0
1
8
0
0
0
3
0
0
0
0
12
0
0
0
5
0
0
0
8
0
0
0
2
17
0
0
0
4
0
0
0
5
0
0
0
3
15
0
0
0
8
0
0
0
4
0
0
0
0
8
0
0
0
5
0
0
0
4
0
0
0
0
6
0
0
0
11
0
0
0
2
0
0
0
0
14
0
0
0
10
0
0
0
3
0
0
0
2
15
0
0
0
3
0
0
0
2
0
0
0
1
11
0
0
0
7
0
0
0
2
0
0
0
1
13
0
0
0
9
0
0
0
2
0
0
0
2
15
0
0
0
10
0
0
0
3
0
0
0
0
14
0
0
0
7
0
0
0
3
0
0
0
0
11
0
0
0
8
0
0
0
6
0
0
0
0
17
0
0
0
6
0
0
0
3
0
0
0
0
10
0
0
0
9
0
0
0
6
0
0
0
0
9
0
0
0
4
0
0
0
0
0
0
0
0
6
0
0
0
13
0
0
0
2
0
0
0
5
13
0
0
0
4
0
0
0
5
0
0
0
2
10
0
0
0
7
0
0
0
3
0
0
0
2
11
0
0
0
0
0
0
0
6
0
0
0
0
12
0
0
0
4
0
0
0
4
0
0
0
0
12
0
0
0
7
0
0
0
11
0
0
0
0
10
0
0
0
5
0
0
0
1
0
0
0
0
10
0
0
2
9
0
0
0
4
0
0
0
0
12
0
0
0
6
0
0
0
8
0
0
0
0
10
0
0
0
3
0
0
0
0
0
0
0
0
15
0
0
0
8
0
0
0
3
0
0
0
0
4
0
0
0
0
0
0
0
2
0
0
0
0
12
0
0
0
9
0
0
0
5
0
0
0
0
8
0
0
0
1
0
0
0
5
0
0
0
0
14
0
0
0
9
0
0
0
0
0
0
0
0
10
0
0
0
10
0
0
0
2
0
0
0
3
8
0
0
0
6
0
0
0
0
0
0
0
6
12
0
0
0
9
0
0
0
6
0
0
0
0
11
0
0
0
8
0
0
0
1
0
0
0
0
8
0
0
0
5
0
0
0
0
0
0
0
0
7
0
0
0
10
0
0
0
6
0
0
0
0
14
0
0
0
14
0
0
0
6
0
0
0
0
6
0
0
0
9
0
0
0
7
0
0
0
0
4
0
0
0
12
0
0
0
1
0
0
0
0
12
0
0
3
14
0
0
0
3
0
0
0
0
12
0
0
0
11
0
0
0
2
0
0
0
1
10
0
0
0
7
0
0
0
5
0
0
0
0
16
0
0
0
9
0
0
0
2
0
0
0
0
9
0
0
0
7
0
0
0
0
0
0
0
3
13
0
0
0
0
0
0
0
5
0
0
0
5
8
0
0
0
10
0
0
0
3
0
0
0
0
10
0
0
0
12
0
0
0
2
0
0
0
3
12
0
0
0
2
0
0
0
6
0
0
0
2
14
0
0
0
7
0
0
0
1
0
0
0
0
13
0
0
0
14
0
0
0
2
0
0
0
0
10
0
0
0
3
0
0
0
4
0
0
0
0
11
0
0
0
9
0
0
0
0
0
0
0
1
9
0
0
0
6
0
0
0
1
0
0
0
2
10
0
0
0
6
0
0
0
3
0
0
0
0
16
0
0
0
5
0
0
0
1
0
0
0
0
9
0
0
0
6
0
0
0
5
0
0
0
1
15
0
0
0
9
0
0
0
0
0
0
0
0
4
0
0
0
3
0
0
0
5
0
0
0
0
6
0
0
0
2
0
0
0
1
0
0
0
0
14
0
0
0
10
0
0
0
1
0
0
0
0
9
0
0
0
8
0
0
0
2
0
0
0
1
7
0
0
0
10
0
0
0
4
0
0
0
0
17
0
0
0
4
0
0
0
1
0
0
0
0
12
0
0
0
8
0
0
0
4
0
0
0
0
12
0
0
0
5
0
0
0
7
0
0
0
0
9
0
0
0
3
0
0
0
7
0
0
0
3
6
0
0
0
4
0
0
0
0
0
0
0
0
7
0
0
0
8
0
0
0
2
0
0
0
0
12
0
0
0
6
0
0
0
10
0
0
0
0
14
0
0
0
9
0
0
0
1
0
0
0
0
12
0
0
0
8
0
0
0
2
0
0
0
6
15
0
0
0
6
0
0
0
5
0
0
0
0
7
0
0
0
10
0
0
0
4
0
0
0
0
9
0
0
0
5
0
0
0
4
0
0
0
0
6
0
0
0
3
0
0
0
5
0
0
0
2
9
0
0
0
3
0
0
0
0
0
0
0
0
11
0
0
0
2
0
0
0
6
0
0
0
2
9
0
0
0
6
0
0
0
0
0
0
0
0
14
0
0
0
7
0
0
0
9
0
0
0
0
12
0
0
0
6
0
0
0
4
0
0
0
3
12
0
0
0
1
0
0
0
4
0
0
0
0
12
0
0
0
9
0
0
0
1
0
0
0
0
12
0
0
0
7
0
0
0
2
0
0
0
3
10
0
0
0
10
0
0
0
8
0
0
0
0
8
0
0
0
12
0
0
0
0
0
0
0
0
9
0
0
0
14
0
0
0
1
0
0
0
0
5
0
0
0
4
0
0
0
3
0
0
0
0
12
0
0
0
6
0
0
0
1
0
0
0
0
11
0
0
0
2
0
0
0
9
0
0
0
0
11
0
0
0
9
0
0
0
0
0
0
0
0
10
0
0
0
5
0
0
0
0
0
0
0
0
6
0
0
0
3
0
0
0
1
0
0
0
0
11
0
0
0
10
0
0
0
2
0
0
0
0
12
0
0
0
6
0
0
0
4
0
0
0
0
8
0
0
2
8
0
0
0
2
0
0
0
2
13
0
0
0
2
0
0
0
4
0
0
0
5
11
0
0
0
13
0
0
0
0
0
0
0
2
10
0
0
0
8
0
0
0
2
0
0
0
0
8
0
0
0
6
0
0
0
0
0
0
0
0
15
0
0
0
7
0
0
0
0
0
0
0
0
8
0
0
0
7
0
0
0
1
0
0
0
0
11
0
0
0
5
0
0
0
0
0
0
0
0
19
0
0
0
13
0
0
0
4
0
0
0
0
18
0
0
0
5
0
0
0
4
0
0
0
0
18
0
0
0
0
0
0
0
5
0
0
0
0
9
0
0
0
11
0
0
0
0
0
0
0
0
11
0
0
0
8
0
0
0
11
0
0
0
0
14
0
0
0
8
0
0
0
0
0
0
0
3
9
0
0
0
6
0
0
0
3
0
0
0
0
13
0
0
0
5
0
0
0
0
0
0
0
5
8
0
0
0
8
0
0
0
0
0
0
0
0
10
0
0
0
7
0
0
0
4
0
0
0
0
9
0
0
0
6
0
0
0
0
0
0
0
0
10
0
0
0
4
0
0
0
1
0
0
0
0
10
0
0
0
7
0
0
0
0
0
0
0
0
9
0
0
0
5
0
0
0
4
0
0
0
0
11
0
0
0
8
0
0
0
4
0
0
0
5
11
0
0
0
6
0
0
0
2
0
0
0
0
10
0
0
0
7
0
0
0
3
0
0
0
0
8
0
0
0
4
0
0
0
3
0
0
0
3
13
0
0
0
8
0
0
0
1
0
0
0
0
13
0
0
0
5
0
0
0
4
0
0
0
2
13
0
0
0
7
0
0
0
1
0
0
0
0
13
0
0
0
3
0
0
0
1
0
0
0
0
10
0
0
0
7
0
0
0
1
0
0
0
0
9
0
0
0
5
0
0
0
3
0
0
0
0
12
0
0
0
8
0
0
0
8
0
0
0
0
13
0
0
0
2
0
0
0
7
0
0
0
1
7
0
0
0
13
0
0
0
4
0
0
0
0
8
0
0
0
7
0
0
0
0
0
0
0
0
11
0
0
0
1
0
0
0
0
0
0
0
0
12
0
0
0
3
0
0
0
0
0
0
0
0
9
0
0
0
6
0
0
0
0
0
0
0
0
10
0
0
0
7
0
0
0
0
0
0
0
0
14
0
0
0
9
0
0
0
3
0
0
0
0
14
0
0
0
11
0
0
0
2
0
0
0
0
5
0
0
0
7
0
0
0
2
0
0
0
0
8
0
0
0
6
0
0
0
1
0
0
0
0
10
0
0
0
9
0
0
0
0
0
0
0
3
11
0
0
0
4
0
0
0
0
0
0
0
0
10
0
0
0
13
0
0
0
3
0
0
0
0
13
0
0
0
4
0
0
0
1
0
0
0
1
10
0
0
0
10
0
0
0
3
0
0
0
0
10
0
0
0
0
0
0
0
1
0
0
0
0
6
0
0
0
6
0
0
0
2
0
0
0
5
5
0
0
0
12
0
0
0
3
0
0
0
0
11
0
0
0
12
0
0
0
1
0
0
0
0
9
0
0
0
7
0
0
0
0
0
0
0
0
15
0
0
0
5
0
0
0
1
0
0
0
0
11
0
0
0
9
0
0
0
0
0
0
0
0
12
0
0
0
12
0
0
0
4
0
0
0
0
12
0
0
0
4
0
0
0
5
0
0
0
0
14
0
0
0
7
0
0
0
1
0
0
0
2
9
0
0
0
7
0
0
0
3
0
0
0
2
14
0
0
0
12
0
0
0
0
0
0
0
0
13
0
0
0
7
0
0
0
4
0
0
0
1
9
0
0
0
4
0
0
0
2
0
0
0
0
15
0
0
0
5
0
0
0
3
0
0
0
0
7
0
0
0
5
0
0
0
9
0
0
0
0
11
0
0
0
9
0
0
0
1
0
0
0
0
8
0
0
0
5
0
0
0
5
0
0
0
5
5
0
0
0
0
0
0
0
0
0
0
0
2
10
0
0
0
8
0
0
0
3
0
0
0
3
9
0
0
0
3
0
0
0
3
0
0
0
0
11
0
0
0
4
0
0
0
3
0
0
0
0
11
0
0
0
6
0
0
0
0
0
0
0
0
11
0
0
0
11
0
0
0
1
0
0
0
0
12
0
0
0
7
0
0
0
3
0
0
0
0
9
0
0
0
7
0
0
0
0
0
0
0
0
15
0
0
0
12
0
0
0
1
0
0
0
3
5
0
0
0
3
0
0
0
2
0
0
0
0
13
0
0
0
6
0
0
0
0
0
0
0
0
10
0
0
0
4
0
0
0
7
0
0
0
0
13
0
0
0
8
0
0
0
2
0
0
0
2
12
0
0
0
12
0
0
0
6
0
0
0
1
10
0
0
0
12
0
0
0
0
0
0
0
2
11
0
0
0
3
0
0
0
0
0
0
0
0
10
0
0
0
3
0
0
0
3
0
0
0
0
17
0
0
0
4
0
0
0
4
0
0
0
1
16
0
0
0
6
0
0
0
0
0
0
0
0
5
0
0
0
7
0
0
0
3
0
0
0
0
8
0
0
2
8
0
0
0
6
0
0
0
0
6
0
0
0
4
0
0
0
1
0
0
0
0
15
0
0
1
10
0
0
0
3
0
0
0
0
9
0
0
0
6
0
0
0
4
0
0
0
0
12
0
0
0
2
0
0
0
4
0
0
0
0
13
0
0
0
5
0
0
0
4
0
0
0
0
6
0
0
0
8
0
0
0
10
0
0
0
0
4
0
0
0
7
0
0
0
3
0
0
0
0
14
0
0
0
11
0
0
0
4
0
0
0
0
5
0
0
0
3
0
0
0
1
0
0
0
0
11
0
0
0
5
0
0
0
0
0
0
0
0
7
0
0
0
3
0
0
0
5
0
0
0
0
12
0
0
0
9
0
0
0
1
0
0
0
0
11
0
0
0
8
0
0
0
5
0
0
0
0
7
0
0
0
5
0
0
0
0
0
0
0
0
16
0
0
0
10
0
0
0
4
0
0
0
0
8
0
0
0
2
0
0
0
0
0
0
0
0
12
0
0
0
13
0
0
0
0
0
0
0
0
12
0
0
0
2
0
0
0
0
0
0
0
0
4
0
0
0
7
0
0
0
5
0
0
0
0
12
0
0
0
7
0
0
0
0
0
0
0
0
11
0
0
0
2
0
0
0
2
0
0
0
0
9
0
0
0
9
0
0
0
2
0
0
0
0
10
0
0
0
9
0
0
0
1
0
0
0
0
16
0
0
0
6
0
0
0
0
0
0
0
0
11
0
0
0
3
0
0
0
1
0
0
0
0
9
0
0
0
6
0
0
0
0
0
0
0
0
10
0
0
0
9
0
0
0
7
0
0
0
0
13
0
0
0
7
0
0
0
0
0
0
0
0
11
0
0
0
10
0
0
0
0
0
0
0
0
13
0
0
0
10
0
0
0
0
0
0
0
0
13
0
0
0
5
0
0
0
0
0
0
0
0
16
0
0
0
6
0
0
0
2
0
0
0
2
10
0
0
0
9
0
0
0
0
0
0
0
1
11
0
0
0
6
0
0
0
6
0
0
0
5
8
0
0
0
5
0
0
0
6
0
0
0
0
7
0
0
0
7
0
0
0
4
0
0
0
0
14
0
0
0
6
0
0
0
0
0
0
0
0
17
0
0
0
5
0
0
0
5
0
0
0
0
14
0
0
0
13
0
0
0
5
0
0
0
0
12
0
0
0
5
0
0
0
1
0
0
0
1
15
0
0
0
8
0
0
0
2
0
0
0
0
9
0
0
0
3
0
0
0
3
0
0
0
1
9
0
0
0
5
0
0
0
0
0
0
0
2
9
0
0
0
8
0
0
0
2
0
0
0
4
10
0
0
0
0
0
0
0
3
0
0
0
0
8
0
0
0
7
0
0
0
0
0
0
0
0
10
0
0
0
9
0
0
0
0
0
0
0
0
6
0
0
0
8
0
0
0
5
0
0
0
2
11
0
0
0
5
0
0
0
3
0
0
0
2
11
0
0
0
6
0
0
0
5
0
0
0
0
8
0
0
0
6
0
0
0
3
0
0
0
0
13
0
0
0
4
0
0
0
0
0
0
0
0
14
0
0
0
7
0
0
0
0
0
0
0
0
9
0
0
0
8
0
0
0
2
0
0
0
1
11
0
0
0
8
0
0
0
5
0
0
0
0
11
0
0
0
8
0
0
0
3
0
0
0
3
13
0
0
0
6
0
0
0
3
0
0
0
3
9
0
0
0
1
0
0
0
4
0
0
0
0
12
0
0
0
11
0
0
0
1
0
0
0
0
12
0
0
2
5
0
0
0
6
0
0
0
0
10
0
0
0
3
0
0
0
0
0
0
0
0
8
0
0
0
10
0
0
0
6
0
0
0
0
15
0
0
0
9
0
0
0
6
0
0
0
0
9
0
0
0
5
0
0
0
10
0
0
0
0
13
0
0
0
6
0
0
0
0
0
0
0
0
5
0
0
0
6
0
0
0
4
0
0
0
4
13
0
0
0
3
0
0
0
3
0
0
0
0
7
0
0
0
7
0
0
0
0
0
0
0
0
12
0
0
0
5
0
0
0
0
0
0
0
3
5
0
0
0
8
0
0
0
2
0
0
0
0
5
0
0
0
6
0
0
0
0
0
0
0
0
8
0
0
0
4
0
0
0
6
0
0
0
0
13
0
0
0
2
0
0
0
0
0
0
0
1
7
0
0
0
0
0
0
0
1
0
0
0
0
10
0
0
0
5
0
0
0
3
0
0
0
0
11
0
0
0
2
0
0
0
4
0
0
0
0
11
0
0
0
4
0
0
0
4
0
0
0
0
11
0
0
0
8
0
0
0
2
0
0
0
0
12
0
0
0
4
0
0
0
6
0
0
0
5
11
0
0
0
3
0
0
0
3
0
0
0
0
7
0
0
0
2
0
0
0
6
0
0
0
3
15
0
0
0
10
0
0
0
1
0
0
0
0
6
0
0
0
14
0
0
0
0
0
0
0
0
7
0
0
0
4
0
0
0
2
0
0
0
4
9
0
0
0
8
0
0
0
9
0
0
0
0
8
0
0
0
4
0
0
0
0
0
0
0
0
14
0
0
0
7
0
0
0
0
0
0
0
0
11
0
0
0
9
0
0
0
3
0
0
0
0
12
0
0
0
1
0
0
0
0
0
0
0
0
9
0
0
0
2
0
0
0
0
0
0
0
0
13
0
0
0
2
0
0
0
7
0
0
0
0
4
0
0
0
3
0
0
0
0
0
0
0
2
14
0
0
0
13
0
0
0
2
0
0
0
0
6
0
0
0
7
0
0
0
2
0
0
0
0
16
0
0
0
7
0
0
0
0
0
0
0
0
9
0
0
0
3
0
0
0
0
0
0
0
1
15
0
0
0
5
0
0
0
0
0
0
0
0
7
0
0
0
2
0
0
0
7
0
0
0
0
8
0
0
0
11
0
0
0
8
0
0
0
0
3
0
0
0
4
0
0
0
0
0
0
0
0
18
0
0
0
11
0
0
0
4
0
0
0
0
1
0
0
0
0
0
0
0
1
0
0
0
0
12
0
0
0
11
0
0
0
0
0
0
0
0
7
0
0
0
4
0
0
0
0
0
0
0
1
11
0
0
0
6
0
0
0
3
0
0
0
0
14
0
0
0
0
0
0
0
3
0
0
0
0
13
0
0
0
5
0
0
0
0
0
0
0
3
10
0
0
0
0
0
0
0
0
0
0
0
0
10
0
0
0
5
0
0
0
0
0
0
0
1
11
0
0
0
16
0
0
0
1
0
0
0
0
10
0
0
0
8
0
0
0
5
0
0
0
0
5
0
0
0
6
0
0
0
4
0
0
0
0
8
0
0
0
6
0
0
0
0
0
0
0
0
12
0
0
0
1
0
0
0
0
0
0
0
0
13
0
0
0
5
0
0
0
7
0
0
0
0
4
0
0
0
5
0
0
0
0
0
0
0
0
8
0
0
0
7
0
0
0
0
0
0
0
0
11
0
0
0
8
0
0
0
4
0
0
0
3
3
0
0
0
9
0
0
0
1
0
0
0
0
15
0
0
0
8
0
0
0
6
0
0
0
0
14
0
0
0
2
0
0
0
0
0
0
0
0
11
0
0
0
5
0
0
0
4
0
0
0
0
11
0
0
0
8
0
0
0
8
0
0
0
0
11
0
0
0
4
0
0
0
0
0
0
0
0
16
0
0
0
6
0
0
0
0
0
0
0
0
8
0
0
0
3
0
0
0
0
0
0
0
0
14
0
0
0
2
0
0
0
3
0
0
0
0
12
0
0
0
2
0
0
0
0
0
0
0
0
12
0
0
0
7
0
0
0
1
0
0
0
0
7
0
0
0
10
0
0
0
0
0
0
0
0
11
0
0
0
9
0
0
0
3
0
0
0
0
11
0
0
0
9
0
0
0
0
0
0
0
0
7
0
0
0
8
0
0
0
0
0
0
0
0
10
0
0
0
5
0
0
0
0
0
0
0
2
7
0
0
0
4
0
0
0
3
0
0
0
0
17
0
0
0
8
0
0
0
3
0
0
0
1
11
0
0
0
1
0
0
0
3
0
0
0
0
11
0
0
0
10
0
0
0
3
0
0
0
0
13
0
0
0
8
0
0
0
0
0
0
0
0
14
0
0
0
4
0
0
0
0
0
0
0
0
11
0
0
0
6
0
0
0
0
0
0
0
0
11
0
0
0
6
0
0
0
7
0
0
0
0
13
0
0
0
4
0
0
0
0
0
0
0
0
9
0
0
0
11
0
0
0
4
0
0
0
0
13
0
0
0
6
0
0
0
0
0
0
0
0
8
0
0
0
4
0
0
0
2
0
0
0
2
12
0
0
0
4
0
0
0
2
0
0
0
0
9
0
0
0
10
0
0
0
3
0
0
0
0
16
0
0
0
10
0
0
0
3
0
0
0
0
6
0
0
0
5
0
0
0
5
0
0
0
0
12
0
0
0
0
0
0
0
3
0
0
0
0
8
0
0
0
1
0
0
0
5
0
0
0
0
11
0
0
0
4
0
0
0
3
0
0
0
0
11
0
0
0
4
0
0
0
3
0
0
0
0
14
0
0
0
7
0
0
0
1
0
0
0
0
8
0
0
0
8
0
0
0
0
0
0
0
0
3
0
0
0
8
0
0
0
4
0
0
0
0
7
0
0
0
6
0
0
0
4
0
0
0
0
15
0
0
0
9
0
0
0
1
0
0
0
0
13
0
0
0
6
0
0
0
3
0
0
0
0
7
0
0
0
3
0
0
0
0
0
0
0
0
9
0
0
0
7
0
0
0
4
0
0
0
0
8
0
0
0
3
0
0
0
1
0
0
0
0
9
0
0
0
10
0
0
0
0
0
0
0
0
11
0
0
0
7
0
0
0
3
0
0
0
0
9
0
0
0
5
0
0
0
0
0
0
0
0
8
0
0
0
8
0
0
0
2
0
0
0
0
10
0
0
0
8
0
0
0
0
0
0
0
0
12
0
0
0
9
0
0
0
4
0
0
0
0
14
0
0
0
0
0
0
0
0
0
0
0
0
8
0
0
0
7
0
0
0
1
0
0
0
0
7
0
0
0
7
0
0
0
6
0
0
0
0
3
0
0
0
5
0
0
0
0
0
0
0
0
12
0
0
0
0
0
0
0
2
0
0
0
0
8
0
0
0
2
0
0
0
1
0
0
0
0
9
0
0
0
8
0
0
0
1
0
0
0
0
13
0
0
0
3
0
0
0
0
0
0
0
2
9
0
0
0
2
0
0
0
2
0
0
0
0
7
0
0
0
3
0
0
0
0
0
0
0
0
14
0
0
0
5
0
0
0
5
0
0
0
1
8
0
0
0
8
0
0
0
1
0
0
0
0
8
0
0
0
3
0
0
0
0
0
0
0
3
12
0
0
0
6
0
0
0
1
0
0
0
0
13
0
0
0
0
0
0
0
0
0
0
0
0
8
0
0
0
9
0
0
0
4
0
0
0
0
8
0
0
0
3
0
0
0
4
0
0
0
0
11
0
0
0
6
0
0
0
3
0
0
0
0
11
0
0
0
4
0
0
0
2
0
0
0
0
11
0
0
0
9
0
0
0
4
0
0
0
0
11
0
0
0
5
0
0
0
3
0
0
0
0
9
0
0
0
3
0
0
0
0
0
0
0
4
13
0
0
0
9
0
0
0
2
0
0
0
0
7
0
0
0
2
0
0
0
2
0
0
0
0
7
0
0
0
2
0
0
0
0
0
0
0
0
8
0
0
0
4
0
0
0
1
0
0
0
0
14
0
0
0
5
0
0
0
6
0
0
0
0
12
0
0
0
3
0
0
0
1
0
0
0
0
13
0
0
0
2
0
0
0
1
0
0
0
0
15
0
0
0
0
0
0
0
2
0
0
0
0
8
0
0
0
2
0
0
0
0
0
0
0
1
20
0
0
0
10
0
0
0
0
0
0
0
0
15
0
0
0
2
0
0
0
1
0
0
0
0
17
0
0
0
3
0
0
0
1
0
0
0
0
5
0
0
0
6
0
0
0
0
0
0
0
0
11
0
0
0
9
0
0
0
3
0
0
0
0
11
0
0
0
4
0
0
0
2
0
0
0
0
11
0
0
0
7
0
0
0
7
0
0
0
0
11
0
0
0
9
0
0
0
0
0
0
0
0
10
0
0
0
6
0
0
0
2
0
0
0
0
10
0
0
0
4
0
0
0
0
0
0
0
0
12
0
0
0
0
0
0
0
4
0
0
0
0
14
0
0
0
8
0
0
0
1
0
0
0
0
12
0
0
0
3
0
0
0
0
0
0
0
0
9
0
0
0
4
0
0
0
2
0
0
0
0
7
0
0
0
0
0
0
0
3
0
0
0
0
3
0
0
0
2
0
0
0
3
0
0
0
0
9
0
0
0
3
0
0
0
4
0
0
0
0
8
0
0
0
2
0
0
0
0
0
0
0
0
7
0
0
0
6
0
0
0
0
0
0
0
1
14
0
0
0
2
0
0
0
2
0
0
0
0
8
0
0
0
3
0
0
0
0
0
0
0
0
7
0
0
0
0
0
0
0
0
0
0
0
0
14
0
0
0
0
0
0
0
0
0
0
0
0
6
587
1582
2582
3582
4582
5582
6582
642
751
0
264
0
1
0
0
0
0
0
0
0
0
8
0
0
0
1
0
0
0
0
0
0
0
