0
52000
1000
769
232
0
999
1002
0
0
0
0
998
0
0
671
337
0
0
992
0
2002
0
998
0
0
965
0
0
1
1034
0
0
0
890
1
0
1
0
0
1110
0
0
0
0
998
0
0
0
0
0
0
1005
0
1002
0
2993
0
1000
0
0
1004
0
0
998
0
1000
0
0
1
292
709
0
0
0
996
0
0
1004
0
1001
1001
1000
997
998
999
1000
1004
998
1000
623
593
1080
0
1002
0
1000
1000
3998
1000
2001
0
0
149
853
0
998
95
1000
700
305
996
1000
1447
1998
0
1000
1003
0
533
1
380
996
1005
1994
1000
1001
0
1001
0
723
1646
999
1001
0
1002
1427
1468
3101
0
0
1000
1002
0
1005
1001
995
1998
0
1003
0
414
996
1000
1001
1001
998
2000
0
1002
0
1000
34
1000
949
1051
1000
1
1000
185
489
514
1527
0
1004
1001
0
1998
0
1002
0
1000
1004
1001
0
1003
1002
999
999
999
1000
1000
1997
1000
3000
1000
0
0
758
247
995
187
989
1003
997
1001
0
1002
512
339
665
280
1004
0
632
577
3519
480
0
2002
998
0
1001
0
1001
1002
999
999
1001
1000
998
1585
1
416
999
946
61
994
1002
23
822
1
1000
1002
1001
135
883
1008
0
997
997
1002
998
1004
0
1001
996
1002
998
1001
2002
0
2006
0
994
1002
0
1006
75
923
1289
0
1999
0
1048
2003
997
0
1001
1002
0
70
228
1002
0
1003
156
990
1000
1000
1000
999
1002
1000
1002
997
1000
1003
0
999
999
1004
30
3000
3000
0
0
0
0
2009
0
0
1004
0
1997
0
2002
0
0
750
259
108
754
259
1006
0
110
990
1003
0
1002
0
293
1009
0
999
1003
98
1005
0
999
1000
999
1001
999
1001
1000
1001
1001
997
1001
1002
996
1002
1003
1001
996
422
990
1005
213
989
1000
1006
999
998
40
1001
0
513
186
994
1061
1068
0
1008
0
448
989
32
1007
0
997
1005
1000
994
1141
0
189
827
986
1007
996
502
86
997
426
989
1006
1090
0
1007
0
1000
998
1002
1004
595
984
569
568
1179
0
1005
0
1004
647
415
16
1090
102
484
711
1010
0
998
1229
0
705
310
985
196
986
818
1164
0
1011
0
998
345
981
1010
495
982
1010
998
179
983
1009
1185
0
1009
0
582
69
541
228
999
609
197
987
204
914
905
117
1307
0
1010
0
1303
0
431
1070
0
84
70
238
994
999
631
1
1004
482
337
997
1
1136
0
173
1007
0
1001
121
1122
0
754
265
982
1006
1004
485
45
999
845
174
982
1006
1123
0
804
213
989
590
47
1010
0
1003
805
985
1009
993
137
279
609
590
1347
0
953
1051
0
1009
0
1001
1003
993
1007
323
1092
0
785
510
80
994
998
1136
1000
1
413
983
1066
23
178
1
1009
999
1003
994
1005
1000
999
997
999
1003
1183
0
394
544
1057
0
50
510
996
1005
198
985
1010
998
999
1000
407
359
992
1009
999
1001
44
447
995
581
444
307
379
1001
1001
1004
798
511
422
470
998
1000
872
206
1002
994
1010
998
1000
1001
999
1002
1154
0
433
589
979
1010
523
989
1005
1002
1002
887
242
1002
9
1151
0
855
163
1006
0
1004
391
618
125
1005
0
1006
1076
0
695
1117
1148
0
98
994
200
1134
0
478
181
988
994
1008
226
488
1232
0
455
563
79
1006
0
369
983
1008
999
505
3
1005
1002
621
183
993
1009
429
1008
0
1000
549
1269
0
1010
0
999
239
742
343
162
277
40
1009
0
379
501
513
987
87
586
429
532
264
204
1117
0
1009
0
995
1005
137
561
175
1009
0
268
430
341
999
996
392
267
849
1278
0
323
52
240
212
709
312
1017
150
1
385
987
1009
1000
1000
1002
45
1004
0
139
1129
0
1011
0
82
981
1167
0
1009
0
998
259
173
992
1007
1002
1112
0
393
584
434
760
256
807
1307
0
487
802
1100
0
35
1002
0
1007
1026
0
1003
1000
1029
1010
0
91
194
310
642
375
254
765
107
604
344
447
992
1007
1002
440
139
675
332
999
148
99
1004
599
421
302
990
999
620
194
994
1008
999
999
1002
999
325
69
970
39
994
1002
509
1218
0
1009
0
1001
993
1007
1005
1056
0
686
301
985
1007
1003
995
94
22
1002
0
218
986
1003
692
468
991
1005
1004
999
1265
0
500
514
989
1003
179
1228
0
817
201
261
125
229
296
639
379
230
812
813
187
1005
995
612
39
147
995
1009
998
338
315
993
1000
1004
17
583
398
236
998
995
1008
521
79
994
1005
1002
467
986
1005
1003
1001
644
393
180
454
994
1010
994
1007
995
267
1006
0
1004
1003
999
511
108
989
1004
1004
331
185
992
1002
730
661
532
457
995
1007
1000
1001
179
982
1006
1003
1000
999
1001
165
374
992
1004
524
558
1
93
349
992
1009
669
42
1006
0
1002
1001
1001
999
1000
1001
1003
997
995
1003
70
985
1011
0
1000
324
1011
0
231
94
939
992
347
31
96
1002
1023
474
540
989
240
216
996
997
535
425
306
268
52
996
591
1190
0
1
1009
1000
998
1002
151
886
131
266
244
77
544
408
467
116
975
991
111
590
1267
0
1011
0
993
196
116
315
992
1008
19
998
998
1002
1001
211
365
141
997
265
986
94
992
313
990
999
756
442
994
1004
1007
1028
1007
0
1005
997
336
986
1000
1008
1001
230
978
1000
1008
381
663
83
999
994
1012
45
1001
0
1012
1000
187
1164
145
992
1013
992
1004
218
983
139
684
334
608
993
1006
1006
997
726
992
1205
0
487
531
983
54
1140
0
984
1025
0
554
482
321
991
1006
584
272
994
380
992
1009
999
999
998
44
363
257
560
993
1008
276
134
601
992
642
202
992
1001
174
982
1005
407
983
588
533
55
1010
0
692
151
992
260
987
1006
1010
0
549
988
1008
1003
531
980
1007
1001
1002
998
1001
1001
412
653
1020
0
995
1009
995
1002
1003
597
1104
0
459
560
982
336
982
1071
0
44
365
298
999
159
990
1005
469
354
574
531
998
1125
0
1011
0
61
989
992
568
263
1179
0
1012
0
187
877
996
1009
654
405
493
721
537
671
16
304
624
422
993
1007
1002
658
1168
0
1012
0
774
330
991
1006
1003
613
1007
0
1005
999
1000
998
1004
997
233
1166
0
724
290
989
998
1007
1001
993
1002
172
981
675
239
497
998
1006
1003
1001
1122
0
318
698
627
1027
1000
1008
0
1004
998
997
271
991
1164
0
1008
0
997
574
32
529
1098
0
203
107
271
535
997
151
33
890
121
1008
0
110
229
1005
0
835
282
996
1005
1002
999
196
991
558
439
997
1000
1004
7
104
999
587
70
348
163
994
1003
1001
426
619
215
1006
0
1001
999
1001
996
1003
997
1001
1000
999
998
1003
999
1001
441
991
1003
388
463
548
220
996
225
1
77
550
80
127
245
69
1107
18
1005
0
367
991
1004
583
531
387
815
1
1005
1000
263
990
1002
1002
1000
999
1002
999
1001
999
996
1005
999
608
416
1007
0
997
1001
998
999
1002
999
532
173
997
1002
1002
546
380
997
1004
1002
1000
1000
997
1001
995
1004
1000
1001
999
1001
578
989
1005
999
1002
999
995
1005
1000
615
472
30
156
1005
0
999
1002
999
1001
727
991
1003
1000
1001
1001
527
254
1005
0
1001
354
993
1003
1003
999
525
470
1005
0
1002
419
993
1005
0
1000
552
1001
0
1003
1001
1003
997
1001
999
1000
997
1001
1003
998
1002
997
1001
1000
1000
1000
999
1002
999
1001
999
999
1001
689
568
244
1000
1000
1002
1001
999
376
304
78
516
1000
1001
1002
1001
635
1002
0
1004
998
999
998
1003
999
1000
1000
1000
16
1000
1003
0
1000
999
1001
1000
1000
999
1001
1000
999
1000
1000
1001
999
1000
1000
1001
999
0
0
0
0
0
0
1
0
0
0
0
0
0
5
0
0
0
0
0
0
6
0
0
0
0
0
2
0
0
0
0
0
0
10
0
0
0
0
0
1
0
0
0
0
0
0
7
0
0
0
0
0
2
9
0
0
0
0
0
5
0
0
0
0
0
0
9
0
0
0
0
0
2
0
0
0
0
0
0
7
0
0
0
0
0
0
8
0
0
0
0
0
6
0
0
0
0
0
0
6
0
0
0
0
0
0
0
0
0
0
0
0
11
0
0
0
0
0
0
9
0
0
0
0
0
4
0
0
0
0
0
0
8
0
0
0
0
0
4
0
0
0
0
0
0
0
0
0
0
0
0
1
10
0
0
0
0
0
5
0
0
0
0
0
0
4
0
0
0
0
0
6
0
0
0
0
0
0
8
0
0
0
0
0
0
9
0
0
0
0
0
0
0
0
0
0
0
0
8
0
0
0
0
0
2
0
0
0
0
0
0
4
0
0
0
0
0
0
9
0
0
0
0
0
2
0
0
0
0
0
0
7
0
0
0
0
0
1
0
0
0
0
0
0
7
0
0
0
0
0
0
12
0
0
0
0
0
4
0
0
0
0
0
0
9
0
0
0
0
0
0
0
0
0
0
0
0
1
0
0
0
0
0
0
11
0
0
0
0
0
1
0
0
0
0
0
0
8
0
0
0
0
0
0
0
0
0
0
0
0
8
0
0
0
0
0
0
11
0
0
0
0
0
5
0
0
0
0
0
0
7
0
0
0
0
0
1
0
0
0
0
0
0
8
0
0
0
0
0
0
12
0
0
0
0
0
4
0
0
0
0
0
0
6
0
0
0
0
0
5
0
0
0
0
0
0
4
0
0
0
0
0
0
9
0
0
0
0
0
8
0
0
0
0
0
2
6
0
0
0
0
0
3
0
0
0
0
0
0
7
0
0
0
0
0
0
12
0
0
0
0
0
3
0
0
0
0
0
0
7
0
0
0
0
0
1
0
0
0
0
0
0
7
0
0
0
0
0
0
8
0
0
0
0
0
1
0
0
0
0
0
0
6
0
0
0
0
0
2
0
0
0
0
0
0
8
0
0
0
0
0
2
10
0
0
0
0
0
0
0
0
0
0
0
0
11
0
0
0
0
0
2
0
0
0
0
0
0
6
0
0
0
0
0
0
8
0
0
0
0
0
4
0
0
0
0
0
0
12
0
0
0
0
0
0
0
0
0
0
0
0
5
0
0
0
0
0
0
6
0
0
0
0
0
5
0
0
0
0
0
0
8
0
0
0
0
0
1
0
0
0
0
0
0
8
0
0
0
0
0
2
9
0
0
0
0
0
0
0
0
0
0
0
0
4
0
0
0
0
0
6
0
0
0
0
0
0
3
0
0
0
0
0
0
7
0
0
0
0
0
5
0
0
0
0
0
0
6
0
0
0
0
0
3
0
0
0
0
0
0
5
0
0
0
0
0
3
11
0
0
0
0
0
3
0
0
0
0
0
0
4
0
0
0
0
0
6
0
0
0
0
0
0
10
0
0
0
0
0
1
10
0
0
0
0
0
4
0
0
0
0
0
0
4
0
0
0
0
0
1
0
0
0
0
0
0
6
0
0
0
0
0
0
11
0
0
0
0
0
7
0
0
0
0
0
0
7
0
0
0
0
0
0
0
0
0
0
0
0
10
0
0
0
0
0
0
9
0
0
0
0
0
1
0
0
0
0
0
0
4
0
0
0
0
0
1
0
0
0
0
0
0
4
0
0
0
0
0
3
9
0
0
0
0
0
1
0
0
0
0
0
0
8
0
0
0
0
0
1
0
0
0
0
0
0
6
0
0
0
0
0
0
7
0
0
0
0
0
2
0
0
0
0
0
0
5
0
0
0
0
0
1
0
0
0
0
0
0
4
0
0
0
0
0
5
11
0
0
0
0
0
3
0
0
0
0
0
0
7
0
0
0
0
0
0
0
0
0
0
0
0
0
0
0
0
0
0
0
8
0
0
0
0
0
0
0
0
0
0
0
0
6
0
0
0
0
0
0
0
0
0
0
0
0
5
0
0
0
0
0
0
8
0
0
0
0
0
3
0
0
0
0
0
0
5
0
0
0
0
0
1
0
0
0
0
0
0
7
0
0
0
0
0
1
11
0
0
0
0
0
2
0
0
0
0
0
0
8
0
0
0
0
0
1
0
0
0
0
0
0
1
0
0
0
0
0
0
8
0
0
0
0
0
4
0
0
0
0
0
0
9
0
0
0
0
0
2
0
0
0
0
0
0
7
0
0
0
0
0
1
10
0
0
0
0
0
2
0
0
0
0
0
0
7
0
0
0
0
0
6
0
0
0
0
0
0
10
0
0
0
0
0
0
2
0
0
0
0
0
6
0
0
0
0
0
0
9
0
0
0
0
0
0
0
0
0
0
0
0
3
0
0
0
0
0
0
8
0
0
0
0
0
6
0
0
0
0
0
0
5
0
0
0
0
0
0
0
0
0
0
0
0
5
0
0
0
0
0
0
7
0
0
0
0
0
0
0
0
0
0
0
0
3
0
0
0
0
0
0
0
0
0
0
0
0
5
0
0
0
0
0
0
6
0
0
0
0
0
5
0
0
0
0
0
0
6
0
0
0
0
0
0
0
0
0
0
0
0
0
0
0
0
0
0
0
7
0
0
0
0
0
0
0
0
0
0
0
0
5
0
0
0
0
0
0
0
0
0
0
0
0
9
0
0
0
0
0
0
4
0
0
0
0
0
1
0
0
0
0
0
0
7
0
0
0
0
0
0
0
0
0
0
0
0
2
0
0
0
0
0
1
4
0
0
0
0
0
3
0
0
0
0
0
0
1
0
0
0
0
0
0
0
0
0
0
0
0
5
0
0
0
0
0
0
4
0
0
0
0
0
2
0
0
0
0
0
0
2
0
0
0
0
0
1
0
0
0
0
0
0
6
0
0
0
0
0
0
7
0
0
0
0
0
1
0
0
0
0
0
0
4
0
0
0
0
0
0
0
0
0
0
0
0
3
0
0
0
0
0
0
7
0
0
0
0
0
1
0
0
0
0
0
2
8
0
0
0
0
0
0
0
0
0
0
0
0
6
0
0
0
0
0
0
14
0
0
0
0
0
4
0
0
0
0
0
0
8
0
0
0
0
0
2
0
0
0
0
0
0
4
0
0
0
0
0
0
9
0
0
0
0
0
1
0
0
0
0
0
0
4
0
0
0
0
0
0
0
0
0
0
0
0
0
0
0
0
0
0
1
10
0
0
0
0
0
2
0
0
0
0
0
0
8
0
0
0
0
0
1
0
0
0
0
0
0
5
0
0
0
0
0
0
5
0
0
0
0
0
2
0
0
0
0
0
0
6
0
0
0
0
0
0
0
0
0
166
218
690
385
481
517
414
579
959
317
839
912
0
1155
1090
960
0
2867
2802
2737
1399
1334
1724
1659
35
0
0
8608
8543
8478
8413
8348
8283
8218
8153
8088
317
855
497
2734
2669
2604
248
560
761
911
580
0
817
0
611
185
53
0
0
0
12
0
0
0
0
0
2
0
0
0
0
0
0
11
0
0
0
0
0
0
0
0
0
0
0
0
2
0
0
0
0
0
0
5
0
0
0
0
0
0
0
0
0
0
0
0
2
0
0
0
0
0
0
0
0
0
0
0
0
4
0
0
0
0
0
0
8
59
19
0
0
0
249
0
0
0
0
19
342
6
62
236
0
0
0
3
0
0
0
0
0
0
10
0
0
0
0
0
0
0
0
0
0
0
0
3
0
0
0
0
0
0
9
0
0
0
0
0
0
0
0
0
0
0
0
4
0
0
0
0
0
0
0
0
0
0
0
0
2
0
0
0
0
0
0
2
0
0
0
0
0
0
0
0
0
0
0
0
8
0
0
0
0
0
0
0
0
0
0
0
0
0
0
0
0
0
0
0
4
0
0
0
0
0
0
0
0
0
0
0
0
5
0
0
0
0
0
0
0
0
0
0
0
0
3
0
0
0
0
0
0
5
0
0
0
0
0
0
0
0
0
0
0
0
1
0
0
0
0
0
0
0
0
0
0
0
0
1
0
0
0
0
0
0
10
0
0
0
0
0
0
0
0
0
0
27
0
4
0
0
0
0
0
0
0
0
0
0
0
0
0
0
0
0
0
0
0
5
0
0
0
0
0
2
0
0
0
0
0
0
2
0
0
0
0
0
0
0
0
0
0
0
0
3
0
0
0
0
0
0
6
0
0
0
0
0
0
0
0
0
0
0
0
7
0
0
0
0
0
0
0
0
0
0
0
0
3
0
0
0
0
0
0
4
0
0
0
0
0
0
0
0
0
0
0
0
1
0
0
0
0
0
0
0
0
0
0
0
0
0
0
0
0
0
0
0
2
0
0
0
0
0
4
0
0
0
0
0
0
1
0
0
0
0
0
0
0
0
0
0
0
0
4
0
0
0
0
0
0
4
0
0
0
0
0
0
0
0
0
0
0
0
3
0
0
0
0
0
0
0
0
0
0
0
0
0
0
0
0
0
0
0
4
0
0
0
0
0
4
0
0
0
0
0
0
5
0
0
0
0
0
0
0
0
0
0
0
0
3
0
0
0
0
0
0
4
0
0
0
0
0
0
0
0
0
0
0
0
6
0
0
0
0
0
2
0
0
0
0
0
0
4
0
0
0
0
0
0
4
0
0
0
0
0
1
0
0
0
0
0
0
8
0
0
0
0
0
0
0
0
0
0
0
0
3
0
0
0
0
0
0
2
0
0
0
0
0
1
0
0
0
0
0
0
7
0
0
0
0
0
3
0
0
0
0
0
0
5
0
0
0
0
0
0
5
0
0
0
0
0
0
0
0
0
0
0
0
2
0
0
0
0
0
0
0
0
0
0
0
0
3
0
0
0
0
0
0
6
0
0
0
0
0
0
0
0
0
0
0
0
1
0
0
0
0
0
0
0
0
0
0
0
0
3
0
0
0
0
0
0
2
0
0
0
0
0
0
0
0
0
0
0
0
3
0
0
0
0
0
0
0
0
0
0
0
0
6
0
0
0
0
0
0
7
0
0
0
0
0
0
0
0
0
0
0
0
2
0
0
0
0
0
0
0
0
0
0
0
0
4
0
0
0
0
0
0
12
0
0
0
0
0
2
0
0
0
0
0
0
5
0
0
0
0
0
1
0
0
0
0
0
0
3
0
0
0
0
0
0
2
0
0
0
0
0
2
0
0
0
0
0
0
4
0
0
0
0
0
0
0
0
0
0
0
0
3
0
0
0
0
0
0
7
0
0
0
0
0
0
0
0
0
0
0
0
1
0
0
0
0
0
1
0
0
0
0
0
0
0
0
0
0
0
0
0
5
0
0
0
0
0
1
0
0
0
0
0
0
3
0
0
0
0
0
0
0
0
0
0
0
0
3
0
0
0
0
0
0
6
0
0
0
0
0
3
0
0
0
0
0
0
6
0
0
0
0
0
2
0
0
0
0
0
0
0
0
0
0
0
0
0
6
0
0
0
0
0
0
0
0
0
0
0
0
6
0
0
0
0
0
0
0
0
0
0
0
0
3
0
0
0
0
0
0
4
0
0
0
0
0
1
0
0
0
0
0
0
4
0
0
0
0
0
0
0
0
0
0
0
0
5
0
0
0
0
0
0
11
0
0
0
0
0
0
0
0
0
0
0
0
5
0
0
0
0
0
0
0
0
0
0
0
0
0
0
0
0
0
0
0
6
0
0
0
0
0
0
0
0
0
0
0
0
1
0
0
0
0
0
0
0
0
0
0
0
0
1
0
0
247
0
0
0
4
49
0
0
0
182
0
291
341
202
944
226
567
577
0
1293
1228
0
1596
1531
2
839
0
388
177
297
110
69
128
396
0
58
0
5
0
0
0
0
0
0
0
0
0
0
0
0
4
0
0
0
0
0
0
5
0
0
0
0
0
1
0
0
0
0
0
0
4
0
0
0
0
0
0
0
0
0
0
0
0
0
0
0
0
0
0
0
4
0
0
0
0
0
851
1851
2851
3851
4851
5785
6785
7785
8785
8861
7617
8551
9551
10551
11551
12551
12165
13165
14165
15165
16165
16505
15987
16987
17987
18987
19459
20195
20337
21337
22337
23205
24073
24479
24885
25885
26885
27291
27697
28697
29697
30697
31697
32697
33697
34697
12597
14567
15028
