0
53000
0
0
0
1000
1004
683
272
1042
0
799
0
201
0
0
910
94
996
0
0
0
999
0
0
0
0
915
91
0
0
0
1998
0
0
996
1003
0
0
50
949
0
0
2000
0
322
677
0
0
0
0
1000
0
0
0
0
0
1003
0
0
0
140
1
864
0
0
992
0
0
0
1003
0
0
906
0
95
0
619
1002
0
2592
406
1000
1003
635
364
1000
1000
1002
0
858
999
1000
1001
1003
531
544
458
743
258
174
587
938
1001
1002
0
998
1000
2999
0
1000
1002
1000
0
476
126
379
190
813
1
1000
1000
903
998
2999
0
1000
1003
0
1001
1001
528
586
309
1000
1002
0
999
1000
1000
1001
321
995
1003
998
999
1000
2001
1787
212
0
100
901
212
790
1999
999
1000
1000
1001
293
849
1150
1000
1003
0
999
894
1003
0
1003
1995
999
1000
1003
0
2000
2000
0
414
588
318
34
1177
996
577
424
1002
0
1004
592
408
1000
3000
1000
0
0
1000
1004
0
998
1001
999
1002
998
822
1004
0
999
999
1001
998
1999
999
206
652
1000
1002
1105
3000
0
0
119
621
2395
0
2001
0
0
1004
0
997
1000
187
998
1656
1000
1000
172
829
1
554
775
999
924
998
1001
999
1001
999
1000
1003
1000
720
997
1000
1000
1001
0
1000
1003
874
1002
0
1001
999
1000
3000
1000
508
1
491
3000
1000
0
0
306
403
787
996
1003
125
3000
1000
0
0
549
453
592
4245
749
0
0
240
783
823
1000
1002
998
1003
638
4994
1000
1001
999
0
0
3000
609
391
0
159
325
519
998
1002
754
998
1001
561
678
998
1003
1000
999
474
1003
0
1000
1998
999
4000
1000
1000
0
1000
1002
0
998
0
1001
0
1002
1000
999
1002
54
992
106
995
127
1002
0
1001
0
1001
1000
1000
79
1005
0
1001
1002
1001
998
999
1001
749
166
1009
0
1002
1000
998
1001
998
998
999
1000
999
1000
999
999
1002
999
999
236
1003
0
1000
756
634
378
989
1006
1002
999
998
1001
1000
1002
998
1000
1000
1000
1003
999
1003
999
999
1000
1002
999
999
999
1001
1001
1001
998
1003
996
1001
997
1003
998
1001
997
1003
998
1001
999
1001
999
1001
1000
1000
999
1001
999
1001
1000
1000
998
1002
999
1002
999
1001
1000
1000
999
1000
1000
1001
55
991
1009
0
999
1001
1000
1000
1036
992
972
641
1075
0
964
999
1002
969
1029
1038
962
1000
1001
1073
897
1013
1017
1004
996
999
1005
1001
1030
963
1001
1002
997
1005
1034
1036
1357
1881
0
957
957
778
1000
1459
969
1601
0
926
1041
1000
969
1028
1004
997
972
1033
997
970
1031
999
971
1105
924
1002
969
999
999
1000
1002
999
999
1000
1002
997
1001
1000
1002
997
1001
1000
1002
997
1000
1139
0
1000
1007
1000
1002
997
1002
1000
1001
999
998
947
987
1007
998
1003
1000
1000
997
1002
1000
1000
998
1002
1000
1001
997
1002
1000
1000
998
1002
1000
1000
999
1001
1000
1000
998
1001
1001
1000
998
1000
1002
1002
996
1001
1000
1000
998
1001
1002
999
998
1001
1001
1000
998
1001
1002
999
998
1001
1002
999
998
1003
1000
999
998
1001
1001
1000
998
1001
1002
999
998
1001
1002
999
998
1001
1000
1001
998
1001
1002
999
998
1003
1000
999
998
1001
1045
956
998
1002
1000
1000
998
1002
1001
999
998
1001
1002
999
998
1002
1001
999
1000
999
1002
999
999
1000
1002
999
999
1000
1003
998
1000
1000
1001
1001
998
1000
1001
999
1000
1000
1001
999
1000
1001
1001
998
999
1002
999
999
1000
1002
999
999
1000
1002
999
999
36
988
1003
115
990
1006
1000
1000
1000
1001
1000
999
1001
999
1001
999
1001
999
1001
999
1001
999
1001
999
1001
999
1001
999
1001
999
1001
999
1001
999
1001
999
1001
999
1001
999
1001
999
1001
999
1001
999
1231
770
401
1422
882
883
1850
0
1132
0
517
1045
1278
1677
0
995
1007
1001
999
1000
1000
1303
694
997
1321
1185
1059
1009
92
1001
997
1046
1462
1347
1000
1007
0
1147
851
1002
1001
1044
150
1775
0
1308
222
992
1006
1002
998
1561
711
592
866
1006
0
1001
1000
1000
999
1001
1000
1000
998
1001
1000
1001
999
999
1000
73
236
258
50
1007
0
997
1000
1002
1001
998
1000
1001
1000
998
1000
1002
1000
998
1000
1003
999
998
1000
1002
168
1005
0
1002
999
1000
1000
1001
999
999
999
1001
86
992
1004
1000
1000
1001
998
1001
999
1001
1000
117
75
1004
0
1001
1000
999
1000
1000
1000
1001
1000
999
1000
1000
1001
999
83
1004
0
1000
1002
68
994
1004
0
1001
999
1000
1000
1000
1049
1000
1004
0
1000
1000
1001
1001
998
1000
1001
999
999
1001
1001
1001
1000
998
1001
999
1002
999
189
993
1002
1000
1002
1043
0
1005
0
1000
1047
0
1005
0
1000
1000
1175
114
1004
0
1001
1000
1000
1000
1000
1000
999
1002
999
1000
1000
1000
1000
1000
999
1001
1000
1000
999
1001
1001
999
999
759
364
825
1325
0
1005
0
1000
1000
1000
1000
1001
1000
1000
999
1001
999
1000
1000
1000
1002
999
1001
1000
999
999
1000
6
67
6
1003
0
1003
1001
998
1000
1001
999
1000
1001
206
992
999
1004
1000
999
1001
1301
0
1005
0
1000
1001
999
1001
999
1000
1000
715
42
1006
0
998
1002
1000
998
1002
1001
999
998
1003
999
999
1002
997
1001
1001
998
1000
1001
1002
998
1000
1003
997
1221
0
1006
0
1000
999
1001
1001
1000
1096
0
1005
0
1001
1003
999
999
999
1003
1000
998
1000
1000
1001
999
1001
1002
21
1000
995
1007
998
1000
1035
1008
0
999
1002
1001
1000
997
1003
1001
998
12
1001
1002
998
999
1002
774
1008
0
1003
999
998
1000
1002
999
999
1000
1002
1000
999
1000
1001
1000
1000
999
1000
1002
903
1033
82
1009
0
1001
1000
1002
1000
999
1000
1248
0
1019
1011
0
1000
999
1000
1002
65
986
1011
0
999
1000
1001
1000
999
1000
1002
999
998
843
1172
0
1010
0
1003
997
999
1321
0
107
1037
1009
0
999
1000
1002
1001
998
998
1113
1211
0
1009
0
995
1005
999
1001
1001
1030
1009
0
1001
997
1001
1178
1000
1008
0
1002
1001
998
44
739
1266
0
1009
0
1002
998
998
1003
1001
997
1000
1000
1001
999
1000
1000
1126
0
1009
0
1001
999
998
1004
1274
0
1009
0
1130
0
1009
0
1000
52
1009
0
1002
997
999
1001
1096
0
1008
0
1001
1001
1001
998
1002
1000
999
999
1000
1004
997
999
1000
1002
999
998
1002
1001
999
998
1002
1001
999
999
1000
1002
999
999
847
1160
0
1010
0
1002
998
998
1003
1000
999
1000
1000
1003
998
998
1002
1001
999
998
1003
1000
998
998
1004
1000
998
999
1001
1002
998
998
136
983
996
1005
1004
998
258
125
253
1000
999
1006
1002
998
999
999
1008
0
997
1002
1000
1118
0
1006
0
47
883
1115
1029
1003
0
1002
1002
998
1000
1001
1000
698
992
1004
225
1004
0
692
990
1005
998
1002
998
1000
1003
997
405
821
1061
0
1006
0
530
991
1005
1001
1000
1000
998
1001
737
1141
0
1005
0
1001
1000
999
1001
999
1000
1001
1098
0
294
717
735
1005
0
1000
184
993
998
1005
1000
25
1003
0
1003
999
1001
23
181
1002
998
1004
1001
999
1000
1000
1001
1000
1000
1000
999
1001
1001
1000
1134
0
45
70
784
1219
0
1007
0
77
993
999
1003
57
130
380
610
1090
0
69
881
982
805
1239
1071
178
1226
1000
88
709
1003
986
770
921
720
1000
1001
1001
1000
1107
1024
1004
0
1002
999
1000
938
856
1151
242
1248
822
1206
0
823
188
378
472
628
116
46
1119
0
1006
0
1000
1002
997
1000
1001
1155
0
1006
0
1002
1108
0
750
261
992
998
1004
1001
1073
777
284
969
107
998
1002
174
993
999
1001
1005
240
26
1005
0
1000
1001
997
1003
880
1168
0
1004
0
75
994
997
1003
1000
58
1083
0
1003
0
1025
1002
0
1002
1001
1014
951
57
1063
156
1158
0
1005
0
1190
0
955
15
767
213
177
78
855
1002
1002
1000
999
1000
1004
996
1000
1000
1002
998
1000
999
1003
998
1000
1000
1001
999
1000
999
1004
997
1000
999
1002
1000
999
999
1003
999
998
1001
1002
997
1000
1002
1000
999
999
1082
0
999
4
1002
999
1000
1000
1000
1002
999
24
1002
0
1001
1003
999
1000
1000
999
1002
999
998
1001
1002
999
998
1001
1000
1000
24
1019
1002
0
1002
1000
1154
0
1003
0
1001
1001
998
1002
999
999
1000
1000
1003
998
1000
999
1000
146
898
107
119
999
1003
0
52
1107
0
1005
0
997
1000
1000
180
996
1002
0
1001
1001
1000
998
1001
999
1000
1000
1001
1016
1002
0
1001
1001
998
1000
1001
999
1000
1055
0
1002
0
1000
1157
774
143
999
1001
1000
1000
1000
1001
999
1002
998
1001
999
1000
1000
1001
999
1000
1000
1001
999
1000
182
1003
0
999
1001
1000
1000
1001
998
1001
1001
998
1000
1001
16
1001
0
1002
1001
998
1000
1001
1000
999
1000
1001
1002
999
998
1001
1002
997
1000
1002
999
999
1000
1001
1000
999
1000
1002
1000
990
102
824
1070
0
1004
0
1000
998
1000
67
1001
0
78
1003
0
999
1001
1001
52
933
120
106
998
1001
1000
1003
999
1000
1021
1003
0
1000
1001
999
96
994
1003
0
1002
20
1273
0
1002
0
1047
61
1001
0
1002
1001
1113
0
834
173
1162
927
75
195
159
231
254
1004
0
27
1001
0
1003
1121
0
1004
0
998
1000
1001
1002
998
999
1001
1002
997
1023
1004
0
123
996
1001
144
1000
1002
0
1001
998
1000
1001
1001
998
1000
1000
1004
88
22
1001
1000
792
1208
999
1000
1000
1000
1001
999
1002
998
1001
999
1000
1000
1001
999
1000
1000
1001
999
1000
1000
1001
1001
998
1000
1001
999
1000
1000
1001
999
1000
1000
1001
999
1000
1000
1003
997
1000
1000
1001
999
1000
1000
1001
999
1000
1000
1001
999
1000
1000
1001
999
1000
1000
1001
999
1000
1000
1003
997
1001
999
1001
730
993
1122
1123
1031
991
1009
993
1007
1000
1000
1001
999
1000
1000
1001
999
1000
1000
1001
999
1000
978
1022
1000
1000
1000
959
1041
1000
734
1266
1000
1000
1000
1001
1001
999
1000
999
1000
1000
1000
1001
999
902
1099
999
1000
1000
979
1021
1000
870
1131
999
1000
1000
1000
1001
999
1000
994
1006
719
1281
1000
916
1084
1000
1000
1001
1001
993
1005
1001
999
919
1082
952
1047
1000
1000
1001
999
886
1068
1046
1000
1000
1000
1001
999
1000
1000
1001
999
1000
1000
975
960
1065
1000
1001
0
3
3
3
2
1
1
3
5
2
1
0
0
0
1
0
0
2
0
2
0
2
1
0
2
0
6
4
3
5
5
5
2
3
5
3
5
4
10
6
3
0
0
4
1
2
0
5
2
2
2
5
4
5
8
4
3
7
6
1
4
7
3
1
1
2
0
4
2
2
3
3
1
2
4
5
7
5
5
2
3
2
8
3
1
0
1
0
2
2
6
2
6
4
1
5
4
2
6
3
5
5
3
3
0
2
1
2
1
3
2
7
4
5
4
2
4
1
2
4
0
6
4
7
5
6
1
3
3
1
1
2
4
5
2
5
2
5
5
6
3
5
5
5
3
4
3
2
2
2
2
1
4
7
8
3
4
7
2
5
4
3
1
6
5
5
5
7
4
0
2
3
0
5
5
5
4
5
6
3
4
3
3
4
5
5
3
4
9
1
2
3
2
1
3
4
1
4
5
8
3
3
4
5
7
5
5
5
5
5
3
0
0
3
6
0
6
3
6
4
3
4
2
4
3
5
3
4
8
3
3
4
2
1
2
3
4
5
6
3
8
2
6
7
7
5
5
8
3
3
6
2
2
4
1
2
2
0
4
5
5
6
4
4
6
5
5
4
8
5
6
6
4
4
2
2
3
3
4
4
3
3
4
6
6
5
6
6
6
6
5
5
5
7
3
3
3
2
5
4
4
8
7
2
4
6
5
4
7
4
7
7
3
5
5
4
7
4
4
4
6
6
7
4
6
6
6
4
7
4
3
5
3
6
5
4
5
2
2
3
0
6
3
4
4
3
6
5
6
4
2
2
4
4
2
3
4
2
4
3
1
5
2
4
4
7
2
4
5
2
2
3
4
6
3
5
6
2
2
4
3
3
0
2
2
3
4
3
4
6
4
0
5
7
3
5
1
2
5
4
4
3
3
2
0
5
7
0
3
4
6
6
4
5
2
6
3
6
5
8
107
494
246
624
237
85
3
4
6
5
3
3
5
3
3
3
3
3
3
3
3
0
1
0
2
4
3
3
4
1
3
4
3
2
3
5
4
4
4
3
3
4
0
3
2
3
0
4
4
1
2
6
4
5
5
4
4
4
4
4
2
192
171
0
3
30
584
161
90
2
266
549
3
542
8
3
4
5
7
256
135
421
269
396
4
1
0
3
2
3
4
5
2
7
5
4
6
6
5
4
3
5
1
4
3
5
2
1
2
2
3
5
3
3
7
4
3
6
4
3
4
4
3
6
2
2
2
4
3
2
3
5
2
8
6
2
5
4
7
8
1
3
6
6
222
631
390
856
560
296
630
459
0
1636
1587
3
0
2196
2147
2098
1
1387
1338
1
1299
1250
0
1581
1532
73
1400
1351
95
0
4
1
1
3
2
4
0
6
1
1
0
5
2
2
0
4
5
2
3
2
5
3
2
1
6
3
2
5
3
4
2
3
4
4
166
270
542
333
147
0
0
0
4
0
1
3
1
2
4
4
2
2
1
0
2
3
4
2
1
2
2
2
2
1
1
2
0
3
2
4
4
1
1
4
0
2
0
2
2
2
1
2
1
1
1
1
0
4
1
3
2
6
3
2
0
2
2
2
1
1
3
0
749
1748
2748
3748
4748
5748
6748
528
1345
1296
898
1698
2548
3048
4050
5048
6048
6998
7848
8598
9598
10598
11598
12598
7450
8864
9448
1600
1551
0
