0
55000
1
999
0
0
1001
0
0
355
0
1
340
139
1
169
994
0
0
0
0
0
1002
0
0
1002
0
1
134
865
0
0
0
997
0
0
169
705
1
0
1
1058
66
0
999
1001
0
0
2466
0
269
0
1
183
1041
0
0
1039
1002
0
0
0
998
0
0
0
1003
0
0
0
1001
0
0
0
0
0
0
1001
1000
1002
327
1995
999
1000
1005
0
998
998
1000
369
1003
0
1001
772
443
998
1001
1002
996
1003
1544
0
1001
999
1001
0
1002
1002
998
999
1004
996
999
2003
997
1001
1000
0
0
619
314
542
1458
1000
1002
1
2001
0
0
1003
0
999
1000
1003
1000
996
1001
999
1004
997
1002
1000
1000
478
739
1003
300
698
1000
270
1515
999
1001
0
678
691
1309
2781
219
1805
0
195
1001
0
1000
1000
510
491
1000
1001
424
125
1000
1000
1999
1000
1003
998
0
747
1001
0
1004
0
1000
1003
997
996
1000
1001
0
1000
1001
999
586
1004
996
634
1214
1000
1590
1412
0
0
1
1001
488
430
1000
1525
1475
0
1000
1004
0
997
1000
2002
998
1000
1
999
1001
0
1001
1000
1
510
494
997
5
1000
1000
1002
472
1175
1000
2000
0
669
333
3998
0
0
1
1002
0
1004
998
1324
0
3000
0
0
621
1380
999
1000
1000
191
687
997
1734
266
1001
0
1003
1197
606
1039
0
1000
1002
226
1000
1000
1000
717
286
287
2840
1156
999
0
1001
0
949
1004
0
1002
0
1136
0
2000
1000
0
1002
0
872
1005
0
997
1000
1002
1222
0
1001
1
999
1002
0
1001
0
3999
0
0
1000
251
754
996
421
994
1000
1000
1000
1004
998
1997
1000
1001
0
1000
616
2450
1000
0
1000
1
430
904
2000
0
692
160
1004
997
1999
0
1000
1003
0
433
840
221
43
1001
0
1002
1001
1004
1000
1000
135
190
332
141
1008
0
1000
1001
998
1001
997
1000
1000
167
1290
0
1007
0
999
1091
0
1010
0
1001
1001
1000
998
997
1001
1000
1000
1000
1001
999
999
999
1000
1001
999
998
1001
1000
1000
999
1002
999
1000
1001
999
1000
1000
999
1001
1001
999
999
1003
998
1000
999
15
1001
999
999
1001
1000
999
557
250
915
1000
1002
0
573
825
996
1005
1001
1002
996
1001
1001
1000
998
1001
1000
1003
999
1002
1000
1001
998
17
999
1002
1000
1029
971
1028
972
1002
998
1035
964
1065
961
1000
972
1003
998
1003
996
1032
996
1004
996
1001
1004
1001
995
1007
966
1027
972
1033
967
1002
998
1003
998
1000
999
1003
998
1000
999
1000
998
999
1001
1001
997
1000
1000
1001
999
999
1002
999
1000
1001
1000
999
1000
1001
999
999
1000
1000
1001
999
1000
1001
1001
999
999
1000
1001
999
1000
1000
1001
999
1000
1000
1000
1000
1001
999
1000
999
1001
1001
999
999
1002
1000
57
993
1006
0
999
1001
999
1001
999
1000
1001
1001
1000
999
1002
1001
998
1000
1000
1000
1000
1002
1000
999
1000
998
1000
1002
999
999
1000
1001
999
1001
999
1002
1000
1001
997
1002
998
1000
998
1004
998
1001
997
1003
998
1001
998
1003
998
1001
998
1005
996
1001
999
1002
998
1001
998
1003
998
1001
998
1003
998
1001
998
1004
997
1001
998
1004
997
1001
998
1003
998
1001
998
1003
998
1001
998
1004
997
1001
998
1003
998
1001
180
1005
0
1003
999
1000
997
1001
999
1001
1001
1000
999
1002
1000
1000
999
999
1000
1001
1001
998
1000
1004
998
999
1006
998
998
999
1001
1000
1000
999
1002
1000
796
1284
0
1011
0
998
1002
998
1000
999
1001
999
1001
998
1000
998
1001
999
1001
1001
1001
997
1002
998
1001
1000
1002
997
1001
999
1001
999
1001
999
1001
1000
1000
1000
999
1001
1000
1000
1000
1001
999
1000
999
1001
1000
1002
1000
1000
999
1000
999
1001
1001
1000
1000
1000
999
1000
999
1001
1000
1001
999
1001
999
1000
1000
1002
1000
1000
1000
999
1001
1001
997
1000
1000
1001
999
1000
1000
1001
999
1001
1000
1000
999
1000
1000
1001
999
1000
1000
1001
999
1000
1000
1001
999
1030
970
1001
999
1034
966
1031
1047
990
1069
1032
1426
1459
0
589
159
454
544
602
1212
1102
1329
1166
0
1004
0
999
1001
1000
999
1000
1001
1004
995
1006
996
1000
1001
1001
999
1000
1002
999
999
1001
1000
1003
997
999
999
1002
999
1001
1000
999
1000
1000
1000
999
1001
1001
998
1001
1001
1000
1003
997
1000
1001
999
1000
1001
999
1000
1001
1000
719
1009
0
999
1000
1001
999
1000
1001
999
1000
1001
998
1000
1001
1000
998
1001
1002
1000
1208
0
1009
0
1000
188
1008
0
44
977
97
1006
0
1001
1002
1002
112
1008
0
1002
999
1000
999
1002
996
1004
998
1002
848
1199
0
935
80
910
1036
1004
0
1004
1001
1000
997
1002
1000
1027
1007
0
1000
1002
997
1002
1000
1000
998
1003
1000
999
998
1002
1155
0
1007
0
1003
999
999
999
1001
1000
1001
999
1002
999
999
1003
999
998
1000
1000
1001
1000
1000
999
1001
999
1000
1000
882
1183
0
1008
0
1001
1000
999
1000
1000
999
1003
998
1002
997
1001
1000
999
183
988
996
1005
1003
999
998
1000
1001
999
1000
1000
1001
1000
999
1002
999
999
1000
1001
1000
999
1000
1001
1000
999
1000
1000
1001
1001
998
1000
1001
999
1000
1000
1001
999
1000
1005
995
1001
1002
998
999
1002
1001
997
1000
1003
999
998
1001
999
1003
1000
1161
0
714
1294
0
1010
0
1000
1001
998
1001
1000
1000
998
1003
1159
0
1011
0
1000
1000
1000
999
1001
1000
998
1001
1001
999
1002
999
1001
997
1002
1033
0
997
1003
999
1001
998
1003
999
1000
998
1005
997
1002
996
1003
999
1001
996
1004
999
1001
997
1002
1000
1000
997
1003
999
1001
998
1002
999
1002
998
1001
999
1001
999
1000
1000
1000
1000
1000
1000
1000
1000
1000
1000
1001
1093
0
1010
0
1001
1000
999
1000
1000
1000
1000
1001
999
1000
1000
1002
998
1000
1000
1000
1000
1000
1000
1000
1000
999
1001
1000
999
1014
0
1003
997
1000
999
1002
997
1002
999
1000
999
1002
998
1000
1001
1000
999
1000
1000
1000
1000
1001
999
1001
999
1001
1000
999
1002
997
1002
999
1001
36
1004
0
1005
1000
1001
998
1001
1000
1000
999
1000
1002
999
998
1003
999
1000
1000
1000
1000
1000
1001
1001
998
1000
1000
999
1001
1001
998
1001
1000
1000
1000
999
1001
999
1001
1000
1000
999
1001
999
1001
998
1004
1000
1000
1000
998
999
1002
998
1000
999
1002
999
1000
999
1003
997
1002
1000
1000
998
1001
999
1002
998
1001
999
1002
998
1001
1001
1000
999
751
1536
18
1006
0
1001
1002
999
1000
1000
1002
998
999
1000
1003
997
1002
1001
999
998
1001
1000
1001
1000
1000
998
1002
998
1003
119
987
997
1008
999
1139
0
1009
0
1001
999
1003
997
998
1000
1001
1000
999
999
1003
1002
996
999
1000
1001
998
1001
999
1002
1000
999
999
1001
999
1000
1000
1001
1001
997
1000
1002
998
1001
999
1001
1001
998
1001
162
993
1004
0
1001
1000
999
1000
1003
999
998
1000
1001
999
1001
1000
1000
1001
999
999
1001
999
1000
189
993
1004
0
1001
1000
1001
1000
999
1001
999
999
1001
999
1000
999
1002
999
1003
996
1002
999
1003
996
1002
999
1001
998
1002
999
1001
999
1001
1002
999
997
1002
999
1002
997
1002
998
1004
996
1002
998
1001
999
1002
998
1001
999
1002
998
1003
997
1002
1000
999
999
1002
999
1000
999
1003
998
1000
999
1002
998
1001
999
1002
998
1001
999
1002
998
1001
999
1002
998
1001
1001
1002
996
1001
999
1003
997
1001
999
1002
999
1002
1001
998
999
1003
996
1003
983
44
1003
0
1001
1001
998
1002
1001
1166
0
1004
0
1003
998
1000
999
1001
1000
1000
1001
1000
997
1002
999
182
39
1000
1003
0
999
1001
1001
1244
0
1005
0
998
1000
1001
1000
1001
998
1001
1000
999
1000
1001
1002
997
1001
1000
1000
999
999
57
840
163
40
1003
0
1000
1001
1000
999
1000
999
1003
335
1001
1002
0
1000
1000
999
11
1000
999
1000
1001
1000
1000
999
1001
1000
1002
997
1001
1000
1000
999
1001
1000
1000
999
172
996
1000
1000
1001
1000
1001
998
1001
1000
1000
999
1001
1000
1000
999
1001
1000
1002
997
1001
1000
1000
999
17
857
1118
0
1003
0
999
1000
1103
0
1002
0
1000
1001
999
1000
1000
1001
999
1000
1000
1001
3
1000
959
45
1000
1002
0
1001
999
1000
1000
1001
999
1000
31
1000
1002
0
136
1014
1142
0
853
152
1013
1003
0
1000
1001
998
1000
1001
1000
999
1000
1001
999
1000
1001
118
1000
1003
0
1000
999
239
249
851
1044
1002
0
897
488
513
1264
760
242
1001
1002
0
999
1000
1001
1000
999
28
964
1152
952
49
959
717
775
227
106
65
999
1001
1001
0
1000
1000
1001
0
1000
1000
1001
0
1000
1000
1001
0
1000
1000
1001
0
871
130
746
782
924
819
1291
618
1000
1000
988
14
884
1116
999
1001
1000
1000
1001
0
1000
1000
1001
0
1000
1000
1001
0
1000
1000
1001
0
1000
1000
1001
0
1001
0
1001
0
1000
1000
1001
0
1000
1000
1001
0
1000
1000
1001
0
1000
1000
1001
0
1001
1000
1001
0
1000
1000
717
1190
954
819
613
657
871
1
999
1000
1001
1001
0
0
0
0
0
5
0
0
0
0
0
0
0
7
0
0
0
0
3
0
0
0
0
6
0
0
0
0
8
0
0
13
0
2
0
0
12
0
0
0
0
3
0
0
0
0
3
0
0
0
0
4
0
0
10
0
4
0
0
3
0
0
0
0
5
0
0
0
0
5
0
0
10
0
5
0
0
10
0
0
0
0
6
0
1
0
0
4
0
0
0
0
4
0
0
11
0
2
0
0
3
0
0
0
0
5
0
0
0
0
2
0
0
8
0
2
0
0
10
0
0
0
0
2
0
0
0
0
4
0
0
0
0
4
0
0
12
0
0
0
0
2
0
0
0
0
2
0
0
0
0
5
0
0
8
0
2
0
0
8
0
0
0
0
3
0
0
0
0
7
0
0
0
0
0
0
0
10
0
1
0
0
5
0
0
0
0
4
0
1
0
0
5
0
0
13
0
0
0
0
10
0
1
0
0
1
0
0
0
0
2
0
0
0
0
3
0
0
10
0
2
0
0
4
0
0
0
0
3
0
1
0
0
5
0
0
12
0
6
0
0
9
0
0
0
0
5
0
0
0
0
5
0
0
0
0
9
0
0
9
0
1
0
0
11
0
0
0
0
3
0
0
0
0
4
0
0
8
0
0
0
0
9
0
6
0
0
1
0
0
0
0
2
0
0
0
0
1
0
0
14
0
0
0
0
11
0
0
0
0
2
0
0
0
0
4
0
0
8
0
4
0
0
5
0
0
0
0
7
0
0
0
0
6
0
0
0
0
5
0
0
7
0
0
0
0
5
0
0
0
0
7
0
0
0
0
4
0
0
13
0
0
0
0
9
0
2
0
0
5
0
0
0
0
0
0
0
0
0
5
0
0
10
0
0
0
0
8
0
0
0
0
4
0
0
0
0
1
0
0
11
0
0
0
0
10
0
0
0
0
5
0
0
0
0
2
0
0
0
0
0
0
0
9
0
0
0
0
8
0
1
0
0
5
0
0
0
0
3
0
0
12
0
3
0
0
11
0
0
0
0
10
0
0
0
0
7
0
0
0
0
2
0
0
7
0
0
0
0
9
0
0
0
0
0
0
0
0
0
3
0
0
8
0
0
0
0
5
0
0
0
0
7
0
0
0
0
3
0
0
0
0
2
0
0
7
0
0
0
0
6
0
0
0
0
4
0
0
0
0
2
0
0
7
0
0
0
0
7
0
0
0
0
6
0
0
0
0
6
0
0
0
0
2
0
0
10
0
2
0
0
10
0
0
0
0
7
0
0
0
0
5
0
0
12
0
1
0
0
10
0
0
0
0
6
0
0
0
0
8
0
0
0
0
5
0
0
11
0
4
0
0
4
0
0
0
0
7
0
0
0
0
7
0
0
11
0
3
0
0
10
0
1
0
0
3
0
0
0
0
4
0
0
0
0
3
0
0
7
0
1
0
0
8
0
0
0
0
6
0
0
0
0
5
0
0
13
0
2
0
0
10
0
0
0
0
7
0
0
0
0
6
0
0
0
0
6
0
0
11
0
1
0
0
6
0
0
0
0
6
0
0
0
0
2
142
112
740
471
404
460
394
820
964
1590
2180
2565
3404
3089
3843
4474
5474
6474
7474
8474
3408
0
