3.74368
3.68
3.36
2.56
2.88
2.88
3.04
4.16
4.32
3.36
3.04
4.32
3.2
4.8
4.32
4.16
3.52
3.36
3.2
4
2.72
2.4
3.52
2.4
2.88
3.04
3.84
4
4
2.56
4.32
3.52
4.16
4
2.56
3.84
2.88
5.44
2.72
2.24
6.08
3.52
4
2.4
5.76
4.32
3.04
2.4
4.8
3.04
5.12
3.36
4.8
3.36
3.84
5.6
2.56
3.36
3.2
3.84
4.32
2.56
4.16
5.6
3.68
3.04
6.24
2.88
4
5.28
5.12
6.08
3.36
4
4.64
5.12
3.36
4.32
2.4
4.16
5.28
4.48
4.8
5.44
4.48
5.28
4.8
3.2
4.32
6.56
5.28
4.48
4.16
4.64
5.12
3.68
6.88
4
1.92
6.24
4
6.08
3.68
4
4.96
3.68
4.96
6.08
5.44
2.56
4
4.64
6.08
4.16
5.28
5.12
6.08
2.08
5.44
4.8
5.6
3.36
4.96
4.8
7.36
2.88
5.12
4.16
3.36
5.44
6.4
4.96
4.48
4.8
4.8
4.48
4.48
1.92
4.8
4.8
4.96
4.48
5.12
4.96
5.12
4.96
4.96
5.92
3.2
5.28
4.8
2.56
6.24
4.64
5.28
4.96
2.72
4.32
5.76
4
6.4
4.8
4.8
4.96
4.64
4.32
5.76
3.84
4.8
4.8
4.96
4.16
4.8
4.48
6.4
3.04
4.64
3.68
4.8
6.56
3.52
3.68
6.08
4.8
4.32
5.12
4.8
3.84
5.12
5.12
3.2
4
6.72
4
4.48
2.24
5.92
4.96
5.28
6.4
3.52
2.88
4.16
6.56
4.96
5.6
3.84
3.84
4.48
6.24
4.48
3.84
5.6
5.12
4.48
4.32
3.84
4.96
4.16
6.4
3.2
4.8
4.96
4.48
6.88
3.68
3.68
6.08
5.44
4.96
3.12
4.32
4.64
3.84
4.16
5.28
5.6
5.28
3.52
4.32
5.28
4.96
5.28
5.12
3.52
5.28
5.76
5.28
5.28
4.32
4.16
5.12
4.8
3.52
4.16
4
6.08
2.88
4.8
3.2
4.96
5.92
3.04
5.44
4.16
5.6
6.4
3.68
4.16
6.08
5.6
4.8
4
4.32
4.8
4.32
6.88
4
3.2
4.64
4.8
6.56
5.76
3.04
4.16
4.8
5.6
4.32
4.64
4.8
3.68
5.44
2.88
4.8
4.64
5.6
3.52
5.6
5.12
3.36
4.16
6.4
4.48
5.6
5.28
4.32
7.2
3.68
4.96
4.48
4.16
2.4
4.32
4.32
3.84
4.64
3.84
4.64
6.24
4.64
5.6
2.88
5.28
4.16
6.72
4.48
4.16
4.96
5.12
6.08
5.44
1.76
4.96
4.96
6.88
2.56
5.44
4.96
5.28
4.16
5.76
3.84
3.84
5.28
4.64
4.8
3.84
4.64
4.16
3.84
1.92
5.76
4.8
4.96
4
3.68
4.16
3.84
4.16
5.6
3.68
4
3.52
3.84
5.44
4
5.44
3.52
3.52
5.28
1.76
5.76
3.36
3.04
4.32
4.96
5.92
4.64
3.84
4.8
2.88
4.16
4.32
4.8
4.48
5.12
3.36
4.64
3.2
2.24
3.68
4.8
3.04
3.68
5.12
3.68
3.36
3.36
3.52
4.16
3.2
3.2
4.64
3.36
3.84
5.28
3.36
3.84
3.68
2.24
4.48
3.36
4.64
4.16
4.96
4.48
4.16
4.16
4
3.2
4.32
3.36
3.52
3.52
3.52
4
4.64
3.84
2.4
4.16
2.72
3.84
3.2
3.2
3.84
3.68
3.04
4.16
4
4.16
3.68
4.16
3.52
4.48
4
2.72
4
3.36
2.4
4.32
3.36
3.2
3.68
3.84
4.64
3.68
4
4.16
3.04
3.68
4.32
3.2
3.52
4.96
3.2
3.84
2.88
2.72
3.52
4.48
2.72
4.48
3.52
2.88
4.48
2.72
3.52
3.36
4.16
3.2
4.32
5.12
4.64
4.48
4.8
4.32
3.04
2.4
4.8
3.68
3.52
3.84
3.36
3.36
3.52
3.84
4.96
4.32
4.48
5.92
6.4
3.36
4.64
4
4.48
4.8
2.72
5.12
4.96
4.32
6.24
5.28
5.12
6.56
4.64
4.32
4.16
6.4
3.84
4.32
5.44
4.96
4
6.88
4.96
3.68
2.4
4.32
5.6
5.12
3.68
7.36
4.16
4.16
5.28
4.32
5.12
3.84
4.32
4.96
4.8
3.52
4.32
4.8
6.72
2.72
4
4.48
2.4
5.28
4.96
4.16
6.08
3.2
3.84
4.16
4.64
4.96
5.6
4
4
4.48
4.64
3.84
4.16
2.56
3.04
5.12
4.8
4.48
4.32
3.84
3.84
4.16
4.16
4.8
4
4.8
6.24
5.12
4.96
5.12
5.12
5.6
1.92
6.08
4.8
5.12
3.36
5.12
3.68
5.6
5.12
4.32
5.12
6.08
4.8
4.96
5.6
3.68
4.32
4.96
3.84
5.44
3.2
4.96
4.64
6.24
6.4
3.52
4.96
4.96
4.96
5.44
4.64
4.64
4.48
3.84
5.28
4.48
4.64
4
5.12
1.76
3.84
4.16
4.64
3.84
6.4
6.08
3.84
4.48
4.8
6.56
5.92
5.76
4.8
4.8
3.84
4.8
4.16
4.8
3.68
3.04
5.2
5.6
6.72
5.44
5.44
4.8
7.04
4.48
5.44
5.28
4.8
4.96
7.04
5.44
6.88
2.72
5.44
6.56
5.12
5.92
6.4
4.8
5.44
4.64
4.96
5.92
5.76
6.56
5.76
4.8
5.92
6.08
5.12
7.04
7.2
4.64
6.72
6.88
5.92
5.44
5.6
4.96
6.56
7.68
5.76
4.8
5.92
4.8
5.76
6.88
5.12
5.6
6.56
4.96
3.36
5.6
5.44
5.44
6.72
5.12
6.56
6.88
5.76
6.72
6.88
4.32
6.4
6.4
5.28
6.24
6.56
6.4
5.44
5.44
4.16
4.96
4.96
5.44
6.88
6.4
5.28
5.28
6.88
4.32
4.16
5.92
4.48
5.44
4.8
5.76
5.6
5.28
4.16
4.16
6.08
4.8
6.4
6.56
5.6
4.64
6.56
6.08
5.92
5.44
5.76
7.36
5.6
6.56
6.72
5.12
5.12
4.8
6.08
3.36
5.76
5.76
5.12
5.44
5.92
4.64
5.76
5.92
5.12
6.24
5.12
6.08
5.76
5.12
5.76
5.76
5.28
5.44
3.68
5.44
4.96
5.12
4.48
6.08
5.92
4.8
4.8
4.8
5.44
5.12
5.44
4
5.28
4.8
4.64
5.92
5.28
4
3.2
6.24
7.2
5.12
3.68
6.88
6.08
5.76
3.36
6.08
5.12
4.48
4.64
5.92
4.96
4.8
6.4
4.48
6.56
2.88
6.72
4.96
3.84
4.32
5.28
4.96
4.32
6.24
4.16
5.12
4.48
4.48
4.32
5.92
4.96
5.12
4.48
6.56
4.16
3.04
4.32
5.28
4.8
5.28
4.96
5.28
4.64
4.32
4
3.68
5.6
4.64
4.96
3.84
4.32
4.48
5.12
4.64
2.72
4
4.48
4.48
3.36
4.32
5.12
4.64
4.48
5.28
5.12
5.12
4.16
4.96
4.8
4.64
4.64
4
5.12
4.48
2.88
5.92
3.84
4.8
4.96
4.96
4.96
4.16
4
4.8
4
4.48
4.8
4.32
4.8
5.6
4.96
3.84
3.04
3.68
4.16
4
5.28
4.64
5.04
4.48
4.64
4.32
4.32
5.6
4.8
4.32
4.32
4
4.16
4.48
4.96
2.24
3.84
4.64
4.48
3.04
4.48
5.76
5.6
3.68
4.32
4.96
4.8
4.64
4.32
4
6.08
4.16
3.68
2.72
4.48
4.32
4.48
3.68
4.8
4.8
4.32
4.16
3.84
3.52
4.16
4
4
4.32
4.64
4.32
4.8
3.84
2.56
4
5.28
4.16
2.72
5.28
3.52
4.32
3.84
4.48
4.48
5.44
4.32
4.64
4
3.52
4.32
4.8
4.96
2.4
5.12
4.8
4.32
4
4.48
4
4.16
3.84
3.84
4.16
3.04
4.8
4.64
4.64
4.48
4.64
4.16
4.32
3.04
4.16
4
4
3.84
4.16
4.48
3.68
4.32
3.36
5.28
3.68
3.52
4.16
3.2
3.68
3.84
4.96
3.84
3.2
3.68
3.84
3.68
3.84
3.84
4.16
3.92
4.64
4.32
4.16
4.32
4.32
4.32
2.88
4.32
4.32
5.12
3.68
2.96
4.8
3.68
3.68
4
3.68
4.16
3.84
4.8
3.84
4.16
4
4.48
3.84
4
4.8
3.84
1.92
3.52
3.84
3.2
5.92
4.48
5.44
4
3.68
4.16
4.48
4.16
4.8
3.52
3.52
5.28
3.84
4.48
4
1.28
3.68
4.96
5.12
4.64
4.32
4.64
5.6
4.56
3.68
4.16
6.72
5.6
4.8
3.2
4.48
3.68
3.68
3.36
4.16
5.28
3.68
3.84
4.21333
5.44
4
4.8
4.96
3.04
3.84
4.32
4.48
5.6
4.8
4.96
4.32
2.4
3.84
4.64
3.2
4.96
4.32
4.16
5.76
3.52
5.28
4.64
5.28
5.28
3.84
7.36
5.92
4.64
5.44
4.16
3.52
4.56
4.32
5.6
3.52
4.48
4.8
5.6
4.16
4.8
5.44
3.52
5.44
4.64
3.84
4.8
5.12
3.6
4.32
4.16
5.28
6.08
4.32
5.28
2.88
4.8
4.8
6.72
4.48
4.48
4.48
4.16
6.24
5.92
4.32
3.68
3.36
4.8
6.4
4.32
6.08
5.92
6.08
5.6
5.2
4.64
3.68
5.28
2.88
5.44
6.08
5.76
4.96
3.2
5.28
2.24
5.12
5.28
3.84
5.6
3.84
4.32
5.44
4.64
4.8
6.4
5.28
5.28
6.56
6.56
4.16
5.28
5.44
3.52
5.92
4
4.48
5.28
4.48
4.64
5.28
4.64
7.36
7.2
6.4
4.16
5.28
5.92
6.56
5.28
5.12
3.04
7.2
6.72
5.76
6.24
6.72
5.92
4.64
5.44
5.92
4.8
5.76
7.2
7.52
6.4
6.56
6.4
6.88
2.88
6.08
6.4
6.4
6.56
7.04
6.56
7.52
6.24
6.72
5.44
5.76
5.92
6.88
5.12
5.44
6.4
5.44
6.4
5.6
4.32
5.12
6.4
6.72
7.52
5.92
6.4
7.36
6.72
7.04
5.92
8.16
6.4
6.56
6.24
6.72
7.2
6.24
6.08
4
7.52
8.48
8.16
7.04
7.36
6.56
8
7.52
9.28
7.84
8.48
8.32
6.08
8.8
5.92
6.72
7.36
7.04
7.36
4.48
8
8.48
8.64
8.48
8.48
6.56
7.68
8.48
6.56
7.68
7.68
9.28
8.64
6.08
7.52
7.36
8.32
7.36
3.36
7.36
8.64
8
7.68
9.12
8.32
8.64
8.8
7.52
8.32
9.28
8.8
7.52
8
7.68
8
7.2
8.48
6.72
4.96
7.52
7.68
8.64
7.68
8.8
8.8
7.2
6.24
8.64
7.52
8.16
7.36
8.32
7.52
7.84
9.28
8.48
8.32
4.48
8.64
8.48
7.52
8.8
8.32
7.84
8.96
8
7.04
6.08
8.32
7.04
7.68
5.76
8.8
7.2
8
8
7.52
3.52
7.04
8.32
6.4
7.2
6.88
8
8
8.16
8.64
7.52
7.2
7.2
8.32
8.8
8
8.16
7.84
7.36
3.84
7.52
7.2
7.04
8.8
6.56
8
6.72
7.68
7.36
7.84
6.56
6.4
7.84
7.36
6.72
5.92
7.2
5.44
4.64
4
6.24
5.76
8
7.84
7.2
7.52
6.88
6.72
7.52
6.72
6.56
5.6
6.24
7.2
6.72
5.44
8
6.56
3.68
7.52
6.56
6.08
6.72
7.36
6.56
6.88
6.4
6.56
6.88
6.88
5.76
8.16
7.2
5.76
6.08
6.56
6.88
7.2
3.84
6.56
7.04
6.56
5.92
6.24
5.44
5.28
6.24
5.92
6.08
5.28
5.76
6.24
5.44
6.24
5.12
5.76
4.96
3.2
5.76
4.96
5.28
4.48
3.84
4.16
4.48
4.16
4.16
4.48
4.96
5.44
4.16
4.32
3.2
5.28
5.44
4.64
5.6
4.32
4.32
4.8
4.64
3.2
4.32
4.8
4
5.12
5.28
4.32
4.8
4.64
4.16
4.96
5.12
4.48
3.84
4.8
3.04
5.44
4.16
5.12
4.16
4.8
5.12
4.8
5.28
4.96
4.32
5.44
4.32
4.8
3.52
5.92
5.44
3.2
5.44
5.12
4.64
5.12
4.64
5.28
5.76
4.48
5.44
4.8
4.16
4.96
5.6
5.12
4.32
4.64
5.12
4.96
4.64
4.32
6.24
3.04
5.92
4.8
5.12
5.44
4
3.36
4.48
4.96
5.28
4.8
5.28
6.24
4.32
4
5.28
4.64
5.6
5.12
4.32
4
3.52
4.8
5.12
5.44
5.6
4.8
5.12
4.96
4.32
5.92
3.84
3.52
4.48
3.52
3.36
2.56
3.04
4.16
2.4
4.32
4.48
3.36
3.84
3.68
3.52
4.48
3.84
3.2
2.88
2.56
3.68
3.52
1.92
3.04
3.04
3.36
3.04
2.4
2.56
3.36
3.68
4
3.2
3.36
3.04
3.04
3.84
4.16
3.84
3.52
2.88
2.4
2.72
3.36
4.48
2.72
3.52
1.92
4.16
3.84
3.04
3.52
5.28
2.88
3.84
4.16
3.52
3.36
3.36
4
4.32
3.04
2.88
3.52
2.88
3.84
3.52
2.88
3.84
2.88
3.68
3.84
3.68
4.16
3.36
3.36
4.8
3.68
3.2
3.2
3.36
3.84
3.84
2.72
5.28
4.32
2.24
3.52
4
3.84
4.16
2.4
3.68
4.16
4.16
4
3.04
4.64
3.68
2.88
4.96
4.48
3.52
4
4.32
3.04
1.92
3.68
6.08
3.52
3.36
4.16
3.52
5.28
3.36
3.2
3.36
4.48
3.68
4.16
4.32
4.16
4
4.16
3.68
2.08
4.16
3.84
5.12
4.48
4.96
4.48
3.68
5.28
3.52
5.92
4.8
4.8
4.48
4.32
4.48
4.32
5.76
3.84
4.48
2.72
3.36
3.04
4.48
3.2
5.12
4.16
3.52
4.8
3.84
4
3.04
5.6
4
3.52
4
4.48
3.04
4.96
2.08
3.68
4.16
4.48
4
3.2
4.32
4.48
3.2
3.04
4.48
4.32
4.48
4.48
3.52
3.52
3.84
3.68
3.68
3.68
2.56
3.36
3.36
2.88
3.36
3.52
4.16
4.16
3.84
3.84
2.4
4
3.36
4.16
3.68
3.68
3.52
3.04
3.84
3.2
4.64
2.88
4.16
5.44
4
3.84
3.2
3.52
4.64
4.32
4.16
5.12
5.28
4.64
3.68
4.8
3.2
3.84
4.16
2.72
3.36
3.68
4.32
5.12
2.72
3.52
4.32
3.04
4.32
3.84
4.48
3.52
4
2.72
4.64
4.96
2.88
4
1.76
4.16
3.2
4.16
4.48
3.04
3.36
4.32
3.84
4.32
4.64
3.04
3.36
4
4.8
4.8
4
4
4.64
4.64
2.4
3.84
3.52
4.64
3.84
3.52
4.48
3.2
3.84
3.04
3.68
2.88
2.88
2.88
3.04
3.84
4.48
4.16
3.68
1.6
4.32
4.48
2.4
4
4.16
3.68
3.52
3.84
4.32
4
4.16
3.36
3.68
4.32
3.2
4.8
3.84
3.36
3.52
3.36
4.48
3.84
3.52
4
3.36
4.64
3.2
3.68
3.04
4.48
3.2
3.52
4.32
3.2
3.84
4.8
3.36
4.16
1.28
6.08
4.48
4.16
4.32
3.52
3.04
3.52
4
4.16
4.96
4.16
3.36
3.84
5.28
4.96
3.52
4.16
4
4
2.24
5.44
3.84
4.16
2.72
4.16
3.36
4.16
3.36
3.68
4.32
3.52
4.96
4.16
5.12
4
5.12
3.36
3.68
1.76
4.32
4.8
4.96
4
3.04
3.36
4.32
5.12
3.84
4.32
3.84
4.8
5.12
4.32
4.48
4
4.32
4.32
3.84
2.56
2.88
5.28
4.32
4.16
4.64
4.16
3.68
4.8
4.8
4.8
3.52
3.68
4.96
4.8
4.32
4
5.12
3.36
2.24
4
4.32
4.16
3.84
3.52
5.12
3.84
5.6
3.84
4.32
3.2
5.12
4.32
3.36
4.32
3.2
3.68
4.48
3.52
4
4.16
4.96
3.84
3.84
3.84
3.68
4
5.28
4
4.32
3.52
4.48
4.48
4
3.84
2.88
3.68
3.84
1.76
4.96
4.64
5.12
4.64
3.2
3.84
4.64
4.16
3.68
4.8
3.52
4
4
3.68
5.12
3.84
3.68
3.68
2.88
2.56
3.36
4.64
3.84
3.36
4.16
4.96
3.36
3.36
3.52
4.32
4.32
3.36
4
5.12
4.16
3.68
3.2
4
2.4
4.96
3.68
3.84
4
4.64
3.36
4.32
4
3.52
4.16
5.44
4.64
3.04
4.32
3.84
3.84
4.32
3.52
4
2.72
3.68
4.16
3.2
3.68
4
3.84
3.68
4.96
3.2
3.52
4.64
5.28
4.32
4
4.32
4.16
4.32
4
1.6
4.32
3.68
4.32
4.32
3.68
4
4.16
4.32
4
4.16
3.84
4.16
3.84
4.32
3.52
3.52
3.84
3.36
3.84
2.72
3.52
4
4.32
3.84
4.32
3.68
3.36
5.76
4.32
4.32
4.8
4.8
3.36
5.92
4.96
4.32
3.52
3.84
2.24
5.12
3.68
3.84
3.36
4.64
3.68
4.96
3.84
4.48
3.84
3.68
4.48
4.48
3.36
3.36
4.48
4.64
4.96
3.36
3.36
4.32
4
4.32
5.6
3.68
4.48
4.8
5.28
3.36
4.16
4
3.68
5.44
3.52
4.16
4.64
4
4
2.4
5.12
4.8
4.48
3.84
3.84
3.04
3.36
4.48
4.96
4.96
4.16
4
5.44
3.84
4
3.52
4
4.96
3.52
3.68
4.48
4.16
3.68
3.68
4.32
3.04
4.32
5.28
3.36
3.36
4
4.32
4
4.16
4.16
3.68
3.2
3.04
4
4.16
4.64
5.44
4.16
4.8
4.96
4.96
4
4.8
4.8
4.48
4.48
5.12
3.52
4.8
4.16
4.32
5.28
4.48
3.68
3.68
4.16
3.68
4.48
4.8
4.96
4.16
4.8
3.52
3.52
4.32
4.8
3.52
3.68
3.84
5.12
3.36
4.16
1.6
6.24
5.28
3.2
3.04
4.32
3.68
4.48
3.04
2.4
3.52
4.48
3.84
3.04
4.16
3.52
3.52
3.36
2.24
1.92
2.08
2.72
3.2
2.88
2.72
4.32
2.4
2.4
3.68
2.4
1.92
3.04
4
2.24
2.56
1.76
2.4
2.08
3.04
1.6
4.16
3.04
2.08
2.08
2.56
2.24
2.72
1.76
2.56
2.08
2.24
2.88
3.84
3.36
2.4
2.88
2.08
3.84
2.72
1.76
2.24
2.72
2.56
2.24
2.56
2.24
2.88
2.08
3.2
2.72
3.2
2.88
2.88
3.04
2.4
2.56
1.92
2.4
1.76
1.76
2.88
3.2
3.36
1.76
2.56
2.72
2.88
2.72
2.72
2.72
1.92
2.08
3.36
2.08
3.68
3.04
3.36
3.04
2.24
2.88
2.24
3.52
2.72
1.92
3.2
2.88
2.56
3.2
2.88
2.4
3.52
2.72
2.4
2.72
1.6
3.04
2.72
1.28
2.4
2.56
3.04
2.4
2.56
1.92
2.88
2.72
3.68
4.32
2.88
2.88
2.72
2.4
3.52
2.88
3.2
2.72
2.08
3.2
2.88
2.72
2.08
3.36
3.04
3.2
2.4
2.72
8.48
12.96
10.24
11.52
11.84
11.2
12.64
12.64
14.24
9.76
2.88
6.08
6.4
6.4
4.96
5.6
6.72
4.8
5.44
5.12
8
10.24
10.4
10.56
11.52
13.6
9.6
12.48
10.08
12
4.48
9.28
10.72
10.56
13.28
12.64
12
11.2
13.6
12.96
12.32
12.64
9.12
13.92
12
14.08
9.76
9.76
14.88
7.52
14.08
11.04
12.8
10.4
9.28
12
12.16
8.48
11.84
9.44
10.4
8.8
10.08
12
15.68
13.12
14.24
12.64
11.36
4.16
8.16
6.72
6.24
4.64
10.24
12.64
7.36
7.04
9.44
12.32
15.04
11.2
15.04
12.32
11.68
10.56
10.56
6.72
4.32
7.68
5.92
11.04
8.32
8.8
11.84
7.04
5.12
10.24
6.72
10.4
7.2
5.76
10.56
11.84
12.32
9.12
8.96
8
3.68
5.44
8.32
7.84
7.68
6.88
9.44
14.24
15.2
17.6
14.88
12.8
7.2
13.12
7.84
13.12
5.6
12
8.16
3.2
11.68
9.28
12.8
10.88
10.08
9.92
9.28
5.6
10.24
6.08
6.72
5.44
7.04
8.32
6.24
8.96
8.8
6.08
5.6
3.84
12.64
7.84
7.04
11.52
9.6
9.28
6.56
11.04
5.28
11.52
9.28
6.24
10.4
13.76
11.36
9.44
5.92
6.72
3.84
12.64
11.84
7.36
13.76
12.8
10.4
7.2
7.52
5.28
4.64
6.72
8.64
5.28
5.92
11.04
12.48
16
11.68
7.84
7.36
14.24
14.72
9.6
12.48
12
16
10.24
9.92
15.52
17.44
17.28
15.52
14.56
16.48
14.56
10.88
14.24
15.2
8.96
12
17.92
14.24
16.64
13.6
11.2
10.88
10.56
11.84
12.16
9.6
13.12
11.52
11.84
13.44
14.88
16
13.28
15.36
5.6
16.8
14.72
16.96
14.24
16.16
16.96
11.84
11.2
14.88
14.56
18.24
16.8
16.16
14.24
18.4
13.28
13.76
13.28
5.6
12.32
12
9.44
7.84
14.72
12.64
14.4
11.68
14.72
10.88
17.28
15.04
15.04
13.6
15.04
13.12
12.8
12.8
11.84
6.4
12.48
12
13.44
14.24
11.68
16.16
16.32
16.16
13.6
10.4
5.92
6.4
8.8
8.16
11.04
8.48
8.64
12.64
4.8
12.96
10.88
11.52
10.24
13.44
10.24
10.88
12.32
13.6
13.6
14.08
14.24
13.76
10.88
12.48
12.48
13.28
12.96
13.6
8.48
14.88
17.28
14.56
14.56
15.04
13.44
9.92
11.84
11.2
14.88
17.28
16.8
14.24
15.04
16.16
16.32
9.76
10.24
7.36
15.36
16.8
16.32
16.16
14.08
15.04
10.88
9.76
12.96
11.2
11.04
13.6
13.44
15.36
14.08
14.24
11.84
10.88
11.2
3.84
12
9.92
10.08
7.2
8.16
9.12
12.16
12
11.36
8.48
5.28
7.84
9.76
8.32
8.32
11.04
8.48
13.92
6.88
14.08
11.36
12.8
16
14.72
12.64
10.08
10.24
11.04
13.44
10.88
10.56
8.64
11.68
9.28
9.28
5.44
5.92
4.8
3.52
5.92
5.6
6.72
5.44
5.6
5.44
4.64
4.64
4.96
6.24
6.08
6.72
6.24
6.24
6.24
6.4
5.6
13.12
7.68
8.8
9.28
8.32
8.32
5.44
5.6
8.16
8.96
6.72
5.28
5.76
7.68
6.4
5.12
6.4
4.8
6.24
4.96
4.64
3.84
6.88
6.24
4.32
4.16
4.48
3.84
4.8
5.44
3.68
4.8
3.04
3.68
9.12
16.64
15.36
14.08
11.84
13.92
7.84
12.48
11.36
14.08
16
15.52
3.36
3.84
3.52
3.84
3.36
3.68
4.64
9.6
7.36
4
5.12
6.24
9.12
5.92
4.8
9.12
8.96
7.2
8.16
8.32
9.12
8.8
8
9.6
11.68
9.92
12.16
10.4
11.52
11.04
13.6
13.92
10.24
5.92
12.96
13.92
15.52
15.68
16.32
15.04
15.2
8.16
6.88
11.36
14.08
13.44
14.24
9.12
11.68
15.52
5.6
9.92
11.68
6.24
9.44
8.48
11.2
13.28
12.8
12.8
14.24
12.96
15.04
12.64
9.76
14.08
12.96
12.8
9.44
9.6
10.4
4.8
2.88
5.6
6.4
4.48
7.2
6.56
6.88
10.24
10.56
11.84
7.68
7.52
8
7.52
8.16
9.12
10.56
12.8
12.16
9.76
4.8
11.2
9.12
10.08
11.36
10.88
10.72
11.36
12.8
10.24
13.28
12.48
13.6
15.36
14.08
15.2
17.28
14.4
14.88
4.8
15.04
14.4
10.4
15.36
16.8
13.6
12.8
7.52
6.56
7.2
8
7.36
7.04
9.6
7.68
9.76
9.92
8.96
6.88
5.44
8.64
7.2
9.28
7.2
9.92
8
10.24
8.64
9.44
7.52
6.56
9.28
9.92
5.92
12
9.92
7.68
7.36
3.36
7.68
6.72
8.48
7.36
10.24
11.68
9.12
9.76
10.56
10.08
9.6
10.08
8.32
10.88
13.76
12
11.36
8.96
9.6
6.56
7.04
7.04
6.88
6.88
8.48
10.4
8.8
8.32
9.6
10.56
14.4
12.96
12.32
12.8
10.88
10.4
8.96
10.56
4.64
10.88
16
13.0667
8
12
13.44
7.2
8.48
10.6667
13.92
18.4
14.4
11.52
11.84
11.04
5.12
9.12
10.72
10.24
12.64
9.44
8
8.16
9.12
9.52
5.44
12.16
11.2
13.28
9.92
9.6
7.36
4.64
2.4
8.04571
10.24
13.28
16.48
12.16
10.24
9.44
8.48
9.28
9.76
11.68
13.6
8.16
6.24
11.04
10.88
11.36
10.4
9.92
9.76
8.48
7.68
11.2
9.44
8
12.64
14.08
8.48
7.2
9.28
10.56
5.92
2.88
7.2
7.52
6.88
7.04
6.24
8.32
6.56
6.72
5.28
8.8
5.44
6.88
5.6
4.96
7.68
3.84
4.96
5.92
6.4
7.84
6.08
6.4
13.6
11.36
13.28
13.28
10.56
12.32
13.44
15.84
12.96
9.44
8.64
5.12
8
10.24
8.8
11.68
13.76
12.96
13.44
8.16
7.04
7.68
4.96
4.8
7.12
5.6
6.88
10.56
6.56
14.24
10.24
13.6
6.56
6.88
8
11.0933
4.8
16.32
16
12.32
10.24
10.4
7.52
14.24
3.36
6.08
3.84
4
7.04
5.12
7.36
7.68
7.44
15.04
14.24
6.08
10.08
8.16
9.12
12.704
11.68
10.8
16.96
11.68
12.64
11.872
9.76
11.64
10.24
12.448
10.08
5.44
4
4.16
8.48
12.5467
16.48
14.88
11.36
11.2
10.4
8.32
4.8
12.8
11.2
9.28
9.76
10.24
12.48
14.08
7.52
16.4
13.36
17.1733
16.04
16.0533
15.36
16.48
13.76
10.08
6.72
13.76
16.16
16.64
12.32
15.04
16.8
12.96
9.28
17.44
16.96
16.48
15.2
8.8
13.12
16.64
18.24
18.16
16.48
9.44
19.2
19.2
18.56
18.88
18.56
19.2
18.56
17.28
8.64
12.32
18.56
18.88
19.2
19.2
19.2
19.2
19.2
19.2
9.6
19.04
18.88
19.2
18.88
16
17.12
9.28
11.84
16.96
17.28
16
17.92
17.92
18.72
17.12
19.2
18.4
18.4
12.48
7.68
18.4
16.16
18.08
16.64
18.88
11.04
18.88
19.2
14.08
14.72
16.96
19.04
15.2
8.8
18.08
18.72
7.52
10.08
5.44
8.8
10.08
9.92
12.64
16.16
17.12
18.56
17.92
9.12
9.92
15.52
16.96
13.44
10.08
10.4
9.28
12.32
14.4
14.56
11.52
11.36
13.92
16
15.68
14.4
17.44
16.96
14.56
16.64
8.96
7.04
6.24
7.2
6.72
8
7.36
4.48
6.4
11.04
13.6
11.2
9.76
10.56
13.44
18.56
19.2
19.2
18.08
9.76
14.72
16.96
14.56
11.04
15.68
15.84
16.16
8.96
15.68
16.32
18.08
16.48
16.64
18.88
18.24
17.76
18.08
8.64
8.64
6.88
8.64
8.64
15.36
16.48
17.76
11.68
16.8
13.12
8.16
12.16
16.96
9.92
10.08
16.96
16.48
9.6
13.12
17.6
19.2
16.64
8
10.56
8.8
16.8
19.2
9.12
13.76
16
15.68
16.8
18.88
19.2
18.08
18.88
15.04
6.56
7.84
13.44
15.36
17.6
15.68
15.84
18.4
14.08
5.92
15.84
19.2
19.04
18.88
19.2
12
9.92
16.64
18.4
15.84
14.72
13.12
14.08
18.08
16.96
18.4
19.04
17.92
16.96
9.44
15.36
15.2
16
13.6
14.72
13.28
13.28
15.2
15.68
15.84
15.84
17.76
16.8
17.28
16
15.04
16.96
8
18.88
17.28
13.76
16.16
14.88
15.52
15.04
14.4
14.4
14.88
14.08
15.84
16.96
16.16
15.04
15.2
13.28
14.4
15.2
10.4
16
16.32
16.96
14.88
16
15.36
15.68
16.16
16
14.4
16.32
15.84
14.4
13.12
14.24
14.56
15.84
12.64
7.52
17.44
12.16
16.16
15.2
14.56
15.2
14.24
16.32
14.88
12.96
11.84
14.4
13.92
12.32
12
14.24
14.4
11.84
11.52
8.96
13.92
12.32
13.6
13.12
12
11.2
13.76
14.24
13.6
12.8
13.76
14.24
13.76
11.84
13.6
11.52
13.28
13.28
6.88
14.4
16
13.76
15.2
13.76
15.36
14.72
13.44
13.92
13.76
14.24
12.96
14.08
15.04
14.88
14.4
12.16
12
13.44
8.64
13.28
12.48
11.36
11.52
12.32
12.48
12
12
12.16
13.12
11.84
11.2
12.8
11.36
12.64
12.16
12.96
12.32
9.12
14.4
11.36
12.48
10.56
10.88
11.36
10.24
11.04
13.44
13.92
12.96
12.8
13.6
12
11.04
11.84
12.96
11.68
12
9.44
12.96
13.44
14.24
13.28
12.96
13.6
11.68
11.36
13.6
12.96
12.96
9.28
8.16
6.24
4.48
7.68
12.16
12.16
5.44
14.56
12.32
11.52
11.36
10.08
9.92
11.2
12.16
11.36
9.92
7.68
8.32
6.88
8.48
8.96
9.28
11.04
7.68
9.6
6.32
4.16
4
7.36
7.52
14.56
16.16
18.24
9.16
6.56
5.6
4.32
5.44
7.04
6.72
6.56
12
8.8
9.76
8
10.24
9.12
10.08
8.8
12.64
7.84
10.4
5.6
11.2
7.04
10.24
7.84
8.8
5.6
8.16
4.32
6.56
7.52
5.92
6.4
5.44
4.64
3.92
4.16
1.92
4.64
4.8
4.16
3.2
3.52
4.16
4.48
4.16
3.68
4.48
4.48
4.96
3.84
4
5.76
4.32
3.84
1.6
2.08
2.88
3.3
4.96
4.48
8.16
3.68
3.36
7.28
8.96
10.4
6.4
10.1867
3.15707
2.88
4.64
5.12
5.44
3.68
5.28
4.16
3.84
2.88
5.44
2.08
3.04
2.56
2.88
3.36
4.8
4
3.68
3.68
3.52
2.4
2.72
3.36
2.4
2.4
2.24
2.56
3.68
2.08
2.08
2.72
4.48
3.04
3.84
1.92
2.72
3.52
2.88
3.2
2.88
4.32
3.68
2.24
4.32
2.72
3.36
1.92
2.88
2.88
2.56
3.36
3.68
2.56
2.4
2.08
2.72
2.88
1.76
2.88
2.56
3.36
3.36
2.72
2.72
2.24
3.04
3.04
1.92
4.32
2.88
3.04
2.56
3.04
2.24
3.04
3.2
4.64
3.36
4.64
4.16
3.04
3.68
2.88
5.12
4.96
1.44
3.04
3.2
2.72
1.12
2.56
2.72
2.08
3.2
2.88
1.92
4
2.24
3.36
1.92
2.4
3.2
2.24
3.04
2.24
3.04
2.72
2.56
1.76
3.36
3.04
1.92
1.76
2.88
2.4
3.2
2.24
1.76
3.36
2.24
3.36
2.64
1.92
1.6
2.48
2.56
2.24
2.56
1.92
2.72
3.2
1.92
2.24
2.56
3.04
2.88
3.52
1.6
1.92
3.04
2.08
3.04
3.68
2.88
1.92
2.24
2.08
2.88
2.88
3.68
3.68
2.4
3.84
3.2
3.52
2.56
1.76
3.04
2.56
1.92
2.4
2.4
2.88
2.88
2.4
2.4
2.56
2.08
4.16
3.36
2.72
3.36
3.04
4.16
3.04
2.4
1.92
2.72
1.76
2.24
1.44
2.72
1.92
2.56
2.08
2.08
2.08
2.56
1.6
3.84
2.88
3.04
3.68
2.08
2.4
2.88
2.72
1.6
2.4
2.24
3.04
2.72
2.24
2.56
1.6
2.72
3.36
3.2
2.4
2.08
2.24
3.36
3.52
3.52
1.76
2.24
2.72
2.24
2.08
2.4
3.84
1.44
1.6
2.4
3.36
2.4
2.56
3.2
2.72
2.88
2.4
2.72
1.6
2.24
2.24
1.92
2.72
1.76
2.88
3.2
2.56
2.56
2.88
2.4
2.88
3.2
1.76
2.72
1.76
3.2
2.4
3.04
3.2
2.56
1.76
3.04
2.72
1.44
2.96
3.04
2.72
2.24
2.08
1.92
2.56
2.88
1.92
3.68
3.04
1.28
4.48
2.72
3.36
2.72
1.12
1.28
2.24
1.92
3.68
2.72
3.36
1.92
2.24
2.56
2.72
2.72
1.92
2.88
3.04
1.12
1.92
2.88
2.56
1.92
2.08
1.92
2.88
1.6
3.36
2.4
2.56
1.92
2.4
2.08
2.24
1.76
2.24
2.72
3.52
2.08
2.4
2.24
1.92
2.24
1.6
1.92
3.04
2.4
2.4
2.24
1.44
3.04
2.4
3.04
3.36
2.88
2.56
3.36
3.2
2.88
2.08
2.24
2.88
2.24
3.2
1.28
2.4
2.24
2.88
2.24
2.08
