3.59615
4.48
3.68
4.32
2.88
2.72
3.04
2.66667
3.68
3.52
1.92
3.04
3.552
2.72
4.96
3.84
3.68
4
2.72
3.68
3.68
2.08
4
4.32
1.6
3.84
2.08
3.28
3.68
3.36
3.2
3.68
2.72
2.88
4.32
3.2
3.04
5.76
2.56
4.48
4.48
1.92
3.52
2.08
1.92
3.2
2.88
3.68
3.52
4.32
3.2
3.36
5.12
4.48
6.24
3.36
2.88
3.2
2.72
4.48
2.56
4.48
4
2.56
5.44
2.88
5.12
4.16
5.92
3.04
4
4
4.8
3.36
6.08
3.52
4.32
3.36
4.8
2.56
5.6
3.2
3.04
4.8
4.48
3.68
4.48
5.44
4.48
5.44
2.88
5.12
4
5.44
4.08
4.32
1.76
4.64
4.32
4.96
5.44
4.56
2.72
5.28
4
3.2
3.84
5.44
4.32
4.64
3.04
3.36
4.96
4.96
2.88
1.92
4
4.16
4.96
4.48
5.12
3.04
5.12
3.84
5.28
6.56
3.2
3.2
3.36
8
2.88
4.96
3.52
4.8
3.2
3.36
7.36
3.04
5.04
4.32
4.96
3.36
4.64
5.92
5.44
3.68
4.96
4
6.56
3.68
1.76
6.08
4
3.52
4.16
3.52
5.28
5.44
4.96
3.68
4.64
4.32
5.12
5.44
3.84
4.48
4.96
2.88
6.56
3.04
5.12
4
6.56
5.44
2.72
4
5.44
5.44
3.52
3.52
5.76
4.96
6.56
3.68
3.04
3.84
4.16
4.8
4.8
3.52
3.52
3.68
3.52
5.28
3.84
4.37333
6.72
3.68
5.6
4.64
2.4
6.4
3.52
4
5.92
6.08
2.56
5.76
4.32
5.44
4.48
5.76
3.52
4.32
5.12
3.2
4.90667
1.92
3.84
6.72
5.6
3.84
5.92
1.76
5.28
4.64
4.16
3.36
5.44
4.64
5.44
4.32
7.68
3.52
5.12
5.92
2.72
3.2
5.76
2.88
3.68
6.08
2.4
5.28
4.48
4.64
4.64
4.96
5.28
3.68
6.88
4.8
4.16
5.28
4.32
7.04
3.2
4
5.44
6.08
2.4
5.12
5.44
4.64
7.36
3.2
4.96
5.28
4.8
4.16
4
7.04
4
7.04
3.04
3.68
5.92
6.4
3.84
2.72
6.88
3.52
4.32
5.44
4.64
3.84
4.16
4.96
4.48
5.44
4.24
5.2
6.08
3.2
5.6
2.24
7.2
3.52
5.6
8
3.52
4.16
5.12
3.36
3.84
6.08
4.96
3.36
2.72
5.12
5.2
9.44
3.68
2.08
5.6
8.48
3.36
6.4
4.16
5.28
3.52
4.32
5.44
5.12
3.36
3.36
7.04
4.16
4.32
4.96
4.96
3.84
4.16
2.24
4.16
3.84
3.84
4
3.2
4.16
4.16
4.16
4.8
3.84
4.96
4.48
3.68
3.52
4
3.68
3.84
3.36
1.92
4.96
3.52
3.68
4
3.36
3.68
3.04
5.6
3.84
3.2
4.16
2.56
2.72
5.6
4.48
2.4
4.48
3.04
4.8
1.6
3.84
3.68
3.68
2.72
3.04
4.8
3.84
3.68
4.32
3.84
3.2
4.32
3.04
3.84
4.64
3.2
2.4
3.84
2.72
3.68
3.68
4.32
3.68
2.72
3.52
3.36
3.52
4.64
3.2
2.88
3.36
3.84
3.52
2.88
4.32
3.68
3.2
3.52
3.04
4
3.04
3.36
3.2
3.68
4.32
3.52
3.68
4.16
4.64
3.52
3.84
2.4
3.04
4
2.72
3.68
3.52
2.4
3.84
3.2
3.68
4.8
2.24
2.88
3.36
3.36
2.4
2.56
2.88
3.36
2.56
2.88
3.04
4.32
3.04
4.64
3.04
2.88
3.68
3.68
3.68
3.04
3.68
2.88
3.52
2.72
4.16
3.04
3.04
2.72
2.88
3.2
3.52
3.68
3.36
2.88
1.6
2.56
3.52
2.88
2.88
3.36
3.04
2.88
2.56
2.88
3.68
3.84
3.2
2.56
3.04
2.72
2.88
2.56
3.04
2.56
2.24
3.36
2.72
3.68
3.36
3.04
2.72
2.72
3.68
3.52
2.72
3.68
3.2
3.36
3.84
3.04
3.04
3.52
3.04
2.24
3.36
3.2
3.68
2.24
2.24
1.44
2.88
1.76
1.6
1.76
1.28
0.96
1.44
1.6
1.92
1.6
1.44
0.8
1.6
1.12
1.28
1.44
1.28
1.12
2.56
2.56
2.4
0.8
1.92
1.44
1.28
2.4
1.44
2.88
3.2
1.92
2.08
1.44
1.12
0.96
1.12
1.92
1.6
2.88
2.24
1.6
1.92
1.6
1.12
1.92
1.6
3.36
1.6
1.44
2.08
1.76
1.12
1.76
1.6
1.92
2.72
1.44
0.96
0.8
0.96
0.8
0.64
0.96
0.64
0.8
0.64
0.64
0.96
1.44
0.32
0.96
1.12
1.28
1.28
1.12
0.8
1.28
0.8
0.48
0.64
1.28
1.28
0.96
1.28
0.64
0.8
1.28
1.6
1.12
1.28
0.96
0.64
1.6
1.28
0.64
1.28
1.44
0.96
1.76
1.12
1.76
1.12
0.64
0.96
0.64
1.28
0.96
0.64
1.44
1.76
0.8
1.76
0.8
0.96
0.8
0.48
0.96
0.48
0.64
0.32
1.28
0.8
0.64
0.8
1.28
1.12
0.64
0.48
1.12
1.28
0.16
0
0.96
0.64
0.16
0.48
0.64
0.8
1.12
0.32
0.8
0.96
0.8
1.12
0.96
0.8
0.64
1.28
0.64
0.48
0.64
1.12
0.8
0.96
0.64
0.32
0.96
0.8
0.8
0.32
0.96
0.64
0.8
0.8
0.32
0.8
0.48
0.8
0.32
0
0.32
0.8
0.16
0.96
0.8
0.8
1.28
1.12
0.8
0.64
0.64
0.64
0.64
0.32
0.8
0.64
0.64
0.48
0.96
1.12
0.8
0.64
0.96
0.64
0.64
0.64
0.8
0.8
0.16
0.32
0.32
0.8
0.64
1.6
0.64
0.48
0.64
0.96
0.48
1.12
0.8
0.48
0.64
0.8
1.44
0.8
0.32
0.96
0.48
0.48
0.64
0.4
0.48
0.8
0.64
0.32
0
0.48
0.48
0.32
0.16
0.16
0.64
0.32
0.32
0.64
0.64
0.16
0.32
0.64
0.64
0.32
0.16
0.8
0.32
0.32
0.64
0.64
0.32
0.48
0.8
0.16
0.32
0
0
0.08
0.48
0.24
0.32
0.48
0.48
0.16
0
0.16
0.16
0.32
0
0.48
0.96
0
0.32
0
0.08
0
0.32
0.16
0
0.64
0.32
0.16
0
0.24
0
0.48
0
0.16
0.16
0.48
0.32
0.16
0.16
0.48
0
0.32
0
0.32
0.32
0.16
0.32
0
0.64
0.32
0.16
0.64
0.32
0.32
0.96
0.8
0.64
0.16
0.48
0.64
1.12
0.16
0.64
1.12
0.48
0
0.48
0.48
0.48
0.32
0.32
0
0.16
0.64
1.12
0.96
0
0.16
0.16
0.32
0.64
0.8
0.48
0.32
0.64
0.32
0.16
0.8
0.32
0.64
0.16
0
0.32
0.8
0.16
0.16
0.32
0.16
0.48
0.48
0.32
0
0.24
0.48
0.16
0.32
0.16
0.32
0
0.32
0.16
0.08
0.48
0.32
0.32
0.32
0.48
0
0.32
0.08
0.16
0.48
0.16
0.32
0.56
0
0.16
0.16
0.24
0
0.24
0.48
0
0.48
0
0.32
0.32
0.32
0.16
0.16
0.48
0.16
0.48
0.48
0.4
0.48
0.16
0.16
0.0533333
0.16
0.32
0.48
0.16
0.16
0.16
0.16
0.16
0.373333
0.32
0
0.16
0.4
0.32
0.16
0
0.16
0.16
0.16
0.48
0.16
0.48
0.16
0.266667
0.266667
0.32
0.24
0.16
0.32
0.32
0.16
0.48
0.48
0
0.32
0.8
0.16
0.48
0.64
0.16
0.48
0.32
0.64
0.16
0.32
0.48
1.12
0.16
0.32
0.48
0.48
0.96
0.64
0.32
0.16
0.64
0.32
0.24
0.48
0.16
0
0
0.16
0.32
0.48
0
0.48
0.16
0.16
0
0
0.64
0.32
0
0.32
0.24
0.373333
0.32
0.32
0.426667
0.16
0.32
0.16
0.32
0.32
0.32
0.56
0.16
0.16
0
0.32
0.32
0
0.16
0.08
0.16
0.48
0.24
0.32
0.48
0.32
0.32
0.16
0.48
0.16
0.64
0.64
0.16
0.16
0.32
0
0.8
0.32
0.32
0.48
0.8
0
0
0.48
0
0.8
0.32
0.48
0.8
0.32
0.16
0.32
0.48
0.32
0.64
0.64
0
0.32
0.8
0.32
0.16
0.4
0.16
0.48
0.32
0.16
0.48
0.48
0.32
0.32
0.16
0.24
0.48
0.16
0.96
0.48
0.32
0.64
0.16
0.48
0.48
0.64
0.4
0.32
0.16
0.48
0.32
0.32
0.16
0.48
0.213333
0
0.32
0.16
0.266667
0.16
0.08
0.16
0.24
0.16
0.213333
0.32
0.2
0
0.16
0.16
0.16
0
0.32
0.16
0.16
0.32
0.16
0
0.32
0.106667
0.16
0.48
0.48
0.48
0.32
0
0.16
0.32
0.16
0.48
0.16
0.32
0.8
0.08
0.16
0.32
0.32
0
0.16
0
0
0.08
0.266667
0.373333
0.48
0.16
0.16
0.0533333
0.48
0.32
0.24
0.32
0.32
0.64
0.32
0.32
0.32
0.32
0.32
0.48
0.48
0.32
0.8
0.32
0.16
0.32
0.32
0.16
0.64
0.64
0.8
0.24
0.32
0.48
0.16
0
0.16
0.32
0.08
0.16
0
0.16
0.16
0.16
0.24
0.32
0.4
0.32
0.32
0.16
0.16
0
0.16
0.16
0.48
0.32
0.16
0.586667
0
0.32
0
0.24
0
0.213333
0.0533333
0.4
0.32
0.08
0.16
0.08
0.32
0.08
0.16
0.32
0.16
0.16
0.16
0.426667
0.32
0.32
0
0.213333
0.32
0.32
0
0.16
0.16
0.08
0
0.32
0.08
0
0.16
0
0
0
0.16
0.32
0.16
0.16
0.16
0.16
0.24
0.32
0.16
0.4
0.16
0.192
0.32
0.16
0
0
0.16
0.08
0.0533333
0.16
0
0.8
1.12
1.12
0.96
1.28
1.12
0.64
0.8
1.6
1.76
0.8
0.8
1.44
0.64
0.64
1.44
0.96
1.28
0.96
0.48
0.32
0.48
0.8
0.32
0.8
0.48
0.8
0.64
0.64
0.32
0.64
0.96
0.16
0.16
0.16
0.16
0.266667
0
0.16
0.16
0.32
0
0.16
0.32
0.32
0.16
0.96
1.28
1.44
1.28
1.12
1.12
1.12
0.96
1.92
1.12
1.6
2.24
1.76
1.28
2.08
2.56
2.88
2.56
2.4
3.04
2.4
2.08
2.24
2.56
1.44
1.44
1.44
1.28
1.28
0.96
1.12
0.16
0.96
0.48
1.28
1.28
1.28
1.28
1.44
1.76
2.4
2.24
2.4
2.24
1.76
1.44
2.88
2.72
1.92
2.08
0.96
2.88
2.08
1.44
1.28
3.84
1.76
2.4
1.6
2.08
2.72
2.56
3.04
2.72
2.56
4.32
4.8
2.88
2.24
3.04
1.76
2.56
0.8
3.2
4.64
4.96
4
5.12
6.56
4.96
5.76
7.68
3.52
5.44
5.76
8
5.44
4.32
7.2
6.24
5.44
10.4
10.88
6.88
6.08
8
4.96
7.36
6.56
6.56
5.44
4.16
4.8
4.8
4.64
4
4.48
1.76
3.36
2.72
5.28
4
3.52
4.8
3.52
3.36
2.56
2.88
3.52
3.36
4.8
5.28
4.48
4.8
4
8.96
4.96
14.88
10.24
13.92
12.32
7.52
8.64
4.48
5.6
7.04
8.96
7.68
5.28
1.28
7.52
8.96
6.72
5.28
3.04
7.2
2.56
7.84
4.96
3.2
3.68
4.16
4.64
4.96
3.36
3.36
4.64
4.64
4.32
4.8
5.6
12.32
5.44
10.4
11.84
6.24
14.56
11.84
11.68
9.76
6.72
5.76
6.4
6.72
12.8
8.48
9.28
11.68
13.92
15.68
11.2
11.2
7.04
8.64
9.6
7.84
11.36
11.04
10.4
14.24
11.04
10.72
9.76
14.08
14.56
13.6
12.48
13.6
11.52
11.04
12.48
9.6
10.24
12.64
6.56
11.2
8
8.48
8.48
8
11.52
9.6
8.48
7.68
8
11.2
10.72
10.08
7.52
10.72
8.64
12.32
9.28
7.68
3.84
11.36
11.84
10.88
10.4
9.28
11.68
8.16
10.56
8.32
9.76
8.16
14.56
13.12
15.68
16.64
19.2
17.92
13.6
5.92
9.28
10.4
14.08
16.32
16.16
15.52
9.92
14.56
16.64
17.12
17.92
17.28
18.24
16.8
15.2
17.76
16
12
10.56
14.0267
15.52
13.92
14.88
12.32
16.12
16.16
18.72
16
18.4
14.88
16.96
17.6
7.04
16.9067
17.12
12.96
17.76
14.72
18.24
18.88
17.12
16.96
18.56
18.56
18.24
17.76
16.64
14.0267
5.76
9.6
8
10.24
9.44
13.12
11.2
9.6
8.8
9.44
11.84
8.416
9.6
6.98667
12.64
12.64
8.48
10.08
10.4
10.7733
10.88
13.92
13.76
12.64
14.72
15.04
11.3067
8.4
10.4
9.44
8.48
11.36
10.24
9.12
8.64
9.44
12.2514
9.12
8.8
10.56
13.4933
13.6
17.28
15.36
14.44
16.16
14.72
13.44
17.44
11.2
7.68
9.76
8.48
8.64
9.92
12.32
11.04
10.56
7.68
8.8
13.6
7.92
9.12
11.84
8.64
8.48
7.84
11.04
9.28
10
16.32
17.44
14.88
14.6133
16.8
17.92
16.32
17.36
17.92
13.28
18.08
16.16
17.76
16.56
6.24
16.64
14.56
15.52
15.12
13.6
17.6
16.96
15.2
14.88
17.76
12.8
16.8
11.04
11.68
17.44
16.16
16.32
9.12
16.8
8.8
18.56
16.96
12.96
18.08
15.84
18.08
14.4
17.28
16.48
15.36
11.84
12
17.6
15.68
9.12
12.48
16.48
16.16
15.7867
17.12
16.16
17.6
17.6
16
17.44
17.6
16.48
18.24
18.4
12.96
18.72
17.12
9.28
14.72
17.76
19.2
18.24
18.24
18.4
19.2
15.2
12.8
19.2
17.28
19.2
19.2
15.52
18.72
16
17.92
19.04
9.28
11.68
19.2
16
11.2
10
8.48
8.16
9.44
8
7.84
8.8
7.36
9.28
9.44
8
9.12
7.84
6
11.8933
10.24
10.24
14.7333
16.96
10.9867
3.36
3.52
3.04
1.6
1.6
1.12
0.56
0.96
1.28
0.64
1.28
1.76
1.6
0.64
1.28
1.76
0.48
0.64
0.8
0.96
0.64
1.12
0.96
0.8
1.92
0.64
0.96
1.12
2.24
0.64
0.8
1.44
1.44
1.76
0.8
1.28
1.12
0.64
0.8
2.24
1.12
1.6
1.28
1.12
0.8
1.44
0.8
1.12
0.16
0.8
1.76
1.12
1.12
0.96
1.12
1.12
1.28
0.32
0.96
0.48
0.96
1.28
0.16
0.8
0.64
1.12
0.8
0.48
1.28
1.44
0.64
1.44
0.64
0.8
0.8
0.96
0.32
0.64
1.12
1.12
0.64
0.8
1.44
0.48
0.8
0.8
0.8
0.8
0.96
0.16
0.16
0.32
0.8
0.32
0.48
0.32
0.64
0.32
0.32
0.16
0.32
0.64
1.12
0.32
0.48
0.96
0.32
0.32
0.32
0.16
0.48
0
0.32
0.32
0.16
0.48
0.48
0.64
0.16
0.32
0.32
0.48
0
0
0.64
0
0.48
0.64
0.32
0.32
0.32
0.16
0.64
0.32
0.4
0
0.48
0.4
0.64
0.48
0
0.32
0.16
0.64
0.48
0.16
0.96
0.64
0.32
0.16
0.64
0.48
0.48
0.32
0.48
0.96
0.8
0.8
0.48
0.32
0.16
0.32
0.16
0.8
0
0.32
0.8
0.48
0.64
0.32
0.16
0.48
0.08
0.16
0
0.16
0.48
0.32
0.32
0.48
0.8
0.48
0.64
0.16
0.48
0.32
0.64
0.4
0.48
0.32
0.48
0.32
0.48
0.56
0.48
0.32
0.32
0.48
0.16
0.32
0.48
0.48
0.32
0.32
0.32
0.32
0.32
0.48
0.32
0.64
0.32
0.32
0.16
0.48
0.48
0.24
0.64
0.64
0.96
0.32
0.16
0.48
0.48
0.32
0.32
0.4
0.16
0.48
0.56
0
0.64
0.48
0
0.24
0.32
0.48
0.8
0.16
0.16
0.48
0.32
0.32
0.48
0.64
0.16
0.48
0.32
0.48
0.32
0.48
0.32
0.64
0.32
0.48
0.48
0.32
0.32
0.24
0.32
0.48
0.24
0.16
0.16
0.32
0.32
0.48
0.32
0
0.16
0.32
0.16
0.32
0.64
0.8
0.32
0.32
0.48
0.48
0.48
0.8
0.48
0.96
0.96
0.8
0.48
0.16
0.64
0.48
0
0.32
0.16
0.48
0
0.64
0.48
0.32
0.32
0.16
0.48
0.48
0.64
0.64
0.48
0.16
0
0.8
0.48
0.48
0
0.32
0.8
0.16
0.16
0.16
0.32
0.16
0.64
0.64
0.16
0.32
0.32
0
0.16
0.16
0.64
0.32
0.48
0.48
0.32
0.32
0.32
0.8
0.32
0.16
0.32
0.16
0.32
0.48
