5.87398
6.4
4.64
5.28
3.84
8
7.04
4.48
6.24
4
8
6.08
5.12
4.96
4.32
5.76
5.6
7.36
7.04
6.56
5.92
4.48
5.76
7.2
8.32
5.92
3.36
4.64
5.6
5.92
5.44
5.44
8
4.64
8.8
4.96
6.24
3.36
6.72
6.56
4.48
5.92
6.4
7.84
6.08
6.88
2.24
5.44
8.64
5.44
8
8.32
6.24
7.52
6.88
7.84
7.68
5.92
10.56
4.16
4.96
7.68
7.36
5.92
7.36
3.36
7.52
4.8
7.2
7.2
8.16
5.6
7.68
5.92
6.88
4.96
5.76
6.08
5.44
7.68
6.24
4.96
8
7.68
6.56
2.72
5.28
6.08
7.2
4
4.64
5.76
4.96
6.72
7.36
6.4
5.76
5.65333
4.48
7.68
4.8
5.76
3.2
7.84
4.64
5.76
7.04
4.8
6.24
7.68
2.88
8.32
4.96
5.28
7.04
5.17333
4.8
3.52
4.48
6.08
5.12
5.92
4.48
4.8
4.8
5.76
4.96
6.24
4.8
4.96
4.64
7.2
5.76
5.28
6.48
5.76
8.64
2.08
6.56
5.6
5.6
6.24
5.44
4.96
5.92
5.28
7.2
4.96
5.44
5.92
7.04
5.12
5.76
6.72
7.2
6.16
2.4
3.84
7.04
5.28
7.36
2.88
6.88
5.76
4.48
9.6
4.32
5.28
4.8
6.24
5.76
6.08
4.64
4.96
6.24
3.36
4.32
5.12
7.04
3.84
6.88
4.48
5.12
6
6.08
5.44
5.6
6.24
5.92
7.68
6.08
3.04
6.4
7.68
6.24
3.04
5.12
5.28
6.72
5.6
5.28
4.96
5.12
6.88
7.52
7.84
5.28
5.12
7.68
7.36
2.24
6.56
4.8
7.04
4.16
7.2
5.76
6.08
6.24
6.08
7.2
4.96
6.72
4.48
6.4
6.56
4.8
8
6.88
4.96
3.36
5.28
4.96
5.28
7.2
8.16
4.64
5.28
4.32
5.76
7.36
7.84
5.28
3.36
5.28
8.64
5.92
7.04
4.96
2.08
5.44
4.16
4.16
7.04
5.6
4.16
6.56
5.76
8
3.36
4.64
6.24
3.52
4.48
4.8
4.32
7.68
4.32
3.52
3.2
5.92
4.96
4.64
7.52
5.12
5.12
5.36
4.32
5.44
6.24
4.48
9.6
7.36
5.76
4.48
4.48
6.72
4.64
5.44
4.32
4.96
5.76
6.56
5.12
3.84
5.12
3.52
4.64
8.16
3.84
2.88
6.56
5.12
4.96
5.6
3.52
5.6
4.48
5.28
4.96
7.04
7.2
5.12
4.48
4.74667
10.4
3.04
5.6
4.8
7.68
5.6
2.72
4.96
5.76
5.76
5.6
5.28
6.72
5.28
4.48
3.68
5.6
6.88
3.84
5.6
4.48
5.76
4.64
5.6
4.32
2.24
6.4
4
3.68
4.32
5.92
4.32
4.8
3.68
3.84
5.12
3.52
4.64
3.68
2.88
4.32
3.52
6.24
3.84
3.68
4
4.32
3.84
3.84
4.8
3.52
3.52
4.8
5.6
4.64
3.84
4.08
3.52
4.96
4.96
4
5.28
3.68
3.04
3.04
3.2
4.32
4.16
4.32
3.84
4.64
3.84
4.64
4.16
4.48
3.68
3.84
3.84
4
4.64
3.52
4
3.36
4
3.68
3.52
4.32
3.36
5.12
3.2
3.84
3.04
3.52
3.84
4.64
4
3.84
3.04
4.16
4.4
3.52
2.08
4
3.52
3.36
3.52
4.96
3.68
4.32
4
2.88
4.48
4.32
4
3.04
3.6
4.16
3.04
3.68
1.76
5.12
3.84
3.2
3.04
4
4.64
4.48
4.8
3.04
4.32
3.36
3.68
3.84
4.16
4.96
3.68
4.48
3.84
3.84
3.36
3.84
3.84
3.36
4.32
5.28
3.52
3.68
4.48
4
3.36
3.2
4.16
4
3.84
3.84
3.84
3.36
3.04
2.4
3.68
3.36
3.04
4.48
3.52
3.52
3.84
3.52
4
3.52
4.48
4.32
4.16
3.76
3.36
3.04
3.2
4.16
2.4
4.16
4.96
3.36
3.52
4
4.48
2.24
4
4
4
4.16
5.12
2.56
3.68
3.44
3.2
4.32
1.92
3.2
4
3.84
3.68
3.84
3.52
3.84
4.64
4.08
2.56
4
3.36
3.52
3.36
3.36
3.2
4.48
2.88
3.04
4.16
2.72
3.52
4.8
3.52
4.16
3.68
4.48
3.62667
3.84
3.36
3.84
2.4
3.52
3.52
3.68
3.68
4.64
3.84
4.48
4
4.16
4.16
3.68
4.32
4.16
4.48
4
3.84
2.88
3.72
4.16
3.04
4.32
3.52
4
4
2.88
3.84
3.52
3.52
3.2
3.2
3.36
2.88
2.88
2.88
3.2
3.84
3.36
3.68
3.04
3.52
4.48
3.04
4.32
4.32
3.52
4
2.56
3.84
3.52
4.8
3.36
4
2.24
4.32
3.52
3.52
4
3.2
3.2
4.32
3.04
3.68
3.52
3.52
4.16
4.32
3.84
2.88
3.52
3.36
2.72
2.88
2.88
3.04
4.32
2.72
2.72
3.36
4
3.68
3.2
3.36
3.68
4
4
3.68
3.36
4.16
3.84
4.16
1.76
3.68
4.16
3.04
3.36
3.04
4
3.52
3.84
4.8
2.88
4.16
3.84
3.36
3.04
3.68
3.52
4.16
3.36
2.8
3.52
3.04
3.2
3.36
4.96
4.64
3.84
4
3.04
3.36
3.68
3.36
3.2
3.52
4.32
4
3.52
4.8
1.92
3.84
3.2
2.88
4.64
4
3.04
4.32
3.52
3.84
3.36
3.36
4.32
3.52
3.84
3.04
3.52
2.88
3.68
1.76
4.32
3.84
3.84
3.84
3.36
3.2
3.36
3.52
3.52
3.68
3.52
4
3.04
3.84
3.68
2.88
2.88
3.84
2.88
2.08
3.52
4.64
4.16
3.84
4.48
2.88
3.68
3.68
3.04
3.84
4.32
4
3.2
4.64
3.84
4.48
4.16
3.36
2.08
4.48
3.84
3.36
3.84
4.32
3.36
3.2
4.96
3.36
4.32
4.16
2.88
5.12
5.12
3.68
3.68
3.36
4.32
4.48
1.6
3.04
3.2
3.52
3.2
2.88
3.52
4.32
3.68
3.28
4.64
4.16
3.2
3.36
3.36
4.16
3.04
4.48
1.76
3.88
3.52
3.52
3.04
4
3.84
3.2
3.84
3.52
3.52
4.48
3.68
3.52
2.24
3.52
2.88
3.2
3.84
3.04
4.16
3.36
3.36
3.68
4.48
3.04
4.16
3.84
3.84
3.04
3.36
4.64
4.16
4
3.36
4
3.68
4
3.52
3.84
3.92
3.36
3.68
3.04
4.8
5.28
4.8
2.56
3.84
3.36
4.32
3.36
4.48
4.48
4.8
4.8
4
3.2
4.16
4.64
3.04
4
2.56
3.68
4.32
5.44
3.84
3.84
4.72
3.84
4.8
4
5.12
3.04
3.84
3.36
2.72
4.32
3.68
3.36
3.68
3.52
3.52
4.48
4.32
3.52
4.16
3.44
3.84
4.48
4
3.68
3.04
3.84
4.64
3.68
2.4
4.4
4.32
3.68
4.16
3.52
4.16
3.68
4
3.84
3.84
3.84
4.48
3.84
3.52
3.68
4
4
4.16
4.8
3.68
3.52
4
3.84
4.32
4.32
3.68
4.32
3.68
4.96
4.16
4.64
4.16
2.56
4.96
3.84
4.16
4.16
3.52
4.8
4.16
4.16
4.48
5.76
4.48
3.2
5.76
3.2
4.64
5.12
5.12
2.24
3.2
4.8
4.96
4.16
4
4.32
4.96
3.68
5.6
4.48
5.44
3.36
3.84
4.24
4.16
4.96
4.48
3.36
3.2
3.04
4
3.68
4.32
4.96
4.64
4.32
3.36
4.16
3.52
4.48
2.88
4.32
4.16
4.16
5.44
5.28
2.56
4.96
5.12
4.48
4.32
3.84
3.36
4.64
5.12
5.92
5.28
5.44
3.52
5.44
4.16
4
3.36
5.92
2.4
5.76
3.84
4.88
3.84
4.96
6.24
3.84
4.16
5.28
5.12
3.84
5.44
4.32
3.84
4.16
3.89333
5.76
4
5.76
4.8
4.96
4.48
3.68
4.96
6.88
4.32
4.24
4.64
2.08
7.04
5.6
2.72
6.4
4.96
5.12
4.16
6.88
5.28
4.64
4
7.52
6.24
6.56
5.28
4.96
6.4
5.84
5.76
5.44
5.6
6.4
4.8
6.08
7.36
6.56
5.76
5.70667
6.4
5.28
6.88
4.96
5.92
6.56
6.56
3.52
6.4
6.08
4.48
5.6
6.08
5.12
6.24
5.44
4.96
4.8
4.88
4.96
6.08
5.12
4.48
4.96
4.32
4.96
5.28
6.72
5.76
6.08
5.6
4.96
5.28
4
6.88
6.32
6.08
5.28
4.48
6.88
5.28
6.4
3.2
6.56
5.76
6.24
7.04
5.44
5.76
6.88
3.84
4.8
6.4
4.8
6.08
5.28
5.44
5.92
5.6
6.24
5.28
5.28
3.2
6.88
6.08
4.96
6.56
6.24
5.44
6.72
6.4
6.56
5.6
5.12
7.84
6.72
6.72
5.76
8.32
6.56
3.04
5.6
4.8
6.56
7.04
6.08
6.08
5.76
6.72
5.6
5.92
6.4
6.72
7.2
6.24
5.6
5.6
6.4
7.04
3.36
6.4
6.56
6.16
5.6
6.08
7.04
5.6
4.96
6.72
6.72
5.12
6.08
6.4
6.08
5.04
7.2
7.68
6.88
5.28
6.4
4.96
5.76
6.72
7.36
6.56
6.24
5.44
5.92
6.24
5.44
5.92
6.24
3.04
6.88
5.92
5.76
6.56
5.12
5.92
6.72
5.76
5.92
6.72
5.28
4.96
5.6
6.08
5.92
5.76
5.76
5.6
3.2
6.72
6.24
5.76
5.65333
7.2
6.24
6.24
6.72
6.72
4.64
7.2
7.2
6.72
6.16
5.92
3.2
6.08
5.28
5.76
4.8
4.96
5.28
5.76
6.24
4.96
6.08
5.76
5.44
5.6
5.28
4.96
6.08
5.6
3.52
5.76
5.04
6.24
4.8
5.76
5.44
5.76
5.76
6.24
7.04
5.6
6.56
5.76
6.56
6.24
4.96
4.8
4.384
6.4
5.44
6.08
4.32
5.28
5.12
4.16
5.04
3.36
5.12
4.96
4.64
5.28
5.76
3.04
5.76
5.92
6.08
5.76
7.04
5.12
6.24
5.12
6.4
5.76
4
6.88
6.08
4.32
5.6
6.72
6.08
5.024
6.08
4.8
5.12
4.96
4.32
4.64
4
5.76
5.84
3.44
4.48
5.12
4.16
2.4
4.8
4
4.32
4.8
4.48
4.64
5.92
4.32
4.48
4.16
6.08
4.48
5.44
5.92
3.36
3.68
4.16
2.72
4.48
4.8
4.64
4.32
5.12
4.48
4.8
5.17333
5.12
3.68
5.12
5.6
4
4
5.12
5.12
2.88
4.64
4.64
4.64
4
3.2
4
4
3.68
4.16
4.96
4.32
5.6
4.16
3.84
4.16
3.84
5.12
3.84
3.84
4.96
4.64
5.28
5.12
4.16
4.64
3.52
3.84
4.64
4.16
3.52
3.68
4.16
4.16
4.8
5.92
4
2.72
3.52
4
4.64
3.84
3.52
4
5.76
4.16
4.48
3.84
2.72
4.32
5.44
4.16
4.32
3.68
4.64
4.32
4.48
3.52
3.84
3.04
4
5.12
3.84
4.16
3.52
5.6
4.16
3.2
4.64
4.96
5.28
4
3.84
5.76
4.32
4.32
2.88
5.6
3.52
4.16
4
4.8
4.48
4.64
4.48
4.16
4.8
4.48
4.8
4.32
4.48
4.8
3.36
4
3.36
3.04
2.24
4.64
4
4.16
1.6
2.88
4.32
4.8
3.52
5.12
4.32
4.96
3.84
4.32
4.16
3.84
3.84
4
4.48
1.92
5.44
5.28
3.84
3.68
3.84
4
3.84
5.12
4.16
5.12
3.04
3.84
4.32
3.52
3.84
3.04
4.16
4.48
4.64
1.92
3.84
3.84
4.16
3.68
5.12
4.32
4.16
4.32
4.48
3.52
2.88
3.52
4.64
4.48
4.64
3.36
3.52
4
2.56
4
4.48
4.64
4
4
3.84
5.28
3.52
3.2
4.16
4.48
3.36
3.68
4.48
4
2.56
4.32
5.12
3.84
2.4
4.32
4.32
4.32
3.68
3.68
3.36
2.88
4.48
4.96
3.68
4
4.96
3.84
3.84
4.64
4.48
4
3.52
2.24
4.16
4.32
5.12
4.8
3.68
3.52
3.68
4.96
3.36
4.64
4.32
5.12
4.32
4.32
3.68
4.32
4.24
6.08
3.04
3.2
1.28
3.68
4
3.2
3.84
3.2
3.68
4.8
5.28
3.84
4
4.48
4.64
4.96
4.32
4.16
2.88
3.2
3.52
4.96
4.8
4.24
4.64
4.32
5.12
3.68
4.64
3.68
3.36
5.12
3.84
4.16
4.48
3.2
5.12
5.12
2.08
2.88
4.48
5.28
4.64
4.8
4.64
2.56
4.16
3.36
3.68
4.8
3.52
3.68
5.12
5.12
3.2
4.16
1.92
4
4.48
4.48
5.12
3.2
3.68
4.8
4.96
4.16
3.84
3.04
4.8
4.32
4.64
3.36
4.16
4.48
4
3.04
2.08
3.52
3.04
4.16
4.64
4.32
3.84
3.84
4.32
3.68
5.28
4.64
5.12
4.72
4.64
4
4.24
1.76
3.36
4
4.48
4.48
3.68
3.36
4
3.52
4
4.96
3.04
2.72
4.64
4.64
5.44
4.32
3.2
3.52
4
2.72
5.44
4.16
4.8
4.48
4.64
3.68
3.84
3.52
4.48
5.44
3.84
3.68
4.48
3.68
4.24
4.96
4.48
2.24
4.16
4
3.36
4.32
3.52
4
4
4
4
3.84
5.28
4.96
3.84
3.68
3.84
4.96
6.08
2.4
6.08
4.64
4.48
4.64
3.84
4.96
4.32
4.16
4.16
3.84
4.48
5.6
5.12
4.8
4.16
4.48
3.04
4.88
4.64
3.52
4.48
4.32
5.6
4.8
4.32
4.64
4.48
3.2
3.84
6.24
4.96
2.88
4.96
3.52
3.84
2.88
5.44
4.32
4
4
5.12
3.68
4.16
6.24
5.12
4.16
4.64
3.68
4.48
4.8
4.24
2.08
4.72
3.84
4.48
3.36
5.44
4.48
4.48
3.84
5.44
3.52
3.84
4.16
3.68
4.8
3.92
4.32
1.6
4.8
4.32
4.32
3.84
4.10667
4
5.28
3.52
3.04
3.68
4.48
4.48
4.32
5.92
3.36
3.84
2.56
4
4
4.48
4.64
4
4.32
3.84
3.84
4.32
4.96
4.32
3.52
4.64
4
4.8
4.96
3.84
2.56
3.68
3.84
4
3.52
4.96
4.64
3.84
4.16
3.84
3.2
5.44
3.84
4.96
4.48
4.8
4
4
2.56
4
5.52
4.12
4.8
6.72
4.48
3.04
4.8
5.92
4
5.6
3.36
5.44
5.28
2.88
2.72
5.44
4.64
4.85333
3.68
4
3.68
4.8
4.64
6.56
3.52
6.56
4.64
3.68
4.32
3.68
4.4
4.56
4.64
4
4.8
5.12
4.16
6.4
5.6
5.44
4.8
4.88
4.16
4.32
3.2
4.96
5.12
4.32
2.88
5.44
5.28
5.2
5.76
5.6
4.16
4.32
5.76
5.6
4.64
5.44
3.68
5.28
4.8
3.92
5.44
5.28
6.08
3.84
4.96
4.16
4.85333
4.64
3.68
4.64
6.72
5.12
4.8
4.48
1.76
3.68
3.84
5.44
4.8
4.672
4.8
6.24
3.84
8.8
6.24
5.44
5.92
4.8
6.08
3.04
3.84
5.12
5.28
4.96
6.72
4.32
4.8
5.56
4.32
6.24
6.08
6.08
4.48
4.8
2.4
5.12
6.24
4.72
6.24
5.76
5.92
6.88
5.76
6.72
6.72
5.12
6.08
5.6
5.76
5.76
5.44
5.04
5.44
5.6
5.44
6.56
6.72
5.6
7.2
4.8
4.64
6.4
5.70667
5.92
4.32
5.12
2.56
6.4
3.52
5.76
4.48
7.84
5.36
6.24
5.44
5.92
4.8
4.96
5.28
6.56
5.92
6.24
3.68
6.08
5.12
5.6
6.4
4.64
6.18667
4.64
5.92
6.72
6.24
5.92
5.92
5.76
5.92
6.88
6.4
6.4
2.88
5.76
7.2
6.56
6.72
6.24
7.2
6.4
4.32
6.4
5.76
6.24
5.44
5.92
5.12
7.68
6.56
6.24
5.44
3.52
7.52
6.88
6.88
6.4
5.76
7.36
7.2
6.72
6.4
8.96
5.92
7.04
7.36
4.8
6.88
7.04
5.76
5.6
5.28
3.36
5.76
6.56
5.76
6.4
6.24
6.72
6.88
6.08
5.92
6.4
4.32
6.4
6.56
6.56
7.52
8.16
6.24
3.68
6.56
7.04
6.08
5.28
5.44
5.6
6.24
5.76
6.24
5.92
6.08
4.96
5.6
5.6
6.88
7.2
4.96
5.6
4.32
6.56
6.72
6.56
7.2
7.04
6.24
6.56
5.76
6.72
7.04
7.2
7.2
6.24
6.88
7.36
7.36
8.48
7.52
3.68
7.84
5.44
5.12
7.52
6.4
6.4
5.92
6.4
6.56
7.84
6.4
8.48
7.2
6.56
7.68
7.36
6.88
6.88
7.36
3.52
7.84
8
7.36
7.68
6.56
7.84
7.04
6.72
7.36
6.4
5.92
8
8.16
7.84
6.24
8.16
6.56
6.56
4.32
6.4
8
5.92
8.16
6.4
6.4
8.96
5.76
7.2
7.2
7.52
7.52
8
8.8
6.08
7.2
6.56
7.36
3.84
8.8
8.32
7.36
8
9.12
7.52
7.84
8.8
7.52
7.52
7.52
8.16
6.72
8
5.92
5.44
7.84
7.2
4
8.48
8.32
7.52
7.84
7.68
6.56
6.4
8
6.72
8.8
8
7.2
7.2
8.64
8
8
8
7.52
10.56
3.68
8.32
11.2
7.52
8.16
7.52
9.92
7.36
5.92
9.92
9.44
9.12
8.8
7.2
6.56
6.72
8.8
7.36
6.88
5.28
7.2
4.96
8.32
6.72
8.8
6.08
6.88
6.88
9.44
5.76
8
6.88
8.48
6.88
7.52
10.56
7.04
8.96
7.68
4.96
6.08
5.76
5.6
8.8
10.24
7.84
7.84
7.68
8.8
5.44
6.4
6.24
5.76
5.44
7.52
5.28
7.04
6.88
5.12
5.6
4.32
6.24
6.08
8.64
6.4
7.36
6.4
6.08
7.36
6.24
6.24
6.4
6.24
4.8
6.72
8
6.72
5.76
4.64
5.76
5.6
6.56
5.12
5.6
7.68
5.92
7.52
7.68
6.72
6.24
5.6
8.64
5.44
7.36
5.12
7.04
5.6
3.36
7.2
5.6
7.36
7.36
8
8
7.2
6.4
6.24
6.4
5.28
6.88
5.6
4.16
5.76
4
2.72
4.64
4
3.04
4.48
5.12
4.48
4.8
4.48
4.32
3.68
5.6
3.36
3.52
4.16
3.68
3.68
3.04
2.72
3.52
4
4.8
3.68
4.32
3.2
4.64
3.68
3.84
3.2
4
4.16
4.64
4.16
3.84
3.84
4.16
3.36
3.84
3.84
4.16
4.16
3.2
3.04
3.84
4.48
3.84
4.96
3.04
3.84
3.04
4
4.48
3.52
3.52
2.88
3.2
3.36
2.24
3.2
3.2
4
2.56
3.68
4.16
2.88
3.2
3.36
3.36
4.96
3.04
4
2.56
3.84
3.2
4
3.04
3.68
3.68
3.84
3.84
4.64
2.4
3.68
3.04
3.2
3.84
3.68
3.68
2.88
3.04
2.4
3.36
4.96
3.36
4.48
3.68
4
3.04
3.36
3.04
2.4
2.4
3.68
2.56
2.72
3.04
3.84
4
4.48
3.68
3.52
3.04
4.96
4
3.36
2.88
3.36
3.2
3.04
3.2
3.52
3.04
3.04
4.64
3.68
4.32
3.2
3.68
4
3.52
4.64
2.88
3.04
3.68
4.32
4
3.52
3.68
3.52
3.04
3.52
3.04
3.04
3.2
4.48
4
4.32
3.04
3.68
3.84
3.84
3.2
3.04
3.2
3.04
3.04
4.96
3.52
3.68
3.2
4
4
4.16
3.2
4.48
3.52
4.8
3.2
4.32
4
3.04
3.36
2.88
4
4.48
3.84
3.36
2.4
1.92
4
3.36
3.2
3.2
4
3.84
4.32
4.48
3.68
2.56
4
3.36
4
3.52
3.84
4
4.48
3.36
4.48
2.4
4.16
4
3.36
10.08
8.64
10.88
7.52
8.32
5.12
8.48
5.6
4.96
6.24
4.96
5.28
4.32
5.92
2.24
5.6
6.08
7.52
9.92
8.64
10.72
8.96
8.64
5.92
6.88
6.08
4.8
5.44
5.6
6.72
6.88
9.76
12.48
10.4
5.12
5.12
7.76
9.664
6.72
10.64
14.912
11.744
7.52
8.6
7.81913
9.06667
9.2
9.84
7.04
8.08
6.98667
8.32
5.54667
4.48
6.6
12.56
6.96
10.16
9.52
9.92
11
8.64
11.0933
9.4
10.16
11.2
5.70667
5.52
9.84
6.08
9.52
5.28
7.6
11.04
8.96
7.04
8.32
7.2
7.04
10.56
10.32
7.36
10.32
5.76
8.16
8.96
12.32
8.32
12.32
8.64
12.16
10.88
10.72
11.76
11.84
10.56
10.08
10.08
13.92
9.12
12.8
4.48
8.8
8.32
11.68
16
11.68
6.24
6.24
6.24
6.08
11.52
11.76
11.2
11.52
11.04
8.8
10
11.36
11.52
10.4
10.08
8.16
12
10.08
10.24
9.92
12.16
10.56
7.04
11.2
8.32
5.92
6.56
3.68
10.24
10.24
6.88
9.36
5.76
8.48
6.56
8.16
6.88
11.04
11.04
7.84
11.36
9.12
8.16
10.24
6.08
7.68
6.72
8.96
8.48
9.44
5.6
10.24
7.44
7.52
5.76
4.8
7.68
6.4
8
3.68
5.12
4.48
3.68
2.24
5.6
6.72
4.96
5.6
4.16
4.16
6.4
4.96
5.92
6.24
7.52
5.76
4.48
5.6
8.8
5.12
4.32
6.4
8.48
4.48
6.4
7.36
6.24
6.56
6.88
6.88
8.32
6.88
7.04
7.52
11.36
9.12
8.64
8.32
9.92
9.44
7.68
6.88
3.84
7.84
10.88
10.88
9.76
5.6
5.12
3.84
3.52
5.92
6.24
5.44
5.6
4.8
9.44
5.12
4.8
5.28
4
4.96
2.24
5.6
4.8
4.64
3.36
4.64
5.92
5.92
3.2
3.68
4.8
5.12
4.16
5.12
4.48
5.28
4.8
5.12
4.64
3.52
5.28
5.6
5.76
4.48
5.28
5.12
6.08
5.44
5.44
5.76
7.2
7.36
4.8
5.28
4.64
4.64
5.76
4.8
4.32
3.04
4.32
4.32
5.44
5.28
6.08
8.16
7.2
7.2
6.56
8.48
6.24
6.88
8.16
8.32
8
8.64
2.88
9.44
7.04
5.76
5.6
4.8
5.12
4
5.28
4.96
4.8
6.08
5.12
5.44
5.44
4.96
5.92
9.92
10.24
7.68
3.52
4.8
8
8.64
9.28
8.96
5.92
8.32
8
7.84
8.64
10.08
8.16
8.96
6.4
1.44
10.24
9.76
11.2
2.56
6.4
10.1867
9.28
8
8.96
9.6
10.08
8.48
10.08
12.16
9.76
6.56
8.96
9.6
9.44
6.88
8.8
5.44
11.2533
10.24
10.88
9.28
12
10.88
11.04
14.08
11.52
12.48
16.8
13.28
14.24
10.72
6.72
12.16
12.48
12.16
11.04
10.56
16.8
8.48
15.2
12.96
8
14.88
14.56
13.76
8.96
7.04
8.8
10.24
16
17.44
9.44
11.68
16.96
14.0914
12
12.16
5.76
12.6667
9.97333
8.32
9.68
9.52
9.6
14.08
11.52
6.02667
5.28
6.56
6.24
8.8
7.28
8
7.2
9.92
14.08
13.12
11.42
10.9689
8.8
10.24
8.8
8.64
6.56
14.88
12.8
12.96
6.24
12.48
13.6
11.2
13.744
18.4
19.04
17.28
10.48
7.52
6.88
9.12
8
7.44
10.88
12.96
11.36
12
12.48
11.2
5.12
7.2
7.2
8.8
6.24
5.6
5.44
5.92
4.96
7.04
7.36
6.45
4.72
3.52
3.6
6.56
8.48
6.13333
5.8
4.88
4.64
4.16
4.96
4
5.44
5.44
2.72
4.32
3.52
2.56
3.84
4.20571
4.64
5.28
5.12
6.24
3.52
2.4
4
4.8
4.8
4.96
6.24
3.84
5.44
3.36
2.4
2.43394
2.32
2.4
4.16
2.4
2.47856
2.34667
2.72
2.72
3.68
3.36
2.4
3.2
3.68
3.68
2.88
3.68
2.4
4
3.52
4
3.84
3.2
2.56
3.68
2.56
3.36
2.72
3.36
2.4
3.84
3.04
4.48
2.72
3.36
2.24
1.6
2.56
3.68
2.24
3.2
3.68
4.16
3.52
3.52
3.04
4.64
2.88
2.88
3.52
2.88
2.88
2.24
2.08
3.2
2.4
1.12
2.48
2.72
3.2
3.2
2.96
4.16
3.2
2.48
2.72
3.84
3.36
1.76
2.56
2.88
3.36
2.08
2.56
2.4
3.36
4
2.88
2.43705
2.52
2.34667
2.13333
2.4
1.81333
2.08
2.88
1.76
2.72
2.4
2.08
2.32
2.88
1.6
2.32
2.24
3.2
2.88
2.72
2.24
2.4
2.72
1.76
2.56
1.92
1.44
2.32
2.96
2.88
3.2
3.04
2.4
4.64
3.52
3.2
3.04
1.92
2.56
2.96
3.2
1.92
2.56
3.2
3.2
2.56
1.92
3.04
2.56
3.04
2.88
3.04
3.52
3.04
2.08
4
2.88
3.04
4
3.04
3.84
2.24
2.56
2.08
1.76
3.84
2.24
3.52
2.72
2.72
3.2
2.88
3.52
3.52
1.92
3.04
2.4
2.56
2.88
3.52
2.72
3.36
3.2
1.92
1.92
3.2
2.88
3.36
2.24
3.36
2.24
2.4
2.56
2.72
2.88
3.52
2.4
2.88
3.2
3.04
2.72
3.84
2.08
2.08
2.4
3.52
2.24
2.88
3.04
3.52
3.04
3.36
2.72
3.84
2.4
4.16
3.36
3.84
2.72
2.88
3.2
1.76
2.4
3.04
2.4
2.24
2.4
2.56
2.08
2.88
2.88
3.52
4
3.2
4.48
2.56
4.16
2.4
3.84
2.72
1.6
1.92
2.72
2.56
3.04
3.2
3.2
2.56
3.2
3.2
3.04
3.2
2.88
2.96
2.4
2.72
3.52
3.04
2
3.2
2.72
2.88
3.2
3.52
1.92
4.8
3.84
2.08
2.4
2.88
3.36
3.04
2.4
3.04
4
1.76
1.92
1.6
3.84
3.2
2.56
3.52
1.92
2.72
2.56
3.68
1.6
3.04
3.2
3.04
2.24
3.04
2.72
3.04
2.56
2.88
2.24
2.4
3.84
2.24
4
3.2
2.24
2.4
1.76
3.68
2.88
3.52
3.36
3.2
3.04
3.04
3.68
3.68
1.6
3.36
2.24
2.88
2.72
3.52
2.88
3.2
2.72
4
2.24
2.56
3.36
3.84
3.52
3.36
2.88
2.72
3.52
3.68
1.6
3.2
3.04
1.76
2.72
3.52
1.92
3.2
3.2
2.24
3.04
3.04
3.2
3.68
2.88
3.52
3.36
2.4
3.52
1.76
3.2
2.56
4
3.04
2.4
2.4
4.16
2.72
2.56
3.84
3.68
2.88
2.24
3.2
3.04
2.56
2.88
2.56
2.56
1.44
3.2
3.2
3.52
3.04
2.88
3.04
2.24
3.04
2.56
3.04
3.52
3.36
2.08
2.4
2.72
3.52
3.2
3.04
1.76
3.04
2.88
2.72
1.76
2.72
4.16
2.56
3.2
3.2
3.52
2.56
3.2
2.4
3.84
2.56
3.2
4.32
3.2
3.52
2.08
3.2
4.48
1.76
2.56
2.88
2.56
2.24
2.24
3.2
3.36
2.88
