5.88116
7.2
5.92
5.28
7.04
3.52
6.432
4.48
5.28
6.4
5.92
6.72
5.28
4.96
5.12
5.6
4.8
7.84
7.84
5.76
3.36
7.68
5.28
4.48
6.72
6.24
2.88
7.68
4.16
6.88
6.08
7.2
5.92
7.36
6.88
4.96
3.36
2.72
6.56
6.08
6.08
5.76
5.12
6.08
7.2
5.92
4.48
4
6.56
7.84
4.48
7.52
7.36
8.16
6.08
7.36
6.56
8
6.4
7.84
5.12
6.88
7.04
7.2
4.16
1.76
8.32
7.2
7.52
4.32
8.32
8.32
6.56
5.76
4.64
5.12
8.48
7.2
5.6
6.72
4
5.92
8.48
7.36
4.32
3.2
4.32
6.4
4.48
7.2
4.8
5.28
5.28
6.08
5.28
6.56
8.16
6.72
8
7.04
4.64
5.44
3.52
5.92
4.64
4.8
4.96
6.08
4.96
5.28
6.72
4.96
7.36
4.48
6.4
5.12
5.28
4.16
6.56
7.2
5.52
4.64
5.76
7.2
5.92
4.48
5.6
4.96
5.44
6.24
6.08
7.36
5.6
8
6.24
6.08
6.56
2.56
5.12
5.76
5.6
5.76
6.24
4.8
3.84
5.44
5.44
6.4
5.92
6.24
5.28
5.76
6.08
5.28
7.68
6.24
5.12
4
7.04
4
5.28
6.88
5.6
5.6
5.12
5.92
5.44
6.72
4.8
4.32
4.64
5.92
7.04
7.68
4.8
3.68
5.44
6.08
6.24
5.12
7.04
6.08
6.56
5.28
4.64
5.44
6.96
5.92
5.28
7.2
5.28
3.36
5.12
6.08
7.2
4.8
4.64
5.6
6.56
6.56
5.44
5.12
7.36
5.44
5.12
8.8
4.32
5.76
7.52
6.24
4.32
7.52
4.16
5.92
6.24
5.6
7.04
6.56
4.96
3.84
5.76
5.76
7.36
4.8
6.4
7.04
5.6
5.28
8.48
6.56
4.48
6.24
4.48
5.28
5.92
5.76
7.04
4.96
5.6
5.6
7.84
6.24
6.88
4.64
6.72
7.84
3.84
7.36
5.76
2.88
4.64
5.6
5.28
5.28
5.28
2.72
5.28
4.96
5.12
5.6
6.08
5.76
3.68
4.8
3.36
6.72
5.12
5.76
5.76
3.52
4.64
4.64
5.28
4.64
6.08
6.88
7.04
5.6
8.16
4.16
7.68
5.12
6.24
6.64
4.16
2.72
4.96
5.6
5.28
3.84
6.24
4
9.28
4.64
4.16
5.76
4.32
6.08
3.36
4.48
4
4.96
4
7.04
6.08
3.84
5.44
5.12
4.64
5.44
4.48
7.52
4.8
4.96
5.49333
6.88
6.56
3.52
5.28
6.56
3.84
5.6
5.6
4.64
5.28
5.12
5.12
7.36
4.96
4.8
4.48
5.76
5.12
4.16
4
5.92
3.68
5.28
4.8
5.6
3.52
3.52
4.8
4.32
4.48
4.32
4.32
4.16
4.48
4
3.68
5.28
4
4.32
4.64
4.48
3.84
3.84
6.08
2.4
5.44
3.68
4
3.2
4.32
4.96
3.2
4.64
4.96
3.36
4.96
3.52
4
3.68
3.52
4.32
4.32
3.68
1.92
4.16
4.32
4.48
3.52
4.32
4.48
4
3.52
4.16
3.52
3.84
4.32
3.36
4.32
3.36
3.84
4.32
3.68
3.68
3.84
3.68
4.96
4.16
3.04
5.6
4.48
4.16
4.16
3.2
3.52
4.96
3.84
3.84
4.32
4.96
3.68
4.32
2.56
4.48
3.68
4.32
4
3.36
5.76
3.36
4.16
3.68
3.04
3.04
4.32
3.84
3.52
3.68
5.12
3.36
2.56
4.16
3.68
3.36
4
3.84
5.28
3.36
3.68
3.84
3.68
4.32
4
3.84
3.52
3.84
3.84
4.64
4.96
3.68
3.2
3.84
3.2
3.84
3.52
3.36
4.16
3.52
4.32
3.04
3.36
3.84
3.68
4.32
3.52
3.52
3.04
3.2
4
1.76
3.68
4.8
3.04
3.68
2.56
3.36
3.84
5.28
4.16
3.2
3.36
3.36
3.84
3.92
3.68
4.32
3.52
3.52
2.72
3.68
3.36
3.68
3.04
3.04
3.36
3.84
3.36
4.32
4
3.84
3.36
4
4.96
3.52
3.84
3.84
2.08
3.68
3.52
4.8
3.52
3.36
3.04
4
4.16
4.08
3.04
3.52
3.68
4
4.16
3.36
4.96
2.56
1.76
2.88
4.32
4.16
3.36
5.28
3.2
3.36
4.32
4.8
3.73333
3.52
4.32
3.52
3.52
3.52
2.72
4
3.84
3.04
3.68
3.36
3.52
3.52
3.84
3.68
4.64
3.52
3.52
3.84
4.64
4.32
3.2
3.57333
3.52
3.73333
4.48
3.52
3.52
3.84
3.36
4.64
3.2
4.16
4
4.64
4.16
3.36
4.48
2.56
2.24
3.52
3.36
3.04
4.16
3.36
3.68
3.68
3.52
3.2
3.52
4.16
3.36
4.32
3.36
3.52
3.84
3.2
4
4.96
2.4
3.52
3.52
4.16
3.52
3.84
3.84
3.84
4.48
3.2
3.36
3.2
3.2
3.68
3.36
3.36
3.84
3.68
4.32
1.28
4.16
3.68
3.04
3.52
4
4.32
3.68
3.84
3.36
3.52
4
2.72
4.16
3.12
3.68
3.52
4
3.84
1.6
3.52
3.2
4
3.68
4
3.36
3.04
4
4.32
3.2
3.2
3.36
3.36
3.52
3.68
3.04
4.48
2.88
3.2
3.36
3.36
4
3.52
2.88
3.68
3.36
4.64
4
4
3.68
3.36
3.52
3.68
3.36
3.68
3.52
4.32
1.76
3.04
3.52
3.68
4
3.2
3.2
3.52
3.36
3.84
2.88
4.16
3.04
4.16
3.84
3.52
4.16
3.04
3.52
2.24
3.04
3.2
4.16
3.04
2.88
3.84
4.32
3.2
4
3.52
3.04
3.36
3.68
3.84
3.52
3.68
3.68
4
2.56
2.4
3.68
3.2
3.36
4
3.52
4.32
4.32
3.68
3.2
4.32
3.52
3.68
4
3.36
4.16
4.64
3.04
4.8
1.6
4.32
4.64
2.88
4
3.84
3.2
4
4.96
3.68
3.68
3.68
3.68
3.52
4.8
4.64
3.68
4.96
4.48
4.32
2.88
4.64
4.48
3.2
3.04
2.88
3.84
4.48
4.48
3.44
4.48
3.36
4.32
4
3.84
3.68
3.04
4.32
2.4
3.56
3.52
3.28
4.32
4.64
3.68
4.8
4.32
4.48
3.68
3.46667
3.84
2.24
3.36
3.84
3.36
3.84
3.68
4
4.16
3.2
4.32
4.16
2.88
3.52
4
3.84
3.52
3.36
3.2
4.08
3.2
3.84
4.48
4
2.72
4
3.84
4.4
3.2
3.68
3.04
4.16
4.48
3.68
1.92
3.36
3.84
3.52
4.64
4.64
4
3.36
3.52
3.92
4.32
4
5.44
3.52
3.36
2.88
4
3.04
4.64
4.8
4.16
3.68
3.52
3.36
4.32
3.52
4.16
3.84
4
3.36
4.16
3.28
4.32
4.16
3.36
3.84
3.84
4.64
3.36
4.16
4.24
4.16
4.32
4
3.36
4.64
3.52
3.84
3.2
2.4
3.52
2.88
4.32
3.84
4
3.2
3.84
3.36
5.44
3.68
4
3.36
4.32
3.36
3.84
4.32
3.36
4
4.96
5.12
4
4.16
4.64
4.16
4.16
4.64
3.84
5.12
2.88
4.48
4.64
3.04
2.4
4
4.8
4.32
4
2.88
4.32
4.48
5.44
4.32
4.64
4.48
4
3.2
4.08
3.84
3.36
4.32
1.92
4.48
4.48
4.8
4.8
5.12
4.64
3.52
4.32
4.64
4.8
4.32
5.28
4.64
4.32
3.68
5.6
5.12
1.92
5.76
3.84
4.96
4.64
3.84
4.32
4.8
4.48
3.84
5.12
4.16
4.32
4
3.04
3.84
4
5.44
4.16
3.68
5.28
4
4.16
4.32
4.8
4.8
3.52
4.48
4.96
4.48
4.8
4.48
4.8
4.8
5.44
4.64
5.44
1.44
6.4
4.32
4.64
3.84
4.8
5.44
6.08
5.6
4.32
4
6.08
4.64
4.96
5.28
4.64
3.52
4.8
4.16
5.44
4.64
4.16
5.12
4.64
4
6.56
4.8
4.72
3.12
2.88
6.08
4.32
2.72
5.76
5.12
5.92
3.84
6.56
6.24
5.76
5.44
6.4
5.92
5.44
5.44
4.64
5.6
5.52
6.4
3.52
6.56
5.12
5.76
4.32
6.24
5.44
6.08
6.50667
5.6
6.56
5.92
7.2
6.56
7.04
6.24
4.56
6.88
5.76
4.32
7.84
5.28
6.88
4.8
5.44
6.08
5.6
5.84
5.76
5.92
4.8
5.12
4.64
4.16
7.04
4.64
6.24
5.92
6.08
5.6
4.64
5.28
6.72
5.76
6.48
5.12
5.6
7.04
5.6
5.6
5.12
5.12
6.08
5.76
6.4
5.44
6.4
5.28
4.8
5.28
4.8
5.28
5.28
5.6
7.52
6.88
6.24
6.08
6.56
8
3.04
6.56
5.76
5.44
5.76
5.44
6.08
5.92
6.24
7.04
5.84
3.2
6.4
7.2
5.92
6.72
7.84
6.4
3.04
6.24
7.2
6.24
6.4
5.28
6.24
6.08
7.2
4.64
5.76
4.48
5.28
4.64
5.44
5.12
6.4
5.76
5.6
4
6.4
7.2
5.92
5.52
3.52
7.04
6.24
6.24
6.56
6.24
6.08
6.56
5.92
5.76
4.88
4.16
5.92
5.76
5.6
5.44
5.92
6.08
5.44
6.88
6.4
5.92
6.72
6.4
6.08
6.08
6.08
5.76
2.88
4.8
5.6
4.96
4.8
5.76
5.28
6.24
5.6
5.44
6.24
5.44
6.24
5.76
5.6
6.56
5.12
5.28
5.12
3.04
5.92
6.24
5.44
5.86667
6.56
6.88
5.92
6.4
5.76
4.96
4.8
5.28
6.88
5.92
6.4
3.52
5.92
5.6
5.92
7.2
5.28
5.28
7.04
5.12
6.72
4.48
5.12
5.44
6.08
7.04
5.12
3.2
5.6
3.36
6.08
5.04
5.28
6.72
6.08
5.6
5.28
4.48
6.4
5.92
5.76
6.08
6.72
7.84
5.12
5.6
5.92
4.64
3.36
4.64
4.8
4.96
5.6
6.08
3.68
6
4.8
4.8
3.68
6.24
4
4.96
3.52
4
4.32
5.44
5.12
5.92
5.12
5.2
5.44
6.24
3.84
6.08
5.44
6.88
4.8
5.28
4.8
4.64
4.288
6.24
6.56
5.28
6.56
4.96
4.96
5.76
5.12
4.32
5.2
6.56
6.24
6.08
3.04
5.12
4.48
4.32
4.64
4.16
4.32
5.12
6.56
4.4
4.32
5.12
4.8
4.8
5.76
4.48
5.28
5.28
2.24
6.08
5.28
3.84
4.16
4.16
4.96
4.64
4.21333
4.16
3.36
4.64
4.48
5.12
5.44
4.64
4.48
2.24
5.6
4.32
4.96
4.8
3.52
4.48
3.84
4
4.16
4.48
4.64
5.44
5.12
3.84
4.8
4.96
4.16
3.68
4.32
4.64
4.16
4.48
5.76
5.6
4.16
4.64
4.48
3.36
3.68
4.64
4.8
4.48
5.44
4.8
3.2
5.92
2.88
4.16
4.96
3.36
4.64
3.52
4.64
4.48
4.96
3.36
3.2
2.88
4.16
4.8
3.68
4.48
4
4.32
4
3.52
1.92
4.16
4.48
4
4.64
3.84
3.84
4.16
4.64
4
4.32
4.64
3.36
4.8
3.2
3.84
4.64
4.48
4.8
3.68
3.68
4.48
3.68
4.16
4.64
3.84
5.28
4.64
4.16
4.96
3.84
4.32
4
3.84
4
4.96
5.6
4.48
3.2
2.56
3.04
4.64
4.32
4
4.16
4.48
4.8
4.32
3.36
3.68
4
3.36
3.68
3.52
4
4.64
4.48
4.32
2.08
5.12
3.36
3.68
4.48
4.32
4.32
4.64
3.84
4.32
4.64
4
4.96
3.36
3.2
5.28
4
4.32
4
3.84
2.56
3.36
3.52
4.48
3.84
4.48
3.84
3.52
4.32
4.32
3.2
3.84
4.8
4.64
3.36
3.52
4.32
4
3.2
2.88
2.88
3.36
4.8
4.16
4.16
3.84
4.48
3.68
4
4.16
4.32
5.76
3.36
3.68
4.16
3.68
5.12
3.84
4.32
2.56
4.64
4.48
3.2
4
4
4.64
4.64
3.84
4.32
3.68
4.48
4.48
4.96
4.64
4
3.84
5.12
4.32
2.08
4.16
3.68
4.32
4.64
5.12
3.68
4.16
4.16
3.52
4.16
4.32
3.36
3.84
4.48
3.68
4.64
4.64
4
2.24
6.24
3.84
6.08
4.8
4.96
4
2.88
4.16
3.68
4
4
4
5.12
3.52
5.6
4
3.68
4.48
2.24
3.2
4.64
3.36
4.16
4.16
4.48
4.32
3.84
5.12
4.8
3.04
3.84
5.76
4.48
3.68
3.2
3.04
4.96
1.92
3.52
4.16
3.36
4.48
4
5.76
3.84
4.4
4.96
3.36
4.64
4.8
4.96
4.8
4
4.32
3.04
3.04
4.32
4.32
4.64
4.16
5.44
3.68
3.84
4
4.48
4
5.12
4.16
3.2
5.92
3.52
2.72
4.96
3.68
4
2.4
4
3.52
5.12
4.32
2.4
4.32
4
4.32
4.32
3.52
4.64
5.12
4.96
4
4.16
4.08
2.08
4.32
3.68
4
3.84
3.52
4
3.68
4.64
4.16
4.96
3.2
3.84
4.8
4.48
5.6
3.04
3.36
3.84
3.36
2.4
4.8
3.2
5.12
4.48
3.52
3.84
4.48
3.84
4.8
5.12
4.48
3.52
4.8
3.36
4.32
3.36
4.16
3.2
3.36
5.44
3.36
4.8
3.52
3.68
3.68
4.32
4.16
4.96
4.32
4.48
3.36
4.48
4.69333
4.48
4.48
2.08
7.52
4.64
6.08
5.12
3.68
5.76
3.2
4.64
4
4.64
4.64
5.76
5.76
4
5.36
3.84
3.12
4.88
4.64
3.84
3.84
5.6
4.8
5.28
4.32
3.36
4.32
4.48
4.48
4.96
4.32
4
5.6
3.68
4
2.56
5.12
4.96
5.12
5.76
6.56
4.64
3.52
3.52
4.64
4
6.08
4.16
4.64
3.68
3.76
2.56
4.4
4
4.16
4.16
4.64
4.8
4.8
3.04
3.84
4
4.32
4.64
4.32
4.32
3.68
5.12
2.4
5.12
3.68
3.68
4.64
4.8
3.04
4
5.76
4.8
4.48
3.84
3.36
3.52
4.32
4.8
4.32
3.52
4.96
4.08
5.44
4.48
4.32
4.48
4.64
3.52
4
4.64
6.08
3.68
3.92
2.88
4.8
3.84
4.96
2.88
3.04
4.64
3.84
4.32
4
4.48
4.16
4.16
4.32
3.36
4.64
4.8
4.16
5.6
4.32
3.36
4.64
1.92
4
4.08
5.16
4.8
7.04
4.32
5.28
3.68
4
4.96
3.2
5.6
5.12
2.72
4.48
3.04
4.32
4
4.42667
3.68
6.08
5.28
5.44
6.24
3.84
4.64
4
3.68
5.6
3.2
4.32
3.28
4.24
5.28
5.92
5.44
5.76
4.8
6.08
4.96
3.84
4
5.04
4.48
5.44
5.76
6.08
5.12
4.16
3.04
4.48
4.96
4.48
5.44
5.6
6.88
5.28
5.92
3.84
6.24
5.28
4.96
5.28
4.96
3.584
4.16
4.8
4.32
6.24
3.52
3.84
4.32
4.74667
4.64
3.36
4.96
4.16
4.8
6.08
4.48
1.92
5.44
5.92
5.28
6.08
4.352
4.64
6.24
4.96
4.64
7.2
4.96
5.28
4.16
3.2
5.92
3.68
4
6.08
4.96
4.48
5.44
5.6
5.48
5.12
5.28
4.16
3.68
5.12
4.16
3.36
3.68
4.48
6.64
4
6.08
5.12
5.6
4.64
6.4
7.2
5.44
5.12
5.12
6.24
6
5.28
4.72
6.88
5.28
6.08
6.61333
6.4
6.4
5.92
3.84
7.52
4.16
5.65333
5.28
6.88
3.52
2.08
7.52
5.76
5.28
4.8
7.2
5.68
8.32
4.8
5.6
5.28
7.52
7.52
5.6
6.24
6.24
3.2
4.96
6.4
7.04
5.28
7.52
5.81333
6.24
5.6
7.68
4.16
6.08
5.6
5.44
6.72
6.24
5.76
3.84
4.96
6.56
5.76
4.96
5.92
5.44
5.92
4.64
6.88
6.4
5.6
5.92
6.72
6.56
6.4
5.92
9.28
6.88
3.84
4.96
6.4
6.24
5.12
6.56
6.08
6.56
6.56
8.96
6.56
6.4
8.48
6.24
5.44
4.96
5.6
6.56
5.92
5.12
3.04
7.04
5.6
5.44
5.76
5.12
7.52
6.4
5.6
6.56
4.64
5.44
5.28
7.04
6.24
6.4
7.52
7.52
3.2
7.68
6.56
6.88
3.68
5.92
4.96
8
5.28
4.8
5.92
5.28
4.96
5.44
5.28
7.04
5.76
6.08
6.24
4.8
6.24
7.68
6.72
7.36
6.88
5.28
6.56
7.68
5.76
6.4
8.8
6.24
7.36
7.52
7.68
8
6.72
4.64
3.2
8
5.76
6.56
6.24
7.2
6.88
7.68
7.04
8.48
7.2
8.16
7.36
6.88
6.72
6.56
7.2
7.2
8
6.4
3.84
8
7.52
7.36
6.56
8.64
7.84
6.4
8.16
6.24
8.32
7.36
7.04
8.32
6.56
7.52
6.4
7.52
7.36
3.2
6.88
7.04
6.08
8.4
6.56
6.88
6.72
8.32
6.72
6.88
8.48
9.28
6.4
8.48
7.36
7.36
8.64
8.32
4.64
7.68
8.16
9.6
8.64
8.48
8.16
7.68
8.32
5.76
7.36
6.72
7.52
7.52
6.24
8.32
8.32
7.84
7.36
4.64
8
8.8
7.2
7.36
7.36
8
7.36
7.04
7.36
7.04
8.8
7.84
7.52
7.68
8.32
6.24
8.48
6.56
9.28
4.96
8.32
5.12
8.96
7.04
7.2
6.72
7.36
6.88
7.36
7.68
6.88
8.16
7.52
7.52
8.96
6.4
6.56
5.44
5.6
7.36
7.68
7.2
7.68
6.08
7.04
5.44
5.76
5.92
7.2
6.88
8.64
7.52
10.88
7.52
8.16
8.32
8.8
7.2
5.28
5.44
5.6
7.36
6.88
8.96
8.64
7.36
7.68
6.24
6.4
5.76
7.04
5.76
5.44
5.44
5.92
7.52
6.4
5.44
7.04
7.52
5.6
5.44
7.84
4.48
5.92
5.92
7.68
6.4
8.64
7.68
5.28
7.68
4
7.84
6.56
7.04
5.44
3.68
4.64
5.6
6.08
7.68
6.88
6.72
6.88
6.24
4.64
8.16
4.96
7.84
7.04
6.4
5.28
6.08
6.56
6.56
3.2
5.92
5.76
6.4
7.84
7.04
9.6
5.6
6.24
7.68
5.92
4.8
4.48
5.92
6.08
4.32
4.32
3.2
4.32
4.16
3.52
5.28
4.96
3.36
4.64
5.12
4
4.8
4.48
4.64
3.52
4.16
3.52
3.52
3.68
4.64
3.84
3.68
4.48
3.84
3.2
3.68
3.36
4.32
4
4
5.44
4
3.2
3.2
3.36
4
3.84
3.52
4.8
4.32
4.16
4.16
4
2.88
3.52
4.64
4.48
4.16
3.36
3.04
2.88
3.36
3.04
4.16
3.84
5.12
4.32
4
4.48
3.84
4.32
4.32
2.24
3.52
3.84
4.96
3.2
4.32
3.52
2.88
4.16
3.68
4.16
4
4.32
3.04
4.32
3.36
3.36
3.52
3.68
2.56
2.56
3.52
3.68
3.36
3.04
3.84
4
4.48
4.32
4.32
4.16
3.52
4
3.84
3.68
4.16
2.08
3.36
3.36
1.92
4.8
2.72
3.04
3.84
4.96
4.48
3.84
3.84
4.48
3.84
3.68
2.72
3.68
3.84
2.72
3.84
2.72
3.52
3.04
2.4
3.68
3.2
5.44
3.2
3.68
3.84
4
2.24
4.48
4.16
4
3.36
3.52
2.72
3.36
3.2
4.8
3.2
2.72
3.84
3.84
4.32
4.64
3.52
3.04
3.84
4
4
3.84
4.48
3.52
3.52
3.52
3.84
3.84
3.2
3.52
3.52
2.56
3.84
3.68
3.2
4.8
3.2
3.68
2.88
2.88
3.84
4
3.36
4.48
4.16
3.36
3.36
3.68
3.36
4
2.56
4.48
3.84
3.84
3.84
3.36
4
3.2
3.04
4
4.16
3.36
3.36
2.08
4
3.68
3.52
3.68
4
4.16
4.32
4.16
3.2
3.04
10.24
8.8
11.84
7.04
8.48
6.56
8.16
5.12
3.84
6.72
4.64
6.08
4.48
5.92
3.2
5.12
8.64
8.16
10.24
7.68
6.72
8.48
8
6.56
6.88
7.36
6.72
4.96
4.96
5.28
8
10.88
12.32
9.12
4.48
6.24
7.28
9.712
9.6
10.6133
14.72
11.648
6.88
8.24
7.73565
8.74667
10.8
9.2
7.94667
9.84
7.84
8.16
4.64
4.96
7.28
12.44
7.92
8.8
9.68
9.76
10.52
9.33333
12.3733
8.68
9.36
10.4
9.92
6.13333
4.72
9.6
4.32
12
5.12
7.48
6.08
9.76
10.4
6.88
8
7.36
9.12
9.36
9.44
10.24
4.32
9.12
10.88
10.4
8.64
12.96
14.72
10.24
10.56
12.16
11.68
10.24
12.48
11.2
9.76
12.48
8.64
11.68
4.48
10.72
10.08
12.8
14.24
10.72
6.4
6.08
6.08
7.84
8.96
12.72
10.56
11.2
10.72
11.2
11.44
11.2
11.84
10.4
10.56
10.08
8.16
10.24
10.08
6.4
11.2
9.6
8
8.8
6.4
6.4
8
4
8.96
8.16
7.2
8.48
8.8
7.04
7.84
7.2
8
8.16
11.36
8.64
10.24
7.84
11.04
7.36
7.2
9.28
5.12
10.72
11.04
7.04
9.76
7.2
8
5.12
5.92
7.36
8.48
5.28
5.28
5.76
4.72
4.16
4.48
2.4
4.32
4.64
3.52
6.08
6.4
4.16
4.32
3.2
7.68
7.2
5.76
5.28
6.24
5.76
5.28
5.6
7.04
6.72
4.64
2.88
5.92
6.72
7.36
6.88
6.4
6.08
7.36
6.08
6.88
8.64
7.04
8.64
8.16
10.56
10.24
8.96
9.44
11.84
3.04
9.44
9.92
7.84
8.8
8.32
8
7.2
5.12
4.48
4.16
5.6
6.08
4.64
6.4
4.8
5.44
5.6
5.28
3.68
2.88
6.4
4.16
5.44
4
4.32
3.68
4.8
5.6
4.96
6.08
4.32
3.68
3.36
3.68
3.68
5.44
4.32
5.28
2.72
3.68
5.44
5.76
4.16
6.08
2.72
5.92
6.4
4.48
5.12
4.96
4
6.4
7.2
5.12
7.36
4.8
5.6
5.12
2.56
5.6
5.6
5.28
4.8
4.8
4.96
5.12
5.28
9.6
6.24
5.92
9.6
7.84
5.6
8.32
7.28
4.32
9.28
8.16
9.28
8.64
6.56
5.92
6.56
5.12
6.08
4.96
4.32
5.12
4.8
6.56
4.32
6.08
5.44
5.12
5.92
4.16
10.72
8.32
7.68
7.04
7.04
9.92
10.4
6.4
6.08
7.04
8
6.56
9.6
7.52
9.76
8.32
8.8
9.6
4.32
8.96
10.1333
7.36
12.32
8.16
8.64
9.44
6.72
10.88
11.04
8.8
10.4
9.12
9.92
8.16
9.6
8.48
4.64
9.33333
11.84
12.32
8.64
10.88
11.68
12.16
11.04
12.96
10.72
16.64
15.36
16.32
12.32
6.4
12.48
12.16
13.76
10.08
10.72
9.76
10.72
15.36
12.64
12.32
14.4
17.44
18.08
12.8
10.4
7.52
9.28
7.52
16.48
7.2
17.44
18.72
13.6914
18.24
15.68
7.2
12.2667
12.6933
8.48
8.64
9.44
8.8
10.72
12.16
9.49333
5.92
5.28
5.92
6.08
6.88
6.88
5.44
7.2
12
12.96
10.86
12.1244
7.36
9.68
6.08
9.28
6.56
6.56
8.16
12.16
14.88
13.44
12.64
16.48
14.008
17.92
18.4
19.2
13.56
8.48
8.64
10.4
8.48
9.65333
13.76
12.8
11.52
12.64
6.24
5.28
7.84
6.56
8
6.4
6.08
5.44
5.28
5.6
7.04
9.28
4.8
7.12
6.16
6.04
3.44
4.8
5.44
8.48
6.18667
6.56
5.76
5.12
5.12
4.16
4.96
4.64
5.12
5.44
2.88
3.68
4.48
3.2
3.63636
4.48
5.28
4.64
6.56
3.36
2.88
5.44
5.44
3.84
5.6
5.28
4.64
5.28
3
2.41939
2.88
2.24
1.76
2.08
2.72
3.52
3.52
3.2
2.50476
2.56
4
4.16
3.68
3.52
4.8
2.72
2.4
3.68
3.52
3.36
1.76
4.96
2.88
3.52
2.4
3.04
3.04
3.36
4
4.16
3.2
3.04
3.68
3.04
3.2
3.2
3.84
4
2.08
2.24
4
3.68
3.2
3.04
2.08
3.2
4
3.84
3.04
3.68
2.88
1.6
2.4
3.36
3.6
2.72
4
2.72
3.36
4.16
2.56
3.04
2.72
3.04
3.04
2.72
3.2
3.2
1.28
2.56
2.4
1.76
3.04
2.4
2.56
2.24
2.4
2.24
3.36
2.4
2.24
2.44667
2.44
2.08
2.4
2.52
2.66667
2.36
2.56
2.72
2.24
2.56
2.88
3.6
2.16
3.36
1.44
2.82667
2.72
2.08
2.72
2.56
1.97333
1.76
2.4
2.4
1.76
2.4
2.48
2.64
3.52
2.72
2.24
3.68
2.24
3.52
2.4
3.04
3.2
5.12
3.36
4.32
3.04
2.24
3.52
3.84
1.6
4.32
2.88
1.92
2.4
2.08
4.64
2.08
2.24
3.04
3.04
4.32
2.4
3.52
3.2
2.08
3.84
2.72
2.72
2.08
4.32
3.04
3.36
3.2
3.36
2.24
3.04
1.44
2.4
3.36
3.2
3.04
2.56
2.88
3.52
2.56
3.04
3.2
3.84
1.28
3.52
2.72
3.36
3.04
2.24
3.68
2.72
2.4
3.04
3.04
2.4
2.56
3.04
2.72
3.36
3.68
2.88
2.72
1.44
2.88
2.88
2.72
2.88
3.2
2.4
2.56
2.56
3.2
2.4
2.72
3.52
2.08
2.24
3.04
3.04
2.72
3.52
1.6
2.56
2.88
2.72
2.88
2.24
2.24
2.24
2.56
2.56
3.04
2.08
3.84
3.36
2.24
3.2
3.04
3.04
3.04
1.6
2.24
3.68
3.04
2.88
3.52
3.52
2.88
2.72
3.36
3.2
3.04
3.76
3.36
4.16
2.24
3.04
2.96
2.72
3.36
2.4
2.56
2.88
2.88
3.04
2.56
3.2
2.72
2.56
2.72
3.2
3.84
2.56
1.76
3.68
4.16
2.08
2.72
2.4
3.04
3.2
3.04
2.72
2.88
2.24
2.72
3.36
2.64
2.88
1.92
3.04
3.04
3.36
3.04
3.2
2.24
2.08
2.88
2.88
3.36
2.72
3.36
4
3.68
2.08
3.36
3.2
2.88
2.56
3.44
3.36
2.08
2.88
2.56
2.24
2.08
4.16
2.88
2.56
1.6
2.72
2.72
2.4
2.72
3.2
3.36
3.36
3.04
3.68
2.56
4
3.04
2.56
1.6
2.72
2.24
2.56
3.36
1.92
3.04
3.68
3.04
2.56
2.88
2.56
4.32
2.4
2.4
2.72
2.4
3.2
2.88
2.88
3.04
4.32
3.2
2.4
2.4
3.04
1.44
1.6
3.68
2.72
3.04
3.04
2.88
3.52
3.2
2.88
2.24
3.36
3.52
2.72
3.36
2.88
2.72
1.76
3.04
4.16
2.08
2.24
2.88
3.36
2.4
3.68
2.24
4.32
2.08
2.24
2.24
2.56
2.24
3.04
2.56
2.72
3.84
2.08
3.2
2.24
2.24
3.2
2.56
3.84
3.68
2.4
3.2
2.88
2.08
2.56
2.72
2.24
1.76
4
3.2
2.56
2.88
4
3.68
4.16
3.36
2.88
3.04
4.48
