0
47000
0
0
0
0
0
0
1000
0
0
0
0
0
0
1007
0
0
0
0
0
999
0
955
459
581
0
0
999
0
1005
0
997
0
0
0
0
0
1000
0
331
677
617
0
374
0
914
918
167
0
1
999
0
0
0
589
1
416
0
0
0
995
0
0
1002
700
1003
0
1002
738
995
1004
1001
996
1948
1051
0
237
1999
999
1000
2001
0
0
730
998
201
1995
0
1003
0
1001
1001
996
1003
996
1004
999
147
439
564
998
1002
1000
999
1000
339
992
267
843
162
996
2999
314
2686
1000
0
599
404
0
38
1002
0
1000
1000
1002
1000
1003
999
1002
998
1000
1003
0
5997
2000
905
95
1002
998
1001
0
0
0
199
0
803
998
1005
999
999
998
1002
1002
476
1004
0
1000
998
2998
2001
999
0
1001
0
1001
2998
1000
1001
0
0
1000
0
2705
294
1000
2000
0
2002
0
0
279
998
1001
1000
1001
43
1004
0
683
999
1113
514
1002
1999
854
147
998
1000
166
836
2001
0
474
945
1514
1067
750
254
997
1000
1000
1001
31
1003
0
998
1002
1000
810
1005
0
996
1001
1000
998
1000
1002
0
2002
998
0
1000
271
733
997
1002
410
131
1000
1000
1002
1000
998
1001
999
1000
3999
0
1000
0
1001
0
1000
1001
1002
996
1003
0
1002
1003
995
1000
999
1001
1001
1001
999
999
1001
0
1002
999
0
2001
999
1002
0
0
2998
1000
1000
0
330
672
999
1000
1000
1001
1003
621
1000
1
101
904
1999
0
1001
654
1251
0
1004
0
563
2001
0
999
765
1237
0
1003
0
998
2000
999
2003
0
968
1028
1002
0
1001
1005
994
999
1000
1002
0
1003
999
1001
998
999
999
1001
1998
4000
4000
980
21
0
999
3000
1000
1000
819
182
0
999
226
777
0
0
167
0
833
998
58
243
175
829
1005
0
1001
764
1002
0
999
1003
90
996
23
1005
0
998
1000
1002
1086
915
1003
997
1031
980
1021
501
796
1222
1422
0
965
1003
1002
998
1032
1001
1000
967
1001
994
2151
0
2045
0
803
878
1538
0
466
658
906
1003
1367
715
794
824
1994
0
2990
0
0
1228
0
959
1297
745
719
3493
0
0
1332
2346
0
0
1037
0
971
1070
996
1428
1011
2939
0
0
1262
505
483
363
1071
926
1782
0
412
2527
0
0
1646
0
995
1996
0
1157
2822
0
0
1446
0
732
187
1817
1767
0
1043
339
387
397
964
1052
784
1562
0
2308
0
1323
560
462
1213
0
992
2413
0
2700
0
0
869
584
482
982
1135
897
420
334
1745
0
2136
0
2141
0
1194
1450
0
3062
0
0
979
1034
1073
852
2075
0
186
3026
0
0
1821
0
602
391
2750
0
1291
0
920
1005
1039
956
1689
0
1638
0
1334
3062
0
0
3592
0
0
0
869
813
1025
930
1345
485
108
1000
649
7872
0
0
0
0
0
0
0
1131
1345
13
993
1007
1032
961
2508
0
1491
0
5047
0
0
0
0
990
1000
1003
1445
1321
290
1602
0
3141
0
0
3114
0
0
2278
0
0
742
1734
0
688
1037
962
1000
536
3796
0
0
0
976
5818
0
0
0
0
0
915
1004
1034
1847
150
1661
3063
0
0
1354
0
594
299
366
3707
0
0
0
1292
868
98
1000
7506
0
0
0
0
0
0
0
889
1099
988
1304
213
520
525
4018
0
0
0
4801
0
0
0
1184
0
1039
0
59
1998
0
1919
0
2452
0
0
2323
0
4162
0
0
0
1023
1037
0
1233
732
155
999
1000
577
9638
0
0
0
0
0
0
0
0
0
762
1008
1000
1034
1901
1469
0
1615
0
1537
933
284
3416
0
0
0
707
830
2821
0
1102
0
281
416
5444
0
0
0
0
0
705
220
954
2444
0
2746
0
0
953
659
483
4726
0
0
0
0
2462
0
0
938
882
1000
3611
0
0
0
392
3934
0
0
2348
0
0
725
999
992
2422
0
904
3635
0
0
1038
0
1036
1128
915
690
3953
0
0
0
3611
0
0
0
1262
213
964
1035
963
2535
0
1466
0
3956
0
0
0
1315
0
992
1040
1042
434
610
2729
0
2367
0
0
1077
2648
0
0
917
3430
0
0
912
909
545
708
740
5732
0
0
0
0
1305
0
963
1041
1107
165
1182
0
270
6702
0
0
0
0
0
1306
0
991
1010
1078
912
1000
4702
0
0
0
2703
0
0
4485
0
0
0
0
812
1008
992
2192
0
1000
1000
717
823
8069
0
0
0
0
0
0
0
1115
0
1009
0
1034
1033
1000
606
7031
0
0
0
0
0
0
0
1009
1001
962
2329
0
1
3880
0
0
0
1273
0
959
1000
292
2959
0
0
1416
0
1072
1697
0
796
2596
0
2421
0
0
1474
1066
1730
0
1486
0
2065
0
89
53
1000
8671
0
0
0
0
0
0
0
1336
0
991
1011
1009
1044
64
1000
1000
130
7680
0
0
0
0
0
0
0
1391
0
991
1011
1042
1055
2084
0
0
917
453
1000
1000
1000
605
8467
0
0
0
0
0
0
0
684
855
999
2185
0
0
290
2073
0
2521
0
1602
0
802
3085
0
0
2339
0
1402
2023
0
1033
0
1035
1036
926
2044
0
876
1000
1000
621
7668
0
0
0
0
0
0
0
937
1008
1001
1037
1554
898
1000
5823
0
0
0
0
0
1185
0
1043
0
1
2871
0
894
235
3342
0
0
0
734
875
963
3691
0
0
1192
1714
0
1548
0
1000
2949
0
0
1052
0
1681
0
2956
0
0
948
996
1002
961
2017
0
1000
610
452
179
6322
0
0
0
0
0
1360
0
992
1011
996
1001
1040
994
769
2807
0
2031
0
736
627
670
920
1930
1067
0
238
4682
0
0
0
0
949
1417
118
929
1034
1150
740
2441
0
0
3337
0
0
1065
0
992
1009
1001
1031
1034
0
1086
1033
3671
0
0
0
1497
0
854
1006
1106
929
1244
913
3969
0
0
0
1105
0
1153
816
1096
861
2766
0
1372
0
1281
1273
946
2853
0
0
1020
1160
0
1009
0
1014
1176
315
1
575
4990
0
0
0
0
949
495
527
295
745
891
852
2043
0
2446
0
0
866
1281
3104
0
0
1221
0
991
1009
1001
1034
1031
793
2383
0
2466
0
0
1017
1043
1551
2468
0
0
978
1124
1152
1313
0
963
1074
1083
2144
0
672
640
1144
742
1000
1094
32
3011
0
0
1083
0
938
1187
870
935
918
1339
4395
0
0
0
0
806
1001
997
1034
1137
822
46
45
4734
0
0
0
0
1385
0
992
1010
998
1002
998
1067
1395
872
716
2897
0
0
1460
0
926
593
1865
1284
0
1105
988
412
24
1000
1000
3891
0
0
0
1241
0
991
1011
999
1044
1058
926
109
3202
0
0
1402
0
990
1038
1115
889
959
1977
1438
0
1356
754
3636
0
0
0
839
1010
1025
1005
1735
1502
0
1655
1050
0
2885
0
2113
0
1002
0
1010
1064
926
2448
0
1183
1039
1128
2628
0
0
974
1457
1185
0
893
850
770
4920
0
0
0
887
1118
0
994
1041
590
525
2020
0
4439
0
0
0
0
787
1042
1031
926
1839
0
3110
0
0
1141
0
1045
0
958
174
3113
0
0
3994
0
0
0
1012
0
1007
998
1027
1000
1037
926
458
4840
0
0
0
0
1346
1053
0
992
1042
1001
1257
249
804
1000
4208
0
0
0
795
1007
1027
1004
1004
416
810
2928
0
0
1390
0
1032
891
1993
0
897
100
220
5682
0
0
0
0
0
942
1009
1001
1035
997
959
2015
0
2039
0
1222
1923
0
1593
0
991
1035
1453
1000
3979
0
0
0
1482
0
924
1458
0
2168
0
961
919
880
124
2491
0
0
822
693
6649
0
0
0
0
0
1113
244
999
1012
0
999
1000
1073
1684
579
916
428
3788
0
0
0
2528
0
914
1097
1746
0
581
1073
164
4222
0
0
0
0
857
1009
1035
956
2251
0
83
2364
0
1023
0
1027
2399
0
0
2038
0
831
1122
508
7267
0
0
0
0
0
0
0
768
1009
1028
1074
888
1236
0
809
5665
0
0
0
0
0
1008
1091
277
959
2155
0
1675
1168
2761
0
0
2217
0
1012
1009
0
1000
2114
0
0
3872
0
0
0
1274
0
963
1038
1504
209
1000
12
5223
0
0
0
0
2688
0
622
515
489
828
1071
752
155
1000
606
5566
0
0
0
0
3757
0
0
0
1097
836
614
713
912
4206
0
0
0
792
1000
1000
6089
0
0
0
0
0
612
174
912
1041
0
1245
402
1515
0
4424
0
0
0
1285
0
560
3088
0
0
1296
85
1030
1754
0
3724
0
0
0
441
2305
0
0
2061
0
717
2689
0
1032
1816
0
673
2309
0
2037
0
1690
0
1350
1213
866
156
4096
0
0
0
4968
0
0
0
0
942
998
1001
1030
122
1
2709
0
0
852
4134
0
0
0
1006
0
1036
759
1720
1241
3301
0
0
0
3323
0
0
3149
0
0
1166
1106
0
954
1000
2123
0
336
1303
0
972
2565
0
0
351
743
4836
0
0
0
1835
0
3002
0
0
1480
0
1102
1086
269
1120
0
267
999
8152
0
0
0
0
0
0
0
1176
1226
0
1042
0
1276
1215
421
536
3402
0
0
2312
0
0
794
1030
450
680
3088
0
0
1327
390
5238
0
0
0
0
1232
1250
0
890
455
1910
0
1923
0
1804
0
1078
1395
1015
1000
2288
0
0
805
2705
0
0
2415
0
547
788
1019
837
1605
0
1006
1
4516
0
0
0
1051
1432
423
110
840
7137
0
0
0
0
0
0
0
1038
0
1067
998
1349
49
1000
325
4890
0
0
0
1321
0
803
1021
190
1785
25
1002
3843
0
0
1174
0
983
1008
992
1000
1000
3536
0
0
0
2980
0
0
898
972
1066
926
1000
5
641
8591
0
0
0
0
0
0
0
1415
0
1009
0
1034
1000
347
2452
0
1075
0
763
1302
1683
1000
4594
0
0
0
0
2992
0
0
711
779
961
965
1086
1068
479
937
163
1000
7584
0
0
0
0
0
0
1421
0
1009
0
1037
1064
1038
656
788
4266
0
0
0
0
4199
0
0
0
933
682
956
964
168
3190
0
0
3376
0
0
1144
0
992
1122
877
5042
0
0
0
0
1022
0
1009
1065
1048
660
934
3220
0
0
0
852
1032
1004
1580
3019
0
0
444
561
841
1228
1109
1247
1207
565
5163
0
0
0
0
1218
0
963
1038
962
217
4737
0
0
0
1270
0
992
1009
1038
1065
929
1001
959
1384
0
1550
1954
0
1148
0
1039
0
1002
1108
926
1614
1811
0
1451
1086
0
964
1041
997
1000
1000
514
1464
465
676
1128
778
769
2473
0
1354
54
2099
0
906
1002
1000
1000
1000
1106
894
1000
1031
969
1000
1000
1000
1031
969
1000
1000
1684
742
850
757
958
1149
0
1005
0
1001
1000
999
1000
999
1002
1000
999
998
1000
1003
998
999
1001
1001
999
999
1001
1000
1000
999
1001
1000
1000
1001
1000
1002
997
999
1001
1002
999
998
1001
1000
1000
999
1001
1000
1000
998
1003
998
1000
999
1003
998
1000
1001
999
1000
1001
998
1002
1000
999
999
1001
1000
1000
1000
1000
1000
999
1002
998
1000
1001
1000
998
1001
1000
1000
999
1001
999
1001
999
1001
999
1001
999
1001
999
1001
999
1001
876
1002
0
1000
1000
1001
1140
0
1003
0
999
7
1000
999
471
998
1000
196
995
1001
1000
1001
999
1000
1000
1001
999
1000
1000
1001
999
1000
1000
1001
999
1000
43
1002
0
1000
1002
999
1000
1000
1001
1000
998
1001
1000
1000
1001
999
999
1001
999
1001
999
1001
999
1001
999
1001
999
1001
999
1001
999
1001
999
1001
999
1001
1000
1000
999
1069
0
1003
0
1000
999
1001
999
1001
999
1001
999
1001
999
1001
999
1001
999
1001
999
1001
999
1001
1000
1000
999
1001
999
1001
38
1000
1002
0
999
1001
1000
1000
1000
1002
998
1000
1000
1002
998
1000
1000
1002
998
1000
1001
1000
999
1000
999
1002
1000
999
999
1001
1000
1000
999
1001
1000
1000
999
1001
1000
999
1000
277
1001
0
1000
1000
1000
1000
1000
1000
1000
1000
1000
1000
1000
1000
1000
1000
1000
1000
1000
1000
1000
1000
1000
1000
1000
1000
1000
1000
1000
1000
1000
1000
1000
1000
1000
1000
1000
1000
1000
1000
1000
1000
1000
1000
1000
1000
1000
1000
1000
1000
1000
1000
1000
1000
1000
1000
1000
1000
1000
1000
1000
1000
1000
1001
999
1000
1000
1000
1000
1000
1000
1000
1000
1000
1000
1000
1000
1000
1000
1000
1000
1001
1032
1001
0
1000
1000
1000
1000
1000
1000
1000
1000
1000
1000
1000
1000
1000
1000
1000
1000
180
999
1001
1000
999
1000
1001
999
1000
940
1060
1000
1000
1000
890
924
1186
1000
1001
999
1000
1000
1001
999
1000
1000
1001
999
1000
1000
1001
999
1001
212999
1000
1000
1592
1154
1254
1000
1000
1001
999
1000
1000
1001
999
1000
1000
1001
999
1000
1000
1001
1746
1253
1000
1001
999
1000
1000
1001
999
1000
1000
1001
999
1000
1000
1001
999
1000
1000
1001
999
1000
1000
1001
999
1000
1000
1001
999
1000
1000
1001
999
1000
1000
1001
999
1000
1323
1178
1499
1000
1000
1001
999
1000
1000
1001
999
1000
1000
1001
999
1000
1000
1001
999
1000
1000
1001
999
1000
1001
1000
999
1000
1000
1001
999
1000
1000
1001
999
1000
1000
1001
999
1000
1000
1001
761
1238
1000
1001
999
1000
1000
1001
999
1000
1000
1001
999
1000
1000
1001
999
1000
1000
1001
999
1000
1000
1001
999
1001
999
1001
999
1000
1000
1001
999
1000
1000
1001
999
1000
1000
1001
999
1000
1000
1001
999
1001
999
1001
999
1000
1000
1001
999
1000
1000
1001
999
1000
1000
1001
999
1000
1000
1000
1000
1000
1000
1001
999
1000
1000
1001
999
896
1105
999
1000
1000
1000
1001
999
1000
1000
1001
999
1000
1000
1001
999
1000
1000
1001
999
1000
1000
1001
999
1000
1001
1000
999
1000
1000
1001
999
1000
1000
1001
999
1000
1000
1001
999
1000
1000
1001
999
1000
1000
1001
913
1088
998
1001
999
1000
1000
1001
999
1000
1000
1001
781
1219
999
1001
999
1000
1000
1001
999
1000
1000
1001
999
1000
1000
1001
999
1000
1000
1001
999
1000
1000
1001
999
1000
1000
1001
999
1000
1000
1001
999
1000
1000
1001
999
1000
1000
1001
999
1001
999
1001
999
1000
1000
1001
999
1000
1000
1001
999
1000
1000
1001
999
1000
1000
1000
1000
1000
1000
1001
999
1000
1000
1001
999
1000
1000
1001
999
1000
1000
1001
999
1000
1000
1001
999
694
1307
999
1000
1000
1000
1001
999
1001
999
1001
999
1000
1000
1001
999
1000
1000
1001
999
1000
1000
1001
999
1000
1000
1001
999
1000
1000
950
1050
786
1061
1013
847
1293
995
1005
1000
1000
1000
1001
999
1000
1000
1001
999
1000
1000
1001
999
1000
1000
1001
999
1000
1000
979
1021
1000
1000
1001
999
1000
1000
1001
999
1000
1001
1000
999
1000
1000
1001
999
1000
1000
1001
999
1000
1000
1001
999
1001
999
1001
999
1000
1000
1001
999
882
1119
999
1000
1000
1000
1001
999
1000
1000
1001
999
1000
897
1103
1000
1000
1000
1001
999
1000
1000
1001
999
1000
989
1011
1000
1000
1000
1001
921
1079
999
1001
999
1000
1000
1001
999
1000
1000
1001
999
1000
1000
1001
999
1000
1000
1001
999
1000
1000
1001
999
1000
1000
1001
999
1000
1000
1001
999
1000
1000
1001
999
1000
1000
1001
999
1000
1000
1001
999
1000
1001
1000
999
1000
1000
1001
999
1000
1000
1001
999
1000
1000
1001
999
1000
1000
1001
999
1000
1000
1001
999
1000
1000
1001
999
1000
1000
1001
999
1000
1000
1001
999
1000
1000
1001
999
1000
1000
1001
999
1000
1000
1001
999
1000
1000
1001
979
761
955
1304
1000
1000
1000
1001
999
1001
999
1001
999
1000
1000
1001
999
1000
1000
1001
971
1028
975
1025
1000
1000
1000
1001
1000
999
1000
1001
999
1000
1000
1001
999
1001
999
1001
999
1000
1000
1001
999
1001
999
1001
999
1000
1000
1001
999
1000
1000
1001
999
1000
1000
1001
999
1000
1000
1001
999
1000
1000
1001
999
1000
1000
1001
999
1000
890
1110
1000
1000
1000
1001
0
0
1
0
0
0
0
0
0
0
0
0
0
1
0
0
0
0
0
0
0
0
0
0
0
0
0
0
0
0
0
0
0
0
0
0
0
0
0
0
0
0
0
0
0
0
0
0
0
0
0
0
0
0
0
0
0
0
0
0
0
0
0
0
0
0
0
0
0
0
0
0
0
0
0
0
0
0
0
0
0
0
0
0
0
0
0
0
0
0
0
0
0
0
0
0
0
0
131
91
51
11
0
0
0
0
0
0
0
0
0
0
0
0
0
0
0
0
0
0
0
0
3606
3566
3526
3486
3446
3406
3366
3326
3286
3246
3206
3166
3126
3086
3046
3006
2966
2926
2886
2846
2806
2766
2726
2686
2646
2606
2566
2526
2486
2446
2406
2366
2326
2286
2246
2206
2166
2126
2086
2046
2006
1966
1926
1886
1846
1806
1766
1726
1686
1646
1606
1566
1526
1486
1446
1406
1366
1326
1286
1246
1206
1166
1126
1086
1046
1006
966
926
886
846
806
766
726
686
646
606
566
526
486
446
406
366
326
286
246
206
166
126
86
46
6
0
0
0
0
0
0
0
0
0
0
0
0
5812
5772
5732
5692
5652
5612
478
738
846
930
896
704
2136
2096
2056
2869
2829
2789
0
5889
5849
5809
5769
5729
5689
6177
6137
6097
6057
0
0
22171
22131
22091
22051
22011
21971
21931
21891
21851
21811
21771
21731
21691
21651
21611
21571
21531
21491
21451
21411
21371
21331
21291
0
12454
12414
12374
12334
12294
12254
12214
12174
12134
12094
12054
12014
11974
0
29014
28974
28934
28894
28854
28814
28774
28734
28694
28654
28614
28574
28534
28494
28454
28414
28374
28334
28294
28254
28214
28174
28134
28094
28054
28014
27974
27934
27894
27854
0
0
50427
50387
50347
50307
50267
50227
50187
50147
50107
50067
50027
49987
49947
49907
49867
49827
49787
49747
49707
49667
49627
49587
49547
49507
49467
49427
49387
49347
49307
49267
49227
49187
49147
49107
49067
49027
48987
48947
48907
48867
48827
48787
48747
48707
48667
48627
48587
48547
48507
48467
48427
47504
47464
47424
47384
47344
47304
47264
47224
47184
47144
47104
47064
47024
46984
46944
46904
46864
46824
46784
37747
0
2030
1990
1950
61018
60978
60938
60898
60858
60818
60778
60738
60698
60658
60618
60578
60538
60498
60458
60418
60378
60338
60298
60258
60218
60178
60138
60098
60058
60018
59978
59938
59898
59858
59818
59778
59738
59698
59658
59618
59578
59538
59498
59458
59418
59378
59338
59298
59258
59218
59178
59138
59098
59058
59018
58978
58938
58898
58858
58818
58778
58738
58698
58658
58618
58578
24411
24371
19876
1636
9306
9266
9226
9186
9146
9106
9066
9026
8986
1744
1704
0
19777
19737
19697
19657
19617
19577
19537
19497
19457
19417
19377
19337
19297
19257
19217
19177
19137
19097
19057
19017
31762
31722
31682
31642
31602
31562
31522
31482
31442
31402
31362
31322
31282
31242
31202
31162
31122
31082
31042
31002
30962
24722
8864
8824
8784
8744
8704
8664
8624
8584
8544
12068
12028
11988
11948
11908
11868
11828
11788
0
8687
8647
8607
8567
8527
8487
8447
8407
6845
6805
6765
6725
6685
6645
6605
9733
9693
9653
9613
9573
9533
9493
9453
9413
2983
2943
2903
8888
8848
8808
8768
8728
8688
8648
11152
11112
11072
11032
10992
10952
10912
10872
10832
10792
10752
10712
10952
10912
10872
10832
10792
10752
10712
10672
10632
10592
10552
13805
13765
13725
13685
3423
3383
3942
3902
3862
3822
3110
3070
5526
5486
5446
5406
5366
5326
1759
1719
3401
3361
3321
3281
0
2616
2576
1686
1646
21666
21626
21586
21546
21506
21466
21426
21386
21346
21306
21266
21226
21186
21146
21106
21066
21026
20986
20946
20906
20866
20826
12378
12338
12298
12258
11855
11815
2861
2821
2781
4417
4377
4337
4297
4257
11856
11816
11776
11736
11696
11656
11616
11576
11536
11496
11456
11416
7531
7491
17575
17535
17495
17455
17415
17375
17335
17295
17255
17215
17175
17135
17095
17055
17015
16975
16935
16895
1725
5811
5771
5731
5691
5651
5611
2388
2348
2308
11780
11740
11700
11660
11620
11580
11540
11500
11460
11420
11380
11340
4788
882
485
385
3599
3559
3519
3479
5523
5483
5443
5403
5363
5323
269
1740
1700
125
212
0
3
0
0
0
0
1
0
0
0
0
0
0
0
6
0
0
0
0
4
0
0
0
0
5
0
0
0
0
1
0
0
7
0
0
0
0
8
0
0
0
0
4
0
0
0
0
8
0
0
0
0
0
0
0
8
0
0
0
0
6
0
0
0
0
5
0
0
0
0
5
0
0
11
0
0
0
0
9
0
2
0
0
10
0
0
0
0
6
0
0
0
0
5
0
0
12
0
0
0
0
9
0
0
0
0
6
0
0
0
0
0
0
0
12
0
0
0
0
5
0
0
0
0
9
0
0
0
0
3
0
0
0
0
0
0
0
6
0
0
0
0
3
431
783
230
783
433
959
649
0
0
0
0
0
12
0
5
0
0
10
0
0
0
0
0
0
0
0
0
8
0
0
0
0
2
0
0
8
0
0
0
0
2
0
0
0
0
1
0
0
0
0
0
0
0
9
0
0
0
0
5
0
0
0
0
4
0
0
0
0
1
0
0
0
0
4
0
0
8
0
0
0
0
4
0
0
0
0
3
0
0
0
0
0
0
0
7
0
0
0
0
6
0
0
0
0
2
0
0
0
0
1
0
0
0
0
1
0
0
6
0
0
0
0
4
0
0
0
0
7
0
0
0
0
2
0
0
8
0
0
0
0
4
0
0
0
0
6
0
0
0
78
1218
1178
506
586
78
259
0
0
8
0
0
0
0
3
0
0
0
0
201
684
348
421
780
262
1768
1728
376
1674
1634
72
601
610
512
109
0
0
0
0
0
0
0
0
363
546
0
2025
1985
1945
52
2605
2565
2525
651
290
897
0
2970
2930
2890
2889
271
74
2374
2334
2294
1
956
3419
3379
3339
3299
1264
1224
3885
3845
3805
3765
3617
3577
3537
3497
1865
1825
1202
1162
0
6134
6094
6054
6014
5974
5934
5784
5744
5704
5664
5624
5584
0
7742
7702
7662
7622
7582
7542
7502
7462
906
839
3632
3592
3552
3512
3584
3544
3504
3464
934
1179
1139
1438
1398
12826
12786
12746
12706
12666
12626
12586
12546
12506
12466
12426
12386
12346
9546
9506
9466
0
1920
1880
2145
2105
0
13957
13917
14378
14338
14298
14258
14218
14178
14138
14098
14058
14018
13978
13938
13898
3800
3760
3720
3680
277
1740
1700
896
3582
3542
3502
3462
5962
5922
5882
5842
5802
5762
10536
10496
10456
10416
10376
10336
1842
1802
0
6787
6747
6707
6667
6627
6587
6547
9480
9440
9400
9360
9320
9280
9240
9200
9160
9120
1071
1031
1074
1034
0
18835
18795
18755
18715
18675
18635
18595
18555
18515
18475
18435
18395
18355
18315
18275
18235
18195
18155
18115
15609
15569
15529
15489
602
91
7668
7628
7588
7548
7508
7468
7428
7388
7393
7353
7313
7273
7233
7193
7153
7113
355
5065
5025
4985
4945
4905
4865
5731
5691
5651
5611
5571
5531
1834
1794
0
1713
1673
1824
1784
0
3330
3290
3250
3210
204
3093
3053
3013
2973
0
0
0
3
0
0
0
0
3
0
0
7
0
0
0
0
11
0
0
0
0
6
0
0
0
0
0
0
0
0
0
0
0
0
8
0
0
0
0
7
0
0
0
0
1
0
0
0
0
0
0
0
7
0
0
0
0
6
0
0
0
0
5
0
0
0
0
8
0
0
0
0
0
0
0
6
0
0
0
0
5
0
0
0
0
6
0
0
0
0
0
0
0
9
0
0
0
0
7
0
0
0
0
7
0
0
0
0
1
0
0
0
0
1
0
0
11
0
0
0
0
6
0
0
0
0
3
0
0
0
0
1
0
0
11
0
4
0
0
6
0
0
0
0
5
0
0
0
0
2
0
0
0
0
6
0
0
11
0
1
0
0
7
0
0
0
0
3
0
0
0
0
2
0
0
15
0
0
0
0
9
0
0
0
0
10
0
0
0
0
2
0
0
0
0
2
0
0
11
0
0
0
0
8
0
0
0
0
5
0
0
0
0
1
0
0
15
0
5
0
0
10
0
0
0
0
4
0
0
0
0
2
0
0
0
0
4
0
0
11
0
3
0
0
7
0
0
0
0
6
0
0
0
0
7
0
0
13
0
2
0
0
11
0
0
0
0
7
0
0
0
0
3
0
0
0
0
1
0
0
10
0
0
0
0
3
0
0
0
0
2
0
0
0
0
3
0
0
10
0
0
0
0
7
0
0
0
0
4
0
0
0
0
4
0
0
0
0
0
0
0
7
0
0
0
0
8
0
0
0
0
4
0
0
0
0
8
0
0
8
0
0
0
0
10
0
0
0
0
12
0
0
0
0
4
0
0
0
0
6
0
0
7
0
0
0
0
7
0
1
0
0
3
0
0
0
0
2
0
0
13
0
1
0
0
10
0
2
0
0
8
0
0
0
0
6
0
0
0
0
3
0
0
12
0
1
0
0
8
0
0
0
0
4
0
0
0
0
3
0
0
13
0
0
0
0
12
0
0
0
0
5
0
0
0
0
4
0
0
0
0
5
0
0
13
0
2
0
0
6
0
0
0
0
5
0
0
0
0
0
0
0
6
0
3
0
0
10
0
0
0
0
5
0
0
0
0
4
0
0
0
0
1
0
0
10
0
5
0
0
7
0
0
0
0
7
0
0
0
0
1
0
0
12
0
0
0
0
7
0
0
0
0
7
0
2
0
0
4
0
0
0
0
4
0
0
9
0
0
0
0
8
0
1
0
0
6
0
0
0
0
2
0
0
8
0
0
0
0
7
0
0
0
0
7
0
0
0
0
4
0
0
0
0
0
0
0
14
0
0
0
0
5
0
0
0
0
3
0
0
0
0
2
0
0
10
0
0
0
0
14
0
2
0
0
7
0
0
0
0
5
0
0
0
0
1
0
0
6
0
1
0
0
8
0
4
0
0
2
0
0
0
0
2
0
0
7
0
2
0
0
10
0
0
0
0
6
0
0
0
0
1
0
0
0
0
0
0
0
10
0
2
0
0
11
0
3
0
0
2
0
0
0
0
3
0
0
7
0
0
0
0
5
0
5
0
0
8
0
0
0
0
5
0
0
0
0
0
0
0
6
0
0
0
0
3
0
0
0
0
4
0
0
0
0
5
0
0
13
0
0
0
0
10
0
0
0
0
4
0
0
0
0
5
0
0
0
0
0
0
0
6
0
3
0
0
10
0
0
0
0
1
0
0
0
0
3
0
0
9
0
0
0
0
8
0
0
0
0
9
0
0
0
0
4
0
0
0
0
0
0
0
10
0
0
0
0
12
0
0
0
0
6
0
0
0
0
3
0
0
14
0
4
0
0
16
0
0
0
0
6
0
0
0
0
3
0
0
0
0
1
0
0
14
0
0
0
0
11
0
0
0
0
7
0
0
0
0
4
0
0
8
0
1
0
0
8
0
0
0
0
7
0
0
0
0
4
0
0
0
0
7
0
0
9
0
0
0
0
11
0
0
0
0
10
0
0
135
1126
2125
3125
4125
5125
6125
7125
8125
9125
10125
11125
12125
13125
0
4653
4613
4573
4533
4493
0
