0
49000
0
1000
0
0
273
1727
0
0
0
1000
1003
0
997
0
724
77
203
282
630
1
0
0
1
1084
0
1897
1
102
0
0
0
999
0
1002
0
243
1
757
996
0
136
774
93
771
228
0
0
194
806
0
0
0
0
998
0
0
0
0
1004
0
0
1000
998
0
0
998
0
0
1003
0
0
0
1000
1004
997
997
1001
339
991
590
537
999
1000
1001
999
1002
998
473
1000
1003
0
1004
959
1000
959
44
998
659
839
998
1000
1000
1000
1001
1001
999
1001
0
246
1002
0
1001
998
1001
907
2963
37
0
970
32
1002
677
3321
1000
1
113
889
0
1003
0
999
189
1002
0
758
1001
0
1002
999
999
1000
1001
1001
1001
999
1000
1003
0
1000
1000
1000
2557
2440
0
0
1000
2001
0
999
1001
0
1001
999
1002
675
1
1001
1000
1000
999
689
1001
0
1000
1003
44
833
998
1001
1999
999
1000
1002
0
999
1002
1998
751
1001
0
1000
2999
0
966
37
1004
0
999
999
1001
1000
1001
275
1162
0
1002
0
365
1002
999
0
621
2220
768
12
1000
235
768
1005
0
996
1003
267
1000
1002
0
999
1999
246
756
999
1002
1000
1001
0
1000
904
1574
425
63
1004
1000
0
311
693
997
1001
1002
997
1001
1000
1000
717
128
877
1005
0
998
1001
1002
995
2999
1000
0
1000
2000
1000
0
1000
238
765
998
1005
998
1000
997
1000
1000
1000
1001
999
1000
1000
1000
1
1002
999
1000
195
808
1002
0
999
1000
1000
1000
1003
997
1000
1000
1000
1002
42
957
1
574
920
3000
0
340
275
385
1000
1001
1001
114
996
1000
266
623
378
825
1000
2401
1000
0
1001
0
1002
155
1003
997
558
445
998
1004
997
1999
999
1002
0
999
1005
997
1349
1000
686
318
1007
0
998
996
1002
1002
812
867
143
893
1002
0
1003
1001
1000
1002
1001
997
1001
1002
996
998
999
1001
999
1000
1001
1002
999
1000
793
995
1005
998
1001
998
1001
1000
999
1003
1001
998
1000
1001
997
1000
1001
1002
998
526
196
575
393
396
992
1007
1002
1001
997
1001
999
997
1000
1000
999
1000
1001
999
999
1001
1001
1001
1001
1001
998
1000
1000
1001
258
1007
0
1002
1004
998
999
1000
999
998
999
1000
1001
999
1000
1002
1000
999
999
1002
1000
998
1000
1000
1002
998
1000
268
1008
0
998
1003
998
1000
998
999
1003
999
999
999
1002
999
1000
999
1002
998
1000
1000
1002
998
1000
1001
1001
1000
1000
1000
1003
997
1072
0
1007
0
1000
1001
1002
998
1000
1000
1002
998
1001
1000
1003
998
419
1009
0
1001
999
1000
1001
1000
1143
857
1000
1000
1000
1000
1000
1027
974
1027
972
1000
1001
1000
999
1000
1000
1001
998
1001
999
1002
998
1001
999
1003
998
1001
999
1002
998
1002
998
999
1000
999
1000
999
1001
999
999
1000
1002
998
1000
1000
1002
998
1000
1000
1031
969
1000
1000
1002
998
1000
1000
1005
1027
2056
0
0
1022
930
1000
999
1002
998
1001
999
1002
998
1001
1001
1000
998
1000
999
1002
999
1000
999
1002
999
1000
1000
1001
999
999
999
1003
998
1001
999
1001
1032
967
1000
1000
1069
959
972
1000
1003
997
1000
1000
1000
1001
297
987
1008
1001
1000
998
1001
1000
999
1000
1002
999
999
999
1001
1031
968
1000
1001
1000
999
1001
1000
999
999
1000
1002
999
999
1000
1003
1004
993
1006
996
999
1001
998
1002
999
999
1007
995
1004
1027
1738
1471
0
1132
1241
161
999
996
1007
1001
1000
998
1001
1001
1008
1022
999
968
1001
1000
999
1000
1001
1000
999
1033
1000
1000
1003
965
1271
763
996
1038
933
1000
999
1000
1001
1030
1001
969
999
999
1001
1001
999
999
1001
1001
1032
967
1000
1178
879
536
864
2109
0
1177
1482
1009
0
1008
1001
1000
1000
1003
997
1001
999
1114
938
981
996
971
1000
992
2383
0
1640
0
1009
0
1001
999
999
1001
1002
998
1000
1001
1001
997
1001
1001
1002
1917
685
391
995
1009
1000
1035
965
1194
1062
742
1357
1467
0
1009
0
1001
999
998
1002
1248
1248
1163
1473
0
860
1009
1628
1448
0
914
1031
1212
1433
1395
0
335
84
2026
0
1028
1905
0
1023
736
939
1241
1364
0
1008
0
1002
998
1306
1104
1594
0
990
1006
1112
1728
1261
0
890
1034
852
785
1211
788
999
1000
1001
1000
999
1001
999
999
1002
999
998
1001
999
1001
999
1003
997
1000
1002
998
1001
1002
997
1000
1000
1002
1000
1000
999
1002
999
1000
1002
998
1000
904
986
1006
1002
1000
998
1000
999
1001
1001
999
1003
998
1000
999
1000
999
1002
1001
1000
999
1000
999
1000
1000
1001
1000
999
999
1003
998
999
1001
1000
999
1002
1000
999
1011
0
998
1003
1003
997
998
1002
999
1000
999
1002
999
1002
997
1002
1001
1002
995
1002
1000
999
1003
1000
998
1000
1002
1000
998
1000
1001
1001
998
1000
1001
1003
998
1001
998
999
999
1003
1000
1001
1120
0
949
1054
0
998
1006
1000
998
1001
1003
997
999
1003
1000
56
1005
0
1003
1002
997
1000
14
1000
998
1001
1001
998
1000
1003
999
998
1000
1001
1001
998
1000
1001
1004
997
998
1001
1001
998
1001
1000
1001
998
999
1003
1000
998
119
989
1006
1000
999
1000
1002
49
1007
0
1000
1001
999
999
1001
1000
999
1000
1003
998
999
1001
1001
999
999
1000
1000
1002
1000
999
1003
1000
1065
0
1007
0
1000
1002
997
1001
999
1000
1000
1001
999
1000
1001
999
1001
999
1003
1000
1000
997
1000
1002
999
999
1001
1000
999
1000
1001
1000
999
1000
1001
1002
997
1000
1001
1000
999
1000
1001
1000
1001
998
907
990
79
1007
0
1000
1000
1000
1000
1000
1000
999
134
1020
1005
0
1002
1000
1001
1000
1002
1000
997
1001
1000
1000
999
999
1001
1001
999
999
1001
1001
999
999
1001
1001
1000
998
1001
1001
999
999
1001
1003
998
998
1001
1001
1001
997
1001
1001
1000
999
1000
1002
998
366
986
1008
999
1001
1000
1001
998
1001
1000
1001
1000
998
998
1001
1000
344
1008
0
1000
1000
1001
999
1004
996
1000
999
1002
1000
999
999
1001
1001
998
1001
1006
226
290
997
999
1004
1002
57
985
1010
999
999
1000
1002
1000
998
341
698
995
1007
1002
1000
999
1000
1001
1000
316
1008
0
1002
1002
1108
0
1202
0
1007
0
1002
1285
0
1009
0
999
1001
1000
1001
1001
998
1000
1003
996
1001
1000
1001
998
1001
1001
1000
1000
999
1000
1002
999
999
1000
1003
996
1001
1002
999
999
1000
1000
1001
998
1002
999
1000
1000
1001
1000
1001
997
1002
1000
1000
1177
0
1008
0
999
1001
1137
0
1008
0
1001
999
1002
1000
998
1000
999
1001
1000
1083
0
1010
0
998
1002
1019
1007
0
1002
1006
995
998
1001
1002
999
999
1002
1110
108
995
1003
1005
998
999
1000
1003
998
999
1000
1002
998
999
1000
1001
1000
1000
998
1001
1000
1002
998
1000
1000
1000
1001
1000
999
1000
998
1002
999
1018
0
1002
999
60
1008
0
1001
998
999
1002
999
1000
999
1003
997
999
1002
998
999
1001
999
999
1001
1000
1001
998
1001
1000
31
1002
0
1002
51
1004
0
1000
1001
1001
998
1000
999
1000
1001
1000
999
1000
1001
1002
997
1000
1001
1000
999
1000
1001
1000
999
1000
1000
1003
999
1000
1000
1001
998
1001
1002
1000
997
825
151
44
1005
0
1002
999
998
1107
0
1004
0
27
10
988
19
86
1004
0
93
938
71
1204
18
1000
926
83
992
1004
1000
1002
12
999
1000
999
1000
1000
1052
24
1004
0
1004
998
999
1001
1000
998
1002
999
1001
998
220
437
786
218
998
117
1097
1100
1066
0
1005
0
1001
999
29
1002
0
1006
0
999
65
995
1001
1101
0
1007
0
1003
996
999
1006
994
1001
1000
1001
998
1001
999
1002
998
1001
999
112
991
1004
0
1001
999
1001
1112
0
1005
0
1000
1000
999
1001
999
1001
1000
1000
999
1001
999
1000
1000
1001
998
1001
1000
1000
930
1156
13
1003
0
1000
1000
1001
1000
999
1000
1001
999
20
1001
0
1002
1000
1000
1001
1001
196
993
1000
1002
1208
0
1005
0
998
1000
1001
1000
999
1000
1001
1093
0
1004
0
999
1000
1001
1001
998
1000
1179
0
1003
0
1002
1000
68
995
1002
1000
1000
1000
1000
1000
1000
118
995
1001
1001
1001
999
1001
999
999
1000
1000
999
1000
1000
1001
999
1000
1000
1001
999
13
1002
0
999
1000
1000
1001
999
1000
1000
1001
999
1000
1000
1001
144
1001
0
1001
999
1000
1000
1001
999
1000
1000
1001
128
87
381
792
1067
41
161
1001
0
1000
1000
1001
999
1000
1000
1001
8
1001
0
1001
1028
1000
1002
0
999
1000
1000
1001
999
1000
1000
1001
999
1000
1000
1001
999
1000
1000
84
1000
1001
0
1001
999
1000
1000
1001
999
1000
1000
1001
999
1000
1000
1002
1000
998
1000
1001
999
1000
1000
1001
999
1000
1000
1001
152
1000
693
1128
1000
1001
0
1001
999
1000
1000
1001
999
1002
998
1003
41
850
150
1205
1000
1001
0
1001
143
1000
1002
0
999
1000
1000
1001
999
1000
1000
1001
999
64
999
1131
126
263
214
1180
0
1001
0
1001
1001
998
1000
1001
999
1000
1000
1001
999
1000
1000
1002
55
1001
0
1001
999
1000
1000
1002
998
1026
1002
0
999
1000
1000
1002
1000
999
1000
274
1003
0
999
1001
999
1142
0
1002
0
1000
1001
974
225
732
543
1075
1000
1002
0
1001
169
1000
974
921
1106
0
1003
0
1000
999
1000
1217
881
121
989
1033
1001
0
1001
1001
1131
1000
1003
0
1000
999
1002
999
999
999
1000
1001
999
1000
1000
1001
999
1001
1001
998
1000
1001
0
1001
999
1000
1000
1001
999
1061
0
1001
0
1209
0
1001
0
1000
1000
1001
999
1000
1000
1001
999
1000
1000
1001
999
1000
1000
1001
1255
0
1002
0
999
1000
1000
1001
1126
0
0
0
0
9
0
0
0
8
0
0
0
0
0
0
0
0
0
0
3
0
0
0
6
0
0
0
0
0
0
0
10
0
0
173
0
266
418
863
455
549
878
492
513
786
338
506
150
118
0
5
0
0
0
2
0
0
0
3
0
0
0
8
0
0
1
6
0
0
1
8
0
0
0
0
0
0
3
0
0
0
5
0
0
0
2
0
0
0
10
0
0
0
4
0
0
0
8
0
0
0
7
0
0
1
0
0
0
3
0
0
0
4
0
0
0
2
0
0
0
1
0
0
0
4
0
0
0
6
0
0
0
5
0
0
5
0
0
0
0
0
0
0
0
0
0
0
8
0
0
0
5
0
102
333
188
208
0
0
6
87
79
464
521
0
2325
2295
2265
534
539
892
827
432
542
0
3185
3155
3125
3095
9
2154
2124
2094
2391
2361
2331
900
1433
1403
923
528
939
724
979
1214
0
1675
1645
1629
1599
9
2219
2189
2159
2883
2853
2823
485
852
0
3449
3419
3389
3359
7540
7510
7480
7450
7420
7390
7360
7330
783
76
700
7909
7879
7849
7819
7789
7759
7729
7699
6039
2333
587
675
1963
1933
5537
5507
5477
5447
2498
2468
1257
1227
708
2773
2743
2713
6098
6068
6038
6008
5978
5948
5918
1957
1927
1087
2582
2552
2522
0
6300
6270
6240
6210
6180
6150
6120
0
0
0
7233
7203
7173
7143
7113
7083
7053
7023
0
1154
1124
0
5
754
1660
2259
3009
3674
4482
5268
6020
6771
7279
2853
0
0
0
310
1307
2307
3307
4307
5307
6307
7307
8307
9307
10307
11307
12307
13307
14307
15307
16307
17307
18307
19307
20307
21307
22307
23307
24307
25307
26307
27307
28307
29307
30307
31307
32307
33307
34307
35307
36307
37307
38307
39307
40307
41307
42307
43307
44307
45307
46307
47307
48307
49307
50307
51307
52307
53307
54307
55307
56307
57307
58307
59307
60307
61307
62307
63307
64307
65307
66307
67307
68307
69307
70307
71307
72307
73307
74307
75307
76307
77307
78307
79307
80307
81307
82307
83307
84307
85307
86307
87307
88307
89307
90307
91307
92307
93307
94307
95307
96307
97307
93785
94719
101477
101447
101417
101387
101357
101327
96760
97759
98759
102226
102196
102166
104713
104683
104653
105511
106511
107511
108511
109511
110511
111511
112511
113511
114480
111048
112016
108397
115080
115050
115020
114990
114960
114930
111547
111517
111788
114577
114547
114569
