0
54000
0
0
0
1000
1003
998
0
0
0
0
1000
0
0
0
0
1006
0
0
0
997
0
0
0
0
2002
0
994
0
0
1001
0
0
0
0
0
463
1536
0
0
1000
0
1002
0
0
0
752
1
0
0
1
0
0
0
134
120
0
991
0
0
0
0
0
1002
0
0
1001
0
0
0
998
1003
996
0
987
14
1003
0
1001
1002
652
275
727
999
1003
1000
999
1003
1000
0
1001
0
1002
1001
980
477
1
1001
0
447
1275
0
2999
0
1000
1002
0
2998
0
1000
893
1107
953
47
1002
0
1002
1001
999
998
999
1000
1002
1002
1000
1997
0
812
2043
0
2001
0
0
1002
1003
0
1002
0
1001
999
2000
997
1000
1001
0
1001
1001
1002
1002
1994
999
1000
1002
998
1000
1
1002
1002
1001
997
1000
2178
1000
0
1000
1002
0
1000
1000
1001
1000
1001
383
1000
1001
999
1001
0
1000
1001
1905
1094
0
1004
999
997
1001
0
1000
1001
1001
1002
1995
1000
686
316
1000
1000
1000
664
1276
690
435
1010
0
997
584
71
85
277
1004
1000
0
2529
156
98
603
1452
0
2000
1198
800
313
689
1002
0
999
39
1002
0
1000
998
1002
2997
1000
0
1001
1002
0
998
1001
2998
0
679
322
998
1004
1002
2993
0
1000
1
1003
999
999
1003
0
1000
998
1287
0
83
909
2996
0
1
1004
0
1001
996
1002
0
999
1000
1001
1002
998
603
1393
0
1005
998
0
314
1997
0
223
1058
0
576
995
1003
501
1378
0
1004
0
1005
0
1001
999
997
512
1002
0
1001
1000
406
2004
0
1004
0
998
1004
1001
997
998
226
997
1003
329
676
109
992
1000
80
1094
0
1185
0
770
554
386
190
410
187
507
151
996
1002
1003
999
998
1000
1002
1000
1000
999
1002
1000
999
536
1003
0
1001
1001
535
71
174
1162
0
44
661
1230
0
1008
0
999
1000
1001
1000
998
1001
998
1004
998
1000
1000
1000
998
1002
1000
1003
52
1009
0
1000
1002
1000
998
1003
999
998
1001
64
33
993
1005
1003
652
871
460
286
996
994
1010
297
991
996
1006
284
411
992
1009
999
1000
1000
1002
998
999
1001
1001
999
1001
999
1002
806
1466
0
1085
712
679
243
521
544
485
634
641
990
1010
1000
1001
998
1001
1120
677
651
561
173
55
332
1158
0
1012
0
999
260
988
1160
572
592
816
1312
1000
1008
0
1004
999
999
1271
0
1011
0
998
1003
998
1001
999
1265
0
186
153
322
1005
793
1515
0
1290
0
1012
0
704
361
148
179
120
997
996
1278
0
697
666
1517
70
657
550
1042
0
646
676
1642
0
314
1175
1000
1011
0
998
1002
999
1001
998
1003
998
1002
998
1001
999
1001
999
1001
1000
1000
1001
1000
1000
1000
998
1002
1001
998
999
1002
324
391
854
1004
1005
998
1006
996
1000
1325
0
177
444
999
290
997
994
1007
1002
1000
654
502
100
1160
0
1282
0
1280
0
1014
0
130
1088
0
1301
0
1015
0
996
1000
1000
1003
997
1000
999
1005
995
1002
999
1000
997
1002
1001
999
998
267
984
566
620
29
670
466
548
277
710
1297
0
692
547
1051
0
1010
0
1002
99
989
681
859
418
872
1001
1007
999
1002
999
1255
0
1012
0
139
534
39
43
1001
0
1009
1001
999
1000
1000
1001
999
1001
1002
997
1000
999
1001
1001
999
999
556
615
84
596
503
96
18
563
423
994
1007
1001
722
1514
0
711
1509
0
1009
0
1001
999
1001
999
284
1398
0
1011
0
1001
999
999
1001
1000
1001
51
1003
0
1008
998
1002
998
1002
1002
998
999
1001
1000
1000
1000
1001
1221
0
270
995
1011
0
222
975
1001
563
685
9
179
470
462
726
738
1012
0
998
1002
1000
313
121
84
1010
0
1000
999
1000
1000
236
978
998
1009
999
657
467
575
443
681
784
488
998
1010
0
1000
1000
999
732
515
997
1222
0
804
1203
0
805
1202
0
1261
0
1033
1282
0
266
430
417
218
1094
675
1121
0
1010
0
1267
0
245
1000
991
1009
999
1001
1001
999
999
1002
999
1000
1000
1000
1000
999
1000
1000
1002
998
1001
1000
713
593
92
1188
0
639
395
992
309
995
1277
0
705
1196
106
993
1005
508
735
35
654
766
507
999
1008
1000
1002
998
1001
1000
1001
998
1000
1001
1000
1002
291
1291
0
721
1286
0
1010
0
1002
999
1000
999
1000
1001
997
1001
253
478
1229
0
1234
100
998
994
1010
999
1000
302
340
860
1003
1005
999
1264
0
1010
0
825
422
317
998
29
483
341
159
391
439
724
700
50
195
560
544
1007
0
1001
1002
1000
998
1004
998
999
1001
999
1002
998
1001
999
1002
999
1000
999
739
660
76
90
994
1004
1005
1269
0
1011
0
999
1000
1001
1000
999
1000
1002
999
999
1000
1001
1000
1001
1299
0
1010
0
1001
1003
219
984
1011
0
1002
998
1000
1000
1001
998
1001
1000
1001
999
1000
1001
999
124
236
250
886
1297
0
1227
0
45
1004
0
1005
128
1342
0
1011
0
1000
998
1002
92
693
755
335
413
122
1255
0
1271
0
1010
0
1001
1000
800
684
788
687
566
51
504
581
286
1082
0
1009
0
1003
999
569
592
198
615
532
22
237
139
280
1156
753
520
714
667
938
991
1009
1002
997
1003
181
204
478
538
1080
85
690
269
215
134
487
681
35
995
1003
1003
999
1003
261
375
42
365
44
1006
0
255
993
992
1012
999
997
1002
1002
999
1288
0
1011
0
998
1229
0
583
700
266
823
998
1011
1261
0
1013
0
998
1001
998
1003
1000
998
1224
0
729
1282
0
909
712
388
1000
991
1008
1001
662
184
1128
0
1011
0
998
1001
999
1002
998
1001
999
1002
998
1001
999
1270
0
1009
0
625
225
25
662
998
1007
1217
0
805
688
1179
415
623
295
348
1199
32
1007
0
1208
0
1009
0
1002
55
102
996
1005
1003
745
991
1322
0
288
998
995
1006
1002
999
1003
997
1001
999
632
706
718
510
364
403
992
1009
0
1001
1003
1300
0
1011
0
1000
1001
998
1002
999
1001
1000
1000
999
1000
999
1002
316
1160
0
699
367
179
1152
0
1011
0
1000
1000
999
240
978
1005
1002
1003
996
1002
1000
1000
998
1002
617
785
226
1010
0
1002
997
1003
999
1002
996
1003
999
1003
995
1003
1000
999
997
1000
999
1000
999
1001
1001
999
999
1001
1001
999
999
1000
1293
0
1005
0
1001
999
1000
1001
997
1000
999
1001
1001
999
999
1003
998
1000
1001
1001
997
999
1001
1001
999
1001
999
1001
999
1001
999
1001
999
1001
999
1001
0
0
0
0
0
3
0
0
0
0
0
0
0
10
0
0
0
0
5
0
0
0
0
9
0
0
0
0
0
0
0
0
0
1
0
0
8
0
0
0
0
4
0
0
0
0
5
0
0
0
0
4
0
0
11
0
3
0
0
7
0
0
0
0
11
0
0
0
0
6
0
0
0
0
0
0
0
9
0
0
0
0
4
0
0
0
0
4
0
0
0
0
1
0
0
5
0
0
0
0
5
0
0
0
0
8
0
0
0
0
7
0
0
0
0
4
0
0
8
0
0
0
0
4
0
0
0
0
5
0
0
0
0
3
0
0
9
0
0
0
0
7
0
0
0
0
4
0
0
0
0
3
0
0
0
0
0
0
0
7
0
3
0
0
6
0
0
0
0
7
0
0
0
0
0
0
0
11
0
2
0
0
10
0
0
0
0
4
0
0
0
0
2
0
0
0
0
3
0
0
10
0
0
0
0
4
0
0
0
0
6
0
0
0
0
1
0
0
10
0
0
0
0
7
0
0
0
0
6
0
0
0
0
2
0
0
0
0
3
0
0
9
0
1
0
0
9
0
0
0
0
3
0
0
0
0
6
0
0
10
0
0
0
0
11
0
0
0
0
5
0
0
0
0
6
0
0
0
0
8
0
0
6
0
0
0
0
1
0
0
0
0
6
0
0
0
0
4
0
0
8
0
1
0
0
10
0
0
0
0
0
0
0
0
0
1
0
0
0
0
6
0
0
6
0
3
0
0
4
0
0
0
0
6
0
0
0
0
2
0
0
12
0
0
0
0
9
0
0
0
0
3
0
1
0
0
2
0
0
0
0
6
0
0
10
0
0
0
0
1
0
0
0
0
6
0
0
0
0
4
0
0
9
0
0
0
0
5
0
0
0
0
8
0
0
0
0
4
0
0
0
0
1
0
0
9
0
0
0
0
5
0
0
0
0
4
0
0
0
0
4
0
0
12
0
4
0
0
10
0
0
0
0
10
0
0
0
0
3
0
0
0
0
4
0
0
12
0
0
0
0
3
0
0
0
0
3
0
0
0
0
2
0
0
15
0
6
0
0
5
0
0
0
0
8
0
0
0
0
1
0
0
0
0
4
0
0
9
0
2
0
0
6
0
1
0
0
6
0
0
0
0
0
0
0
9
0
3
0
0
4
0
0
0
0
5
0
0
0
0
2
0
0
0
0
1
0
0
5
0
0
0
0
1
0
0
0
0
5
0
0
0
0
1
0
0
11
0
0
0
0
10
0
1
0
0
8
0
0
0
0
0
0
0
0
0
0
0
0
9
0
0
0
0
5
0
0
0
0
4
0
0
0
0
2
0
0
7
0
0
0
0
8
0
0
0
0
9
0
0
0
0
6
0
0
0
0
0
0
0
8
0
1
0
0
6
0
0
0
0
0
0
0
0
0
5
0
0
9
0
2
0
0
10
0
0
0
0
3
0
0
0
0
6
0
0
0
0
0
0
0
5
0
0
0
0
4
0
0
0
0
0
0
0
0
0
2
0
0
9
0
1
0
0
8
0
0
0
0
7
0
0
0
0
3
0
0
0
0
2
0
0
10
0
0
0
0
9
0
0
0
0
2
0
0
0
0
0
0
0
14
0
3
0
0
8
0
0
0
0
7
0
0
0
0
1
0
0
0
0
0
0
0
3
0
0
0
0
7
0
0
0
0
8
0
0
0
0
0
0
0
12
0
4
0
0
5
0
0
0
0
4
0
0
0
0
5
0
0
0
0
0
0
0
10
0
0
0
0
3
0
0
0
0
7
0
0
0
0
4
0
0
12
0
2
0
0
9
0
0
0
0
5
0
0
0
0
4
0
0
0
0
2
0
0
11
0
0
0
0
5
0
0
0
0
6
0
0
0
0
3
0
0
13
0
0
0
0
6
0
0
0
0
7
0
0
0
0
4
0
0
0
0
3
0
0
8
0
1
0
0
4
0
0
0
0
5
0
2
0
0
7
0
0
11
0
2
0
0
9
0
0
0
0
6
0
0
0
0
5
0
0
0
0
6
0
0
8
0
0
0
0
9
0
0
0
0
6
0
0
0
0
5
0
0
9
0
0
0
0
7
0
1
0
0
8
0
0
0
0
9
0
0
0
0
4
0
0
7
0
0
0
0
7
0
0
0
0
3
0
0
0
0
3
0
0
9
0
0
0
0
6
0
0
0
0
2
0
0
0
0
4
0
0
0
0
3
0
0
7
0
0
0
0
5
0
0
0
0
2
0
0
0
0
0
0
0
8
0
0
0
0
6
0
0
0
0
1
0
0
0
0
1
0
0
0
0
0
0
0
8
0
0
0
0
6
0
2
0
0
5
0
0
0
0
3
0
0
13
0
3
0
0
6
0
0
0
0
5
0
0
0
0
4
0
0
0
0
0
0
0
11
0
0
0
0
8
0
0
0
0
2
0
0
0
0
6
0
0
5
0
0
0
0
7
0
0
0
0
4
0
0
0
0
5
0
0
0
0
3
0
0
5
0
0
0
0
7
0
0
0
0
8
0
0
0
0
1
0
0
7
0
0
0
0
2
0
0
0
0
8
0
0
0
0
4
0
0
0
0
4
0
0
6
0
0
0
0
8
0
0
0
0
8
0
0
0
0
0
0
0
12
0
0
0
0
5
0
0
0
0
7
0
0
0
0
4
0
0
0
0
2
0
0
7
0
0
0
0
0
0
0
0
0
7
0
0
0
0
3
0
0
6
0
0
0
0
7
0
0
0
0
11
0
0
0
0
0
0
0
0
0
0
0
0
7
0
0
0
0
3
0
0
0
0
8
0
0
0
0
3
0
0
11
0
0
0
0
11
0
0
0
0
4
0
0
0
0
0
0
0
0
0
3
0
0
11
0
0
0
0
5
0
0
0
0
3
0
0
0
0
3
0
0
14
0
2
0
0
3
0
0
0
0
7
0
0
0
0
4
0
0
0
0
0
0
0
8
0
1
0
0
11
0
0
0
0
8
0
0
0
0
0
0
0
1
0
0
0
0
7
0
2
0
0
6
0
0
0
0
3
0
0
0
0
0
0
0
10
0
3
0
0
9
0
0
0
0
0
0
0
0
0
3
0
0
11
0
0
0
0
9
0
0
0
0
8
0
0
0
0
4
0
0
0
0
3
0
0
4
0
0
0
0
4
0
0
0
0
6
0
0
0
0
4
0
0
7
0
0
0
0
6
0
0
0
0
5
0
0
0
0
2
0
0
0
0
3
0
0
10
0
3
0
0
9
0
0
0
0
1
0
0
0
0
0
0
0
6
0
0
0
0
4
0
0
0
0
7
0
0
0
0
1
0
0
0
0
3
0
0
10
0
1
0
0
8
0
0
0
0
6
0
0
0
0
0
0
332
513
340
791
700
52
955
0
174
349
491
265
84
0
0
0
3
0
0
0
0
1
0
0
9
0
1
0
0
3
0
0
0
0
5
0
0
0
0
1
0
0
0
0
4
0
0
8
0
0
0
0
5
0
0
0
0
2
0
0
0
0
0
0
0
12
0
0
0
0
8
0
0
0
0
2
0
0
0
0
1
0
0
0
0
0
0
0
6
0
0
0
0
6
0
0
0
0
3
0
0
0
0
3
0
0
9
0
1
0
0
8
0
0
0
0
4
0
0
0
0
76
0
0
0
0
0
166
0
5
0
0
0
0
7
0
0
0
0
1
0
0
0
0
2
0
0
0
0
0
0
0
7
0
0
0
0
2
0
0
0
0
6
0
0
0
0
1
0
0
7
0
0
0
0
6
0
0
0
0
5
0
0
0
0
0
0
0
0
0
0
0
0
6
0
0
0
0
5
0
0
0
114
348
0
180
29
0
2
0
0
4
0
0
0
0
11
0
0
0
0
7
0
0
0
0
5
129
0
0
0
1
0
0
6
0
0
0
0
5
0
0
0
0
7
0
0
22
401
228
181
585
419
692
676
183
691
156
552
184
412
0
4
0
0
0
0
1
0
0
0
0
0
0
0
9
0
0
0
0
1
0
0
0
0
1
0
0
0
0
1
17
138
15
371
258
358
446
481
51
822
264
83
1908
1868
530
184
642
1641
1601
584
0
0
3402
3362
3322
3282
508
889
970
930
2952
2912
2872
1192
1906
1866
1834
1794
483
510
225
3134
3094
3054
3014
815
789
1094
1054
1402
1362
1930
1890
1956
1916
1234
1194
1869
1829
792
678
218
2911
2871
2831
636
569
401
1627
1587
1768
1728
857
0
4154
4114
4074
4034
3994
743
601
978
1407
207
0
1404
1364
215
1353
1313
853
0
920
701
159
872
827
377
686
804
484
627
771
206
1794
1754
778
521
249
3876
3836
3796
3756
379
382
2122
2082
2042
2633
2593
2553
1334
1294
874
759
1673
1633
285
0
4543
4503
4463
4423
4383
157
1588
1548
3324
3284
3244
3204
614
1724
1684
1129
1089
1944
1904
1935
830
0
1671
1631
3722
3682
3642
3602
0
3671
3631
3591
3551
1826
1786
95
2282
2242
2202
3443
3403
3363
3323
900
799
454
2592
2552
2512
1683
1643
1554
1514
752
2259
2219
2179
3235
3195
3155
3115
1939
1899
1270
2041
2001
1961
2599
2559
2519
1950
1910
2613
2573
2533
929
357
968
1280
4898
4858
4818
4778
4738
2306
760
164
860
7422
7382
7342
7302
7262
7222
7182
7142
1864
1824
623
843
912
936
2491
2451
2411
3916
3876
3836
3796
3128
3088
0
4837
4797
4757
4717
4677
2761
2721
2681
8607
8567
8527
8487
8447
8407
8367
8614
14511
14471
14431
14391
14351
11400
11656
13587
13637
14637
15974
16637
17637
18637
19637
20637
21637
22555
23474
24104
24736
25530
25547
26546
27218
27441
27584
28578
29004
28816
29200
30200
30585
31585
32585
33585
34585
