4.6946
2.72
3.68
2.24
3.84
4.48
3.52
6.24
4
3.36
4.56
3.84
3.36
3.52
2.08
5.12
3.52
3.2
4.8
2.88
3.92
5.12
3.36
2.88
4.8
4.64
3.68
3.68
5.6
3.68
2.4
3.52
3.2
3.2
3.68
5.28
4.48
4.16
4.16
2.72
5.76
3.52
5.12
3.92
5.44
3.84
4
5.12
2.88
4.16
4.64
4.16
3.68
5.6
4
3.68
4.48
4.96
6.08
4.48
3.36
4.48
4.32
5.76
5.12
4
4.32
5.6
5.28
4.64
1.92
5.44
4.96
4
5.28
4.96
4.8
4.48
6.08
5.92
4.96
5.6
3.84
5.28
5.6
4.96
4.32
8.96
4
2.08
3.84
4.16
5.28
4.48
6.08
5.76
4.96
4.32
4.48
3.52
6.08
3.68
5.28
4.16
4.8
6.08
5.6
3.68
3.68
3.04
4.96
4.32
4.48
5.44
5.6
4.64
4.16
6.08
5.76
4.08
5.76
4.32
4.8
4.32
5.92
5.12
3.84
2.24
7.84
4.16
3.04
5.6
5.12
4.64
4.64
4.8
7.2
4.48
6.88
3.68
6.72
5.12
4
4.8
5.12
5.76
2.88
3.68
7.52
4
5.44
5.76
4.64
5.28
5.44
5.6
5.12
6.08
5.04
4
7.68
6.24
3.68
4.48
4.32
4.16
5.28
6.4
4.96
3.68
2.72
5.12
4
5.12
5.6
5.6
3.84
6.08
7.2
5.6
2.56
5.44
3.68
5.44
5.28
4.64
5.76
4.8
4.96
7.68
2.88
4.32
4.8
7.2
6.88
6.24
3.68
4.96
4.8
7.84
3.04
3.84
3.84
7.2
3.52
6.08
4.96
4.48
4.96
6.56
5.6
4.8
4.16
9.76
4.16
3.84
5.12
4.96
6.88
5.76
3.36
2.72
5.28
4.96
7.52
4.32
6.24
3.68
9.12
2.56
3.36
7.2
4
5.6
4.48
4.16
5.28
3.84
4.16
1.92
7.84
4.64
6.4
5.12
4.32
4.96
8.16
4.4
5.44
5.76
5.92
5.92
6.08
4
5.12
5.12
6.56
3.2
4.16
3.84
5.92
5.6
4.64
4
5.76
6.56
5.12
4.96
4
6.56
6.24
5.81333
5.44
7.04
4.96
1.92
8.96
6.56
4.48
7.68
8.48
3.36
4.8
8
7.36
4.16
4.64
5.44
7.2
3.36
6.88
2.56
8.16
4.96
5.28
3.84
3.04
6.08
6.72
4.32
6.88
5.6
5.76
5.12
8.32
3.04
6.72
6.56
2.72
4.48
5.6
4.64
8.16
2.4
4.8
4.8
7.52
5.28
6.56
5.76
7.68
8.32
3.36
4.48
10.72
6.24
4.32
3.52
8.48
8.48
3.84
3.36
5.92
2.24
3.84
9.28
3.2
5.28
4.48
5.12
4
7.52
6.8
4.8
6.24
3.2
4.96
4.64
6.08
3.68
4.48
1.76
3.84
4.64
4
4.16
3.36
3.84
4.32
3.84
2.88
5.12
4
3.52
3.2
4.32
4
3.68
3.68
5.44
3.04
2.24
3.52
3.2
3.36
5.12
3.92
4
4
4
4
3.84
4.16
4.16
2.88
4.16
4
4.16
3.84
2.24
2.72
3.52
3.36
4.32
5.12
5.12
3.36
3.04
4.32
3.68
3.04
6.24
2.72
4.16
2.4
2.4
7.2
3.52
2.56
3.36
3.36
3.04
2.56
5.6
5.6
4.64
3.84
4.96
3.52
4.16
3.36
4
3.84
6.08
4.8
4.16
3.84
4.96
3.36
4.8
4.8
5.6
3.84
5.28
5.28
5.6
4
4.32
4.48
5.76
4
4
3.68
4
3.68
4.32
4.8
5.28
2.88
3.84
4
4.16
6.24
4.64
5.44
4.16
4.32
3.04
4.8
4.48
3.2
4
5.12
4.8
4.64
5.28
5.28
2.4
5.12
3.2
5.6
5.6
5.28
4.16
6.24
5.44
4.8
4.32
5.6
5.44
4.8
3.84
5.12
5.12
4
4.64
2.4
7.2
4.48
3.36
5.44
4.8
4.16
5.6
5.12
4.16
5.44
4.8
4.96
3.2
5.12
5.12
3.04
6.4
6.24
4
6.08
5.76
4.32
4.64
5.6
5.12
4.16
4.16
4.48
6.56
4.96
6.4
5.44
5.92
4.48
4.64
7.04
5.92
5.76
2.08
5.44
4.48
4
5.44
4.8
4.8
5.6
4.64
4.64
5.44
4.8
6.08
4.8
4.48
4
5.76
4.16
4.16
3.04
3.68
4.16
4.64
5.12
3.52
3.52
4
3.68
5.6
4
3.2
3.68
4
5.12
3.68
4.48
6.24
4.48
5.12
2.24
3.04
4.64
3.04
2.88
3.68
3.2
2.88
3.68
3.84
2.24
4.16
3.04
3.2
3.68
2.88
3.68
4.32
4
2.56
3.68
3.84
2.88
3.2
2.88
2.72
3.84
3.2
4.16
2.72
4
3.68
3.2
3.68
3.36
2.56
3.2
3.52
3.2
1.92
3.84
3.2
2.56
3.52
2.4
2.72
2.08
2.56
4.16
2.56
1.92
1.6
2.88
2.56
1.76
2.88
2.88
2.72
2.4
2.56
3.68
3.2
2.72
2.56
1.44
1.92
2.56
2.24
2.56
1.28
0.96
2.56
0.96
2.08
2.24
3.04
2.56
3.36
1.6
3.84
2.56
2.88
2.56
2.4
3.2
1.92
1.76
2.4
1.92
2.08
2.56
2.24
3.04
2.56
2.72
2.08
3.52
1.6
2.88
2.4
1.92
1.76
3.36
2.88
2.4
2.24
2.72
3.36
2.88
2.88
1.6
1.44
2.88
1.28
2.56
1.76
1.44
1.44
1.92
1.92
2.56
2.72
1.6
1.44
2.72
2.88
2.72
2.88
1.6
2.4
2.08
2.24
2.08
2.24
1.44
2.24
2.08
1.6
1.6
1.76
2.24
1.28
1.6
2.24
1.76
1.28
1.76
3.52
2.24
2.24
2.24
1.92
1.28
1.6
1.28
3.04
2.56
1.6
2.4
2.24
1.76
1.92
1.92
1.12
2.4
1.92
2.4
2.24
1.44
2.24
1.92
1.76
2.72
1.28
1.92
1.28
2.72
2.08
3.04
1.92
2.56
1.92
1.76
1.76
2.72
2.08
2.56
1.6
1.76
2.08
1.92
2.24
2.4
2.56
0.96
2.56
2.72
2.4
2.72
1.92
2.24
1.12
1.6
2.24
2.24
1.92
1.6
2.08
2.24
1.76
2.72
2.24
2.4
1.6
2.72
2.56
1.28
1.44
0.96
1.76
2.56
2.08
2.08
2.4
1.28
2.08
1.92
1.44
1.44
2.08
1.76
2.08
2.88
2.72
1.44
1.92
2.08
1.92
1.92
1.92
1.6
1.6
2.4
1.92
2.24
2.08
2.56
2.72
2.56
2.24
1.92
1.76
1.12
1.6
1.28
1.6
1.28
1.76
1.92
1.76
2.24
2.08
1.12
1.44
1.44
1.6
1.92
0.64
1.6
0.96
2.24
1.76
1.92
1.6
2.08
1.76
3.2
1.92
2.24
3.04
2.24
2.88
2.24
2.24
1.76
1.44
2.56
2.4
2.24
1.6
2.24
2.08
3.04
1.92
1.28
1.6
2.4
1.12
1.76
1.92
0.96
1.6
1.6
1.44
2.4
2.4
2.4
0.96
2.4
1.76
2.4
1.28
2.08
3.04
1.76
3.2
1.44
2.4
1.76
1.92
2.08
1.6
2.4
2.4
2.24
1.44
1.28
1.6
1.92
2.24
1.12
2.4
3.36
4
2.24
2.08
2.24
1.44
1.92
2.88
2.08
1.92
1.76
1.92
2.72
1.76
1.6
2.24
1.44
2.56
1.6
3.04
1.92
2.4
2.72
2.4
1.44
2.24
2.24
2.72
2.24
2.88
2.88
2.56
2.08
2.24
1.76
2.88
1.28
0.96
2.72
2.24
1.76
2.24
3.36
2.24
1.76
2.24
2.4
2.08
2.72
5.28
2.88
2.72
2.4
1.92
2.08
2.72
1.76
1.6
2.56
2.88
3.36
1.92
1.6
1.44
2.56
2.72
2.24
2.72
2.56
1.44
1.6
1.92
3.2
2.4
2.56
1.92
1.28
2.24
2.72
2.88
2.56
2.4
2.88
2.24
2.08
1.92
1.92
3.52
0.8
1.6
2.88
1.6
1.28
2.24
1.76
1.92
1.76
3.2
2.24
2.56
1.92
1.6
0.64
1.92
1.28
1.92
1.76
2.4
2.72
2.56
2.24
1.76
2.56
2.08
2.56
1.76
1.28
2.24
2.72
1.44
1.44
2.56
1.76
2.56
2.08
2.24
1.76
1.92
1.76
0.96
1.92
1.6
3.36
3.36
2.24
1.76
3.36
2.88
2.08
3.36
1.76
1.92
2.72
2.88
2.08
3.52
3.68
3.52
3.36
3.52
2.56
3.52
3.2
2.56
2.56
4
1.76
1.28
2.08
2.88
2.08
2.88
2.4
3.2
2.24
2.72
2.4
1.76
3.36
1.92
2.24
1.44
2.4
1.12
1.28
2.56
1.92
2.4
3.04
2.56
1.92
2.08
2.4
2.4
2.72
3.36
2.56
2.72
1.92
3.68
3.52
1.92
3.36
1.76
2.72
3.68
3.2
3.2
3.36
3.84
3.52
2.4
4.96
3.52
3.68
2.88
3.2
3.36
3.36
3.04
3.04
2.72
3.36
1.92
3.84
2.72
4.16
2.88
3.52
3.04
2.24
2.88
2.4
1.92
2.56
2.56
0.8
2.4
2.72
1.76
1.28
1.76
1.76
2.08
2.88
3.52
3.36
2.88
2.4
3.04
2.4
2.24
3.52
1.76
2.24
1.6
2.4
3.04
2.08
2.24
2.56
2.4
1.76
2.24
1.92
3.2
0.64
1.6
2.4
2.08
2.4
2.24
2.24
1.44
1.76
2.08
2.24
1.76
2.72
2.24
2.56
1.44
1.76
2.24
2.24
1.76
2.56
2.4
1.44
2.56
2.08
2.4
2.72
1.92
2.56
2.08
1.92
2.4
3.2
2.56
1.44
1.76
2.56
2.24
2.56
2.08
2.4
1.92
2.56
1.44
2.4
1.44
2.72
1.6
1.76
2.4
2.56
1.28
1.76
1.6
1.12
1.76
2.08
1.92
1.92
3.04
2.56
1.6
3.52
2.4
2.4
2.4
2.08
2.72
2.08
0.8
1.28
2.88
2.4
3.52
1.76
1.6
1.44
1.92
1.6
1.92
1.12
1.6
1.28
2.56
2.88
1.92
2.4
2.4
1.6
3.2
2.08
2.72
2.08
1.44
1.6
1.44
2.08
1.44
0.8
2.24
1.6
2.08
2.4
2.56
2.88
2.72
2.4
2.4
1.92
1.6
2.08
1.76
2.08
1.44
2.24
1.28
2.08
2.4
1.92
2.72
2.4
3.36
2.72
3.04
1.76
3.04
2.08
2.24
1.6
2.56
2.24
3.2
1.44
2.08
2.08
1.92
1.44
3.2
1.12
1.76
2.08
1.44
2.24
2.56
2.4
2.56
1.6
1.76
2.72
1.76
1.76
2.08
1.92
1.44
1.28
2.4
1.6
2.72
1.44
0.8
0.96
1.92
3.2
2.72
1.12
2.4
1.44
1.92
1.92
2.08
2.24
1.76
2.24
1.92
0.96
1.76
2.24
2.88
1.76
1.92
2.88
2.08
2.24
1.12
2.4
2.08
1.44
2.08
1.92
1.6
1.44
0.8
1.12
1.44
3.04
2.56
1.76
2.56
2.24
2.56
2.08
1.44
1.76
2.4
0.32
2.08
1.6
2.24
2.72
1.76
2.24
2.08
1.92
1.76
1.44
1.92
1.44
1.6
2.08
1.6
1.44
3.36
5.28
3.36
4.64
4.8
4.96
5.28
5.92
3.36
2.56
2.4
1.92
3.36
5.12
5.12
5.44
5.12
8.32
7.36
9.12
8.64
6.88
6.24
5.92
4.8
4.32
6.24
3.84
4.48
5.12
5.28
4
3.84
4.64
2.24
4.32
3.2
2.88
2.08
3.04
2.08
2.56
4.96
6.72
6.08
6.72
5.76
3.36
6.72
6.56
6.08
6.24
6.4
4.64
4.48
2.08
2.72
2.72
4.64
5.28
3.04
6.24
4
3.52
3.68
2.88
3.2
4.96
3.36
3.68
3.36
2.88
4
2.4
3.84
3.36
2.72
2.88
4.96
3.52
4.96
4.96
2.4
3.2
6.08
4.16
4.48
5.76
5.44
4.8
4.16
4.8
3.2
3.84
3.36
3.04
2.56
3.52
3.36
4.48
7.2
4
4.64
2.88
4
3.36
4.8
4.96
4.64
3.68
5.6
5.92
6.08
5.92
5.12
5.92
7.68
8.8
7.2
5.6
4.64
5.44
6.08
5.44
3.36
3.2
6.08
4.48
4.64
6.56
8.64
4.48
3.68
4.48
5.28
8.64
9.6
9.12
9.12
9.6
8.96
7.68
11.04
11.36
7.2
11.2
7.36
4.8
8.8
8
6.56
5.6
3.52
3.04
4.16
5.44
8.32
5.92
4.48
4.64
4.16
3.36
4.64
3.36
2.08
4.96
3.84
4.8
4.8
4.16
3.36
6.56
4.8
2.56
5.76
6.4
3.68
3.36
3.04
5.28
4.8
4.48
4
2.72
4.96
5.76
3.36
4.16
4.48
4
8
3.04
3.52
3.84
6.72
4.64
4.16
4.48
3.84
4.48
4.8
4.48
7.36
3.04
4.16
4
3.84
4.32
4.48
3.52
3.84
4
3.52
3.68
3.68
4
3.68
3.2
4.48
5.28
7.68
4.32
2.88
6.08
3.04
4.96
4.96
4.48
3.04
3.84
3.68
5.12
4.32
5.6
13.12
14.08
11.36
8.32
8.96
4.64
6.4
6.24
4.64
7.2
6.56
8
8
5.28
10.56
8.96
5.6
10.56
8.16
13.6
13.44
14.56
5.76
4.8
9.12
3.84
6.56
1.92
5.76
4.8
5.6
6.24
6.24
6.24
5.28
4.32
5.44
5.6
6.4
3.52
4.16
3.68
3.2
4.37333
4.72
6.08
4.64
13.28
11.52
7.52
9.12
4.8
9.23636
4.32
5.6
4.96
10.0267
10.96
9.28
10.56
9.28
11.36
11.36
5.44
7.36
9.28
6.88
8.8
7.68
7.52
5.28
7.84
7.52
6.08
5.12
8
7.52
4.64
3.68
6.8
6.24
6.56
5.28
9.76
7.2
11.68
10.88
3.68
3.2
3.68
3.68
3.84
4.32
8.96
10.72
10.4
8
4.8
8
7.68
11.68
9.12
6.4
6.4
3.36
4.48
3.68
3.36
4.16
5.44
4.32
4.32
6.24
4.8
8.32
9.04
7.08
8.648
15.88
17.44
17.52
16.8
16.72
12.88
1.6
15.84
15.36
11.8857
13.12
9.17333
9.12
12.88
14.8
13.92
13.28
7.92
8
7.2
14.72
12.64
9.97333
10.88
10.4
13.92
12
12.8
9.76
9.36381
4
6.88
8.8
7.04
6.72
8.64
6.88
7.68
4.32
4.64
4.8
4
6.08
5.28
10.08
7.84
8.32
8.48
7.2
6.4
7.36
8
10.4
8
8.8
8.8
11.36
16.8
17.76
13.92
10.24
12
16.8
14.56
15.84
8.48
6.88
8
8.96
7.84
7.84
9.28
14.08
11.36
12.48
13.28
9.12
12.8
11.04
8.8
8.8
10.56
8.8
11.68
9.44
5.92
7.68
7.04
8.64
7.52
9.28
15.84
9.76
8.8
8.16
8.64
12.48
10.4
7.04
8
7.84
9.6
8.32
12.32
5.12
13.44
14.08
12.8
10.72
14.88
8.64
10.24
12.8
8
9.92
8
10.4
10.24
7.36
9.76
13.12
12
14.4
9.76
4.48
11.04
8.96
8
13.12
9.28
10.4
15.04
18.56
17.44
10.24
9.12
12.32
15.2
16.64
15.84
12.48
14.24
12.32
7.84
15.04
14.4
13.28
10.88
14.56
10.08
11.36
14.72
11.52
7.68
10.08
13.92
9.44
11.04
8
7.2
3.87778
2.08
1.92
1.66
2.24
1.92
1.52
2.08
1.6
1.28
2.4
1.6
1.44
1.6
1.84
1.44
1.68
1.6
1.12
0.32
1.76
1.92
1.2
1.6
1.6
1.76
2.08
2.08
1.92
1.76
1.12
1.92
1.76
1.6
1.92
1.44
2.08
1.2
1.6
1.36
1.44
1.28
2.08
0.8
2.08
1.92
1.28
2.4
2.24
1.12
1.6
1.76
2.88
2.56
3.36
2.24
2.4
2.24
2.08
2.24
1.76
1.6
1.76
3.52
2.08
1.44
1.6
2.88
2.08
2.24
1.92
1.76
2.4
1.28
0.96
1.12
1.12
2.24
2.4
1.76
1.6
2.72
2.56
2.88
2.08
1.76
1.76
1.44
1.92
1.92
1.76
1.44
2.08
1.92
1.6
2.4
2.4
1.92
1.6
3.2
2.24
1.6
1.28
2.4
1.92
1.6
1.6
2.08
1.28
1.76
1.28
2.08
3.04
1.6
2.4
2.4
1.92
2.88
2.08
2.24
1.6
1.76
1.76
2.08
2.4
1.44
1.76
2.08
2.24
0.96
1.28
1.28
1.6
1.28
2.24
1.6
2.4
1.76
1.92
2.24
1.6
2.24
1.92
1.92
1.76
2.56
0.96
1.92
2.56
1.28
2.4
1.6
1.76
1.44
1.28
2.08
2.56
3.2
1.6
0.96
2.88
1.44
1.44
1.12
2.88
1.76
2.88
3.2
1.44
1.76
1.6
1.76
1.44
2.08
1.44
1.44
1.28
1.6
1.76
2.56
1.76
1.92
1.76
1.92
1.28
1.92
1.76
2.4
1.44
1.6
1.92
3.2
1.92
1.6
1.92
1.6
1.76
2.24
2.4
1.6
1.44
1.44
1.6
1.44
1.12
1.6
1.6
1.28
1.76
1.92
1.44
1.92
2.4
3.2
1.44
0.96
1.92
1.92
1.6
1.12
2.56
2.08
1.76
2.08
0.8
2.56
1.6
1.92
2.08
1.92
1.76
1.76
0.96
1.44
1.28
3.04
1.92
2.24
3.52
1.28
1.44
1.76
2.08
1.44
1.92
2.24
1.92
2.08
2.4
2.08
1.12
1.6
2.4
2.08
1.28
2.88
2.24
2.72
2.4
2.4
1.92
1.92
2.08
1.76
2.08
2.08
2.16
1.76
0.48
0.8
1.28
2.08
3.2
1.92
2.4
2.4
2.72
1.12
2.08
1.12
1.44
1.6
2.08
2.08
1.44
2.24
2.4
2.24
2.56
2.72
1.76
2.24
2.24
2.72
1.76
2.56
2.72
1.12
1.76
2.4
2.08
1.44
1.28
2.08
1.76
2.4
1.92
1.28
1.12
2.88
2.08
1.6
1.28
2.08
1.76
1.6
2.4
0.96
1.92
2.72
2.08
2.08
2.88
1.28
1.6
1.12
1.28
