0
43000
866
0
135
0
0
1
483
0
1
517
1
998
0
0
0
372
632
0
0
0
0
410
0
589
1
690
1
0
258
760
285
0
0
0
0
206
798
0
0
0
0
0
996
0
0
0
0
0
0
0
1004
0
1004
1658
1334
1
3000
1000
0
1000
0
1001
1001
872
1000
1000
1
1002
53
997
1003
762
994
1006
995
1002
999
1001
999
502
991
1003
999
999
999
1
1001
1000
1000
1000
1002
14995
1000
1002
1999
0
0
999
0
0
1003
0
1521
1476
0
0
1000
0
0
0
0
0
1002
0
0
0
1004
0
997
1001
997
116
1186
0
1003
0
1002
998
1001
0
1004
999
1999
0
1235
765
1000
960
43
1998
3999
0
4000
0
1000
0
0
0
0
1002
0
1002
998
1357
1000
1007
0
1000
1001
689
1
543
657
1005
0
1001
998
1000
999
1003
0
999
1999
2001
1998
11000
0
2003
1997
0
1000
0
0
0
0
755
250
0
0
604
393
0
0
0
403
600
0
593
151
854
996
1001
1003
998
1005
515
429
611
1001
1002
1997
1000
3000
0
0
0
1000
1003
0
999
1333
924
12000
1000
1001
0
999
1001
999
1001
999
0
1000
1001
0
999
1001
0
999
2000
0
1000
0
1001
0
0
0
1000
0
1003
1996
0
1000
0
0
1002
0
1000
1003
999
1001
1000
998
999
1004
999
999
998
1001
1001
1000
1002
0
999
1000
1000
1000
1999
191
809
1001
329
675
1001
1000
6999
10980
1020
2001
999
0
1001
0
0
0
1000
0
1002
998
1999
1000
0
0
0
1000
0
0
0
0
1003
0
0
0
0
0
1001
0
0
1003
1001
1029
968
2000
0
999
1001
1001
0
1001
1000
1002
999
1004
2002
0
998
1002
12998
0
1000
4000
2742
2258
0
684
318
0
0
0
0
999
0
0
0
1004
999
0
997
0
1000
0
0
0
1001
0
0
0
0
462
1003
0
918
1
1002
1000
1001
806
1004
0
86
1003
0
1002
998
586
375
1000
1001
0
1001
1622
1376
999
26000
1000
0
2002
0
998
0
1001
0
0
0
153
854
0
0
0
992
0
0
0
0
0
0
1004
0
0
0
0
0
1001
0
0
0
0
1001
0
0
999
998
1001
167
685
1004
0
149
245
194
167
1004
0
999
1002
999
1000
999
48
1004
0
1001
526
172
182
720
1013
0
842
225
3126
0
0
928
1075
609
2186
0
1581
0
686
2028
0
1288
2052
0
0
855
3982
0
0
0
1128
0
1154
0
405
1588
1831
0
1394
0
1051
2692
0
0
1308
1000
343
5165
0
0
0
0
1117
1377
1
1551
0
1485
0
1005
0
1002
1001
1006
1910
81
1946
0
2250
0
472
2083
0
4192
0
0
0
1147
0
131
3665
0
0
0
880
1024
1689
0
2028
0
1282
450
2389
0
1012
3766
0
0
0
2219
0
1013
1481
0
2368
0
2780
0
0
1456
0
2195
0
0
2529
0
101
3782
0
0
0
1998
0
1835
0
1112
3477
0
0
0
801
1033
1240
281
1042
4839
0
0
0
0
1326
0
1827
0
1173
1000
655
4894
0
0
0
0
1258
0
1703
0
2054
0
1016
1000
1000
4549
0
0
0
0
2120
0
1929
0
1571
0
551
382
1774
0
1172
120
4809
0
0
0
0
1449
0
1110
0
1000
1000
854
5753
0
0
0
0
0
1301
1130
0
1111
0
1000
3015
0
0
0
3180
0
0
2390
0
1153
1370
0
769
1122
258
487
3215
0
0
2188
0
1107
1775
0
1227
415
2285
0
2243
0
1332
0
1986
0
231
1874
0
1994
0
1394
0
196
1186
1059
1000
408
3052
0
0
1071
1948
0
1052
591
1798
0
2551
0
1057
3528
0
0
0
1458
1013
1000
2866
0
0
1335
0
1000
360
3890
0
0
0
3015
0
0
1525
0
1182
0
1000
327
4462
0
0
0
1323
0
695
625
3409
0
0
0
1522
1179
0
608
769
3180
0
0
0
2308
0
1551
0
1179
0
1394
1427
1000
306
3249
0
0
0
1979
0
2452
0
1211
1361
0
305
172
2320
0
1024
1077
0
1016
1064
1119
1755
0
1431
67
996
2385
0
1083
1214
0
1361
1307
1686
0
1198
1353
0
1037
0
1496
1079
2831
0
0
1463
1133
0
1075
0
998
395
1749
0
2789
0
1141
0
1914
1012
119
1345
0
685
2944
0
0
1573
0
1075
0
1817
1108
926
1413
0
1138
2233
0
0
2220
0
1311
1452
675
2062
0
1881
0
1493
0
1078
0
2773
0
0
1633
0
1593
811
2595
0
0
1245
425
2160
0
0
1136
1032
747
556
2108
0
1534
0
1042
0
2287
0
0
279
2628
0
1091
151
2562
0
1399
0
425
681
2663
0
1234
0
944
1607
0
1668
0
1769
0
1057
949
1379
1451
0
1505
1000
1042
0
859
637
959
4942
0
0
0
0
1103
0
1000
2212
0
0
1760
33
1032
2064
0
0
1268
872
1707
0
450
3882
0
0
0
1311
1000
1123
501
4349
0
0
0
1148
1000
1000
3823
0
0
0
4255
0
0
0
0
1040
0
998
390
2034
0
1314
2965
0
0
1233
0
1654
0
2162
0
934
1067
0
730
1594
0
2551
0
1770
0
1302
1625
0
1427
2193
0
0
1340
1369
1905
0
1966
0
1001
1001
1234
0
681
1421
0
1846
354
774
1006
1661
263
998
1036
0
1399
1197
1367
2548
0
0
1377
1074
2289
0
0
749
1037
2767
0
0
1182
0
174
2988
0
0
1075
0
1000
446
346
3429
0
0
1151
0
959
1031
970
1842
1152
3287
0
0
0
749
1794
2043
1
1745
0
1257
181
195
3220
0
0
1107
753
617
1588
0
1082
1571
0
343
641
144
3048
0
0
1083
0
1277
0
522
827
674
765
870
1412
43
626
84
1693
1101
727
1271
1905
0
1095
2342
0
0
934
2115
0
1412
1106
0
1005
0
1036
1554
1118
1239
959
372
329
697
370
191
2396
0
1979
0
547
401
707
1829
1161
0
1000
1000
545
2638
0
0
1006
0
1003
999
999
999
2047
0
0
1934
1369
0
1358
1192
0
166
1961
0
1005
0
1032
3648
0
0
0
843
514
839
693
840
888
872
411
978
321
2252
0
915
1669
0
1207
1434
0
988
1453
319
1300
0
1415
1263
0
1890
1001
711
1291
1
3286
0
0
0
1139
953
980
1675
494
1131
250
2598
0
69
2125
0
0
1000
3248
0
0
0
789
969
1002
1030
1036
1
1997
1113
0
2554
0
0
2112
0
1394
0
1135
668
231
964
1005
1003
1033
691
2117
0
590
1034
1428
1172
0
496
805
1274
329
1424
1283
0
1164
0
2116
0
0
953
907
1573
0
930
1225
1360
245
3380
0
0
0
1163
1186
1752
0
1293
1261
0
525
799
384
973
1306
0
1000
207
161
6254
0
0
0
0
0
1247
1186
0
1008
0
999
1033
1036
1000
2977
0
0
152
4413
0
0
0
0
1096
1241
1322
0
1000
2229
0
0
2062
0
15
1004
1142
0
1480
0
863
1000
2864
0
0
1274
0
2186
0
857
741
1021
820
276
2483
0
1018
610
3808
0
0
0
1097
1199
1279
42
1106
0
803
3780
0
0
0
745
1169
2664
0
0
1072
1265
61
2770
0
0
1726
538
1129
719
230
2002
0
64
4536
0
0
0
0
872
1254
1098
2329
0
0
349
3518
0
0
1199
0
1005
0
3514
0
0
0
1012
1246
1372
0
1031
1136
3778
0
0
0
1808
0
1159
1511
0
358
275
1983
0
2210
0
0
1584
592
2376
0
968
324
169
5414
0
0
0
0
1249
0
1182
0
1111
0
1892
0
286
1939
0
3954
0
0
0
208
1281
0
130
1149
131
220
6300
0
0
0
0
0
0
1008
0
2680
0
0
1318
659
229
4799
0
0
0
0
1008
0
1002
1065
967
2137
0
0
1606
0
1625
2736
0
0
1348
0
1000
2039
0
0
1931
928
1099
144
5079
0
0
0
0
450
593
763
1687
1202
3159
0
0
0
1196
1511
1595
0
1420
151
1778
2823
0
0
1297
0
1134
1685
0
547
1000
915
4715
0
0
0
0
1406
0
1074
0
2348
0
0
1592
0
105
2303
0
2719
0
0
2037
0
1239
1254
245
2333
0
1501
0
163
848
750
776
1223
6682
0
0
0
0
0
0
1326
0
1011
0
1064
1839
1003
1000
531
4024
0
0
0
1480
0
1010
0
1795
2134
0
999
860
3243
0
0
0
1037
0
1232
897
1102
7631
0
0
0
0
0
0
0
1389
0
1007
0
1000
1058
178
1282
0
2192
0
1711
0
527
2054
0
1860
0
882
1974
0
1935
0
1110
1196
1000
3929
0
0
0
1076
0
1008
0
2560
0
0
1059
0
1450
1590
0
1074
0
1093
674
3924
0
0
0
1036
357
759
927
1124
366
2307
0
0
2372
0
947
925
1290
1245
171
5625
0
0
0
0
1214
0
410
982
1113
0
1041
0
136
2139
0
860
5088
0
0
0
0
827
870
1526
2376
0
1109
0
1014
1041
1485
1437
232
1340
0
1027
1422
3206
0
0
1008
1041
0
1000
1074
639
1059
184
2738
0
3463
0
0
0
1091
1350
1247
0
1000
1000
3977
0
0
0
1030
0
1001
1017
1017
3265
0
0
0
769
1037
1201
804
881
1938
0
1146
0
807
951
2851
0
0
1050
137
978
1496
336
299
3235
0
0
1072
431
292
839
4343
0
0
0
0
1008
0
1035
994
753
2179
0
1149
0
1594
1332
3179
0
0
0
859
1000
1037
2358
0
0
1812
0
1577
1935
0
1316
1484
0
1102
1138
76
3803
0
0
1197
0
588
3125
0
0
1232
0
201
1730
0
2655
0
0
2142
0
0
1926
0
782
403
1804
0
1672
1163
0
186
889
610
536
4317
0
0
0
1152
1161
0
1009
0
999
1033
340
1799
0
728
1474
0
1887
0
1280
1217
1213
521
3115
0
0
0
1110
785
1057
2574
0
0
1037
1570
0
2649
0
0
1779
0
1333
3198
0
0
0
388
378
468
517
115
3070
0
0
1636
1918
0
1154
778
1262
0
1630
1339
0
1163
0
1373
1863
0
1350
0
1
776
427
1720
0
1333
0
130
1000
5277
0
0
0
0
0
760
972
998
1035
2785
0
0
1254
0
1042
0
1033
2557
0
0
1887
0
1288
1303
0
475
1028
1235
1047
0
1211
0
573
1728
0
837
964
1993
0
2314
0
0
2367
0
1124
1204
0
1007
0
1002
1039
1030
2212
0
0
1710
1083
0
1007
0
1000
1001
998
1001
999
1001
999
1001
999
1000
999
1001
999
1001
999
1000
999
1000
1000
1001
999
1000
1000
1001
999
1000
1000
197
1003
0
1001
1002
999
1000
999
999
1000
1001
998
1001
999
1000
1000
1001
1001
1000
998
1001
1000
999
1000
1001
999
1001
999
1001
0
1001
918
85
1002
0
1001
0
1000
1000
1002
0
1000
1000
1002
0
999
1000
781
1000
1000
1001
0
1002
998
1001
999
1003
998
1000
999
507
813
190
1003
0
999
1000
1002
1000
998
1000
1001
1001
998
1000
1001
1001
998
1000
1001
1001
998
1000
1001
1002
997
1000
1002
1001
997
1000
1001
1001
1000
999
1000
1001
998
1000
1002
1000
998
1002
1086
1000
1002
0
1001
1001
998
1000
1001
1001
998
1000
1001
1002
997
1000
1002
1000
998
1000
1003
999
998
1002
999
1001
998
1000
1001
1001
998
1000
1001
1001
999
999
1001
1003
997
1000
1000
1001
999
1000
1001
999
1001
0
1002
0
999
1000
1002
0
1000
1000
1002
0
1000
1000
1000
1000
1000
1000
1001
0
1001
1001
0
1002
1000
1003
0
1000
1000
1002
0
1000
1000
1000
1001
0
1000
1000
1001
0
1000
1000
1001
0
1000
1000
1001
0
1000
1000
1001
0
1000
1000
1001
0
1000
1000
1001
0
1000
1000
1001
0
1000
1000
1001
0
976
25
1001
1000
1001
0
1000
1001
1000
854
148
1001
1000
1001
999
999
1000
1000
1001
999
1000
1000
1001
999
1000
1000
1001
999
1000
1000
1001
999
1000
1000
1001
999
1000
1000
1001
999
1000
1000
1001
999
1000
1000
1001
999
1000
1000
1001
1000
999
1000
1001
999
1000
1000
1001
999
1000
1000
1001
999
1000
1000
1002
998
1000
1000
1001
999
1000
1000
1000
1000
1000
1000
1001
999
1000
1000
1001
999
1000
1001
1000
999
1000
1000
1001
999
1000
1000
1001
999
32000
1000
1000
1001
999
1000
1000
1001
999
1001
999
1001
999
1000
1000
1001
1000
999
1000
1001
999
1000
1000
1001
999
1000
1000
1001
999
1000
1000
0
1001
0
1000
0
1000
0
1000
0
1001
0
999
0
1000
0
1000
0
1001
0
1000
0
999
0
1002
0
1000
0
998
0
1002
0
1000
0
1000
0
998
0
1001
0
734
0
1265
0
999
0
1001
0
1000
0
1001
0
999
0
1000
0
1000
0
1001
0
1000
0
999
1000
1001
0
1000
1000
1001
0
8
999
1000
1001
1000
1000
1001
999
1000
1000
1000
1000
1001
998
1001
1000
1000
999
1002
999
1000
999
1001
1000
1001
998
1001
1002
998
999
1001
1001
999
1001
1000
999
1000
1000
1001
999
1000
1000
1001
999
1000
999
1001
1000
1000
999
1001
1000
1000
999
1001
1000
1000
999
1001
1003
997
999
12
1000
1003
0
1000
1000
1000
999
1001
1000
1001
998
1001
1001
999
1050
27
1003
0
1002
998
1000
1000
999
1001
1000
1000
999
1001
1001
999
999
1001
1000
1000
1001
998
1001
1000
999
1001
1001
998
1000
1002
999
999
1001
1000
1000
999
1000
1002
999
999
1040
1002
0
1000
1000
1001
1000
1002
997
1001
179
1113
950
1051
0
786
1216
0
863
1137
999
1002
0
1002
999
999
1002
999
999
1000
1000
1001
1000
999
1131
996
1005
1001
0
1001
999
1000
1002
999
999
1000
1000
1001
1000
999
1000
1001
1001
998
1000
1002
998
1000
1000
1001
999
1000
1204
999
1002
0
1001
1001
1000
998
1001
1000
999
1000
1000
1001
999
1000
1000
1001
1000
999
1000
1001
1001
999
53
1001
1001
0
1000
1001
999
1000
1000
1001
999
1000
1001
1000
999
1000
1003
999
998
1000
1002
999
999
1000
1003
998
999
1001
1001
998
1000
1002
999
999
1001
1000
1000
1000
999
1015
1001
1001
0
1000
1001
999
1000
1001
1000
999
1000
1001
1000
1000
999
1001
1000
1000
1000
1001
999
1001
998
1001
1001
999
999
1001
1000
1000
999
1001
1000
1338
0
1045
0
1002
0
1001
1001
999
999
1001
1000
1000
1001
999
1000
1000
999
1001
1000
1000
999
1003
998
1000
1000
1000
1000
1000
999
1001
1000
1000
999
1001
1000
1000
999
1001
1001
999
999
1002
999
1000
999
1001
1000
1000
999
1001
1001
999
999
1002
999
1000
1000
1000
1000
1000
1021
771
1081
1306
81
1000
1002
0
1000
1000
1000
1000
999
1001
1001
999
999
1002
1000
999
999
1001
1002
158
1000
1002
0
1000
999
1001
1000
1000
999
1001
1000
1000
999
1001
1000
1002
997
1000
1001
999
1000
1001
1001
999
999
1000
1001
999
1000
1001
1189
1133
0
1003
0
999
1000
1002
999
999
1000
1002
999
999
1001
1000
1000
1000
1000
999
1001
1000
999
1001
1001
999
1000
1003
997
999
1001
1000
1000
999
1001
1001
999
1002
997
1001
1000
1000
999
1002
999
999
1002
998
1001
999
1000
1000
1000
1000
1001
0
1000
1000
1001
0
1000
1000
1001
0
1000
1000
1001
0
1000
1001
1000
999
1000
999
1000
1001
1000
999
1002
999
999
1000
1000
1001
999
1000
1000
1001
999
1000
1000
1001
999
1000
1000
1001
999
1000
1000
1001
999
1000
1000
1001
999
1001
999
1001
999
1000
1000
1001
999
1000
1000
1001
999
1001
999
1001
999
1002
999
1000
999
1000
1000
1001
999
1000
1000
1001
999
1000
1000
1001
999
634
1050
1316
1000
1000
1000
1001
999
1000
1000
1001
999
1001
999
1001
999
1002
998
1001
999
1000
1000
1001
999
1000
1000
1001
999
1000
1000
1001
1000
999
1000
1001
999
1000
1000
1001
999
1000
1000
1001
999
1000
1000
1001
0
4
9
332
732
69
0
0
0
10688
10639
10590
10541
10492
10443
10394
10345
10296
10247
10198
886
267
319
4830
4781
4732
4683
4634
4855
4806
4757
4708
4659
4642
4593
4544
4495
4446
1756
1707
0
2878
2829
2780
3819
3770
3721
3672
6768
6719
6670
6621
6572
6523
6474
0
2268
2219
2170
10172
10123
10074
10025
9976
9927
9878
9829
9780
9731
9682
4747
4698
4649
4600
4551
730
4894
4845
4796
4747
4698
360
3790
3741
3692
3643
2754
2705
2656
888
817
1622
1573
888
1483
1434
0
2414
2365
2316
4009
3960
3911
3862
3813
0
0
9926
9877
9828
9779
9730
9681
9632
9583
9534
9485
6646
931
235
5457
5408
5359
5310
5261
5212
1634
1585
0
1935
1886
1795
1746
4058
4009
3960
3911
3862
0
13534
13485
13436
13387
13338
13289
13240
13191
13142
13093
13044
12995
12946
12897
3
0
7885
7836
7787
7738
7689
7640
7591
7542
4352
4303
0
0
5204
5155
5106
5057
5008
4959
0
1469
1420
436
20
114
4
5
6
9
6
3
3
2
4
1
2
1
4
3
6
6
5
3
6
5
3
4
3
3
4
3
1
7
1
2
4
0
7
3
3
0
4
5
4
2
3
8
5
4
5
5
3
1
3
2
0
0
4
2
5
5
2
4
4
2
5
6
3
2
3
4
4
4
1
2
7
3
7
5
3
8
1
4
3
6
4
4
7
7
5
2
1
5
2
6
2
2
6
8
5
7
6
6
5
6
5
4
4
1
5
6
2
2
5
2
2
5
1
1
7
6
2
5
1
6
4
3
3
2
3
3
5
2
4
1
2
1
1
4
1
2
3
4
2
2
6
5
1
2
2
3
5
3
3
1
3
1
1
5
5
5
3
2
4
5
4
7
2
3
2
3
1
3
5
5
2
1
2
2
4
3
5
5
6
3
1
5
2
4
4
4
5
5
5
3
5
4
3
3
1
6
3
5
2
5
6
4
4
6
3
4
6
8
6
9
3
3
6
4
6
3
3
2
4
6
3
7
4
6
3
5
4
7
5
8
3
2
4
9
4
3
3
1
3
5
3
4
1
7
3
5
5
7
4
3
4
7
3
5
1
3
5
5
4
7
2
3
0
3
2
7
3
5
5
3
7
7
3
4
2
2
2
2
4
2
2
1
2
4
2
2
7
6
9
1
2
5
4
4
3
1
3
2
3
7
5
5
5
2
5
6
2
1
4
5
6
6
5
5
3
2
3
1
2
5
6
4
4
3
3
4
6
3
3
2
4
3
4
9
4
2
4
3
4
2
5
7
6
3
5
8
3
8
1
109
391
176
780
212
0
1534
1485
335
0
0
3866
3817
3768
3719
178
811
837
2892
2843
2794
810
501
203
1972
1923
649
4316
4267
4218
4169
4120
437
783
1276
1227
1852
1803
879
6
1239
1190
2674
2625
2576
710
1
0
4371
4322
4273
4224
4175
167
0
3082
3033
2984
2935
0
2
1
0
0
0
1
2
1
0
0
0
0
0
1
0
0
0
0
3
0
0
0
5
0
1
2
2
0
3
1
5
4
0
0
3
0
1
0
0
0
0
0
2
0
0
0
0
0
0
0
0
0
0
3
0
0
0
1
7
0
4
2
2
2
2
1
0
0
0
0
2
1
0
0
0
1
0
0
0
0
1
0
0
0
1
2
0
0
0
0
0
0
0
1
0
0
0
0
0
0
0
0
0
0
0
0
4
0
0
1
0
0
0
0
2
0
0
0
0
2
1
5
3
5
0
0
0
0
2
0
1
4
3
3
0
4
0
0
0
0
2
2
2
3
0
0
0
0
0
0
0
0
0
0
0
0
0
2
0
2
0
2
1
0
1
2
1
1
0
4
0
0
1
0
0
1
0
0
0
2
0
0
1
1
0
2
0
0
0
0
1
0
4
3
0
2
1
0
0
5
0
0
0
1
1
1
0
0
0
0
0
0
1
3
1
2
2
2
1
1
0
1
1
0
0
0
1
4
0
0
0
1
1
2
0
0
1
0
0
4
0
0
0
0
1
2
4
0
2
1
0
0
4
1
1
1
3
0
0
0
0
2
0
4
0
1
0
4
0
2
1
0
2
0
0
0
3
1
2
1
3
0
4
0
0
5
1
1
0
0
3
7
4
1
0
0
0
1
3
3
2
3
3
2
0
0
0
0
1
0
0
0
0
0
1
0
2
3
3
0
0
1
2
1
3
0
3
0
0
0
0
4
0
0
0
2
0
0
0
2
0
0
2
0
0
0
1
1
0
0
1
2
0
0
1
1
0
1
0
0
0
0
0
2
0
0
0
1
0
1
0
1
0
0
1
0
0
1
0
1
2
3
0
1
0
0
2
1
0
0
0
0
1
0
1
0
1
0
1
1
0
0
2
0
1
0
0
0
0
0
0
0
0
0
2
3
1
0
2
0
2
0
0
2
2
0
2
1
0
0
0
0
1
2
1
2
2
0
0
0
2
1
1
0
0
1
0
0
0
0
0
0
0
0
0
0
1
1
3
3
1
4
1
0
4
0
0
0
0
0
0
2
3
0
0
0
0
0
2
0
2
1
0
0
0
1
4
4
3
0
0
0
0
1
0
0
2
2
2
0
2
3
5
0
2
0
0
0
0
0
2
2
2
0
0
0
0
1
2
1
3
2
2
0
0
0
0
0
0
0
0
0
0
1
0
0
0
0
0
0
0
0
0
1
0
0
0
0
0
0
0
0
0
0
0
0
0
0
0
0
0
0
0
0
0
0
2
0
0
0
0
0
0
0
0
0
0
2
0
0
0
0
0
2
0
0
1
0
0
2
0
0
0
0
0
0
0
1
3
1
0
0
0
1
0
0
0
0
1
1
0
1
0
4
0
2
0
1
0
1
0
0
3
0
0
1
0
0
0
1
1
0
0
0
2
0
1
1
0
0
0
0
3
1
1
0
2
2
0
0
0
0
0
0
0
2
1
2
1
1
0
0
0
0
0
1
0
0
1
0
0
0
1
1
1
0
0
0
0
0
0
1
1
0
1
1
0
2
0
0
0
0
0
0
0
2
0
0
0
0
2
0
1
2
0
3
0
2
0
1
0
2
1
0
0
0
0
0
2
0
0
0
0
0
1
0
0
0
1
0
0
1
1
0
0
0
0
0
0
0
0
0
0
0
0
0
3
1
2
1
3
2
5
0
0
0
0
1
0
0
1
4
1
0
0
0
0
0
0
0
0
0
0
2
3
0
0
2
3
0
0
1
5
0
0
0
3
0
0
0
2
2
0
1
3
0
0
2
2
3
1
0
0
0
1
3
0
0
0
0
0
0
2
2
0
0
0
1
0
0
0
1
0
3
0
0
0
2
0
0
0
2
0
0
0
0
1
0
0
0
0
1
0
1
2
0
1
0
0
0
0
0
0
0
0
2
1
0
0
0
1
2
2
1
1
0
2
0
0
1
0
0
0
0
2
1
2
0
1
0
1
0
1
0
0
0
0
0
1
0
2
0
1
1
0
2
0
2
2
1
4
0
1
1
0
1
1
2
0
0
0
1
1
1
0
0
0
0
0
0
2
1
0
0
0
0
0
1
0
0
0
0
3
0
2
0
1
0
0
0
0
0
0
0
0
1
1
0
0
0
0
0
0
0
0
0
0
0
0
0
0
0
0
2
1
1
0
0
1
1
2
1
0
0
0
0
1
0
0
0
5
0
1
1
0
0
3
3
1
2
1
1
1
0
0
0
0
0
0
0
1
1
0
1
0
0
0
2
0
0
0
0
1
0
0
1
1
0
0
0
1
2
1
2
0
2
0
0
2
1
1
2
0
0
0
2
2
0
0
0
0
0
0
0
0
0
0
0
0
0
0
0
0
0
0
0
0
0
1
4
0
0
1
1
0
2
1
1
0
0
1
1
0
1
0
0
0
0
1
5
0
1
1
0
0
0
0
0
1
0
0
0
0
0
2
0
0
0
0
0
1
1
0
0
0
2
0
0
0
3
3
4
2
0
0
0
0
1
0
0
0
2
1
1
2
0
0
0
0
0
2
3
0
0
0
4
0
0
2
0
0
0
2
3
0
0
0
0
1
1
2
4
1
0
1
0
0
0
2
0
3
0
0
0
0
0
2
0
1
0
1
1
1
2
1
0
0
0
0
3
1
2
1
2
0
0
0
0
0
0
0
1
0
0
0
0
0
1
1
0
0
5
0
0
0
1
0
0
1
0
0
2
0
0
0
0
0
0
0
0
1
2
3
0
0
0
1
1
2
0
0
0
0
0
0
0
0
0
1
1
1
0
0
1
1
2
2
0
1
1
0
0
0
0
0
0
0
0
0
2
0
0
0
1
0
0
0
2
0
0
3
0
1
0
0
0
0
0
0
0
0
2
1
1
0
0
0
0
0
0
2
0
0
0
0
0
0
0
0
0
0
2
0
0
0
0
1
1
0
0
0
2
2
0
0
0
0
0
2
0
3
1
0
0
1
4
1
1
1
1
0
1
2
0
0
0
0
0
0
0
2
0
0
0
0
5
3
0
0
2
0
2
1
2
0
2
0
0
2
0
1
0
0
0
0
0
0
0
6
0
1
1
0
0
0
2
0
0
1
0
1
0
0
5
1
0
2
0
2
1
1
2
2
2
0
0
0
1
1
0
3
0
0
0
1
0
0
1
0
0
0
0
1
1
0
1
0
0
0
2
2
2
0
2
1
0
0
2
2
4
0
2
0
0
4
0
0
0
0
0
0
1
3
1
0
0
0
2
2
3
0
1
0
0
0
0
1
1
0
0
0
0
0
0
1
2
4
3
0
0
2
0
0
1
1
0
0
0
0
0
0
0
0
1
0
0
0
0
1
0
0
0
0
0
0
1
0
0
0
0
0
0
2
1
2
0
0
0
1
0
0
3
0
1
0
3
1
0
0
0
1
0
0
0
1
0
1
0
1
1
0
0
0
1
0
0
1
1
2
0
0
0
0
0
1
0
0
0
4
2
1
0
0
0
0
1
0
4
0
0
0
0
1
0
0
0
0
2
0
0
2
0
0
1
0
0
0
0
0
0
0
1
0
0
0
0
2
0
0
0
0
0
2
0
0
0
4
1
0
0
0
0
0
1
0
3
0
1
0
0
0
0
2
1
0
3
1
0
0
0
0
0
0
0
0
0
2
0
0
0
0
0
0
0
0
0
0
0
0
0
0
0
2
1
0
0
0
0
1
1
2
2
0
0
2
0
0
1
0
0
0
0
0
1
0
3
3
1
0
0
0
1
2
0
0
1
0
0
0
4
1
0
0
1
0
0
1
3
2
1
0
1
0
1
0
1
0
1
1
0
0
0
0
0
1
0
0
0
2
0
3
0
0
0
0
2
1
1
0
1
1
2
0
0
0
0
2
0
2
1
0
2
1
1
0
2
0
1
0
0
0
2
0
0
1
1
0
0
0
0
1
2
0
1
0
0
0
1
1
0
0
0
0
1
0
2
0
0
0
0
0
0
2
1
0
0
1
1
0
2
0
2
0
0
0
4
0
0
4
0
0
0
1
0
0
1
0
0
1
1
0
0
0
0
1
2
1
1
0
0
0
0
0
0
0
0
0
0
0
3
0
0
4
5
0
1
0
0
0
0
1
0
0
1
0
0
0
0
0
3
0
0
1
0
1
0
0
0
0
1
0
1
0
1
0
2
2
4
0
1
0
0
0
0
0
0
2
0
0
0
0
2
1
0
0
0
1
0
0
1
0
0
0
0
0
1
0
1
1
0
0
1
0
0
0
0
0
0
0
1
0
0
0
0
0
0
0
0
0
0
0
0
1
1
0
0
0
0
0
1
1
1
1
0
0
0
0
0
1
0
1
3
1
2
0
0
0
0
2
0
0
0
0
0
0
2
0
0
2
0
0
0
0
0
1
1
1
0
0
0
0
0
0
1
0
0
0
0
0
0
1
0
1
0
0
0
1
0
0
3
3
0
3
1
1
4
0
0
1
1
0
0
0
0
0
0
4
0
0
4
0
0
1
1
0
2
0
0
0
2
3
0
0
0
0
0
1
0
2
0
2
2
0
0
0
1
0
1
3
2
0
0
0
0
0
0
0
0
2
1
1
0
1
1
0
2
3
0
0
3
3
1
0
0
0
0
0
0
0
1
0
0
0
0
0
0
0
2
0
1
1
1
0
0
0
0
0
0
3
0
1
0
0
1
3
0
1
0
0
0
0
0
1
3
0
0
0
0
0
0
0
0
1
0
2
0
1
0
0
0
2
2
0
1
0
0
0
0
0
0
0
0
0
0
1
0
2
1
2
1
0
0
0
0
3
2
0
4
1
0
0
0
0
0
0
0
0
0
0
0
0
0
0
1
0
0
0
0
0
4
3
0
0
2
0
1
0
0
0
0
0
1
0
0
0
0
0
3
5
0
0
0
0
0
1
0
0
0
0
0
0
0
2
1
0
1
0
0
0
0
4
0
0
1
4
0
0
0
0
0
0
1
0
0
0
0
1
1
0
0
0
1
2
1
5
0
0
0
0
0
0
0
0
0
2
0
1
0
0
0
2
1
2
2
0
1
2
0
0
0
0
0
1
1
0
0
0
2
0
0
1
0
0
2
2
1
1
1
0
0
0
0
0
0
0
0
1
0
0
0
0
0
3
1
2
0
0
0
0
4
0
0
0
0
3
0
1
0
0
1
0
0
0
1
2
0
1
0
0
0
0
0
0
0
0
0
2
2
3
0
0
2
2
0
2
1
3
5
3
2
0
0
0
0
4
0
0
0
1
2
0
1
1
0
2
1
2
0
0
0
0
0
0
0
0
2
0
0
0
0
0
2
0
0
1
3
6
0
0
1
0
0
0
0
0
0
0
1
2
0
0
0
0
0
0
2
1
0
0
0
1
0
0
0
0
0
0
0
0
0
2
2
2
1
0
0
0
1
0
0
1
1
0
0
0
0
0
1
0
0
0
1
0
0
1
1
1
1
0
0
0
0
1
0
0
0
0
1
0
0
1
2
0
0
0
1
0
0
0
0
0
0
0
4
1
0
0
0
0
0
0
1
2
0
1
0
0
1
0
0
1
0
0
0
0
1
0
1
1
1
2
0
0
0
0
1
0
0
0
0
0
0
0
1
1
2
0
0
499
1499
2499
3499
4499
5499
6499
7499
8499
9499
10499
11499
2250
3249
4249
