0
51000
0
0
840
1
1160
0
1586
242
173
157
844
0
0
527
474
996
0
0
1001
0
0
1002
134
154
1
0
712
0
0
0
0
701
0
1
0
1
301
994
0
0
0
0
998
0
2004
0
996
1001
0
0
0
0
999
0
0
0
0
1005
0
0
0
700
306
0
0
989
0
0
1003
0
0
0
1000
1003
998
857
1004
1997
0
999
1003
1002
995
1000
1001
0
1000
1001
1256
887
1409
1000
1002
0
999
660
996
224
999
1002
771
1000
693
1166
941
63
1007
0
999
997
1000
780
995
910
2993
2001
1605
23
1372
0
999
1002
1719
2279
0
1000
0
1001
1
1000
0
283
848
1004
0
999
1001
997
1002
1999
0
1003
998
999
1000
1001
1688
311
1001
0
1000
1002
1000
999
1000
1004
998
1000
186
999
256
3000
0
1000
0
1003
0
1001
2996
260
1
740
1000
630
1233
1001
0
1003
0
1000
1003
1000
996
1002
4996
1000
0
1000
0
0
1002
0
2998
0
1000
1001
0
1002
999
1003
1001
1001
0
1001
1293
1705
1000
1001
260
240
1001
0
1003
1002
1000
1002
0
1001
2997
676
325
0
1002
1001
1001
997
1000
153
999
1001
1003
1000
1000
1000
800
205
1000
1001
0
1001
1998
4846
1154
0
0
1000
0
0
1002
1005
0
995
1000
1002
999
1467
1530
1000
280
727
995
1003
996
1065
1000
464
540
387
997
1003
997
1003
997
974
27
1000
1003
0
1000
1000
998
1000
1002
2000
998
1001
1000
0
999
1002
0
2001
997
1000
555
448
1998
999
142
499
550
1216
1023
1001
1999
1000
1002
0
0
91
93
1001
1999
0
1000
1
1003
1419
3187
1000
0
0
1002
1998
1606
394
0
1000
1005
0
1001
2994
0
1000
1002
0
806
994
1002
997
964
997
1001
244
2995
1000
0
1002
0
1000
1000
1000
1000
1000
1002
998
2002
0
998
309
696
1002
0
1000
1003
998
999
172
139
1002
863
1135
1000
307
373
223
2001
0
0
2003
0
1003
0
1000
1003
997
419
997
1000
1001
381
473
672
1000
1000
1415
735
671
330
234
768
936
80
985
323
1077
0
1004
0
881
995
1003
1000
465
497
444
1
1001
1002
1001
1001
998
587
990
1005
1038
1000
2263
0
0
849
898
1103
2853
0
0
1184
0
278
1036
0
2930
0
0
2323
0
0
837
172
1002
0
1316
542
811
561
1002
776
1018
2670
0
0
1821
0
1163
1235
1000
670
1027
821
1457
0
2332
0
1495
0
1075
0
1000
601
2189
0
1859
0
3495
0
0
0
1619
0
1042
0
1036
855
1007
3195
0
0
1379
0
491
1382
2261
0
0
3760
0
0
0
2143
0
1107
0
1075
0
1001
1097
902
828
1229
0
291
139
5875
0
0
0
0
0
1012
0
1000
998
1001
1001
999
999
1001
1001
999
999
1001
1002
1000
998
1000
1001
999
1000
1000
1001
999
1000
1000
1001
999
1000
1000
1001
999
1000
1000
1001
999
1000
1000
1001
999
1000
1000
1001
999
1000
1000
1001
998
999
1000
1002
999
999
1000
1002
999
999
1000
999
1001
999
1001
999
1001
1000
1000
999
1001
1000
1001
999
999
1001
1001
999
1001
1000
1000
999
999
1001
1001
999
999
1001
1001
999
999
999
1002
997
1000
999
1001
688
938
2210
0
0
889
2238
0
0
888
372
800
802
745
1037
0
2798
0
0
1469
33
1000
1099
0
1336
1092
413
1034
0
971
1066
287
1663
1053
627
426
1122
1605
0
1409
577
346
1220
0
2331
0
311
999
1000
1136
0
1000
1000
997
2201
0
0
839
966
1000
1727
376
992
1241
0
960
839
1001
0
1004
0
999
1000
1035
1036
963
1557
588
998
1024
0
1534
1445
0
1003
0
1000
1000
1000
1000
1001
1001
999
1002
998
1001
1033
1028
971
1311
1191
1498
0
1037
0
1254
712
1032
1001
1000
1326
1126
762
396
3361
0
0
0
1006
0
1000
999
1000
1002
998
1000
1000
1000
1000
1001
1000
1031
967
1054
1537
1077
1358
0
1005
0
1000
998
1038
1802
163
258
780
1034
0
1133
906
944
1057
1008
1748
340
360
826
362
581
2848
0
1088
0
1004
0
1002
1000
1000
999
1039
762
1005
0
1071
1737
1050
1040
999
1001
1002
0
1037
200
1117
0
971
948
1156
1287
1463
1948
0
1487
0
1549
0
1006
0
1000
1000
998
1003
1000
1000
1022
1009
1111
927
955
804
230
1804
404
906
547
2061
0
0
974
975
1100
1139
1199
1017
853
1378
1199
0
1045
0
993
405
2041
0
140
935
994
1040
996
969
1035
968
961
1389
0
1041
0
967
1029
1001
1147
1410
515
344
123
935
869
605
740
444
1909
0
924
732
1032
1000
1034
2536
0
0
1641
0
1006
0
1038
1105
1336
1256
979
3020
0
0
1086
0
1040
0
971
1142
889
2454
0
0
1655
0
640
858
1000
4964
0
0
0
0
1036
1009
0
683
1073
0
1004
2877
0
0
1613
0
1507
1003
1000
1
788
56
6523
0
0
0
0
0
0
1293
1192
0
1009
0
1002
998
1000
1029
1003
1596
1361
486
2896
0
0
992
632
928
1064
1004
326
2149
0
3286
0
0
0
719
1005
1000
1033
1045
136
2365
0
1146
207
1006
0
1038
2776
0
0
1234
0
1010
0
1033
1152
411
1423
1706
0
534
1129
356
184
1160
0
2553
0
0
1455
0
1009
0
1028
1817
1330
0
1
1030
1009
1176
2126
0
0
711
2915
0
0
2589
0
0
824
997
1004
999
1000
303
3386
0
0
1320
0
1012
0
998
1053
976
1150
1285
331
620
917
887
270
1635
0
1606
1217
0
822
1161
894
810
5976
0
0
0
0
0
1022
1010
0
1000
1029
998
1004
997
1074
313
2017
0
1913
0
3014
0
0
1287
0
340
1000
396
5428
0
0
0
0
0
910
719
999
999
1000
1070
850
1532
0
1208
3708
0
0
0
1300
0
1008
0
999
1001
2425
0
0
1667
0
1037
0
1006
1023
1102
915
1253
0
1721
147
1041
2827
0
0
1296
3910
0
0
0
1101
0
1007
0
1038
960
1033
1159
326
1604
2629
0
0
1260
1000
1042
0
1055
1014
2752
0
0
1360
0
1577
0
372
2084
0
1496
1926
0
1161
0
1076
0
994
1000
786
2305
0
0
3344
0
0
1271
1345
0
1079
0
996
1181
157
2241
0
1234
0
377
999
3449
0
0
0
1388
1304
0
899
997
2427
0
0
648
2238
0
1293
1472
0
1420
4100
0
0
0
1007
1010
0
997
1030
981
186
2129
0
2305
0
687
1024
2102
0
1424
0
1069
0
970
1613
0
987
1056
0
2366
0
0
2191
0
1481
0
275
1364
1569
0
576
652
92
4913
0
0
0
0
1010
0
1065
1003
341
574
1708
0
1568
0
599
4308
0
0
0
0
770
930
2717
0
0
2630
0
0
1373
0
1933
2128
0
0
1009
0
1491
1154
1476
0
2128
0
1514
0
1
748
1647
831
709
775
2216
0
1248
296
1480
1927
0
1386
1058
0
730
855
4880
0
0
0
0
1127
0
1329
0
805
1296
1000
2657
0
0
2816
0
0
3937
0
0
0
1257
0
1023
883
367
1330
0
5779
0
0
0
0
0
2833
0
0
1427
0
329
680
1468
0
1736
1000
959
2916
0
0
3718
0
0
0
1414
0
1000
2445
0
0
1499
1016
270
3301
0
0
1469
0
136
904
2123
0
2109
0
1063
1380
0
2952
0
1286
0
211
2191
0
0
2794
0
1170
0
151
2017
0
1076
841
367
471
1556
0
877
2940
0
0
2797
0
0
1164
1043
1917
0
1323
70
1915
0
1085
926
3411
0
0
0
1458
1104
1000
3212
0
0
0
1516
1439
0
1318
0
1594
419
747
2315
0
0
1082
1983
0
887
1000
3997
0
0
0
1546
0
2309
0
1156
0
900
1278
0
255
985
1947
0
1174
1186
1254
2974
0
0
1224
0
1119
1372
1973
0
469
1107
1391
3607
0
0
0
1400
0
1008
0
1001
2391
0
0
1005
1875
0
1197
1552
0
769
769
1409
0
784
1298
0
655
2895
0
0
1510
0
1356
1000
4658
0
0
0
0
1388
0
1007
0
1847
1655
0
981
1980
0
1014
1152
1209
1592
0
919
838
1256
1769
517
246
800
955
712
1299
0
2033
0
1322
251
998
1041
1582
594
1904
0
794
1226
2007
0
0
461
925
2993
0
0
1090
0
1011
0
1223
1000
1000
5564
0
0
0
0
0
1446
0
1037
0
1005
329
1000
5633
0
0
0
0
0
1372
0
1616
946
1716
0
715
1407
3064
0
0
1260
0
1010
0
1838
1152
2801
0
0
1930
0
1710
0
1595
0
1024
0
1017
998
1491
2682
0
0
1012
846
576
2833
0
0
1670
0
1502
0
1622
1021
1464
0
1012
664
1181
1581
0
1077
697
1123
0
1037
0
2458
0
0
1636
0
1020
0
988
1632
1207
185
1009
1405
946
693
1249
0
885
1025
1007
1754
1994
0
1236
0
270
1376
872
1401
371
713
1270
0
1314
1093
1229
101
999
997
2844
0
0
2133
0
1022
1007
0
1035
994
782
574
650
526
1994
0
1546
0
494
340
4043
0
0
0
0
1031
932
1023
1011
2110
0
0
1006
0
1053
1766
1246
0
1261
0
760
1420
0
1397
950
1783
0
1672
0
497
1311
2803
0
0
1314
0
1009
0
1002
998
1152
1520
1321
3000
0
0
1020
0
986
1032
996
880
1038
0
1020
1115
0
1046
0
1401
905
1755
0
1484
0
2077
0
925
999
1001
1066
422
1646
0
2734
0
0
1380
0
1366
0
2469
0
1175
0
1008
0
999
1001
1038
961
1491
385
1211
2140
0
1022
1032
0
1042
963
1037
1001
1949
0
1048
150
1447
1164
1787
0
1273
0
190
1059
172
340
4690
0
0
0
0
1008
0
1000
1001
1000
999
1082
925
1068
1730
329
862
1000
1222
812
2458
0
0
1070
1356
120
998
1007
0
1000
999
999
1001
1001
999
999
1000
1001
999
1000
1000
1001
999
1000
1000
1001
999
1248
0
1005
0
1000
1000
1001
999
1000
1000
1001
999
1000
1000
1000
1000
999
1000
1000
1001
1000
999
1000
1001
1002
997
1002
999
1000
999
1000
1001
1000
999
1000
1001
1000
999
1000
1001
1000
999
1000
1001
999
1001
999
1000
999
1001
999
1001
999
1001
999
1001
999
1001
999
1001
999
1001
999
1001
999
1001
999
1001
999
1001
999
1001
999
1001
999
1001
999
1001
999
1001
999
1001
999
1001
999
1001
999
1001
999
1001
999
1001
999
1001
999
1001
1000
1000
999
1001
999
1001
1001
999
999
1001
1001
999
998
1001
1001
999
999
1001
1001
999
999
1001
1001
999
999
1001
1001
999
999
1000
1000
1000
999
1001
1000
1000
999
1001
1000
1000
999
1001
1000
1000
999
1001
999
1001
999
1001
1000
1000
999
1001
1000
1000
999
1001
1000
1000
999
1001
1000
1000
999
1001
1000
1000
999
1001
1000
1000
1000
1001
1000
999
1000
1001
999
1000
1000
1001
999
1000
1000
1001
999
1000
1000
1001
999
1000
1000
1001
999
1000
1000
1001
999
1000
1000
1001
999
1000
1000
1001
999
1000
1000
1001
999
1000
1001
1000
999
1000
1000
1001
999
1000
1000
1001
999
1000
1000
1002
998
1001
999
1001
999
1000
1000
1001
999
1000
1000
1001
999
1000
1000
1001
999
1000
1000
1001
999
1000
1000
1001
999
1000
1000
1001
999
1000
1000
1001
999
747
1000
1001
0
1001
999
1000
1001
1000
999
1000
115
1000
1001
0
1001
0
1000
1000
1000
1000
1000
1000
102
1000
999
1000
1000
1000
1000
1000
1000
1000
1002
0
1000
999
196
116
1000
1001
0
1001
1000
999
1000
1001
1000
999
1000
1001
1000
999
1000
1001
1000
999
1000
1001
1000
999
1000
308
338
1
1002
1001
0
1000
1000
1000
1000
1000
1000
1000
1000
1000
1000
1000
1000
1001
999
1000
1000
1000
20
1001
0
1000
1000
1001
999
1000
1000
1000
1092
75
1259
0
1001
0
1000
21
1000
947
1054
0
1001
0
1000
1000
1000
1000
1000
1000
1000
1000
1000
1000
1000
1000
1000
1000
1000
1000
1000
1000
1001
999
1001
999
1001
999
1001
999
1001
999
1001
999
1001
999
1001
999
1001
1000
1000
999
1001
999
1001
999
1001
999
1001
999
1001
999
1115
0
1001
0
1001
999
1001
999
1001
999
1001
999
1001
999
1001
999
1001
999
1001
999
1001
999
1001
999
1001
999
1001
999
1001
999
1001
999
1001
999
1001
999
1001
999
1001
999
17
1001
0
1001
1000
999
1001
999
1001
999
1001
999
1001
999
1001
999
1001
999
1001
999
1001
999
1001
999
1001
999
1001
999
1001
999
1001
999
1001
999
1001
999
12
1001
0
1000
1001
999
1001
999
1001
999
1001
999
1001
999
1001
999
1001
999
1001
999
1001
999
1001
999
1001
999
1001
999
1001
1000
1000
999
1001
999
1001
999
1001
999
1000
1000
1000
1000
1000
1000
1000
1000
1000
1000
1000
1000
1000
1000
1001
999
1000
1000
1001
999
1000
1000
1000
1000
1000
1000
1000
1000
1000
1000
1000
1000
1000
1000
1000
1000
1000
1000
1000
1000
1000
1000
1000
1000
1000
1000
1000
1000
1000
1000
1000
1000
1000
1000
1000
1000
1000
1000
1000
1000
1000
1000
1001
999
1000
1000
1000
1000
1000
1001
999
1000
1000
1001
999
1000
1001
1000
999
1000
1000
1001
999
1000
1000
1001
999
1000
1000
1002
998
1000
1000
1001
999
1000
1000
1002
998
1000
1000
1001
999
1001
999
1001
999
1000
1000
1000
1000
1000
1000
1001
999
1000
1000
1001
999
1000
1000
1001
999
1000
1000
1001
999
1000
1000
1001
999
1000
1000
1001
999
1000
1000
1001
999
1000
1001
1000
999
1000
1000
1001
999
1000
1000
1001
999
1000
1001
1000
999
1000
1000
1001
999
1000
1000
1001
999
1000
1000
1001
999
1000
1000
1001
999
1000
1000
1001
999
1000
960
1040
1000
1000
1000
1001
999
1000
1000
1001
999
1000
1000
1001
999
1000
1000
1001
999
1000
1000
1001
999
1000
1000
1001
999
1000
1000
1001
999
1000
1000
1001
999
1000
1000
1001
999
1000
1000
1001
999
1000
1000
1001
999
1000
1000
1002
998
1000
1000
1001
999
1000
1000
1001
999
1000
1000
1000
1000
1000
1000
1001
999
1000
1000
1001
999
1000
1000
1001
999
1000
1000
1001
999
1001
999
986
645
1369
1000
1001
999
1000
1000
1001
999
1000
1000
1001
999
1000
1000
807
1193
1000
1000
1001
999
1000
1000
1001
999
1000
1000
1001
999
1000
1000
1001
1000
999
1001
1000
999
1000
1000
1001
999
1000
1000
1001
999
1000
1000
1001
999
1000
1000
1001
999
1000
1000
1001
999
1000
1000
1001
999
1001
999
1001
999
1000
1000
1001
999
1000
1001
1000
999
1000
1000
1001
999
1000
1000
1001
999
1000
1000
1001
999
1000
1000
1001
999
1000
1000
1001
999
1000
1000
1001
999
1000
1000
1001
999
1000
1000
1001
999
1000
1000
1000
980
945
1076
999
1000
1000
1000
1001
999
1000
1000
1001
999
1000
1000
1001
999
1000
1000
1001
999
1000
1000
1001
999
1000
1000
1001
999
1000
1000
1001
999
1000
1000
1001
999
1000
1000
1001
999
1000
1000
1001
999
1000
1001
1000
999
1000
1002
999
999
1000
1000
1001
999
1000
1000
1001
999
1000
1000
1001
999
1000
1000
1001
999
1000
1000
1001
999
1000
1000
1001
999
1000
1000
1001
999
1000
1000
1001
999
1000
1000
1001
999
1000
1000
1001
999
1000
1001
1000
999
1000
1000
1001
999
1000
1000
1001
999
1000
0
0
0
372
970
539
1703
1673
812
0
2793
2763
2733
3483
3453
3423
3393
0
1445
1415
0
10120
10090
10060
10030
10000
9970
9940
9910
9880
9850
9820
3889
3859
3829
3799
2053
2696
2666
2636
8572
8542
8512
8482
8452
8422
8392
8362
8332
5861
5831
5801
5771
5741
5711
3050
3434
3404
3374
3344
3760
3730
3700
3670
8563
8533
8503
8473
8443
8413
8383
8353
8323
8616
8586
8556
8526
8496
8466
8436
8406
8376
1568
1538
11980
11950
11920
11890
11860
16163
16133
16103
16073
16043
16013
15983
15953
15923
15893
15863
15833
1519
1489
1920
1890
4367
4337
4307
4277
4247
31619
31589
31559
31529
31499
31469
31439
31409
31379
31349
31319
31289
31259
31229
31199
31169
31139
31109
31079
31049
31019
30989
30959
30929
30899
30869
30839
30809
30779
30749
30719
30689
23328
23298
23268
5778
45950
45920
45890
45860
45830
45800
45770
45740
45710
45680
45650
45620
45590
45560
45530
45500
45470
45440
45410
45380
45350
45320
45290
45260
45230
45200
45170
45140
45110
45080
45050
45020
44990
44960
44930
47750
47720
47690
47660
47630
47600
47570
47540
47510
47480
47450
47420
47390
47360
43130
13130
0
125693
125663
125633
125603
125573
125543
125513
125483
125453
125423
125393
125363
125333
125303
125273
125243
125213
125183
125153
125123
125093
125063
125033
125003
124973
124943
124913
124883
124853
124823
124793
124763
124733
124703
124673
124643
124613
124583
124553
124523
124493
124463
124433
124403
124373
124343
124313
124283
124253
124223
124193
124163
124133
124103
124073
124043
124013
123983
123953
123923
123893
123863
123833
123803
123773
123743
123713
123683
123653
123623
123593
123563
123533
123503
123473
123443
123413
123383
123353
123323
123293
123263
123233
123203
123173
123143
123113
123083
123053
123023
122993
122963
122933
122903
122873
122843
122813
122783
122753
122723
122693
122663
122633
122603
122573
122543
122513
122483
122453
122423
122393
122363
122333
122303
122273
122243
122213
122183
122153
122123
122093
122063
122033
122003
121973
121943
139503
139473
139443
139413
139383
139353
139323
139293
139263
140334
140304
140274
140244
140214
140184
140154
140124
140094
140064
140034
140004
139974
139944
139914
139884
115244
115214
115814
115784
97094
76931
76901
76871
76841
76811
76781
76751
76721
76691
76661
72840
72810
72780
150864
150834
150804
150774
150744
150714
150684
150654
150624
150594
150564
150534
150504
150474
150444
150414
150384
150354
150324
150294
150264
150234
150204
150174
150144
150114
150084
150054
150024
149994
149964
149934
149904
149874
149844
149814
149784
149754
149724
149694
149664
149634
149604
149574
149544
149514
149484
149454
149424
149394
149364
149334
149304
149274
149244
149214
149184
149154
149124
149094
149064
149034
149004
148974
148944
148914
148884
148854
148824
148794
148764
148734
148704
148674
148644
148614
148584
148554
148524
148494
148464
148434
148404
148374
148344
148314
148284
148254
148224
148194
148164
148134
169182
169152
169122
169092
169062
169032
169002
168972
168942
168912
168882
168852
168822
168792
168762
168732
168702
168672
168642
168612
168582
168552
176192
176162
176132
176102
176072
176042
176012
175982
175952
175922
175892
175862
175832
175802
188987
188957
188927
188897
188867
188837
188807
188777
188747
188717
188687
188657
188627
188597
188567
188537
188507
188477
188447
188417
188387
188357
188327
188297
188267
188237
188207
188177
188147
188117
188087
188057
188027
187997
187967
187937
187907
187877
187847
187817
187787
187757
191878
191848
191818
191788
191758
191728
191698
191668
191638
191608
191578
191548
191518
170956
170926
203073
203043
203013
202983
202953
202923
202893
202863
202833
202803
202773
202743
202713
202683
202653
202623
202593
202563
202533
202503
205088
205058
205028
204998
204968
204938
204908
204878
204848
204818
204788
204758
204728
204698
204668
204638
204608
204578
204548
204518
204488
204458
204428
204398
204368
204338
196458
196428
196398
202689
202659
202629
202599
202569
202539
202509
199484
199454
199424
199394
194422
194392
194362
194332
194302
195009
194365
194454
189598
185328
170260
170230
170200
166811
166781
166751
166721
166691
162832
162802
147105
147075
147045
147015
146985
146955
146925
146895
146865
146835
146805
146775
163301
163271
163241
163211
163181
163151
163121
163091
163061
163031
163001
162971
162941
162911
162881
162851
162821
162791
162761
162731
162701
162671
162641
162611
162581
162551
162521
162491
162461
162431
167290
167260
167230
167200
167170
167140
167110
166548
166518
166488
166458
166428
166398
165966
165936
165906
165191
165161
165131
165101
165071
166732
166702
170334
170304
170274
170244
167472
166687
160747
133106
133076
133046
155787
155757
155727
155697
155667
155637
155607
155577
155547
155517
155487
155457
155427
155397
155367
155337
155307
155277
155247
155217
155187
155157
155127
155097
155067
155037
155007
154977
154947
154917
154887
154857
154827
154797
154767
154737
154707
154677
154647
154617
154587
154557
154527
154497
154467
154437
156029
155999
155969
155939
155909
155879
155849
155819
155789
155759
155729
155699
155669
155639
174858
174828
174798
174768
174738
174708
174678
174648
174618
174588
174558
174528
174498
174468
174438
174408
174378
174348
174318
174288
158554
158524
169239
169209
169179
169149
169119
169089
169059
169029
168999
168969
168939
168909
168879
168849
168819
168789
168759
168729
171479
171449
171419
171389
173007
172977
172947
172917
172287
172257
172227
155616
155586
155556
155526
144254
144224
144194
144164
144134
144104
144074
144044
144014
143984
143954
143924
161499
161469
161439
161409
161379
161349
161319
161289
161259
161229
161199
161169
161139
161109
161079
161049
161019
160989
175526
175496
175466
175436
175406
175376
175346
175316
175286
175256
175226
175196
175166
175136
175106
175076
173816
143816
184560
184530
184500
184470
184440
184410
184380
184350
184320
184290
184260
184230
184200
184170
184140
184110
184080
184050
184020
183990
183960
183930
183900
183870
183840
183810
183780
183750
183720
183690
183660
183630
183600
183570
183540
183510
183480
183450
183420
183390
183360
183330
183300
183270
183240
183210
183180
183150
183120
183090
183060
183030
183000
182970
182940
182910
182880
182850
182820
182790
182760
182730
182700
182670
182640
182610
182580
182550
182520
182490
182460
182535
182505
182475
182445
182415
182385
182355
182325
182295
182265
183615
183585
183555
183525
183495
183465
183435
183405
183375
183345
183315
183285
183255
183225
183195
183165
183135
183105
183075
183045
183015
182985
182955
177325
177295
177265
177235
177205
177175
186293
186263
186233
186203
186173
186143
186113
186083
186053
186023
185993
185963
177218
177188
177158
177128
177098
177068
177038
177008
176978
176948
180606
180576
180546
180516
180486
180456
180426
189050
189020
188990
188960
188930
188900
188870
188840
188810
188780
188750
188720
188690
185833
185803
185773
185743
185713
185683
185653
185623
185593
185563
185533
185503
185473
185443
185413
185383
186338
186308
186278
186248
186218
186188
186158
186128
186098
186068
186038
185751
185721
191242
191212
191182
191152
191122
191092
191062
191032
191002
190972
189025
188995
188965
188935
188905
188875
188845
188815
188785
188755
188725
188695
188665
188635
188605
188575
188545
188515
188485
191232
191202
191172
191142
191112
191082
191052
191022
190992
190962
190422
190392
190362
190332
190302
190272
190242
190212
190182
190152
182802
205748
205718
205688
205658
205628
205598
205568
205538
205508
205478
205448
205418
205388
205358
205328
205298
205268
205238
205208
205178
205148
205118
205088
205058
205028
204998
204968
204938
204908
204878
204848
204818
204788
204758
204728
204698
204668
204638
204608
204578
204548
204518
204488
204458
204428
204398
204368
204338
204308
204278
204248
204218
204188
210669
210639
210609
210579
210549
210519
210489
210459
210429
210917
210887
210857
210827
210797
210767
210737
210707
210677
210647
210617
210587
210557
210527
210497
210467
210437
210407
210377
210347
210317
210287
220206
220176
220146
220116
220086
220056
220026
219996
219966
219936
219906
219876
224792
224762
224732
224702
224672
224642
235993
235963
235933
235903
235873
235843
235813
235783
235753
235723
235693
235663
235633
235603
235573
235543
235513
229231
229201
233301
233271
233241
233211
233181
233151
233121
233091
233061
233031
233001
232971
232941
232911
232881
232851
234457
234427
234397
234367
234337
234307
217889
217859
217829
218269
218239
218209
218179
218149
218119
218089
218059
226550
226520
226490
226460
226430
226400
226370
226340
226310
226280
226250
226220
226190
226160
227939
227909
227879
227849
227819
227789
227759
227729
227699
227669
227639
227609
223589
287283
287284
287285
287286
287287
287288
287289
287290
287291
287292
287293
287294
287295
287296
287297
287298
287299
287300
287301
287302
287303
287304
287305
287306
287307
287308
287309
287310
287311
287312
287313
287314
287315
287316
287317
287318
287319
287320
287321
287322
287323
287324
287325
287326
287327
287328
287329
287330
287331
287332
287333
287334
287335
287336
287337
287338
287339
287340
287341
287342
287343
287344
287345
292365
292366
292367
294388
294389
294390
294391
294392
297774
297775
297776
334166
334167
334168
334169
334170
334171
334172
334173
334174
334175
334176
334177
334178
334179
334180
334181
334182
334183
334184
334185
334186
334187
334188
334189
334190
334191
334192
334193
334194
334195
334196
334197
334198
334199
334200
334201
345247
345248
345249
345250
345251
345252
345253
345254
345255
345256
345257
345372
346372
347372
348372
349372
350372
351372
352372
353372
354372
355372
356372
357372
358372
359372
360372
361372
362372
363372
364372
365372
366372
367372
368372
369372
370372
371372
372372
373372
374372
375372
376372
377372
378372
379372
380372
381372
382372
383372
384372
385372
386372
387372
388372
389372
390372
391372
392372
393372
394372
395372
396372
397372
398372
399372
400372
401372
402372
403372
404372
405372
406372
407372
408372
409372
410372
411372
412372
413372
414372
415372
416372
417372
418372
419372
420372
421372
422372
423372
424372
425372
426372
427372
428372
429372
430372
431372
432372
433372
434372
435372
436372
437372
438372
439372
440372
441372
442372
443372
444372
445372
446372
447372
448372
449372
450372
451372
452372
453372
454372
455372
456372
457372
458372
459372
460372
461372
462372
463372
464372
465372
466372
467372
468372
469372
470372
471372
472372
473372
474372
475372
476372
477372
478372
479372
480372
481372
482372
483372
484372
485372
486372
487372
488372
489372
490372
491372
492372
493372
494372
495372
496372
497372
498372
499372
500372
501372
502372
503372
504372
505372
506372
507372
508372
509372
510372
511372
512372
513372
514372
515372
516372
517372
518372
519372
520372
521372
522372
523372
524372
525372
526372
527372
528372
529372
530372
531372
532372
533372
534372
535372
536372
537372
538372
539372
540372
541372
542372
543372
544372
545372
546372
547372
548372
549372
550372
551372
552372
553372
554372
555372
556372
557372
558372
559372
560372
561372
562372
563372
564372
565372
566372
567372
568372
569372
570372
571372
572372
573372
574372
575372
576372
577372
578372
579372
580372
581372
582372
583372
584372
585372
586372
587372
588372
589372
590372
591372
592372
593372
594372
595372
596372
597372
598372
599372
600372
601372
602372
603372
604372
605372
606372
607372
608372
609372
610372
611372
612372
613372
614372
615372
616372
617372
618372
619372
620372
621372
622372
623372
624372
625372
626372
627372
628372
629372
630372
631372
632372
633372
634372
635372
636372
637372
638372
639372
640372
641372
642372
643372
644372
645372
646372
647372
648372
649372
650372
651372
652372
653372
654372
655372
656372
657372
658372
659372
660372
661372
662372
663372
664372
665372
666372
667372
668372
669372
670372
671372
672372
673372
674372
675372
676372
677372
678372
679372
680372
681372
682372
683372
684372
685372
686372
687372
688372
689372
690372
691372
692372
693372
694372
695372
696372
697372
698372
699372
700372
701372
702372
703372
704372
705372
706372
707372
708372
709372
710372
711372
712372
713372
714372
715372
716372
717372
718372
719372
720372
721372
722372
723372
724372
725372
726372
727372
728372
729372
730372
731372
732372
733372
734372
735372
736372
737372
738372
739372
740372
741372
742372
743372
744372
745372
746372
747372
748372
749372
750372
751372
752372
753372
754372
755372
756372
757372
758372
759372
760372
761372
762372
763372
764372
765372
766372
767372
768372
769372
770372
771372
772372
773372
774372
775372
776372
777372
778372
779372
780372
781372
782372
783372
784372
785372
786372
787372
788372
789372
790372
791372
792372
793372
794372
795372
796372
797372
798372
799372
800372
801372
802372
803372
804372
805372
806372
807372
808372
809372
810372
811372
812372
813372
814372
815372
816372
817372
818372
819372
820372
821372
822372
823372
824372
825372
826372
827372
828372
829372
830372
831372
832372
833372
834372
835372
836372
837372
838372
839372
840372
841372
842372
843372
844372
845372
846372
847372
848372
849372
850372
851372
852372
853372
854372
855372
856372
857372
858372
859372
860372
861372
862372
863372
864372
865372
866372
867372
867566
867884
867864
869509
869427
868373
867614
870194
870195
871863
871864
872614
873614
874614
875614
876614
877614
878614
879614
880614
881614
882614
883614
884614
885614
886614
887614
888614
889614
890614
891614
892614
893614
894614
895614
896614
897614
898614
899614
900614
901614
902614
903614
904614
905614
906614
907614
908614
909614
910614
911614
912614
913614
914614
915614
916614
917614
918614
919614
920614
921614
915267
909038
910665
910666
914655
914656
914657
914658
918548
918549
918550
918551
925653
925654
925655
925656
925657
925658
925659
928445
928446
928447
930893
930894
931114
932114
933114
934114
935114
936114
937114
938114
939114
940114
941114
942114
943114
944114
945114
946114
947114
948114
949114
950114
951114
952114
953114
954114
955114
956114
957114
958114
959114
960114
961114
962114
963114
964114
965114
966114
967114
968114
969114
970114
971114
972114
973114
974114
975114
976114
977114
978114
979114
980114
981114
982114
983114
984114
985114
986114
987114
988114
989114
990114
991114
992114
993114
994114
995114
996114
997114
998114
999114
1000114
1001114
1002114
1003114
1004114
1005114
1006114
1007114
1008114
1009114
1010114
1011114
1012114
1013114
1014114
1015114
1016114
1017114
1018114
1019114
1020114
1021114
1022114
1023114
1024114
1025114
1026114
1027114
1028114
1029114
1030114
1031114
1032114
1033114
1034114
1035114
1036114
1037114
1038114
1039114
1040114
1041114
1042114
1043114
1044114
1045114
1046114
1047114
1048114
1049114
1050114
1051114
1052114
1053114
1054114
1055114
1055897
1056463
1057246
1058060
1058967
1059719
1060533
1061378
1062192
1062944
1063944
1064944
1065944
1066944
1067913
1059015
1061995
1061996
1061997
1064740
1064741
1064742
1071967
1071968
1071969
1071970
1071971
1071972
1071973
1073307
1073308
1074280
1075280
1076280
1077280
1078280
1079280
1080280
1081280
1082280
1083280
1084280
1085280
1086280
1087280
1088280
1089280
1090280
1091280
1092280
1093280
1094280
1095280
1096280
1097280
1098280
1099280
1100280
1101280
1102280
1103280
1104280
1105280
1106280
1107280
1108280
1109280
1110280
1111280
1112280
1113280
1114280
1115280
1116280
1117280
1118280
1119280
1120280
1121280
1122280
1123280
1124280
1125280
1126280
1127280
1128280
1129280
1130280
1131280
1132280
1133280
1134280
1135280
1136280
1137280
1138280
1139280
1140280
1141280
1142280
1143280
1144280
1145280
1146280
1147280
1148280
1149280
1150280
1151280
1152280
1153280
1154280
1155280
1156280
1157280
1158280
1159280
1160249
1161218
1162157
1163094
1164063
1165032
1165970
1166939
1167908
1168847
1169816
1170753
1171691
1172661
1173598
1174567
1175505
1176474
1177412
1178412
1179412
1180412
