0
50000
0
1000
1002
999
0
0
970
1005
24
389
288
323
0
260
1
1
689
51
0
0
0
879
122
0
0
0
998
0
0
0
353
440
214
0
0
0
136
859
0
0
997
0
0
1002
0
1
1001
0
0
998
0
0
0
0
1002
0
0
0
1002
998
1997
0
1910
91
0
999
0
0
0
1002
0
1001
0
644
1353
0
527
479
1005
0
1425
999
1170
0
1004
0
998
1001
2186
418
396
1000
1006
0
997
1000
999
521
1125
0
1291
2384
235
765
1001
0
1001
1003
0
669
843
1003
0
298
1002
0
873
1005
559
437
653
349
370
411
952
998
1001
1002
998
668
1004
0
998
1001
1997
665
1000
1002
0
1000
1000
1998
2000
1000
1001
0
999
1002
0
1002
82
1004
0
998
1002
998
1423
0
1004
0
823
219
787
1004
0
1003
998
225
775
1004
0
999
1000
1000
1002
997
1000
7998
1666
3334
835
166
0
825
177
0
928
1
1068
2000
0
1000
0
0
0
1001
0
0
1002
1001
1001
996
922
1003
997
1824
177
1000
999
1000
1003
999
0
584
420
2001
999
1000
1000
1000
1000
1001
0
0
1000
46
1001
0
1004
549
864
994
1004
375
632
804
1005
0
4995
2576
1424
1000
4000
1000
101
902
997
231
769
0
0
1000
0
0
1003
999
999
79
920
0
734
269
998
1002
236
1003
0
63
1005
0
1002
997
1998
998
3000
2972
2028
1000
2000
0
0
272
732
0
0
997
0
3999
774
202
2025
0
999
499
1503
998
0
0
866
139
1002
0
363
347
999
1000
1000
951
57
109
901
245
762
1004
998
998
1001
1001
998
1001
0
1002
1001
998
1000
1000
1998
1000
2000
3000
0
1000
0
470
166
268
790
217
715
995
1002
1003
997
998
1000
747
2480
1520
0
1000
1001
0
999
1002
0
3998
0
0
1000
1004
0
194
991
1226
776
303
700
536
467
1385
1000
1001
0
959
997
1001
1998
1000
1001
1000
928
1000
1000
1003
0
1000
1001
1002
999
1003
996
654
89
916
996
1000
1000
1001
999
1000
1000
534
467
392
555
46
397
997
1001
1005
1033
1007
0
1000
997
1001
999
940
996
1002
1001
1000
872
62
1006
0
1002
1000
2264
0
1121
0
1185
0
1601
1892
0
3065
0
0
1294
0
1042
0
1108
893
1072
2916
0
0
1276
0
1037
0
1809
1194
0
1038
0
1037
993
1115
1158
1340
1723
0
1304
169
972
1012
0
999
1000
1000
1000
998
1001
1001
1000
998
1001
1002
998
1000
1000
1002
998
1000
1000
1002
1026
973
998
1003
998
1001
999
1002
998
1001
998
1003
998
1001
998
1003
998
999
998
1003
997
998
998
1300
998
1002
1003
0
1000
1001
0
1000
1000
1001
0
1000
1000
1001
0
1000
999
1001
1000
999
1001
1000
1000
999
1000
1001
1000
999
1000
1002
0
999
1000
1001
1000
999
1002
0
1000
999
1000
1001
1000
999
1004
0
998
1001
1000
1001
0
1000
1000
1001
0
1000
1000
1001
0
1000
1002
0
999
1000
1000
892
1096
1000
1002
1003
0
999
1000
999
1001
1000
999
1000
1001
1000
999
1000
1001
1000
999
1000
1001
340
1002
0
183
1006
0
1001
526
603
1011
0
996
1003
998
1000
1000
1000
999
1001
999
1001
999
1002
998
180
989
998
1005
1004
995
1002
999
1002
997
1002
999
1002
995
1002
999
1000
999
1002
999
1000
999
1002
999
1000
999
1002
999
1000
999
1003
999
1000
1000
1001
999
1000
999
1001
999
1000
1000
1000
1000
1000
1000
1000
1000
1000
1000
1000
1289
713
1000
995
1006
1001
1000
998
1001
999
999
1001
1000
1000
999
1001
1000
1000
999
1002
1000
1000
999
1001
1000
1000
999
1001
1000
999
1000
1001
1000
998
1001
1007
1007
0
1001
1001
1174
1072
750
2937
0
0
2946
0
0
1126
0
1012
0
999
1160
156
1024
2558
0
0
1120
3133
0
0
1043
0
2141
0
1114
999
494
4340
0
0
0
1178
0
1000
2428
0
0
1568
1976
0
1026
2499
0
0
1499
1641
0
1053
2003
0
1304
1000
3083
0
0
0
4580
0
0
0
0
1427
0
1011
0
1003
1068
2931
0
0
1544
0
1526
1738
0
2044
0
1504
0
100
2872
0
0
1235
0
1000
2162
0
0
2082
0
1219
1008
1699
0
1467
1676
0
1767
0
1058
1906
0
80
1633
2092
0
1607
0
1075
1063
1458
0
1000
265
1806
0
2173
0
1379
2187
0
1196
0
1013
0
998
2087
0
0
1321
998
2175
0
1207
2070
0
0
937
1045
1650
2447
0
0
1040
0
1053
986
1380
0
1284
1226
0
273
3060
0
0
1249
0
1601
736
1070
952
983
1460
1298
0
1150
0
858
1855
1349
0
1008
0
1000
1543
1068
1152
1235
0
1008
0
148
2243
0
889
1725
0
1008
0
1002
2106
0
0
1163
741
903
1101
1098
408
1007
1009
0
1001
999
1000
45
1004
0
1156
1756
0
1008
0
1008
0
1002
999
999
1000
999
1202
1546
1797
0
1473
0
1088
0
1309
800
823
788
1957
0
1241
0
1117
0
1378
1487
1000
1008
0
1000
1000
1001
999
1000
1001
998
1000
1001
999
1000
1000
1000
1000
1002
998
1001
999
1000
1000
1000
1000
1000
1000
1000
1000
1000
1161
839
999
1001
1001
1006
992
1183
818
998
1000
1000
1002
998
1000
1000
1002
998
1000
1000
1002
998
1000
999
1000
1000
1000
1000
1000
1000
1000
1068
933
1371
1551
0
1003
0
795
1582
0
1025
646
863
1006
0
999
999
997
1152
166
1979
0
1544
0
2109
0
337
665
833
81
1005
0
1095
1156
506
649
1412
2323
0
1057
0
1007
0
1475
1968
0
1554
0
1005
0
1003
1000
23
999
998
1303
700
845
997
1029
1823
2121
0
1000
1002
1104
0
901
999
1001
1001
998
1000
1001
1001
998
1000
2152
0
0
854
1121
847
891
997
1001
1000
12
998
998
1002
1002
998
1000
1000
1002
998
1000
1000
1002
998
1000
1000
1002
998
1000
1000
1002
1000
999
1002
999
1000
1001
999
1001
1037
995
1189
778
999
2174
0
0
831
1000
1214
1031
760
1204
1033
153
1817
0
1524
0
1008
0
1000
1000
999
1001
1000
1000
999
1190
1359
1174
1275
0
1010
0
996
1001
1508
1483
1744
0
1257
2160
0
0
846
1001
997
1002
1065
1258
1885
0
1117
0
1009
0
998
1671
987
1334
2168
0
0
840
1000
1001
1032
967
1303
1688
1805
0
1404
0
1027
1047
1229
318
1002
0
1007
1341
1442
1212
0
1616
0
956
736
1498
0
1006
0
1795
1200
0
1008
0
999
1002
998
1774
1446
0
1006
0
1002
1000
1000
1000
1001
998
1001
1000
1000
1000
999
1000
1000
1001
1000
999
1001
999
1001
999
1001
999
1001
999
1000
1001
999
1000
1000
1000
999
1000
56
1005
0
1002
1000
999
1001
999
1001
999
1001
999
1001
999
1223
679
1252
0
1416
2002
0
1440
0
1011
0
999
1422
1537
1029
1008
0
1002
1000
1001
999
1000
1002
1001
997
1001
1001
999
999
999
1001
1001
999
1000
1000
1001
1029
1009
0
1002
999
999
1000
1001
1000
1001
998
1000
1002
1000
998
998
1003
998
1001
999
1001
1002
998
1000
999
1002
999
1000
1000
1911
86
999
1011
0
997
1000
1002
1275
723
1000
1008
0
1001
999
1001
1001
999
1001
1000
1895
1507
0
1595
0
1010
0
1000
999
1001
999
1001
998
1001
1001
1001
997
1001
1000
1000
1273
889
835
1001
1174
1227
1003
1048
1304
1237
0
1010
0
998
1001
1001
1127
905
967
1946
1055
0
1012
0
997
1001
999
1001
1000
1000
999
1001
1001
1000
999
1000
1000
999
1001
1000
1000
1001
998
1001
999
1001
998
1001
1002
999
999
1001
998
1000
1001
1000
1002
998
1000
1000
1001
999
999
1000
1003
999
999
1000
1001
999
999
1000
1002
998
1000
1001
1002
998
1001
999
1001
999
1018
1425
1253
1106
137
998
999
1005
999
1001
1220
0
1010
0
1001
1373
1151
1106
1366
0
1009
0
1001
1001
1000
999
999
1113
888
793
1009
0
1002
1334
1705
0
1010
0
1102
898
998
1018
984
1000
998
1002
1000
1000
998
1002
1000
999
999
1000
1001
999
999
999
1002
1001
999
996
1003
0
998
999
1001
999
1001
999
1001
999
1001
999
1001
999
1001
999
1001
999
1001
999
1001
999
1001
999
1001
999
1001
999
1001
999
1001
1001
1000
999
1001
1000
1000
999
1001
1000
1000
1000
1000
1000
1000
1000
1000
1000
1000
999
1001
1000
1000
999
1002
0
1000
999
1003
0
999
999
1001
999
937
998
999
1001
1001
999
1001
999
1001
1001
999
1001
1000
998
1001
999
1001
999
1001
999
1001
999
1001
999
1001
999
1001
1000
1000
999
1001
999
1001
999
1001
999
1001
999
1001
999
1001
999
1001
999
1001
999
1001
999
1001
999
1001
999
1000
1000
1000
1000
1001
999
1001
999
1001
999
1001
999
1001
999
1001
999
1001
999
1001
999
1001
999
1001
999
999
1000
1001
999
1000
1000
1001
999
1000
1000
1001
999
1000
1000
1001
999
1000
1000
1001
999
1000
1001
1000
1000
1000
929
530
1082
999
1001
1000
1000
1000
1000
1000
1000
1000
1000
1000
1000
1000
1000
1000
1000
1000
1000
1000
1001
999
1000
1000
1000
948
1000
998
1001
1000
1000
1000
1000
1000
1000
1000
1000
1000
1000
1000
1000
1000
1001
999
1000
1000
1000
1000
1000
1000
1000
1000
1000
1000
1000
1000
1000
1000
1000
1001
878
1120
1000
1000
1001
999
1000
1000
1001
999
1000
1000
1001
999
1000
1000
1001
999
1000
1000
1001
999
1000
1000
1001
999
1000
1000
1001
999
1000
1000
1001
999
1000
1000
1001
999
1000
1000
1001
999
1000
1000
1001
999
1000
1000
1001
999
1000
1000
1001
999
1000
1000
1001
999
1000
1000
1001
999
1001
999
1001
999
1000
1000
1001
999
1000
1000
1001
999
1000
1000
1001
999
1000
1000
1001
999
1000
1000
1001
999
1000
1000
1001
999
1000
1000
1001
999
1000
1000
1001
999
1000
1000
1001
999
1000
1000
1001
999
1000
1000
1001
999
1000
1000
1001
999
1000
1001
1000
999
1000
1000
1001
999
1000
1000
1000
1000
1000
1000
1001
999
1000
1000
1001
999
1000
1000
1001
999
1000
1000
1001
999
1000
1000
1001
999
1000
1000
1001
999
1000
1000
1001
999
1000
1000
1001
999
1000
1000
1001
999
1000
1000
1001
999
1000
1000
1001
999
1000
1000
1001
999
1000
1000
1001
999
1000
1000
1001
999
1000
1000
1001
999
1000
1001
1000
999
1000
1000
1001
999
1000
1000
1001
999
1000
1000
1001
999
1000
1000
1001
999
1000
1000
1001
999
1000
1000
1001
999
1000
1000
1001
999
1000
1000
1001
999
1000
1000
1001
999
1000
1001
1000
999
1000
1000
1001
999
1000
1000
1001
999
1000
1000
1001
999
1000
1000
1001
999
1000
1000
1001
999
1000
1000
1001
999
1000
1000
1001
999
1000
1000
1001
999
1000
1000
1001
999
1000
1000
1001
999
1000
1000
1001
999
1000
1000
1001
999
1000
1000
1001
999
1000
1000
1001
999
1000
1000
1001
999
1000
1000
1001
999
1000
1000
1001
999
1000
1000
1001
999
1000
1000
1001
999
1000
1000
1001
999
1000
1000
1001
999
1000
1000
812
1188
1000
1000
1001
999
1000
1000
1001
999
1000
1000
1001
999
957
1044
999
1000
1000
1000
1001
999
1000
1000
1001
999
1000
1000
1001
999
1000
1000
1001
999
1000
1000
1001
999
1000
1000
1001
999
1000
13748
1
1252
0
999
0
1001
0
929
72
999
0
999
0
1001
0
1000
0
1000
0
1001
0
999
0
1000
0
1000
1001
1000
999
1000
1001
999
1000
1000
1001
999
1000
1000
1001
999
1000
1000
1001
999
1000
1000
973
1026
1001
1000
1000
1000
1000
1000
1001
999
1000
1000
1001
999
1000
1000
1001
999
1000
1000
1001
999
1000
1000
1001
999
1000
1000
1001
999
1000
1000
1001
999
888
1000
999
1000
1000
1000
913
62
1000
1002
1002
0
1000
1000
1002
0
1000
1000
1002
0
1000
1000
1002
0
1000
1000
1002
0
1001
0
1002
0
1224
1048
0
1002
653
349
730
999
1001
1001
1002
0
999
847
1071
1080
694
1309
0
1002
1000
1000
1002
0
1000
862
1138
997
990
1009
1003
999
1000
1001
1002
0
1000
1000
1002
0
1001
0
1000
1000
1001
723
262
1000
945
59
1003
0
1000
1000
1002
0
999
1000
1002
0
1000
1000
1002
0
1000
999
1001
999
1000
1000
1001
1000
999
1000
670
1328
999
1002
1001
999
1000
1000
1001
999
1000
1000
1001
999
1000
1000
1001
999
1000
1000
1002
0
1000
1000
1001
999
1000
1000
1001
1002
0
894
1066
999
1002
1000
1001
999
1000
1000
1001
986
1010
1001
1002
999
1000
1000
1001
999
1000
1000
1001
999
1001
1000
1001
0
1001
1000
1003
0
999
1000
1001
0
1000
1000
1001
0
1002
998
1001
0
1000
1000
1001
0
1175
998
1004
0
1000
1000
1001
0
999
1001
1001
0
999
1001
1002
0
1003
1000
1002
0
999
1001
1001
0
999
783
1216
998
1002
1001
1002
0
999
1003
0
999
999
1001
1001
0
1000
1000
1002
0
999
1002
0
1000
1000
1000
898
1032
788
805
1001
1000
1002
1000
1002
0
999
1000
862
78
996
1000
804
1135
999
937
1063
998
1003
1000
1002
0
999
1000
1002
0
999
1000
1002
0
999
1000
1002
0
1000
34
135
1003
1000
1001
0
130
1087
998
792
1212
0
1003
1003
0
998
1000
1002
0
999
230
1002
1001
0
1160
999
1003
999
1001
1001
0
1000
1000
1002
679
1319
999
1003
998
1000
1000
1002
998
946
999
1000
1000
1000
1000
658
1302
1040
999
1003
998
1000
1000
1002
998
1000
1000
1002
692
1249
1058
997
1001
1000
1000
1002
998
1000
1000
1002
998
1000
1000
1001
933
954
1001
1000
1000
1000
1000
1000
1000
1000
1000
1000
1000
1000
1000
1000
1000
1000
1000
1000
1000
1000
1000
1000
999
0
0
0
69
415
449
744
958
0
1373
1312
1666
1605
886
4
1830
1769
467
0
1627
1566
0
955
2
499
91
594
78
1
0
0
5
0
0
37
725
219
1424
1363
0
4841
4780
4719
4658
4597
650
0
2606
2545
2484
0
4212
4151
4090
4029
3968
0
5256
5195
5134
5073
5012
4951
0
12616
12555
12494
12433
12372
12311
12250
12189
12128
12067
12006
11945
11884
1
493
0
12224
12163
12102
12041
11980
11919
11858
11797
11736
11675
11614
11553
11492
2
0
0
12184
12123
12062
12001
11940
11879
11818
11757
11696
11635
11574
11513
11452
396
571
5748
5687
5626
5565
5504
5443
1322
1261
462
0
0
5298
5237
5176
5115
5054
4993
0
0
3612
3551
3490
3429
0
0
3224
3163
3102
3041
346
910
0
224
0
0
0
4
0
0
0
0
0
72
543
266
126
444
144
62
0
0
0
0
0
0
0
0
0
0
0
0
0
0
0
0
0
0
2
0
0
0
0
0
0
0
3
0
0
0
0
0
0
0
5
0
0
0
0
0
0
0
0
0
0
0
0
0
0
0
0
0
0
0
0
0
0
0
0
0
0
0
0
0
0
7
0
0
0
0
0
0
5
0
0
0
0
0
0
0
0
0
0
0
0
0
0
0
6
0
0
0
0
0
0
0
4
0
0
0
0
0
0
0
0
0
0
0
0
0
0
1
0
0
0
0
0
0
0
4
0
0
0
0
0
0
0
5
0
0
0
0
0
0
0
0
0
0
0
0
0
0
2
0
0
0
0
0
0
0
3
0
0
0
0
0
0
0
6
0
0
0
0
0
0
0
0
0
0
0
0
0
0
0
0
0
0
0
0
0
0
4
0
0
0
0
0
0
0
4
0
0
0
0
0
0
1
0
0
0
0
0
0
0
0
0
0
0
0
0
0
0
3
0
0
0
0
0
0
0
7
0
0
0
0
0
0
0
0
0
0
0
0
0
0
0
0
0
0
0
0
0
0
2
0
0
0
0
0
0
0
8
0
0
0
0
0
0
0
0
0
0
0
0
0
0
0
0
0
0
0
0
0
0
0
0
0
0
0
0
0
0
4
0
0
0
0
0
0
0
0
0
0
0
0
0
0
0
0
0
0
0
0
0
0
4
0
0
0
570
71
50
20
20
103
150
0
0
173
0
0
0
0
0
0
0
0
0
202
0
0
0
0
0
0
0
3
0
0
0
0
0
0
0
4
0
0
0
0
0
0
0
0
0
0
0
0
0
0
0
0
0
0
0
0
0
0
2
0
0
0
0
0
0
0
4
0
0
0
0
0
0
0
0
0
0
0
0
0
0
1
0
0
0
0
0
0
0
4
0
0
0
0
0
0
0
6
0
0
0
0
0
0
0
0
0
0
0
0
0
0
0
0
0
0
0
0
0
0
2
0
0
0
0
0
0
0
8
0
0
0
0
0
0
0
0
0
0
0
0
0
0
0
0
0
0
0
0
0
0
2
0
0
0
0
0
0
0
5
0
0
377
93
0
174
0
0
0
0
0
0
0
0
2
0
0
0
0
0
0
0
2
0
0
0
0
0
0
0
0
0
0
0
0
0
0
4
0
0
0
0
0
0
0
318
605
308
764
669
156
381
1260
1199
848
0
845
822
0
605
735
165
618
0
453
56
109
141
0
0
0
0
0
0
0
0
1
0
0
0
0
0
0
0
0
0
0
0
0
0
0
0
0
0
0
0
0
0
0
0
0
0
0
0
0
0
0
3
0
0
0
0
0
0
0
0
0
0
0
0
0
0
0
0
0
0
0
0
0
0
1
0
0
0
0
0
0
0
2
0
0
0
0
0
0
0
0
0
0
0
0
0
0
1
0
0
0
0
0
0
0
1
0
0
0
0
0
0
0
1
0
0
0
0
0
0
0
0
0
0
0
0
0
0
0
0
0
0
0
0
0
0
2
0
0
0
0
0
0
0
6
0
0
0
0
0
0
0
0
0
0
0
0
0
0
0
0
0
0
0
0
0
0
1
0
0
0
0
0
0
0
3
0
0
0
0
0
0
0
0
0
0
0
0
0
0
0
0
0
0
5
0
0
0
0
0
0
0
0
0
0
0
0
0
0
0
0
0
0
0
5
0
0
0
0
0
0
0
0
0
0
0
0
0
0
0
0
0
0
0
0
0
0
4
0
0
0
0
0
0
0
2
0
0
0
0
0
0
0
0
0
0
0
0
0
0
0
0
0
0
0
0
0
0
2
0
0
0
0
0
0
0
4
0
0
0
0
0
0
0
0
0
0
0
0
0
0
0
0
0
0
0
0
0
0
2
0
0
0
0
0
0
0
5
0
0
0
0
0
0
0
0
0
0
0
0
0
0
1
0
0
0
0
0
0
0
6
0
0
0
0
0
0
0
5
0
0
0
0
0
0
0
0
0
0
0
0
0
0
2
0
0
168
411
71
653
167
545
298
94
111
0
0
0
0
57
0
0
0
0
0
0
0
5
0
0
0
0
0
0
0
0
0
0
0
0
0
0
3
0
0
0
0
0
0
0
2
0
0
0
0
0
0
0
5
0
0
0
0
0
0
0
0
0
0
0
0
0
0
0
0
0
0
0
0
0
0
3
0
0
0
0
0
0
0
0
0
0
0
0
0
0
0
0
0
0
0
0
0
0
0
0
0
0
0
0
0
0
5
0
0
0
0
0
0
0
0
0
0
0
0
0
0
0
0
0
0
0
0
0
0
1
0
0
0
0
0
0
0
2
0
0
0
0
0
0
0
0
0
0
0
0
0
0
0
0
0
0
0
0
0
0
0
0
0
0
0
0
0
0
2
0
0
0
0
0
0
0
5
0
0
0
0
0
0
0
0
0
0
0
0
0
0
1
0
0
0
0
0
0
0
5
0
0
0
0
0
0
0
5
0
40
0
0
0
0
0
0
0
0
0
0
0
118
1116
2054
327
956
0
0
0
553
1552
2552
3056
2382
2390
1779
2778
3778
4096
3053
2750
3748
4438
5438
6438
7438
8438
9438
10438
11438
12438
