0
54000
0
0
600
404
0
0
997
0
1002
0
1000
0
932
68
997
0
0
0
0
0
1000
0
0
0
0
0
1005
0
447
556
1992
1000
0
1000
0
0
1001
0
0
0
1001
0
0
1000
0
0
0
0
1001
0
0
0
0
1002
0
0
0
0
1000
0
0
0
0
0
0
291
718
0
0
0
0
0
987
0
1003
998
999
1001
1000
1003
0
1001
2996
0
1000
1003
1997
0
1000
461
542
1006
0
1003
1000
1043
0
1001
3191
749
1060
1999
1000
1000
0
0
1001
1001
0
2000
0
998
1001
0
1002
999
1001
125
1001
1003
998
1000
358
1002
0
1002
999
998
2000
1000
1000
1000
0
1000
1003
0
1000
999
230
1000
1999
1000
1000
1001
0
1003
998
1001
0
999
1003
999
1000
1001
997
2000
0
1001
1
999
768
2001
0
999
1001
0
1003
999
1001
997
1002
0
999
1003
808
1001
0
1001
1000
2998
0
1000
1002
1001
0
717
287
997
1002
1002
997
1003
999
999
304
999
999
2999
1000
0
1001
0
1001
1001
998
1001
1002
998
1000
999
1002
1002
1384
236
1000
827
177
1002
0
1055
1076
0
1280
1000
1002
0
843
1004
0
280
1
213
1000
999
271
995
1001
0
1001
1998
1000
1001
0
1001
2000
998
1000
1000
471
534
995
1002
1000
1000
999
1004
997
1000
998
554
2997
0
1000
568
434
1000
1001
0
1004
1004
1993
0
2003
0
0
1580
423
999
0
999
1004
2001
0
2004
996
0
1001
0
1002
1003
998
999
1998
999
1000
1002
0
1000
2005
0
195
340
997
298
59
1002
1007
0
997
997
1000
1000
1005
0
1001
1997
0
2001
0
0
1003
0
1998
0
1007
0
998
997
1000
1001
1004
248
1000
2004
994
1000
1003
0
998
1001
1002
1002
1000
1003
995
1000
1001
1003
1002
1001
998
996
1000
1000
1002
1002
1000
999
1003
1000
995
1001
1000
999
998
1001
999
1001
1001
998
1003
1001
996
999
1003
1000
997
75
1007
0
1002
999
1000
1003
996
1003
999
1005
993
1003
996
1004
999
999
999
1002
1000
1000
729
1008
0
1001
997
1002
999
999
1000
1000
1002
998
1001
999
999
51
991
1008
998
1003
996
1007
998
997
998
1329
0
1007
0
1002
131
1015
1007
0
1002
1001
998
1001
1001
999
1004
998
1001
994
1004
999
1001
999
1003
998
1001
997
1002
999
1002
998
1000
1002
1000
998
1000
529
1240
57
1004
112
1217
0
1010
0
1002
997
1000
1001
1001
999
246
1127
0
1009
0
1002
1000
1000
998
1002
1003
995
1000
1268
0
1009
0
1116
1000
1009
0
1004
999
997
770
737
693
239
1020
24
1007
0
1022
0
995
1007
1002
1002
997
999
1001
1000
1001
816
1455
0
1009
0
1002
999
307
567
621
158
270
988
1243
34
1008
0
1003
1003
996
999
1003
997
187
598
345
991
1009
999
1001
1000
999
151
975
1000
1008
1003
999
998
1002
28
983
1001
796
318
999
998
1007
1001
997
998
1006
996
1001
999
1002
998
1000
998
1008
994
1002
1000
461
1012
0
996
1003
999
999
1001
999
32
1305
0
749
726
640
1449
1000
632
579
571
164
57
9
998
999
1006
1000
999
1001
1001
998
1001
215
1013
1168
0
1012
0
997
1000
1002
999
1002
997
794
784
891
338
736
1030
744
1265
0
151
320
105
22
742
1268
0
1012
0
251
199
995
1010
0
1000
1289
1000
1008
0
1235
0
665
962
516
609
376
347
835
278
999
994
1252
0
256
410
48
319
296
1102
0
1152
0
1010
0
1002
1196
0
1011
0
999
999
1001
1001
999
999
1001
1001
577
1295
0
671
573
425
992
1004
1005
999
320
276
566
194
146
375
50
1102
0
1288
0
301
998
994
769
1216
0
1009
0
1001
661
554
660
990
1009
998
1002
1000
1000
998
1001
1001
1310
0
644
313
540
162
596
275
221
96
847
316
1287
0
1010
0
1000
1000
615
1316
670
415
237
996
748
1468
0
719
1292
0
1009
0
1257
0
799
753
69
531
355
181
1159
0
1122
0
1012
0
812
429
292
151
489
1176
0
1009
0
1000
1001
1260
0
1011
0
999
1002
997
1002
1001
1305
0
1009
0
1001
1001
1262
636
541
148
859
715
1365
1000
1009
0
1001
999
1300
0
710
785
334
202
1008
0
1002
1001
1002
996
1001
1255
0
761
1145
1102
0
1283
0
1010
0
999
563
631
604
995
225
608
508
123
87
41
998
356
411
740
878
1245
0
660
1291
0
1309
0
1157
1000
1012
0
998
1004
995
1282
0
1009
0
1004
999
1000
997
1003
1289
0
1012
0
998
1001
999
1002
228
978
998
1009
1000
999
999
1002
1001
997
1003
1000
998
999
1000
711
352
860
470
717
611
28
649
994
1008
1001
736
480
171
1007
0
1003
1002
999
1000
1000
1001
998
999
1269
0
1161
0
696
625
998
996
1007
1000
1000
1001
998
1001
1000
1001
296
1094
172
1008
0
1003
758
230
44
1045
111
1008
0
1001
1002
1002
996
1000
1002
1002
996
1001
1001
1004
995
1000
1001
1003
995
1001
1001
672
319
1003
0
774
788
728
705
1217
0
187
988
328
995
993
1012
1149
0
1013
0
997
1001
998
1004
1133
0
1011
0
778
1505
0
689
329
987
996
1271
0
1010
0
1318
0
646
1193
0
1008
0
1002
1005
994
201
972
1002
1004
1140
0
1009
0
1000
1003
1001
997
1002
998
1070
0
1011
0
1002
997
1001
1000
1002
998
1000
1000
40
1170
0
266
347
156
478
441
94
108
995
1309
0
1010
0
1000
1002
999
1000
1000
308
978
998
1007
1003
1000
997
1000
1002
646
147
1009
0
1260
0
1013
0
1000
260
283
997
991
682
590
376
360
233
500
599
996
1012
996
1006
996
1003
996
1004
997
1002
998
301
568
89
802
995
1012
998
1000
796
1344
697
198
337
1006
1006
1267
0
992
232
231
977
1175
1000
1011
0
1002
998
1001
1002
999
998
1001
1000
1001
590
1439
0
1313
0
1011
0
1000
1000
1293
0
119
999
1011
0
270
985
996
1008
1000
999
1000
1002
999
999
1000
1000
999
999
1002
1231
0
203
994
998
1005
1000
1001
1002
998
998
1002
1002
997
1000
1001
1001
1235
0
1010
0
1001
1314
0
273
997
996
1009
999
241
1247
0
1
1008
1000
1001
1002
998
1000
1001
1125
0
1268
0
1011
0
998
178
986
1290
0
671
261
976
1010
0
1001
710
1473
0
1010
0
1001
1000
1000
999
1001
741
1521
0
655
1232
0
1010
0
1000
1000
1001
999
1000
998
1000
1001
1001
999
128
65
995
1271
0
281
998
1072
651
449
337
1005
0
1004
998
1002
208
990
1271
0
1004
0
1001
1001
1000
1000
999
1002
999
998
1001
1003
998
999
1000
1000
1001
998
1002
998
1001
998
1003
998
1001
998
1002
999
1001
998
1003
999
1000
259
992
1001
1250
0
879
128
256
1001
0
1002
1001
999
998
1000
1000
1001
999
1000
1000
1001
999
1000
1000
1001
999
1000
1000
1001
0
0
0
0
11
0
0
0
0
0
0
0
0
1
0
0
0
1
0
0
0
0
0
0
0
0
7
0
0
0
12
0
0
0
0
0
0
0
5
16
0
0
1
3
0
0
0
0
0
0
0
2
12
0
0
0
10
0
0
0
2
0
0
0
0
14
0
0
0
4
0
0
0
0
0
0
0
0
13
0
0
0
9
0
0
0
0
0
0
0
0
7
0
0
0
10
0
0
0
1
0
0
0
0
13
0
0
0
4
0
0
0
1
0
0
0
3
10
0
0
0
9
0
0
0
6
0
0
0
0
6
0
0
0
5
0
0
0
2
0
0
0
2
5
0
0
0
4
0
0
0
1
0
0
0
0
9
0
0
0
9
0
0
0
4
0
0
0
0
12
0
0
0
6
0
0
0
4
0
0
0
0
14
0
0
0
3
0
0
0
3
0
0
0
1
10
0
0
0
5
0
0
0
3
0
0
0
0
16
0
0
0
12
0
0
0
1
0
0
0
0
14
0
0
0
4
0
0
0
6
0
0
0
0
11
0
0
0
11
0
0
0
0
0
0
0
0
16
0
0
0
5
0
0
0
1
0
0
0
0
15
0
0
0
12
0
0
0
3
0
0
0
0
8
0
0
0
7
0
0
0
11
0
0
0
0
14
0
0
0
9
0
0
0
3
0
0
0
2
13
0
0
0
13
0
0
0
3
0
0
0
0
11
0
0
0
13
0
0
0
9
0
0
0
1
11
0
0
0
4
0
0
0
3
0
0
0
2
14
0
0
0
4
0
0
0
0
0
0
0
1
12
0
0
0
9
0
0
0
6
0
0
0
0
12
0
0
0
5
0
0
0
14
0
0
0
0
12
0
0
0
7
0
0
0
6
0
0
0
2
12
0
0
0
6
0
0
0
2
0
0
0
6
9
0
0
0
5
0
0
0
3
0
0
0
0
14
0
0
0
9
0
0
0
7
0
0
0
2
9
0
0
0
9
0
0
0
1
0
0
0
2
8
0
0
0
2
0
0
0
2
0
0
0
3
10
0
0
0
7
0
0
0
3
0
0
0
0
9
0
0
0
0
0
0
0
3
0
0
0
0
16
0
0
0
5
0
0
0
5
0
0
0
0
9
0
0
0
5
0
0
0
1
0
0
0
0
10
0
0
0
7
0
0
0
5
0
0
0
0
12
0
0
0
10
0
0
0
0
0
0
0
0
8
0
0
0
10
0
0
0
0
0
0
0
0
14
0
0
0
3
0
0
0
3
0
0
0
1
11
0
0
2
4
0
0
0
3
0
0
0
0
9
0
0
0
4
0
0
0
7
0
0
0
0
15
0
0
0
9
0
0
0
5
0
0
0
1
10
0
0
0
13
0
0
0
4
0
0
0
0
8
0
0
0
5
0
0
0
0
0
0
0
0
13
0
0
0
10
0
0
0
7
0
0
0
0
11
0
0
0
8
0
0
0
7
0
0
0
1
14
0
0
0
10
0
0
0
1
0
0
0
0
9
0
0
0
6
0
0
0
4
0
0
0
0
13
0
0
0
13
0
0
0
1
0
0
0
0
8
0
0
0
13
0
0
0
0
0
0
0
0
15
0
0
0
4
0
0
0
5
0
0
0
0
9
0
0
0
7
0
0
0
3
0
0
0
0
10
0
0
0
10
0
0
0
2
0
0
0
0
12
0
0
0
6
0
0
0
0
0
0
0
0
21
0
0
0
8
0
0
0
1
0
0
0
2
4
0
0
0
12
0
0
0
0
0
0
0
0
9
0
0
0
6
0
0
0
5
0
0
0
6
13
0
0
0
10
0
0
0
1
0
0
0
0
10
0
0
0
7
0
0
0
3
0
0
0
1
9
0
0
0
7
0
0
0
0
0
0
0
1
8
0
0
0
10
0
0
0
5
0
0
0
0
14
0
0
0
7
0
0
0
5
0
0
0
0
11
0
0
0
4
0
0
0
6
0
0
0
0
19
0
0
0
5
0
0
0
0
0
0
0
2
13
0
0
0
4
0
0
0
4
0
0
0
0
17
0
0
0
8
0
0
0
3
0
0
0
0
12
0
0
0
3
0
0
0
4
0
0
0
0
17
0
0
0
4
0
0
0
0
0
0
0
0
9
0
0
0
4
0
0
0
4
0
0
0
0
17
0
0
0
4
0
0
0
6
0
0
0
4
13
0
0
0
13
0
0
0
2
0
0
0
0
8
0
0
0
7
0
0
0
2
0
0
0
5
13
0
0
0
6
0
0
0
0
0
0
0
0
15
0
0
0
5
0
0
0
1
0
0
0
0
11
0
0
0
5
0
0
0
6
0
0
0
0
11
0
0
0
7
0
0
0
1
0
0
0
0
17
0
0
0
11
0
0
0
0
0
0
0
2
6
0
0
0
10
0
0
0
3
0
0
0
0
10
0
0
0
4
0
0
0
4
0
0
0
0
7
0
0
0
10
0
0
0
3
0
0
0
0
5
0
0
0
6
0
0
0
6
0
0
0
0
13
0
0
0
7
0
0
0
0
0
0
0
0
9
0
0
0
5
0
0
0
4
0
0
0
0
9
0
0
0
4
0
0
0
5
0
0
0
0
17
0
0
0
6
0
0
0
0
0
0
0
2
12
0
0
0
9
0
0
0
7
0
0
0
0
11
0
0
0
6
0
0
0
4
0
0
0
0
10
0
0
0
11
0
0
0
5
0
0
0
0
15
0
0
0
9
0
0
0
8
0
0
0
0
16
0
0
0
6
0
0
0
4
0
0
0
0
12
0
0
0
10
0
0
0
2
0
0
0
5
7
0
0
0
3
0
0
0
6
0
0
0
0
14
0
0
0
15
0
0
0
1
0
0
0
0
12
0
0
0
8
0
0
0
2
0
0
0
2
10
0
0
0
6
0
0
0
0
0
0
0
0
16
0
0
0
5
0
0
0
2
0
0
0
0
11
0
0
0
8
0
0
0
1
0
0
0
0
12
0
0
0
12
0
0
0
6
0
0
0
0
10
0
0
0
8
0
0
0
4
0
0
0
1
10
0
0
0
7
0
0
0
5
0
0
0
0
10
0
0
0
12
0
0
0
11
0
0
0
0
15
0
0
0
7
0
0
0
3
0
0
0
2
8
0
0
0
10
0
0
0
6
0
0
0
2
13
0
0
0
7
0
0
0
8
0
0
0
0
12
0
0
0
8
0
0
0
8
0
0
0
0
11
0
0
0
9
0
0
0
6
0
0
0
0
9
0
0
0
8
0
0
0
0
0
0
0
2
12
0
0
0
8
0
0
0
1
0
0
0
0
11
0
0
0
5
0
0
0
5
0
0
0
0
16
0
0
0
9
0
0
0
2
0
0
0
0
18
0
0
0
4
0
0
0
0
0
0
0
0
16
0
0
0
7
0
0
0
8
0
0
0
0
16
0
0
0
10
0
0
0
8
0
0
0
0
14
0
0
0
4
0
0
0
10
0
0
0
0
13
0
0
0
1
0
0
0
6
0
0
0
0
9
0
0
0
5
0
0
2
0
0
0
0
0
12
0
0
0
7
0
0
0
9
0
0
0
0
16
0
0
0
7
0
0
0
1
0
0
0
0
11
0
0
0
10
0
0
0
4
0
0
0
1
7
0
0
0
7
0
0
0
6
0
0
0
0
12
0
0
0
12
0
0
0
4
0
0
0
0
8
0
0
0
11
0
0
0
5
0
0
0
0
11
0
0
0
12
0
0
0
5
0
0
0
5
12
0
0
0
6
0
0
0
6
0
0
0
0
8
0
0
0
11
0
0
0
4
0
0
0
0
16
0
0
0
13
0
0
0
4
0
0
0
0
9
0
0
0
2
0
0
0
0
0
0
0
2
13
0
0
0
9
0
0
0
4
0
0
0
0
9
0
0
0
5
0
0
0
4
0
0
0
0
6
0
0
0
12
0
0
0
5
0
0
0
5
11
0
0
0
5
0
0
0
1
0
0
0
0
13
0
0
0
5
0
0
0
1
0
0
0
0
14
0
0
0
2
0
0
0
0
0
0
0
0
12
0
0
0
7
0
0
0
10
0
0
0
0
10
0
0
0
7
0
0
0
3
0
0
0
0
9
0
0
0
9
0
0
0
0
0
0
0
0
12
0
0
0
9
0
0
0
3
0
0
0
0
13
0
0
0
11
0
0
0
4
0
0
0
2
18
0
0
0
8
0
0
0
6
0
0
0
6
13
0
0
0
5
0
0
0
7
0
0
0
0
14
0
0
0
6
0
0
0
1
0
0
0
0
11
0
0
0
6
0
0
0
4
0
0
0
6
14
0
0
0
4
0
0
0
2
0
0
0
2
11
0
0
0
8
0
0
0
6
0
0
0
0
12
0
0
0
9
0
0
0
4
0
0
0
0
3
0
0
0
11
0
0
0
4
0
0
0
2
10
0
0
0
13
0
0
0
2
0
0
0
0
9
0
0
0
16
0
0
0
0
0
0
0
3
9
0
0
0
5
0
0
0
2
0
0
0
0
17
0
0
0
5
0
0
0
3
0
0
0
0
11
0
0
0
4
0
0
0
4
0
0
0
0
14
0
0
0
4
0
0
0
6
0
0
0
0
12
0
0
0
4
0
0
0
3
0
0
0
0
7
0
0
0
10
0
0
0
0
0
0
0
0
20
0
0
0
7
0
0
0
0
0
0
0
1
9
0
0
0
12
0
0
0
3
0
0
0
0
15
0
0
0
6
0
0
0
3
0
0
0
0
6
0
0
0
9
0
0
0
4
0
0
0
0
11
0
0
0
8
0
0
0
0
0
0
0
0
10
0
0
0
12
0
0
0
0
0
0
0
0
8
0
0
0
9
0
0
0
5
0
0
0
0
8
0
0
0
6
0
0
0
6
0
0
0
0
15
0
0
0
14
0
0
0
4
0
0
0
0
14
0
0
0
5
0
0
0
0
0
0
0
0
14
0
0
0
7
0
0
0
3
0
0
0
0
10
0
0
0
7
0
0
0
3
0
0
0
0
11
0
0
0
10
0
0
0
1
0
0
0
0
14
0
0
0
4
0
0
0
1
0
0
0
9
14
0
0
0
12
0
0
0
3
0
0
0
0
12
0
0
0
9
0
0
0
6
0
0
0
1
17
0
0
0
4
0
0
0
0
0
0
0
1
16
0
0
0
3
0
0
0
2
0
0
0
0
16
0
0
0
5
0
0
0
3
0
0
0
2
8
0
0
0
11
0
0
0
3
0
0
0
0
9
0
0
0
2
0
0
0
5
0
0
0
0
11
0
0
0
12
0
0
0
3
0
0
0
1
9
0
0
0
10
0
0
0
3
0
0
0
0
18
0
0
0
9
0
0
0
4
0
0
0
0
16
0
0
0
8
0
0
0
1
0
0
0
0
13
0
0
0
6
0
0
0
4
0
0
0
0
10
0
0
0
9
0
0
0
2
0
0
0
0
13
0
0
0
13
0
0
0
2
0
0
0
0
16
0
0
0
8
0
0
0
0
0
0
0
0
14
0
0
0
10
0
0
0
0
0
0
0
0
11
0
0
0
11
0
0
0
4
0
0
0
0
7
0
0
0
8
0
0
0
6
0
0
0
0
12
0
0
0
5
0
0
0
1
0
0
0
0
14
0
0
0
8
0
0
0
7
0
0
0
2
14
0
0
0
3
0
0
0
0
0
0
0
0
13
0
0
0
10
0
0
0
4
0
0
0
0
12
0
0
0
10
0
0
0
0
0
0
0
0
5
0
0
0
3
0
0
0
5
0
0
0
5
18
0
0
0
5
0
0
0
4
0
0
0
0
11
0
0
0
11
0
0
0
6
0
0
0
0
7
0
0
0
9
0
0
0
2
0
0
0
0
11
0
0
0
7
0
0
0
0
0
0
0
3
12
0
0
0
5
0
0
0
5
0
0
0
0
6
0
0
0
7
0
0
0
3
0
0
0
0
9
0
0
0
6
0
0
0
4
0
0
0
0
9
0
0
0
9
0
0
0
4
0
0
0
0
10
0
0
0
11
0
0
0
4
0
0
0
0
9
0
0
0
10
0
0
0
4
0
0
0
0
11
0
0
0
8
0
0
0
5
0
0
0
0
10
0
0
0
9
0
0
0
3
0
0
0
0
14
0
0
0
9
0
0
0
3
0
0
0
0
13
0
0
0
8
0
0
0
10
0
0
0
0
12
0
0
0
2
0
0
0
0
0
0
0
0
10
0
0
0
6
0
0
0
2
0
0
0
0
13
0
0
0
12
0
0
0
2
0
0
0
0
13
0
0
0
5
0
0
0
6
0
0
0
2
14
0
0
0
7
0
0
0
2
0
0
0
0
17
0
0
0
7
0
0
0
3
0
0
0
0
14
0
0
0
2
0
0
0
4
0
0
0
2
9
0
0
0
5
0
0
0
0
0
0
0
0
7
0
0
0
7
0
0
0
7
0
0
0
0
15
0
0
0
5
0
0
0
9
0
0
0
1
9
0
0
0
12
0
0
0
2
0
0
0
3
13
0
0
0
9
0
0
0
0
0
0
0
4
11
0
0
0
11
0
0
0
10
0
0
0
6
11
0
0
0
10
0
0
0
3
0
0
0
0
10
0
0
0
7
0
0
0
9
0
0
0
0
9
0
0
0
4
0
0
0
0
0
0
0
0
14
0
0
0
6
0
0
0
1
0
555
309
956
563
365
903
0
2390
2339
2288
1906
1855
477
415
2690
2639
2588
0
4359
4308
4257
4206
4155
447
690
0
0
0
4
11
0
0
0
3
0
0
0
1
0
0
0
1
15
0
0
0
12
0
0
0
1
0
0
0
0
8
0
0
0
12
0
0
0
0
0
0
0
4
11
0
0
0
8
0
0
0
0
0
0
0
3
15
0
0
0
3
0
0
0
0
0
0
0
0
8
0
0
0
12
0
0
0
2
0
0
0
0
19
0
0
0
6
0
0
0
0
0
0
0
3
17
0
0
0
3
0
0
0
3
0
0
0
0
16
0
0
0
8
0
0
0
5
0
0
0
0
14
0
0
0
11
0
0
0
4
0
0
0
0
14
0
0
1
5
0
0
0
5
0
0
0
0
8
0
0
0
4
0
0
0
1
0
0
0
0
283
266
124
544
6
0
0
0
0
0
0
0
0
8
0
0
0
9
0
0
0
2
0
0
0
0
8
0
0
0
7
0
0
0
2
0
0
0
0
7
0
0
0
5
0
0
0
3
0
0
0
0
10
0
0
0
4
0
0
0
2
0
0
0
0
8
0
41
0
5
0
0
0
3
0
0
0
0
11
0
0
0
6
0
0
0
1
0
0
0
0
4
0
0
0
7
0
0
0
0
0
0
0
0
1
213
341
545
227
226
0
0
0
0
0
0
2
3
0
0
0
3
0
0
55
0
0
0
0
0
4
0
0
0
5
0
0
0
3
0
0
0
0
9
0
0
0
5
0
0
0
0
0
0
0
0
6
0
0
0
3
0
0
0
0
0
0
0
0
7
0
0
0
4
0
0
0
8
0
0
0
0
255
71
0
0
3
0
173
226
0
985
934
0
1673
1622
168
0
2469
2418
2367
4
733
1042
991
771
67
27
12
0
0
2
6
0
0
83
270
407
932
282
843
958
0
2189
2138
2087
3685
3634
3583
3532
0
2574
2523
2472
2466
2415
2364
1831
1780
883
0
3844
3793
3742
3691
225
49
13
0
0
0
5
0
0
0
0
0
0
0
0
6
0
0
0
6
0
0
0
9
0
0
0
0
8
0
0
0
8
0
0
0
33
0
115
0
299
436
259
126
0
75
269
32
0
5
0
0
0
0
8
0
0
0
5
0
0
0
2
390
83
686
784
367
342
924
898
532
518
0
5322
5271
5220
5169
5118
5067
126
3863
3812
3761
3710
1906
1855
782
275
762
921
1924
1873
1923
1872
122
904
561
3625
3574
3523
3472
549
42
2937
2886
2835
1304
0
1731
1680
0
0
1615
1564
191
380
14
203
125
0
0
0
5
0
0
0
1
0
0
0
2
7
0
0
0
11
0
0
0
3
0
0
0
0
9
0
0
0
6
0
0
386
2
0
260
43
392
7
15
0
0
2
0
0
0
0
0
0
0
0
9
0
0
0
3
0
0
0
1
0
0
0
0
11
0
0
0
5
0
0
0
0
0
0
0
0
5
0
0
0
3
0
0
0
4
0
0
0
0
4
0
0
0
2
0
0
0
0
0
0
0
0
293
156
467
261
462
0
0
215
383
134
233
0
0
7
0
0
65
5
0
0
0
0
0
0
0
0
8
0
0
0
3
0
0
0
0
0
0
0
0
2
0
129
0
6
0
0
393
2
252
318
381
253
425
62
56
47
291
206
0
0
0
0
0
0
0
7
0
0
0
0
0
0
0
0
0
0
0
0
11
0
340
301
325
333
433
758
607
402
805
410
409
599
767
13
973
645
467
321
328
872
456
0
1370
1319
3
1307
1256
452
406
486
309
322
3
0
0
0
0
9
0
0
0
7
0
0
0
0
0
0
0
0
5
0
0
0
7
0
0
0
4
0
8
47
301
467
210
279
77
195
300
433
256
319
0
152
227
0
7
0
0
0
3
0
0
0
5
0
0
0
0
10
0
0
8
279
493
261
387
207
230
92
281
556
307
601
167
623
102
702
0
367
377
595
369
493
507
663
428
781
647
489
705
0
2921
2870
2819
1250
1199
404
2771
2720
2669
1744
1693
525
567
2172
2121
2070
2888
2837
2786
759
376
1647
1596
2650
2599
2548
1172
1121
0
1662
1611
4152
4101
4050
3999
3948
0
4865
4814
4763
4712
4661
1720
1669
496
944
1764
1713
2785
2734
2683
258
609
0
5406
5355
5304
5253
5202
5151
0
5164
5113
5062
5011
4960
4909
0
2536
2485
2434
2170
2119
2068
324
1850
1799
2428
2377
2326
0
3554
3503
3452
3401
2571
2520
2469
1984
1933
1527
4839
4788
4737
4686
4635
779
1294
1243
1115
1064
3667
3616
3565
3514
2965
2914
2863
2048
0
6208
6157
6106
6055
6004
5953
5902
605
947
620
660
2714
2663
2612
790
693
367
563
2725
2674
2623
899
268
342
2498
2447
2396
1528
1477
666
341
1330
1279
1945
1894
424
1182
1131
2532
2481
2430
181
1863
1812
225
0
0
2954
2903
2852
1177
0
2431
2380
2329
0
1326
1275
1401
1350
601
0
1793
1742
0
0
1711
1660
0
702
385
333
493
306
478
411
764
649
485
0
2724
2673
2622
226
181
2528
2477
2426
122
1883
1832
37
0
1663
1612
0
0
1739
1688
0
888
0
743
47
1103
1052
678
380
316
379
414
410
0
502
154
118
55
122
0
0
0
1
0
0
247
365
218
301
0
99
57
0
0
0
2
163
218
0
2
0
0
0
0
9
0
0
0
7
0
0
0
0
394
21
142
575
337
492
416
713
583
0
781
1371
1320
68
2454
2403
2352
315
0
0
3068
3017
2966
2915
834
857
549
683
657
816
1640
1589
0
978
1779
343
1828
1777
673
725
661
677
0
3533
3482
3431
3380
1237
1186
0
5948
5897
5846
5795
5744
5693
4474
481
4873
4822
4771
4720
4669
738
498
95
6574
6523
6472
6421
6370
6319
6268
1
803
2819
2768
2717
2522
2471
2420
0
2250
2199
2148
3782
3731
3680
3629
712
546
1637
1586
1387
1336
3379
3328
3277
3226
1405
1354
1910
1859
854
2482
2431
2380
1669
1618
0
0
7888
7837
7786
7735
7684
7633
7582
7531
3176
0
8700
8649
8598
8547
8496
8445
8394
8343
8292
0
5823
5772
5721
5670
5619
5568
2402
2351
2300
335
3762
3711
3660
3609
0
4954
4903
4852
4801
4750
3322
3725
3674
3623
3572
585
1877
1826
0
4429
4378
4327
4276
4225
1865
1814
2684
2633
2582
837
414
2946
2895
2844
906
1811
1760
4619
4568
4517
4466
4415
1270
1219
1241
1190
0
10650
10599
10548
10497
10446
10395
10344
10293
10242
10191
10140
95
551
2498
2447
2396
6951
6900
8081
8030
7979
7928
7877
7826
7775
614
2908
2857
2806
910
762
2885
2834
2783
1587
1536
423
2925
2874
2823
961
888
1839
1788
2346
5214
5215
5216
5850
8727
8728
10612
10613
10850
11850
12850
13850
14850
15850
16850
17850
18850
19850
20850
21850
22850
23850
24850
23251
18163
