0
53000
0
0
0
1000
0
0
0
999
5
0
452
0
548
0
0
997
0
0
0
0
0
1002
0
0
0
0
0
0
0
0
1003
0
0
1002
0
0
994
0
1001
0
998
0
1000
0
1001
1999
999
1000
0
0
1000
534
468
0
429
1
572
0
996
0
0
0
244
760
0
0
0
1
975
1
0
1
0
1018
1002
0
1046
1000
280
724
998
1001
999
477
1001
0
1220
1000
1001
1000
0
1007
0
1001
994
999
1000
1000
1001
1998
1000
1001
0
1001
998
1002
1001
998
999
1003
996
1001
2002
0
2000
2000
0
0
1000
1003
0
999
1000
1001
999
1001
2997
1000
0
1001
0
1002
999
999
1000
2841
0
526
1
183
173
998
60
1002
0
1001
1004
997
1999
997
1001
1005
0
1001
999
1000
2004
3996
2000
586
1403
1011
0
1001
0
0
1001
0
0
258
554
676
995
1003
1002
999
1995
1000
531
471
1496
505
46
956
77
995
2002
0
518
998
1003
1001
999
1996
1000
1001
0
1002
931
1003
1997
0
1000
1003
0
1998
0
1
1004
2995
1000
0
806
199
996
2999
1000
0
1001
0
1001
2998
1000
1001
0
0
143
1000
1003
0
1001
1001
1997
0
497
998
1000
1003
999
0
2000
998
1000
1000
1003
0
1001
711
285
997
1005
999
998
998
213
581
421
999
2999
0
1000
790
212
1002
1000
0
317
994
1005
1002
994
2001
0
1002
0
1004
1996
0
1000
1003
0
1004
997
309
417
995
1004
78
680
2002
997
1000
3000
0
0
152
1849
0
107
999
1001
2006
0
1003
553
447
2087
0
1024
2002
539
460
0
1004
0
1000
996
510
609
998
1000
1004
0
997
1002
351
999
408
991
1000
1002
1507
493
323
1003
997
1004
459
992
1004
1001
998
1001
115
1004
0
1002
1000
1003
1000
996
1000
1001
999
1001
999
1001
1085
0
1006
0
999
1000
1001
1001
999
1034
0
1004
1002
1000
999
1002
999
997
1001
1001
1000
999
1001
1000
999
1002
998
1002
999
1002
998
1001
20
1002
994
1005
1000
1001
998
1001
999
1002
998
1002
26
1002
995
1004
1001
1001
999
997
1001
1000
1000
1000
1000
1000
1000
1000
1000
1001
1000
1000
999
1001
107
985
1001
1006
1000
1000
999
1001
1001
1000
1000
998
1002
998
1002
998
1003
997
1002
998
1003
997
1002
998
1003
998
1001
999
1002
998
1002
998
1002
997
1003
998
1002
997
1003
998
1002
997
1003
998
1002
997
1003
998
1002
997
1003
998
1002
997
1003
998
1002
997
1003
998
1002
997
1002
999
1002
998
147
987
992
1009
1001
1082
0
1011
0
1001
999
1000
1000
1000
1000
999
1001
1000
1001
998
72
1250
0
1011
0
1000
1000
999
1000
1000
1000
1000
1000
1001
999
1001
999
1002
998
1001
999
1002
998
1001
999
1002
998
1001
998
1003
999
1000
998
1003
999
1000
998
1003
999
1000
998
1003
999
1000
998
1003
999
1000
998
1003
999
1000
999
1002
999
1000
999
1003
998
1001
998
1002
1001
998
1001
1000
1001
176
988
1013
0
999
1000
1000
1002
999
999
1000
1002
999
999
1000
1002
999
1080
0
1013
0
999
1000
1002
999
999
1001
1001
999
999
1000
1002
999
999
1000
1002
999
999
1001
999
999
223
984
995
67
1012
0
999
1001
999
53
949
1103
0
1011
0
1036
0
1001
999
999
1001
1000
1000
999
1001
1000
1000
999
1002
1000
998
1000
1002
1000
998
1000
1002
1000
998
1083
0
1027
1008
0
1004
1000
998
1000
1003
999
998
1000
1003
999
998
1000
1003
999
998
1000
1003
999
998
1000
1003
999
998
1000
1003
999
866
1189
0
1010
0
1001
1002
999
999
127
986
1042
0
1000
1007
821
1268
0
1222
0
1010
0
1001
1001
1064
0
907
1100
0
1011
0
1000
998
1001
1001
1000
1045
1019
1010
0
999
1001
1001
1000
998
1001
1001
1000
998
1001
1001
1000
998
1001
1001
1001
997
1003
999
1000
998
1002
71
985
994
1010
1000
1000
998
1002
1000
1000
23
1002
999
1001
998
1004
998
1002
996
1004
998
1002
13
1004
995
1004
997
1004
997
1001
998
1004
996
1002
998
1004
996
1002
998
1004
998
1000
998
1004
996
1002
998
1004
996
1002
998
1006
1171
0
1013
0
996
1002
998
1004
996
1002
998
1004
997
1002
998
1004
996
1002
119
899
1108
0
1014
0
996
1001
1001
1002
996
1001
1001
1002
995
1001
1002
1001
996
1002
1001
1000
997
1001
1002
1000
997
1001
1002
1000
997
1001
1002
1000
997
1001
1002
1000
997
1001
1002
1000
152
985
1003
1005
998
1000
1003
999
997
1001
1002
999
998
1001
1002
999
998
1001
1001
1000
998
1001
1001
1000
998
1001
1001
1001
997
1001
1107
0
1012
0
1001
998
998
1003
999
1000
1023
0
996
1003
998
1002
1000
1000
998
1001
1001
1000
998
1001
1001
1000
998
1001
1001
999
999
1001
1294
0
1010
0
958
1202
0
1011
0
64
981
1008
1003
52
1002
0
1009
1000
357
982
1009
1000
1002
998
1003
997
1002
998
1002
998
1002
998
1018
41
1019
1011
0
999
1001
1173
0
1013
0
997
1003
997
1003
997
1002
1084
0
1012
0
999
1001
998
1002
997
1003
998
1002
997
1003
998
1002
997
1003
998
1002
997
1003
998
1002
997
55
1000
1010
0
1001
1000
1001
999
1000
1001
1000
998
1001
1001
999
1000
1000
1000
1000
999
1002
999
1000
999
1001
1000
1092
0
1264
0
1010
0
1001
999
1000
1000
1000
1001
999
1001
1020
0
998
1001
999
1002
998
1001
999
1002
998
1001
998
1003
999
1000
998
1003
999
1000
998
1003
999
1000
998
1003
999
1000
998
1003
999
1000
998
1003
999
1000
1000
1001
999
1000
999
1002
999
1000
999
1002
1001
998
1001
1000
1001
998
1001
1000
1001
999
1000
1000
1002
999
999
1000
1075
0
903
984
1119
0
1012
0
1002
999
999
1000
1002
999
999
1000
1002
999
999
1000
1002
999
999
1000
1002
1107
0
1012
0
999
1000
1002
998
1014
0
1002
998
1002
998
1002
998
1001
999
1002
998
1001
999
1003
997
999
1001
1000
1000
999
1001
1001
999
999
1002
1000
998
1000
1002
1000
1208
0
1012
0
999
999
1002
1000
998
1000
1002
1001
997
1000
1003
999
998
1000
1003
999
998
76
987
991
1009
55
1012
0
998
1116
0
1010
0
1001
1003
998
999
1000
1002
1000
998
1000
96
982
993
1009
1004
999
997
1001
1001
999
998
1001
1001
1093
0
1011
0
1001
997
1001
1001
1000
998
1001
1001
1000
998
1002
1000
1000
998
1001
1001
1000
998
1001
1001
1000
998
1001
1001
1000
998
1001
1001
1000
998
30
1001
1000
998
1003
999
1000
998
1002
1000
1000
998
1002
1000
999
203
1000
1010
0
998
1093
0
1008
0
1005
996
1002
996
1001
1001
1001
998
1000
999
1002
997
1128
0
1005
0
1001
1000
1000
999
1000
1001
1000
998
999
1002
1000
999
999
1002
1000
998
1000
1001
999
1000
1000
1001
999
1000
72
994
1002
1000
1000
9
1000
997
1001
1000
1000
999
1000
1002
999
999
1000
1001
1000
999
1000
1001
1000
1000
999
1001
1000
999
1000
1001
1000
999
1000
1002
998
1000
1000
1001
0
6
6
6
6
5
8
4
8
4
6
8
3
4
3
5
5
7
5
7
3
4
5
5
6
7
8
8
8
6
7
8
8
8
10
1
12
12
9
10
4
9
6
6
3
6
6
6
12
7
6
13
5
4
7
9
4
5
8
9
7
8
3
10
4
2
7
7
4
7
7
13
5
6
9
8
9
2
5
8
9
10
11
5
6
8
5
3
9
3
6
5
6
5
10
2
9
3
12
4
4
8
4
10
8
7
7
5
6
2
6
4
8
5
7
4
6
17
5
13
3
9
11
7
8
8
13
6
5
9
7
3
4
8
3
10
4
10
2
6
7
6
8
10
9
7
8
10
4
5
6
5
8
7
8
8
4
7
9
11
5
11
9
9
6
8
9
11
10
4
4
6
7
4
3
4
10
4
9
6
4
9
5
7
7
9
9
10
7
9
5
7
7
3
5
6
6
7
6
5
9
8
7
11
10
9
4
7
6
10
10
8
3
4
3
7
3
8
5
7
9
11
7
11
5
8
4
6
8
7
8
7
7
4
6
8
7
7
15
10
6
7
10
8
9
6
10
3
8
9
11
9
11
8
5
5
6
4
7
7
10
7
7
6
9
6
4
12
6
8
9
9
7
8
2
6
5
3
6
12
7
13
7
5
10
9
5
11
7
10
4
9
10
10
9
8
3
5
2
4
5
6
9
9
5
9
10
8
5
8
5
9
11
5
6
11
3
8
5
5
6
12
3
8
8
10
8
7
6
6
8
8
11
7
11
8
8
8
3
7
7
6
6
6
6
10
7
9
4
3
9
12
12
11
9
11
7
9
8
5
5
7
9
6
10
6
12
8
2
6
5
11
7
8
11
9
8
8
6
7
3
5
4
5
5
9
5
9
8
14
8
4
9
6
11
6
7
5
7
6
7
8
5
5
6
5
4
6
8
10
5
6
8
8
9
13
9
10
6
5
3
12
9
8
8
5
8
6
7
6
4
8
7
10
9
9
9
9
13
5
9
5
4
7
6
7
11
10
9
10
9
10
5
9
14
8
11
11
9
11
8
7
4
5
8
3
8
11
7
6
6
4
8
6
7
10
10
7
12
6
7
7
5
8
6
5
3
7
7
5
3
9
6
8
9
7
9
10
15
6
9
5
2
7
9
6
5
9
10
8
11
9
5
10
8
8
11
10
10
9
13
6
6
8
6
2
7
9
7
9
9
10
7
7
9
10
9
5
11
10
10
8
6
4
8
3
6
8
10
9
5
5
8
7
7
8
7
8
7
10
10
12
4
6
1
5
9
7
6
5
4
9
8
9
5
11
9
11
8
12
9
16
7
5
4
6
10
6
6
7
8
5
8
9
5
9
3
5
7
9
15
10
10
6
5
6
4
7
7
8
3
7
11
10
7
8
1
4
10
6
6
12
14
4
7
5
6
6
4
7
6
5
7
9
8
10
16
6
4
7
14
10
10
11
8
7
1
4
6
5
7
8
6
9
8
9
7
5
7
9
9
8
10
10
6
6
8
6
5
5
6
4
6
8
14
12
11
6
4
10
8
10
9
11
10
9
3
5
3
6
2
5
9
7
4
4
5
7
6
5
6
9
7
10
14
7
8
3
8
7
7
5
6
6
7
8
12
8
6
6
3
4
3
13
11
12
14
5
6
4
5
6
8
8
7
11
4
9
7
6
1
4
5
3
6
10
3
6
6
5
6
4
7
4
4
8
10
10
12
14
11
4
10
8
12
13
7
5
6
5
8
5
8
9
5
5
5
8
8
12
8
12
4
7
4
9
8
7
8
7
5
8
5
6
2
11
8
9
8
10
5
5
16
12
9
9
9
7
7
11
5
8
9
12
8
4
7
1
7
5
2
9
8
6
12
8
8
5
9
9
8
3
7
6
5
10
6
3
6
11
9
5
7
4
11
8
7
10
10
10
8
5
5
7
5
7
9
8
7
9
5
9
6
1
8
3
4
8
10
5
7
8
8
3
4
5
6
7
7
6
7
9
7
2
1
3
9
8
5
7
7
10
5
9
4
4
7
8
12
10
8
10
9
10
2
7
3
7
11
12
7
8
2
7
2
8
7
8
13
16
7
8
10
7
8
6
5
5
12
8
8
5
7
4
6
7
6
6
8
5
10
10
8
14
9
7
7
10
5
8
11
10
3
5
5
7
8
9
7
4
4
10
10
5
5
6
6
10
11
10
13
8
12
9
5
10
8
7
6
8
9
5
5
9
11
5
7
7
9
4
6
5
10
6
10
9
8
10
6
7
6
9
5
11
7
3
11
5
10
6
8
8
12
7
5
12
7
9
3
6
9
7
8
11
8
4
4
3
2
4
10
2
10
9
6
5
8
6
6
10
8
10
6
8
8
8
8
10
1
9
3
10
3
8
8
9
6
6
15
4
4
8
11
7
9
8
9
13
4
8
4
8
11
13
3
9
5
3
6
6
8
2
6
6
12
9
8
7
8
7
12
15
10
14
9
9
3
8
5
7
7
5
5
4
15
10
9
12
3
5
5
12
13
5
8
6
7
8
6
6
4
9
6
7
11
10
7
5
8
9
7
6
10
9
7
8
2
5
9
4
6
2
11
5
10
8
9
6
11
3
9
9
9
12
8
4
8
9
5
9
4
7
4
7
7
7
6
6
9
7
6
7
10
5
10
4
4
8
4
10
7
5
3
5
7
10
10
9
10
11
5
6
8
7
8
6
11
9
8
3
3
5
6
5
4
8
5
11
10
7
6
5
8
6
13
5
7
11
9
8
10
11
4
4
7
13
9
12
10
5
12
5
10
10
4
8
8
8
3
7
5
5
5
9
6
9
13
8
10
7
7
7
6
5
7
9
6
11
11
7
5
7
3
4
5
1
6
15
5
8
8
13
13
10
9
7
5
11
12
10
8
4
8
3
6
6
6
5
8
7
9
9
6
9
11
9
9
8
5
12
8
8
5
7
4
6
7
7
2
8
3
6
6
8
8
7
10
12
7
5
7
7
11
7
4
1
0
5
7
7
6
7
11
10
8
9
8
7
11
12
12
8
5
3
2
7
7
1
4
6
7
5
7
7
6
10
10
11
6
8
5
10
9
5
6
5
3
4
8
4
10
7
16
5
7
7
8
6
11
6
6
10
13
9
8
1
5
1
7
1
7
4
7
3
7
4
10
7
8
8
10
10
8
9
9
8
2
4
6
6
3
6
5
7
8
4
4
9
9
10
8
8
5
11
8
14
3
6
7
7
8
5
8
2
8
7
10
5
11
6
7
8
6
8
8
9
8
5
6
0
7
14
7
10
7
11
11
8
7
6
6
9
5
7
7
6
8
5
7
9
4
5
6
6
1
10
7
11
9
13
7
8
5
9
8
10
11
8
7
8
7
10
8
6
10
7
4
11
15
7
10
12
7
8
9
7
9
6
6
10
7
9
5
9
11
11
6
12
13
8
12
8
8
9
7
6
6
7
5
4
5
9
4
6
6
12
5
12
11
9
7
10
12
9
7
5
7
6
10
6
6
4
8
6
9
9
11
10
12
12
15
12
8
5
7
3
5
7
6
7
9
8
12
5
5
4
7
9
6
7
14
10
9
5
7
8
6
4
5
5
5
8
6
9
7
6
11
4
9
12
9
6
12
8
6
5
8
4
8
6
4
4
7
7
7
5
6
10
7
13
9
8
9
15
6
8
7
9
7
7
10
5
3
5
8
6
6
4
10
9
8
12
10
9
12
5
7
7
7
8
5
6
4
7
4
3
4
6
5
4
11
5
4
8
9
9
9
8
8
6
7
9
6
4
1
4
8
7
9
8
8
11
10
8
9
13
6
2
9
9
9
10
8
3
2
8
6
4
7
7
4
9
8
6
8
10
12
10
7
8
6
11
2
2
6
7
8
0
1
10
12
8
3
4
7
10
10
8
14
8
5
5
7
7
6
8
2
8
6
6
8
7
7
2
3
5
6
6
7
7
12
8
9
4
3
3
4
5
8
10
8
8
7
8
7
9
14
6
11
13
10
4
6
8
5
9
6
5
9
3
12
8
9
8
10
11
12
4
7
12
9
5
3
3
2
3
4
4
4
0
5
146
882
113
38
11
10
13
14
8
7
10
11
6
9
7
4
7
9
14
10
9
7
13
13
13
16
8
10
8
9
8
6
8
8
7
6
9
9
6
9
10
11
13
16
8
11
8
14
13
10
11
10
9
9
14
9
13
5
7
5
5
11
8
6
8
7
7
10
8
10
12
13
9
9
9
5
9
8
13
7
7
7
7
11
5
6
11
9
9
6
12
10
13
12
14
7
12
8
6
8
8
10
9
9
7
5
5
7
5
8
8
11
10
8
4
6
11
5
8
6
13
10
12
12
13
8
7
7
7
8
6
9
8
7
10
9
13
4
7
9
9
9
9
14
9
10
13
10
8
10
9
8
12
11
8
13
9
7
10
8
10
11
9
13
10
5
6
5
11
9
16
10
10
5
5
11
9
10
10
12
10
9
6
7
8
7
9
7
7
8
9
7
5
7
10
9
9
9
13
13
5
11
7
8
9
7
9
8
6
7
11
11
9
6
7
8
8
10
12
10
14
12
14
10
13
13
11
10
13
8
8
6
2
5
0
2
6
2
8
4
0
0
1
4
6
11
13
15
11
12
11
14
9
10
12
11
11
11
17
12
16
5
12
16
6
14
13
14
9
12
12
13
8
10
11
12
11
4
5
6
9
9
7
7
9
11
14
11
12
12
7
7
6
10
9
11
10
6
9
9
5
14
6
11
9
13
11
10
6
7
8
7
9
10
11
7
9
4
6
11
12
6
12
7
9
8
10
9
12
12
12
7
11
7
8
8
9
9
8
7
6
7
10
6
13
9
12
16
17
13
14
7
9
8
7
7
10
6
7
10
11
10
6
7
11
11
10
7
12
9
11
5
7
7
10
12
8
8
12
10
14
7
4
7
7
9
5
7
6
12
12
9
8
11
4
8
1
8
10
10
6
8
9
8
6
8
7
7
4
4
9
8
11
12
11
5
3
11
9
13
10
7
14
10
10
11
8
5
10
9
9
9
11
13
13
3
9
7
10
11
8
5
8
8
4
8
8
10
6
9
12
12
12
9
16
11
6
7
8
3
9
11
10
6
8
3
7
7
8
8
10
7
13
13
8
12
11
8
7
9
6
5
7
10
10
13
6
12
7
12
12
10
10
12
14
10
9
3
6
2
1
2
1
9
2
3
7
6
12
13
13
16
16
12
14
13
13
13
15
5
6
6
10
9
6
5
10
7
6
9
10
11
10
11
7
9
6
7
3
5
3
3
1
5
8
12
9
11
10
11
14
12
12
11
12
9
9
11
13
7
11
9
5
4
8
6
10
8
9
11
8
11
9
10
12
10
7
9
10
8
11
4
7
8
7
10
14
7
10
7
10
6
10
12
13
13
13
8
8
7
3
5
6
6
8
11
10
9
12
11
10
9
9
13
16
10
11
9
5
7
5
5
6
8
9
7
8
5
7
11
8
10
9
10
12
15
10
11
8
5
9
8
8
10
12
9
9
11
12
14
8
8
14
8
11
11
11
7
10
9
10
12
12
17
14
7
7
11
8
12
8
11
9
11
12
9
10
8
6
9
8
12
12
9
12
6
9
7
6
7
8
8
5
8
9
9
7
6
8
8
6
9
4
6
9
14
11
9
12
10
8
9
7
11
7
6
6
4
6
7
9
12
9
10
9
4
8
10
6
10
11
3
10
14
9
6
10
11
15
10
6
6
11
10
8
4
6
7
10
11
7
10
9
12
12
14
9
10
8
9
12
6
9
11
8
7
6
5
8
6
13
11
9
8
10
7
7
8
7
5
8
7
10
4
8
9
7
8
9
14
14
12
13
13
13
12
14
11
11
17
10
13
10
9
5
8
5
7
3
5
9
8
10
10
8
6
10
12
15
9
12
10
9
7
4
4
8
11
8
12
6
9
11
16
9
11
15
9
7
14
6
12
7
7
12
9
4
10
10
8
9
13
12
12
7
9
8
11
10
6
3
12
11
9
5
9
11
12
9
13
11
8
8
6
8
8
5
10
4
4
3
9
14
5
10
12
11
8
15
9
9
6
5
6
9
4
9
7
6
7
8
12
12
10
10
11
9
9
9
11
8
12
8
11
11
9
15
13
9
15
11
12
12
11
13
9
14
11
12
14
14
13
11
11
11
11
13
10
10
13
13
11
14
12
14
7
10
12
12
12
10
6
11
6
12
10
7
7
13
11
12
8
10
8
10
14
9
10
7
8
6
7
7
6
9
10
8
12
10
6
5
4
6
10
5
7
8
6
12
8
5
5
12
13
10
5
6
5
10
10
7
7
6
12
9
13
13
9
11
14
7
9
8
7
8
5
7
6
6
4
7
8
7
9
9
12
7
10
5
8
109
654
369
232
1306
1257
1
1708
1659
3
1086
1037
1941
1892
0
1633
1584
1091
1042
0
2156
2107
2058
221
31
6
14
11
10
9
11
13
6
4
6
8
9
6
6
9
9
11
13
9
10
10
9
7
9
7
8
13
8
7
4
6
10
11
8
9
6
6
10
8
4
11
10
7
8
11
8
11
5
8
9
9
5
6
5
197
137
5
7
5
8
9
4
9
11
10
8
14
9
7
10
8
10
10
11
13
16
12
16
11
12
9
14
11
13
8
12
9
14
11
9
11
11
9
7
8
8
9
10
9
11
11
12
16
6
8
6
13
11
9
3
9
6
7
8
5
4
8
6
5
7
8
9
7
11
10
8
14
8
10
16
12
14
11
11
10
12
9
4
2
5
6
10
10
8
5
15
2
9
3
1
10
7
10
8
10
10
11
11
10
10
10
9
7
13
9
12
8
10
10
10
11
11
6
1
4
3
10
7
1
5
3
4
2
1
2
12
9
9
9
8
9
5
7
4
9
9
13
9
10
9
15
7
5
8
13
6
8
7
12
12
8
11
11
13
10
8
7
7
10
9
5
8
5
4
6
1
7
6
4
5
2
4
1
8
10
12
9
10
13
8
13
7
9
5
6
8
17
7
7
8
12
7
8
13
14
14
14
9
10
9
9
9
12
5
6
7
6
4
6
7
2
7
8
3
6
7
8
7
6
6
13
14
9
10
14
7
9
10
11
9
10
7
11
10
8
8
12
8
7
6
5
8
6
6
10
6
8
6
3
8
5
8
10
7
6
8
10
9
9
9
180
269
269
514
669
609
740
642
422
1148
1099
3206
3157
3108
3059
1706
1657
956
435
250
6
5
1
2
4
3
419
1
832
107
3
61
4
3
7
3
3
4
7
4
3
6
2
3
4
6
2
6
5
3
3
4
3
4
2
4
3
5
2
2
0
5
4
3
22
228
498
175
936
375
247
188
85
133
419
86
48
242
6
2
7
3
2
3
6
1
5
5
5
5
9
6
7
2
4
5
3
4
0
0
2
1
2
53
0
182
166
620
391
329
1758
1709
537
208
0
2368
2319
2270
323
0
1912
1863
780
5
1051
1002
290
6
8
7
3
10
7
3
7
8
4
7
5
7
4
9
207
59
251
67
155
182
198
119
425
391
109
746
319
0
1923
1874
85
0
2753
2704
2655
5
793
761
4
1251
1202
560
219
227
32
7
6
3
5
8
4
8
3
8
4
7
4
3
4
4
3
3
5
6
9
6
4
6
5
7
2
3
6
3
2
3
7
6
4
2
6
5
5
8
10
8
6
4
7
6
5
6
6
9
6
1
5
6
5
2
0
4
7
14
5
5
6
3
10
7
7
4
10
5
7
5
7
4
124
4
5
191
361
312
486
217
654
673
32
492
12
7
6
6
10
5
8
5
10
5
11
9
6
9
6
6
8
4
9
7
295
2
33
321
343
62
284
2
153
5
3
4
4
6
4
3
4
9
5
3
231
421
343
484
373
311
232
229
467
349
124
87
43
231
314
561
2
707
60
773
139
279
261
155
7
7
6
8
3
6
4
171
543
0
772
841
416
1071
1022
2701
2652
2603
0
0
6982
6933
6884
6835
6786
6737
6688
6304
918
0
1465
1416
5437
5388
5339
5290
5241
5192
754
524
751
3792
3743
3694
3645
625
497
887
1688
1639
662
44
694
2224
2175
2126
71
1454
1405
3
901
66
491
291
116
577
638
175
892
232
805
127
227
395
54
7
5
9
3
5
9
2
6
7
7
8
9
5
6
7
7
5
6
6
6
6
4
8
9
2
6
8
5
7
5
3
7
6
7
10
7
4
237
4
288
2
73
2
165
7
1
5
3
4
7
2
5
6
5
4
2
1
2
250
5
227
75
250
229
478
26
2
156
3
1
6
6
10
7
6
2
4
2
2
2
183
553
35
3
3
4
1
3
7
4
3
9
8
8
2
7
0
4
5
3
8
4
6
7
0
1
3
3
4
9
6
5
5
6
3
2
5
1
5
4
5
3
4
2
6
6
1
7
4
2
2
7
5
5
31
227
428
254
377
143
7
6
10
6
7
8
12
6
11
6
6
8
9
12
4
7
8
6
8
6
11
10
6
7
8
8
5
7
10
7
6
9
7
10
7
11
6
8
7
7
8
10
7
8
2
199
5
4
4
3
5
6
7
105
379
107
350
153
56
5
5
3
5
9
2
6
5
5
9
6
5
5
4
3
8
80
5
6
5
140
342
422
365
262
408
158
639
4
839
37
27
3
204
63
133
159
657
394
497
839
423
627
765
789
0
733
2082
2033
1984
595
1278
1229
843
635
406
779
377
645
498
272
509
260
504
387
372
498
127
837
1
523
34
1698
1649
498
0
0
2792
2743
2694
9
1954
1905
422
4
1911
1862
5
428
1452
1403
139
781
1771
1722
156
865
252
1449
1400
798
105
1971
1922
966
558
960
481
375
539
1626
1577
649
202
0
2425
2376
2327
377
681
1675
1626
419
0
2427
2378
2329
5
2169
2120
2071
323
1414
1365
67
406
364
3
28
2
5
149
62
3
3
43
138
127
160
369
493
337
642
618
0
850
471
297
304
449
555
453
458
733
579
193
794
620
433
602
1772
1723
150
918
0
2543
2494
2445
806
1410
3321
3322
5755
5756
5898
6898
7898
8898
9898
10898
11898
12898
13898
14898
15898
16898
17898
18898
9259
548
2375
2326
2277
