3.77872
3.2
3.36
3.68
3.52
4.32
2.24
3.09333
3.84
3.04
3.36
4
3.2
2.88
2.08
3.04
3.2
4.48
2.88
2.4
3.2
2.24
5.6
2.88
2.24
3.52
5.12
4.96
3.04
2.4
3.52
3.76
4.96
4.64
2.56
4.32
3.04
2.72
4
3.68
3.2
3.04
5.44
5.6
2.88
6.24
3.2
3.04
4.8
3.68
3.84
3.2
4
3.04
4.64
3.84
4.64
3.2
5.28
1.6
4.32
4.32
4.48
3.68
4.32
4.96
4.96
4.16
3.04
4.64
4.16
3.84
4.64
5.28
4.64
4.8
4.64
3.52
3.52
4.48
4.48
4.8
4
5.12
4.96
4.8
4
4.96
4.96
4.32
4.8
5.84
3.84
4.48
6.24
4
3.84
4.8
4.48
3.68
4.64
5.92
4.96
3.36
4.64
4.16
4.48
4.8
4.32
5.28
5.28
4.48
3.52
5.12
4.96
2.56
4.32
4
4.48
3.84
4.8
4
5.44
3.2
4
3.36
5.6
2.72
5.6
4.64
4
3.2
3.68
4.64
5.12
3.04
5.92
2.88
5.92
4.96
5.44
4.48
4.64
4.32
4.8
4.32
5.92
4.32
4.96
4.32
3.04
4.48
4.8
1.92
5.92
5.12
4.96
2.72
4.8
3.52
4.96
5.12
4.8
4.48
4.64
4
4.8
4.48
5.92
4.16
5.12
4.64
1.76
3.92
4.96
6.08
4.64
4.48
5.12
4.64
5.28
3.68
4.96
4
3.2
6.08
5.92
5.12
5.12
4.48
2.4
5.28
5.6
6.24
3.84
4.32
4.96
4.8
5.28
4.16
5.6
3.52
5.12
5.12
5.92
3.68
3.84
5.12
4
5.6
3.04
3.84
4.16
2.88
4.32
5.28
4.8
4.48
4.64
4.16
4.96
3.84
5.6
3.68
4.48
3.68
4.32
4.32
3.2
4.16
5.6
5.6
5.68
3.36
4.96
4
4
4
8.16
4.16
4
4.96
5.28
4
4.96
3.36
4.8
2.24
4.16
5.12
4
5.28
3.84
4.32
4.64
3.04
5.76
4.8
3.2
6.72
3.36
5.04
3.36
3.68
4
3.36
5.44
5.12
3.68
2.88
5.6
5.44
4.32
5.12
5.12
2.56
4.96
6.08
3.36
4.48
2.72
6.08
6.24
3.68
4.48
2.08
4
4.32
5.28
4.16
4.64
4.64
4.8
5.44
4
4.48
3.36
6.08
5.44
3.84
5.44
3.52
5.44
4.16
4
4.64
4.16
4.8
4.48
4.96
4.96
4.32
4
5.28
5.6
4.64
5.12
4.16
5.44
4
4.96
4.16
4.64
4.96
1.76
4.8
4.64
5.76
4.32
4.56
2.4
5.6
4
3.2
4.96
4.96
3.36
4.64
5.76
3.52
4.48
5.44
1.76
4.64
3.52
3.84
4.8
5.92
4.16
4.8
5.2
7.36
5.44
4.16
4.96
4.8
6.4
5.28
5.44
4.8
3.68
3.52
4.8
4.64
3.36
5.44
4.48
4.16
5.28
3.04
3.52
4.8
5.28
3.68
5.44
4.16
4.8
4.48
4.32
8.8
1.6
3.52
4.16
3.68
4.96
5.12
5.28
4.48
6.56
2.88
4.96
7.04
5.28
5.92
3.84
3.52
3.68
4.96
7.68
4.64
3.36
3.36
3.04
4.64
4.8
6.24
4
3.68
3.84
3.84
6.56
3.04
7.2
3.68
4.8
2.24
5.6
4
4.64
6.08
2.56
4.32
3.84
4.32
3.68
4.16
5.44
3.68
4.48
3.84
4.8
3.36
3.36
4.8
4
2.88
3.36
4.16
3.84
4
3.84
2.72
3.04
4
4.32
3.52
3.84
4.64
4.32
4.64
4.32
4.16
4.96
3.52
2.88
4.16
3.2
3.52
6.24
3.52
4.32
4.32
6.24
4.32
3.68
5.76
4.32
5.76
3.04
3.68
5.28
4
4.8
3.68
1.92
3.36
5.76
4.48
4.64
4.32
5.44
3.68
4
4.16
3.2
3.36
3.36
3.04
4
3.84
3.68
4.64
2.24
4
3.2
4.8
4.96
3.84
4
3.76
3.04
4.96
4
3.84
3.84
4
4.64
5.28
4.16
4.32
3.2
5.44
4.48
3.36
3.36
3.84
5.12
3.84
4.16
3.68
4.8
4.32
4.32
4.48
4.16
4.16
5.12
4.16
2.4
4.96
5.04
4.64
3.52
3.84
5.28
4.64
3.84
3.68
3.52
3.04
3.68
4
3.84
4.32
3.52
5.12
4.48
2.56
3.68
5.44
4.64
4.96
4
4.48
4
5.28
4.64
6.4
4.64
5.76
4.8
5.12
7.04
3.84
6.24
6.4
2.72
5.12
7.36
4.48
4.64
6.24
6.4
4.32
6.08
4.8
4.16
4.32
4.48
3.36
6.4
5.6
3.84
4.32
4.96
5.92
2.4
4.64
3.84
4.64
4.96
5.76
4
2.88
5.92
5.12
5.44
4.8
4.64
4.96
3.84
3.68
5.28
4.32
3.04
4.96
4.32
3.84
3.36
7.04
4.8
5.6
4.64
4.16
3.68
4.16
5.44
4.32
3.68
4.64
4.8
4.48
4.48
4
3.2
4.8
5.12
4
4.16
4.96
6.4
4.48
4.8
4.96
6.08
4.8
4.64
4.96
4.48
4.32
4.48
5.44
2.56
5.92
6.4
5.6
4.8
6.88
5.92
4.32
5.6
4.8
4.16
5.44
4.8
5.12
5.28
5.44
5.76
4.64
4.96
3.84
4.64
5.6
5.12
5.6
4.48
4.96
3.36
7.04
6.88
5.28
7.2
5.28
6.56
4.96
6.4
5.44
6.24
4.32
4.32
3.2
5.12
5.44
6.88
6.08
5.12
5.92
5.44
5.76
6.08
5.6
6.72
6.08
5.92
4.32
6.56
6.24
7.36
5.12
6.24
3.52
5.28
6.56
6.08
6.56
6.4
5.6
6.24
5.92
5.76
5.76
5.6
5.92
5.92
7.04
6.08
6.88
5.76
6.4
3.68
5.92
5.6
8.32
7.2
5.44
5.12
6.56
4.64
4.64
6.88
7.04
6.4
6.08
5.92
5.6
6.56
6.56
6.24
7.84
4.48
6.24
5.92
6.4
9.12
8.64
8.48
6.24
7.68
6.56
6.88
6.88
6.4
7.36
7.2
7.84
6.56
7.36
8.16
4.64
7.04
6.72
8.32
6.72
6.88
6.72
7.84
6.56
5.92
9.6
6.56
6.72
7.68
7.04
7.04
6.56
6.88
6.08
5.44
4.8
6.88
5.28
4.96
7.52
6.88
7.36
5.92
6.24
5.76
7.84
6.4
6.88
6.24
6.08
5.92
6.72
6.56
7.2
3.52
6.08
7.36
6.72
6.24
5.6
8.64
7.2
6.4
6.4
8.16
5.12
6.08
6.88
6.88
5.28
6.56
3.36
6.88
7.52
3.84
7.84
9.6
4.48
8.16
6.24
5.44
7.36
6.4
8.32
6.56
7.04
8.8
6.56
7.68
4.96
7.04
8
7.36
2.88
7.2
8
7.2
6.56
8.32
6.72
6.56
6.72
5.76
8.8
8.32
8.32
7.2
5.92
5.76
5.44
7.36
6.24
8.96
4.8
6.72
6.72
5.92
6.08
6.4
6.72
8.16
8.48
6.08
4.16
7.04
6.56
5.6
5.6
5.76
6.4
6.88
5.12
4.16
6.4
4.32
4.16
4.8
5.28
7.52
5.76
6.72
7.2
7.2
5.44
4.16
7.04
5.28
5.28
5.44
6.4
5.28
7.2
4.32
5.76
6.08
6.4
6.56
5.92
6.24
5.12
7.52
5.28
8.16
6.88
5.76
8.16
6.56
6.08
5.76
5.44
6.4
2.72
6.08
6.4
5.44
4.96
7.36
5.12
5.76
6.24
6.4
6.08
5.28
7.04
6.72
6.24
6.4
6.08
4.64
6.08
6.88
4.16
7.52
5.12
7.04
7.04
4.8
5.6
7.36
6.72
5.6
5.44
4.32
5.12
4.48
6.88
5.6
7.2
8
6.08
4.16
6.08
8.96
6.88
7.36
4.32
6.88
5.44
8
6.08
6.88
9.76
5.76
7.84
6.4
8.8
7.2
5.44
7.52
7.04
2.72
5.92
5.76
5.76
5.92
6.24
8.32
4.8
6.56
5.28
7.52
7.2
5.44
5.12
4.96
5.92
3.84
7.36
5.92
3.84
6.4
6.24
6.88
6.56
5.6
6.88
5.28
9.28
6.88
6.88
6.56
4.48
5.76
3.68
8.32
5.12
6.24
6.72
7.04
2.72
8.8
6.72
7.36
7.36
5.28
7.68
5.12
6.56
6.08
6.88
4.16
8.64
3.84
7.04
7.2
4
5.76
4.96
4.64
9.6
5.76
8
5.28
5.44
6.72
6.4
5.28
4.96
5.76
5.12
5.76
6.24
5.92
6.08
6.88
8.48
6.88
5.76
3.52
7.68
7.04
8.16
8.16
6.4
7.04
5.76
6.88
6.4
6.08
7.36
8
5.92
5.44
4.48
6.4
4.32
6.56
2.72
6.72
6.56
7.04
6.72
4.32
6.4
7.36
5.92
7.04
7.68
7.36
6.88
6.24
7.84
7.68
5.6
7.84
5.76
6.4
3.84
6.56
4
7.68
5.28
8.32
5.6
7.2
5.76
10.4
5.12
5.6
7.68
5.44
8.48
5.76
5.12
6.08
8.16
3.68
8.64
5.92
4.16
6.88
5.28
7.52
5.44
6.24
7.36
6.72
7.84
11.2
5.12
7.36
7.36
6.08
8.8
5.6
9.44
4.48
6.4
5.6
7.68
7.84
4.64
7.52
5.44
8.48
8.16
4.16
6.08
7.52
7.36
5.44
6.4
5.76
7.2
9.28
2.56
7.84
10.24
8.16
6.4
5.28
8.16
9.92
8.48
4.8
5.92
7.36
7.68
10.72
5.6
6.08
7.2
7.68
6.88
5.12
4.16
6.4
3.52
8.48
6.4
6.24
3.84
7.2
8.48
7.2
5.6
6.4
8.48
7.04
7.36
7.68
8
6.56
4
4
8.96
7.84
5.92
8.16
6.08
7.2
6.72
7.04
5.28
7.44
6.24
8.96
9.76
8.48
4.32
7.36
5.92
3.52
4.48
6.56
6.88
6.56
4.32
5.6
4.32
4.8
8.8
6.72
5.28
7.04
7.2
7.2
6.08
5.6
4.48
4.16
6.4
5.76
6.24
6.88
7.2
3.68
6.56
6.56
6.24
6.72
9.92
6.88
3.84
5.44
5.44
6.24
4.48
6.08
5.28
4.48
5.44
6.8
3.52
5.92
6.72
3.52
6.24
6.24
5.6
6.24
5.12
5.84
6.72
4.8
7.52
3.68
7.52
6.56
5.92
4.48
6.88
6.72
7.04
4.96
5.28
6.72
5.6
5.92
6.24
5.92
5.92
7.2
6.56
6.72
4.32
4.32
5.28
7.2
7.2
5.76
8.8
5.76
6.72
6.56
4.8
7.68
3.36
5.76
3.2
6.96
6.08
4.64
7.52
4.96
5.6
5.12
4.64
5.12
5.6
6.4
6.56
6.32
3.52
6.4
5.92
7.68
6.56
4.48
6.88
4
5.76
7.52
4.64
7.36
5.6
6.4
6.88
7.2
5.92
5.12
6.88
5.76
6.88
5.92
5.44
6.24
6.72
5.6
4.64
3.36
6.16
7.68
6.4
5.44
8
7.84
6.8
6.24
9.12
6.08
8.8
5.12
6.88
9.76
7.36
5.76
7.36
3.2
8.16
7.36
8.16
9.76
5.44
6.72
7.36
6.24
8
6.24
6.88
7.04
6.24
7.2
7.36
6.56
7.68
6.88
3.04
7.84
5.92
5.44
8.32
7.68
8.48
7.6
8
6.72
7.92
7.36
6.24
8.8
5.92
6.56
7.04
8.48
2.88
8.16
9.12
9.6
7.52
9.76
8.32
8.64
8.64
8.96
7.36
7.84
9.44
8.32
9.28
8.64
9.76
8.64
6.24
4
8.32
7.68
7.84
8.8
9.44
6.72
8.48
7.04
8.32
7.36
8.48
7.84
8.32
9.76
8.96
9.76
10.08
9.44
8.8
6.56
9.6
8.96
9.92
9.28
8
10.72
9.76
8.16
9.44
8.16
8.16
9.6
8.64
9.76
9.12
9.28
9.76
9.28
4.64
9.28
9.12
8.96
8.8
7.84
9.28
8.8
8.32
9.6
7.68
8.96
7.2
9.76
7.84
10.08
9.12
9.6
9.6
8.48
5.92
8.8
8.8
9.28
8
9.12
8.48
8.32
8.48
10.88
10.08
9.28
8.8
8.32
8.64
9.6
10.4
9.28
8.16
5.28
9.6
9.28
9.28
8.64
10.08
9.28
10.08
9.6
10.72
8.96
9.12
8.16
8
8.64
9.6
9.28
10.08
10.24
8.8
6.56
9.6
10.88
10.56
10.56
10.08
8.96
10.08
9.12
10.24
10.56
9.6
8.8
9.6
10.08
10.72
9.6
9.12
8.8
6.72
9.76
11.04
9.6
10.24
10.72
9.76
9.6
9.44
9.92
10.56
11.04
9.6
9.44
9.6
8.32
10.88
10.24
11.36
10.72
7.04
10.24
9.6
10.4
9.44
10.4
9.76
10.72
9.28
9.76
9.76
9.28
10.56
9.28
9.92
9.28
9.44
9.6
10.24
7.52
10.24
10.08
9.12
10.08
10.56
10.72
11.52
10.08
9.6
9.6
8.8
9.92
8.96
11.04
9.76
9.92
8.96
9.6
9.92
6.72
8.96
8.32
8.32
9.12
10.4
10.08
10.72
8.96
8.16
8
9.44
8
7.84
8.16
9.76
8
9.76
8.64
5.92
10.88
8.96
7.36
6.72
7.36
8.96
6.88
8.32
8.32
8.96
8.48
7.2
9.76
8.8
9.28
8
7.68
7.84
8.16
5.44
7.52
7.84
6.88
7.68
6.24
8.16
5.92
7.2
6.88
5.6
7.04
5.92
7.52
6.56
6.88
6.56
6.4
6.56
3.84
7.52
4.8
7.52
5.6
7.04
6.24
6.72
6.56
6.72
6.88
6.4
7.68
6.72
6.24
5.12
4.96
5.92
7.68
5.6
5.76
6.08
6.88
6.88
6.08
7.68
6.72
6.88
6.56
6.72
6.56
6.88
5.76
7.2
5.44
5.76
5.92
6.88
4.48
3.68
8.64
6.4
5.28
7.04
5.6
6.24
6.24
6.4
5.76
5.44
6.24
4.48
6.08
5.92
4.48
5.92
6.56
4.96
5.92
5.6
5.76
6.08
5.28
6.4
6.08
6.88
6.08
5.76
5.76
5.76
6.56
5.92
7.2
5.12
6.56
5.92
6.4
7.04
4.8
6.4
5.12
5.6
6.56
6.88
6.88
4.32
6.08
5.92
5.44
5.92
4.8
5.92
6.24
7.2
5.92
6.56
5.12
4.8
4.32
5.28
4.64
5.28
5.44
4.16
4.64
4.8
3.84
4.32
6.08
3.68
5.44
4.96
5.6
6.08
5.6
5.28
5.28
3.04
4.64
5.28
5.6
4.32
4.8
5.6
3.84
5.28
4.32
4.64
6.24
5.12
4.32
4.16
6.72
3.36
4.96
4
4.48
3.36
5.76
5.6
5.12
4.96
4.48
6.56
4.48
6.56
4.96
5.92
6.24
4.8
4.96
4.48
5.6
4.64
4.96
4.16
3.04
4.16
5.28
4.64
5.12
6.08
5.76
5.12
6.56
4.96
4.48
5.28
4.64
5.44
4.64
4.96
5.28
4.64
5.28
4
4.16
4.64
5.28
4.16
4
5.12
4.32
4.8
5.44
4.48
4.8
4.48
3.36
4.48
4.8
4.16
5.12
5.28
5.92
2.72
4.8
5.76
4.48
5.92
4
4.48
5.28
5.28
4
4.64
5.44
4.32
4.96
3.36
4.96
2.88
3.84
4.64
4.48
3.2
4.8
5.12
4.64
5.76
5.28
4.04
3.56
3.25333
3.968
3.36
3.36
3.62667
4.37333
4.64
4.32
4
4.16
4.8
3.68
5.28
5.28
6.56
3.2
4.96
5.6
5.44
4.48
5.12
5.76
5.76
3.68
5.6
5.92
5.12
6.24
4.64
5.28
4.16
5.6
4.48
5.44
3.36
4.32
6.56
4.32
4.8
5.76
5.12
6.56
4.88
4.16
5.92
5.28
5.76
4.96
4.16
2.88
6.24
5.44
3.04
5.12
6.08
5.44
6.4
3.2
4.16
5.12
4.08
4.16
4.8
4.16
5.28
5.6
4.8
4.64
7.52
8.16
2.72
7.84
6.88
6.72
5.44
7.84
6.72
6.56
6.88
5.6
4.32
7.68
6.08
7.04
6.88
5.6
5.12
4.32
5.6
5.92
4.48
5.28
6.24
4.96
6.24
4.64
5.92
5.6
6.08
6.4
6.24
3.84
7.04
4.96
4.64
6.72
2.88
6.88
6.88
5.76
5.92
6.4
6.72
4.32
4.64
6.72
5.76
4.8
4.48
5.12
5.28
6.56
6.24
6.56
5.92
7.68
3.2
5.76
7.04
4.96
4.8
5.44
7.84
7.2
5.92
4.64
5.12
6.4
6.24
6.56
6.24
5.76
6.24
4.96
6.56
2.72
4.64
5.44
5.12
5.76
5.28
3.84
5.76
5.92
5.28
3.84
4.8
4.64
5.6
5.76
5.12
4.48
4.96
4.64
4.16
4.48
4
6.24
6.4
5.6
6.24
4.16
7.04
5.12
5.6
5.44
5.28
5.92
7.84
5.6
6.24
5.28
5.6
6.08
3.68
6.08
6.4
6.4
4.64
6.4
5.28
5.92
4.48
7.52
4.8
5.92
6.4
6.88
5.6
5.6
5.44
6.4
6.88
5.92
4
6.72
6.24
8.48
6.56
5.76
5.44
6.08
6.88
5.92
6.4
7.04
6.56
7.04
6.4
6.08
6.56
6.72
5.44
4.48
6.08
7.04
4.96
7.68
5.92
5.76
6.88
5.92
7.04
5.76
5.44
7.2
6.08
5.76
5.6
7.68
6.72
5.6
6.88
4.96
7.04
6.24
7.36
7.52
6.08
5.44
6.4
7.04
7.2
5.28
6.24
7.04
7.2
6.4
8
6.56
5.6
6.08
4
8
7.04
6.08
7.04
6.56
6.72
5.6
7.04
7.2
7.04
5.92
7.04
6.72
8.64
6.72
5.76
7.52
7.36
6.88
4.48
7.2
5.76
6.72
7.36
6.24
6.4
6.4
6.08
6.88
6.24
7.36
6.56
6.72
6.4
6.08
6.4
6.08
5.44
5.28
7.04
6.4
6.24
7.04
6.88
5.6
7.04
6.88
6.72
6.56
5.92
6.56
6.24
6.72
7.2
6.24
7.36
7.04
6.56
5.6
7.04
6.72
6.88
7.2
7.04
6.08
7.36
6.4
6.72
6.56
6.24
6.72
6.4
7.2
6.72
6.08
6.56
6.56
4.96
7.84
6.56
7.36
6.24
6.56
6.88
6.08
6.24
7.04
6.24
6.56
6.72
6.88
7.2
5.44
6.56
7.04
6.88
6.56
5.12
7.2
5.92
7.36
5.44
6.4
6.56
6.4
6.24
6.24
6.72
7.2
6.4
5.76
5.92
6.72
6.24
6.4
6.56
4.8
7.04
6.88
6.88
6.56
5.92
6.72
6.88
6.4
6.08
7.52
6.24
5.92
6.72
5.6
7.68
6.08
7.36
6.56
6.4
4.64
7.36
6.4
5.92
6.56
5.76
6.24
6.72
6.72
6.56
5.92
6.56
6.56
5.92
6.56
6.08
7.2
6.08
6.56
4.16
8
6.24
5.92
7.04
6.4
6.56
6.24
7.36
5.92
5.44
6.4
6.56
6.08
6.4
7.36
6.4
6.56
6.4
7.52
4.16
6.24
6.24
5.92
5.76
6.4
6.56
6.24
6.72
6.24
5.92
7.2
6.4
6.72
7.04
5.76
6.08
6.56
6.24
4.16
6.4
6.88
6.08
7.04
6.4
5.92
6.56
6.56
6.72
6.4
6.24
5.76
5.76
6.88
6.56
6.4
5.28
7.84
6.4
5.12
6.4
6.56
6.72
6.08
6.4
5.44
6.88
6.4
6.4
6.4
7.04
6.08
6.24
6.88
7.04
7.52
6.4
7.2
4.32
8.16
7.2
5.92
6.24
6.08
6.88
7.04
7.04
6.88
6.88
5.76
6.56
6.72
6.24
6.24
7.2
6.56
6.08
7.36
5.12
6.88
6.72
6.88
6.4
6.24
7.04
6.24
6.56
5.76
6.4
7.68
6.4
5.92
7.04
6.56
5.76
5.76
6.72
4
7.52
7.04
6.24
5.6
7.2
6.24
6.56
5.92
6.4
5.92
6.24
6.88
6.24
6.88
6.4
6.72
6.72
5.92
7.36
4.8
7.2
6.24
6.72
6.4
6.56
6.72
5.6
5.76
5.44
4.96
5.44
6.24
5.76
5.28
5.76
4.8
5.28
5.44
3.68
6.4
5.28
5.92
5.76
5.76
5.28
6.08
5.76
4.96
5.44
5.92
7.04
6.24
7.04
6.08
7.2
6.56
6.08
6.72
4.64
6.24
5.44
6.56
5.92
5.44
6.72
7.2
5.44
6.72
6.56
5.44
6.24
5.76
6.72
4.32
6.88
5.76
6.88
4.16
6.56
5.76
5.6
7.52
7.04
5.76
6.56
6.08
5.92
6.88
6.56
6.88
6.56
5.6
6.4
6.88
6.08
6.56
6.4
4.64
6.88
6.56
6.72
5.92
7.2
7.36
6.08
6.08
6.4
7.52
6.72
5.92
6.08
6.24
6.08
5.76
6.88
7.52
4.16
6.72
6.72
7.68
6.08
6.24
5.76
8
6.56
6.4
6.24
6.88
6.24
6.24
6.72
6.08
6.72
7.84
6.08
5.12
5.28
5.6
5.76
6.56
6.08
5.12
6.72
6.08
6.88
5.92
6.72
6.08
6.08
5.28
6.4
6.08
6.56
6.24
5.92
3.84
8
5.44
6.72
5.6
6.24
5.44
5.12
5.6
6.72
4.96
5.6
6.4
6.08
5.6
4.96
4.48
4.96
4.32
4.8
4.48
4.16
4.16
4.96
4.48
4.8
4.32
3.84
5.28
4.48
4.96
5.28
4.16
4.32
4.48
4.8
4.16
4.48
4.32
3.52
5.44
4.8
5.44
5.76
4.96
4.48
4.96
4.48
4.8
4.48
4
5.28
4.64
5.12
4.48
5.12
4.48
4.64
5.12
4.48
4.48
5.12
4.48
4.96
4.16
4.96
4.48
4.64
4.96
4.48
4.96
4.32
4.96
4.64
4.64
4.48
4.96
4.96
3.36
5.6
4.64
4.32
4.48
4.8
4.8
4.96
4.64
4.16
4.64
4.16
5.44
4.48
4.48
5.44
3.84
5.12
4.32
4.64
4.8
4.64
4.8
4
3.04
3.36
3.52
3.04
3.36
3.2
3.68
3.84
3.68
3.36
3.04
3.2
3.84
3.68
3.36
3.2
4
4.64
2.88
3.2
3.52
3.36
3.52
3.04
2.72
3.04
3.52
3.36
3.52
3.68
3.52
3.52
3.2
3.2
3.68
3.04
4
2.56
3.84
3.52
2.88
2.88
3.52
3.68
3.2
2.88
3.36
3.04
3.52
3.2
3.2
3.2
4.8
2.24
2.24
4
3.04
3.2
3.52
3.04
3.36
3.36
3.52
4.16
4.32
3.52
3.84
3.52
3.68
3.68
3.36
3.52
3.36
3.04
2.88
3.04
3.52
4
3.52
3.36
3.36
3.52
4
3.52
3.36
3.52
1.76
2.24
2.24
2.24
2.08
1.76
2.08
1.28
2.4
1.92
1.92
2.24
1.76
2.72
1.92
2.08
2.4
2.4
1.76
1.6
2.24
1.76
2.24
2.08
1.92
2.08
2.4
1.92
2.08
2.24
2.72
2.08
1.92
1.76
2.24
2.08
2.56
2.08
2.08
2.4
2.56
2.08
2.08
2.08
2.56
2.24
1.76
2.24
2.08
2.24
2.4
2.72
2.56
1.6
2.72
2.4
1.92
2.56
2.24
2.4
1.92
1.92
2.24
1.92
1.6
2.24
1.44
1.92
1.6
1.76
1.92
1.6
2.4
2.24
1.92
2.4
2.72
2.56
1.44
3.04
2.4
2.08
1.92
2.08
1.76
1.76
2.4
2.24
1.76
1.92
1.92
2.72
1.76
2.24
1.6
2.24
1.92
3.2
2.24
2.4
1.92
2.08
1.76
1.92
2.72
2.08
2.24
2.56
1.76
2.08
2.08
2.08
1.76
12.64
10.08
8.8
12.64
8.32
8.16
9.76
9.6
13.44
8.8
12.96
6.08
8.96
16
15.36
15.52
13.12
16.96
10.72
13.92
11.2
10.24
10.08
8.8
8.32
12.64
9.6
13.28
12
8
8.8
4.96
8.8
11.2
14.24
15.84
15.68
15.52
5.6
10.72
14.4
10.88
9.92
7.84
10.08
11.36
13.12
9.92
12.64
12.8
6.24
16.48
14.24
13.92
12.96
16.32
15.52
17.28
15.2
6.56
6.08
11.36
8.96
9.28
6.88
9.6
10.24
10.56
10.24
5.92
5.76
9.12
16.32
15.84
13.28
13.12
13.28
12.96
9.28
7.84
13.12
16.16
7.2
8.16
9.12
7.68
9.12
7.52
4.96
9.28
8.96
11.2
12.8
11.52
16.96
15.04
14.4
12.32
10.72
14.72
14.56
10.24
8.8
10.56
10.08
11.04
4.96
10.08
10.88
9.28
10.24
10.4
9.92
10.24
13.6
11.2
11.84
7.68
9.92
12.96
9.76
11.84
12.64
11.84
5.6
11.52
9.92
9.44
13.92
10.72
9.76
13.36
14.4
10.24
12.8
15.04
12.96
16
17.76
10.56
7.04
8
13.12
6.24
9.44
18.88
14.2933
12.8
9.76
9.6
8.64
12.96
13.28
12.16
16.32
16.16
14.24
5.28
10.56
9.6
4.8
11.04
11.76
7.52
12.64
14.72
14.08
12.96
8.64
6.88
9.44
14.56
14.4
10.4
10.24
10.4
16.32
8.32
8.96
5.12
15.2
13.76
10.88
8.8
18.72
8.48
7.04
9.6
9.28
14.56
12.32
12
13.12
9.92
10.88
12.8
13.28
10.24
6.4
15.68
11.36
11.36
14.88
8.16
6.08
10.08
12.96
11.2
13.6
11.2
11.36
13.28
13.6
10.72
12.96
13.76
14.08
12.48
5.28
8.96
10.08
6.88
13.92
9.92
11.2
8.8
13.12
11.52
13.92
11.2
12.96
10.72
13.76
13.28
13.44
13.12
7.68
15.36
15.04
10.08
14.4
14.08
12.32
8.64
8.48
9.12
5.28
13.6
12.32
13.28
13.12
13.6
12.48
9.28
14.08
13.76
5.28
17.28
15.84
13.76
12.64
9.12
14.24
9.76
7.6
8
9.76
14.88
12
10.72
12.32
11.36
12.16
9.28
8.96
14.24
12.96
5.76
13.28
13.44
15.52
13.6
10.56
11.68
9.92
11.2
13.6
11.04
12.96
12.16
13.28
12.96
9.28
15.2
6.88
10.56
14.08
14.08
11.84
10.72
17.28
11.2
9.12
12.16
9.44
11.36
17.76
14.72
13.6
12.64
12.48
12.8
12.48
7.2
15.2
16
13.44
12.16
11.36
14.88
14.24
16.16
13.28
13.6
12.8
13.28
13.28
12.8
12.8
12.32
12.96
13.28
13.6
10.24
15.2
13.28
8.48
6.88
8.16
9.44
15.84
15.04
12
7.68
8.48
16.16
17.92
17.92
14.24
14.4
14.56
14.08
6.08
16.64
13.76
12.48
12
13.28
15.52
13.76
14.08
11.52
12.96
16.8
12.8
13.28
11.2
12.8
13.28
12.16
12.8
12.96
8.32
14.56
12.8
10.72
10.72
12.64
13.76
12.64
10.24
9.92
6.08
14.08
16.96
17.28
13.44
13.44
12.96
12.16
12.64
7.52
15.84
13.12
11.52
9.6
10.08
14.4
15.52
10.24
11.04
10.88
12
12
8.48
10.08
9.44
9.76
11.84
12
18.08
8.32
14.08
13.92
16
17.6
13.12
10.08
6.88
8.32
17.44
10.88
12.8
10.72
8.48
15.04
15.84
12.64
12.16
12.8
4.8
16.32
13.12
14.08
12.8
13.12
11.36
7.68
6.88
8
14.72
14.08
11.68
7.2
7.68
9.12
15.68
16.96
12.64
15.04
6.88
13.28
15.36
13.6
15.52
15.04
12.8
13.28
14.72
15.2
13.44
13.44
12.8
15.04
16
16
14.4
13.28
16.96
7.84
18.24
8.8
7.68
8
6.4
8.32
9.28
9.92
8
8
9.92
11.36
13.12
11.04
7.68
9.92
9.28
11.04
6.08
8.96
11.2
11.36
9.12
11.52
11.84
6.88
8
7.68
6.72
7.68
7.2
7.52
7.84
7.36
9.92
6.88
7.36
9.44
9.28
13.28
10.4
11.84
11.52
10.56
9.76
9.92
7.68
6.72
7.36
11.36
10.4
8.8
9.28
10.4
9.12
8.96
3.68
10.08
8
10.56
9.6
11.04
8.64
7.04
7.36
10.56
8.8
11.68
10.4
7.36
10.4
12.48
9.76
9.6
8.64
4.48
7.52
9.28
11.52
10.56
11.04
10.24
10.08
8.48
9.76
9.76
8.16
16.96
10.4
12.32
9.6
7.04
10.4
10.88
12.32
7.36
10.56
8
8.16
8.48
10.88
12.16
15.04
10.4
10.88
9.44
9.28
8
7.36
8
12.32
7.68
13.92
13.28
8.16
14.56
13.12
12.96
10.56
8
11.04
14.08
13.44
11.36
10.56
11.04
9.76
9.28
9.44
9.12
11.36
10.24
10.56
11.84
7.68
12.16
11.6
10.08
9.376
6.72
11.2
14.72
14.88
6.88
11.96
11.2
9.92
11.2
11.52
12.96
12.8
15.52
16.32
10.16
4.32
6.72
12.064
10.08
10.24
9.44
12.16
9.6
8.48
12.64
9.54667
10.56
11.68
16.3733
17.84
16.64
18.24
18.24
16
14.88
16
18.08
17.6
17.12
12.2971
12
14.2171
14.88
15.52
13.6
12.48
15.04
7.52
13.92
14.24
12.8
8.64
9.6
12
11.68
10.08
10.72
14.08
9.44
12
11.36
11.92
12.96
11.04
9.28
10.4
8.8
8.64
9.12
8.8
11.84
11.2
7.84
13.76
18.72
15.84
15.28
15.8857
15.08
12.6933
13.92
13.6
14.5067
12.96
14.24
13.44
15.84
10.88
7.36
8.48
8.96
10.24
10.88
9.92
10.56
9.6
4
10.88
11.36
12.8
13.04
11.2
11.36
12.88
13.92
11.2
11.84
8.8
14
10.88
16
18.0533
13.68
11.44
11.04
11.68
12.16
10.88
6.24
11.04
9.12
9.6
9.92
9.44
8
8.32
9.12
11.36
9.6
11.52
12.64
12.96
7.68
11.68
9.12
10.56
8.96
6.08
13.92
13.28
8.96
8.8
8.48
13.28
13.6
17.12
15.68
11.52
14.88
14.88
13.12
12
12.32
9.76
12
14.72
15.04
7.84
14.72
12.8
8.64
8.48
10.56
11.36
14.56
14.4
13.28
7.04
6.4
12.16
11.84
11.84
10.24
12.16
10.4
13.28
5.28
9.12
11.04
13.12
9.6
11.84
12.8
12.48
13.92
10.56
11.36
9.44
12.48
18.56
11.84
17.28
16.64
13.6
10.4
14.24
4.48
11.52
8.8
8.32
11.36
8
8.48
8.8
9.36
8.48
10.4
9.28
10.08
9.76
9.28
9.44
8.64
7.36
17.44
14.08
8.96
7.36
6.55111
4
4.48
5.28
5.12
4
4.32
3.36
4
4
1.65333
1.76
1.76
0.96
1.28
1.28
1.92
1.6
1.76
1.44
0.8
1.44
2.56
1.76
1.04
1.44
0.96
0.48
1.6
1.76
1.44
1.12
1.28
1.44
1.44
1.44
0.64
0.8
1.76
1.12
0.96
1.28
0.96
0.64
0.8
1.6
0.8
1.76
0.96
0.96
1.6
1.28
1.76
1.12
0.96
1.6
1.12
1.28
1.44
2.08
1.92
2.24
1.76
1.12
1.92
2.08
2.24
2.4
1.76
0.8
2.08
1.92
1.28
0.96
0.32
1.12
3.04
1.76
2.4
2.08
0.64
0.64
3.04
3.52
0.8
1.44
2.88
2.4
1.92
1.28
1.92
1.28
0.8
0.8
0.32
0.64
1.12
0.8
0.32
0.32
0.8
0.48
1.28
0.64
1.12
1.12
0.32
0.64
0.48
0.8
1.6
1.12
0.64
0.8
0.96
0.8
0.48
0.64
0.8
0.96
1.44
0.64
0.64
0.96
0.64
1.12
1.6
1.44
0.64
0.8
0.8
0.8
0.8
0.8
0.32
0.64
0.96
0.48
1.12
0.48
1.6
0.32
0.96
1.28
1.28
0.64
1.44
1.12
0.32
0.8
1.28
0.96
0.96
0.48
0.48
0.32
0.32
0.96
0.8
0.96
1.12
0.48
0.64
0.16
0.64
1.6
0.64
0.48
1.12
0.8
0.32
0.48
1.44
0.32
0.48
0.48
0.8
0.64
0.96
0.96
0.96
0.48
1.28
0.8
0.96
1.28
0.96
0.48
0.48
0.64
0.8
0.48
1.12
0.96
0.48
0.96
0.48
0.8
0.64
0.64
1.28
1.12
0.96
0.32
0.8
0.8
0.48
0.32
1.12
0.96
0.64
1.12
0.48
0.96
0.96
0.8
0.64
1.76
0.32
1.28
0.96
1.28
1.12
0.96
1.12
0.64
0.96
0.48
0.48
0.16
0.64
0.96
0.64
0.8
0.8
1.12
1.28
0.32
0.48
1.28
0.96
1.12
0.8
1.92
0.48
1.6
0.96
0.32
0.32
0.64
1.12
0.96
0.48
1.28
0.96
1.28
0.32
0.96
1.12
0.64
0.48
0.8
0.96
0.16
0.32
1.28
0.96
0.48
0.32
0.8
0.96
0.8
0.64
0.8
0.64
1.92
0.48
0.96
0.96
1.44
0.48
1.12
0.64
0.48
1.28
1.12
0.8
1.12
1.04
0.48
0.8
1.44
1.44
0.32
0.16
0.64
1.12
1.28
1.44
0.8
1.12
0.8
0.8
0.64
0.64
0.48
0.96
0.8
0.48
0.8
1.12
0.8
0.96
0.96
0.8
0.8
1.44
0.64
0.96
0.96
