3.80068
4
3.2
4.32
4.48
2.72
3.68
3.04
4.16
2.88
3.36
3.36
3.2
3.2
3.2
2.72
3.2
2.88
2.72
3.84
3.36
2.24
3.84
2.88
3.2
2.88
2.56
3.52
4
5.12
4.4
4.16
3.68
3.04
3.84
4
2.88
3.36
3.04
3.52
5.12
4.16
4.16
4.8
3.2
4.32
5.12
4
3.36
4.16
4.96
3.2
6.88
3.36
3.36
3.2
2.56
4.96
4.32
4.8
2.72
5.12
5.6
4.32
4.64
5.12
3.2
5.28
4.32
6.72
4.16
5.44
4.96
3.84
7.04
2.08
5.28
3.84
4.48
5.92
5.12
4.48
2.88
7.68
3.04
6.56
5.28
7.2
4.96
4.96
4.48
6.24
4.8
5.6
3.52
4.32
3.04
6.88
6.72
3.2
4.48
4.96
5.6
4.64
4
6.24
4.32
4.8
4.32
4.8
4.96
5.6
3.2
5.92
2.24
4.32
6.08
6.24
3.84
5.28
5.6
6.56
5.12
4.96
5.44
5.6
4.96
4.16
6.4
5.28
3.84
4.64
5.92
4
3.84
6.24
5.6
5.28
6.08
3.36
4.48
8
4
4.96
4.96
6.56
4.96
3.2
6.88
2.72
4.16
6.88
3.36
1.76
7.2
3.04
4.8
5.6
7.36
5.6
6.4
5.76
6.88
2.88
4.8
7.04
4.96
3.36
6.08
6.08
7.36
3.2
3.68
5.12
7.52
3.52
4.48
8.32
3.2
3.2
7.68
6.72
4
3.2
7.68
6.72
2.88
5.44
7.36
3.84
3.84
6.08
3.68
6.88
3.84
6.08
6.24
3.68
3.36
5.28
3.2
8.8
3.68
5.6
7.04
4.32
4.8
6.08
6.88
4.96
6.56
2.88
7.84
3.52
3.68
7.52
7.52
4.96
6.88
7.2
2.72
3.68
4.96
8
4.16
5.6
6.24
6.24
4.8
4.64
6.56
1.6
4
6.72
7.36
3.68
7.52
3.36
4.32
7.04
6.08
2.4
5.92
5.44
6.56
4.8
7.84
4.32
6.72
3.52
6.72
4.96
4.8
5.76
6.4
7.2
3.84
3.2
8.16
6.08
4.16
8.16
5.44
6.4
4.64
6.72
5.92
5.44
5.44
8.48
2.88
2.88
5.12
8.8
3.68
4.8
6.88
5.28
7.2
7.2
5.28
3.52
5.28
5.28
8
4.32
3.52
4.16
5.44
6.56
2.88
3.04
4.8
4.32
4.64
3.52
5.28
4.16
4.64
4.16
3.84
3.2
3.68
3.68
4.8
4.64
5.76
3.68
4.48
1.76
4.8
2.56
5.44
4.48
3.84
4
5.12
4.48
4.16
4.8
3.04
5.44
4.8
4.48
4.32
5.76
5.92
4.16
2.08
5.44
3.68
3.36
4.48
3.04
3.36
4.16
3.68
3.68
2.4
5.44
3.52
4.64
3.36
3.36
4.32
2.88
3.52
3.36
2.24
3.2
4
4.64
4.32
4
3.2
4.96
4.8
3.04
2.72
4
4.32
3.68
3.2
2.4
3.52
3.52
3.84
2.56
3.84
3.52
3.2
3.04
4.64
4.32
3.2
4.8
4.16
3.84
2.72
2.4
3.04
4
3.04
3.68
2.72
2.56
2.4
1.92
3.52
2.4
1.92
1.76
1.44
1.28
0.64
1.28
0.96
0.64
0.8
1.44
0.96
0.32
0.64
0.96
0.64
0.96
0.8
0.64
1.12
0.64
0.32
1.28
0.32
1.12
1.28
1.12
0.8
0.8
0.32
0.8
0.64
0.48
0.48
0.96
0.32
0.64
0.64
0.32
0.64
0.32
0.64
1.12
0.48
0.32
0.32
0.32
0.96
0.16
0.16
0.8
0.96
0.64
1.12
0.8
0.64
0.16
0.48
1.28
1.12
0.64
0.32
0.16
0.96
0.32
0.64
0.32
0.64
1.28
0.64
0.48
1.28
0.48
1.12
0.8
0.8
0.16
0.64
0.48
0.64
0.96
0.32
0.16
0.48
0.96
0.48
1.28
1.28
0.64
0.64
0.96
0.48
0.8
1.28
1.28
0.64
0.8
0.8
1.28
0.64
0.64
1.12
0.64
0.16
0.64
0.96
0.96
0.8
0.48
1.12
0.32
0.64
0.64
0.8
0.32
0.48
0.8
0.64
1.12
0
1.12
0.48
0.64
0.48
0.32
0.48
1.12
0.32
0.8
0.8
0.64
0.16
0.48
0.8
0.96
0.64
0.8
0.32
0.96
0.48
0.8
0.96
1.44
0.32
0.48
0.64
0.32
0.64
0.48
0.64
0.96
0.48
0.8
0.96
1.12
0.96
0.32
0.16
1.12
0.48
0.96
1.12
0.64
1.28
0.32
0.16
0.96
0.16
0.96
0.8
1.12
0.32
0.8
0.48
0.8
0.8
0.96
0.8
0.48
0.64
0.64
1.6
1.44
0.96
0.8
1.76
1.12
1.12
1.28
1.28
1.28
1.28
0.96
1.12
0.8
0.96
1.6
0.8
1.28
1.76
0.96
2.08
0.96
1.28
1.6
0.64
0.8
1.44
1.12
1.44
0.8
1.44
0.96
0.96
1.6
1.6
0.64
0.8
1.76
1.12
1.12
0.8
1.6
1.44
1.44
0.96
1.44
1.6
0.8
0.64
1.28
1.12
0.96
0.8
2.72
1.28
0.8
1.44
0.64
1.6
1.44
0.8
0.8
1.6
1.6
0.96
1.44
1.6
1.12
1.76
0.64
0.48
0.8
1.28
1.12
1.6
0.8
0.96
1.44
2.24
1.44
1.28
1.28
0.96
1.44
0.48
0.96
1.6
1.44
0.8
0.8
1.44
0.96
1.76
1.76
0.96
1.28
0.64
0.64
0.8
1.12
1.44
1.76
1.12
1.12
1.28
1.28
1.28
1.76
2.08
0.8
1.6
0.96
1.12
1.44
0.8
1.44
1.28
0.8
1.28
1.44
1.12
0.64
1.6
0.8
1.44
1.6
1.76
0.96
1.12
0.96
1.28
0.64
0.8
0.32
1.28
0.32
0.32
1.12
0.48
0.64
0.64
0.32
1.28
1.28
1.12
0.96
1.12
0.8
0.48
0.96
1.12
0.48
0.48
0.8
0.8
0.8
0.48
1.12
1.6
0.64
1.6
0.32
0.64
0.8
0.64
0.48
0.48
1.44
0.8
0.48
1.76
0.32
0.8
0.48
0.48
1.12
0.96
0.8
0.8
1.28
0.16
0.16
0.96
0.96
1.6
0.8
1.12
0.32
0.16
0.8
0.32
0.8
0.96
0.32
0.48
0.48
1.28
0.32
0.8
0.8
0.64
0.8
0.48
1.28
1.76
0.96
0.64
0.8
0.96
0.32
0.8
1.12
0.8
1.12
0.32
0.48
0.48
1.12
0.64
1.12
1.28
1.28
0.48
0.48
0.8
0.8
0.64
1.44
0.48
0.48
0.96
1.12
0.48
1.6
0.32
0.96
1.12
0.8
1.12
1.12
1.6
0.64
0.32
0.48
0.64
0.64
0.48
0.16
1.12
0.48
0.8
0.64
0.64
0.96
0.48
0.32
1.6
1.6
1.12
0.64
0.8
1.44
0.64
0.64
0.48
0.32
0.48
0.48
1.28
0.48
0.16
1.28
0.96
0.96
0.8
1.28
1.44
0.16
0.8
1.76
0.96
0.96
0.48
0.32
0.48
0.64
0.8
0.32
0.48
0.64
0.48
1.12
0.32
0.48
0.8
0.8
0.48
0.64
0.96
0.8
0.64
1.12
0.96
0.64
0.8
0.32
0.64
0.16
1.12
0.64
0.96
0.64
1.12
0.64
0.48
0.8
1.12
1.44
0.32
0.8
0.8
0.96
0.64
0.96
0.48
0.48
1.6
0.96
0.96
0.16
0.64
0.8
0.8
0.8
1.76
1.6
0.32
0.64
1.28
1.28
1.12
0.96
0.64
1.28
0
0.48
0.64
0.72
1.6
0.64
1.12
1.12
0.8
0.48
0.96
0.32
0.64
0.64
0.8
0.48
0.16
0.8
0.48
0.48
0.48
0.64
0.8
0.8
0.64
0.64
0.64
1.28
1.6
0.48
1.76
0.96
0.8
1.12
0.48
0.48
0.32
0.8
1.12
0.48
0.96
0.96
0.16
1.12
1.6
1.04
0.32
1.12
0.48
0.64
0.48
0.32
0.48
0.8
0.48
0.32
0.64
1.28
0.64
0.8
1.28
0.8
0.32
1.6
1.12
0.8
0.64
0.48
1.44
0.64
0.8
1.12
0.8
1.6
1.12
0.96
0.32
0.96
0.64
0.64
0.16
0.32
0.48
0.16
0.96
0.96
1.28
1.12
1.12
0.48
1.28
0.96
0.64
0.64
0
1.6
0.64
1.12
0.96
1.28
0.8
0.64
0.64
0.8
1.12
0.48
0.96
1.28
0.48
0.16
0.64
0.64
0.48
0.64
0.96
1.28
0.96
1.12
0.48
0.96
1.12
1.28
0.48
0.16
0.4
0.48
0.64
0.64
0.8
0.8
0.8
0.32
0.48
0.96
0.16
0.16
0.96
0.48
1.12
0.64
1.44
0.16
1.6
1.28
0.64
0.64
0.48
1.28
0.96
0.8
0.48
0.32
0.48
1.28
0.32
1.12
0.8
0.96
0.64
1.44
0.8
1.6
0.16
0.48
0.96
0.48
0.64
0.8
1.44
1.12
1.76
0.96
0.8
1.44
0.96
0.8
0.64
0.96
0.8
0.48
0.48
1.12
0.8
0.16
0.8
1.12
1.28
1.12
1.28
0.64
0.96
0.48
0.64
1.12
1.12
0.32
0.48
0.64
0.8
0.64
0.96
0
0.32
0.8
0.96
0.64
0.48
0.64
0.16
0.64
0.48
0.8
0.96
1.28
0.8
0.48
0.32
0.8
0.48
0.8
1.12
0.32
0.96
0.64
0.96
0.8
1.12
0.32
0
0.48
0.96
0.64
0.64
0.48
0.48
0.32
0.48
0.96
0.32
0.64
0.96
1.12
0.64
1.12
0.48
0.96
1.12
0.96
0.96
0.32
0.64
0.48
0.32
0.96
1.12
1.28
0.8
0.64
0.64
0.48
0.96
1.28
0.48
0.8
1.12
0.96
0.8
1.12
0.64
0.56
0.48
0.32
0.48
1.12
0.8
0.8
0.48
0.48
0.64
1.28
0.8
0.32
0.96
1.12
0.48
0.48
1.28
1.12
0.8
0.96
0.64
0.48
0.96
0.48
0.48
0.8
0.8
0.8
1.28
0.48
0.96
0.56
1.12
0.8
0.96
0.64
0.8
1.44
0.8
0.64
0.96
0.64
1.12
0.16
0.32
0.32
0.4
1.44
0.32
0.8
0.96
0.48
0.16
0.16
1.28
0.48
0.64
0.64
0.64
0.32
0
1.12
1.28
0.8
0.48
0.48
0.48
0.8
0.8
0.32
0.32
0.8
0.48
0.16
1.12
0.96
0.8
1.12
0.48
0.32
0.96
0.64
0.48
0.8
1.28
0.32
0.32
0.16
0.8
0.64
0.64
0.32
0.64
0.96
1.6
1.12
0.48
1.12
0.8
0.96
0.32
0.64
0.64
0.96
0.48
0.8
0.8
0.64
0.64
0.96
0.64
0.8
0.64
0.32
0.48
0.32
0.48
0.64
1.12
0.96
0.48
0.48
0.48
0.64
0.8
0.8
1.12
0.32
0.32
0.64
0.96
0.64
0.64
0.48
0.96
0.64
0.16
0.64
0.8
1.12
1.04
0.72
0.96
0.64
0.8
0.96
0.64
0.96
1.44
1.12
0.96
0.8
0.8
0.48
1.76
0.64
1.12
0.96
0.16
1.28
0.64
0.96
0.96
1.12
0.32
0.64
1.12
0.8
0.64
1.44
0.96
0.48
1.04
0.96
0.56
0.96
0.96
0.48
0.32
0.96
0.32
0.8
0.48
0.8
1.12
0.64
0.64
0.32
0.8
0.64
1.92
0.64
0.8
0.96
0.32
0.64
0.96
0.32
0.8
0.64
0.48
0.64
0.96
0.48
0.48
0.8
0.96
0.48
3.68
1.76
1.12
0.48
0.32
0.96
0.32
0.8
0.64
0.8
0.96
0.72
0.96
1.76
1.76
0.96
1.76
2.4
1.76
1.44
0.96
0.64
0.16
0.64
0.48
0.16
0.48
0.96
0.96
0.96
0.32
0.32
0.48
0.8
0.96
0.96
0.4
0.8
1.12
0.64
0.8
1.28
1.12
0.96
0.64
0.64
0.64
0.64
0.32
0.96
1.12
0.64
0.48
0.48
0.64
0.8
0.96
1.44
0.48
0.64
0.8
0.48
1.12
0.96
0.48
0.64
0.32
0.48
0.16
0.96
0.48
1.28
1.28
0.32
1.12
1.6
0.8
0
0.16
0.64
0.96
0.64
0.8
0.96
0.48
0.96
0.16
0.8
0.48
0.96
0.8
0.64
0.64
1.76
3.68
3.52
1.76
1.6
0.48
0.32
0.48
0.8
0.32
0.96
0.96
0.64
0.64
0.16
0.88
0.64
0.32
1.28
1.28
0.32
0.32
0.48
0.32
0.32
0.64
0.64
1.12
0.16
0
1.12
0.8
1.12
0.48
0.56
0.32
0.56
0.32
0.64
0.64
0.64
0.24
1.12
0.48
0.96
1.44
0.96
0.96
1.12
0.48
1.12
0.64
0.96
0.48
1.12
0.8
0.8
0.96
0.8
0.64
0.96
0.64
0.32
0.32
0.8
0.64
0.8
0.64
0.8
0.32
0.96
0.96
1.28
0.8
0.48
0.48
0.96
1.12
0.64
0.8
0.48
0.32
0.64
0.16
0.64
0.96
0.96
0.96
0.64
0.96
0.8
0.64
0.48
0.8
1.28
0.48
0.64
1.12
0.32
1.28
0.32
0.48
1.28
0.96
0.96
0.48
1.28
0.16
0
0.64
0.8
0.64
0.8
1.76
1.28
0.8
0.48
0.16
0.8
0.48
0.32
0.16
1.12
0.48
0
0.96
0.96
0.48
0.64
0.48
0.8
0.96
1.44
1.28
0.96
0.48
0.64
1.12
0.48
0.64
1.44
1.92
1.76
2.88
2.88
1.76
2.24
0.32
1.12
0.64
1.28
0.96
0.8
1.76
2.56
2.08
1.44
1.76
1.44
1.76
2.24
2.08
1.76
1.76
1.28
0.48
1.92
1.44
0.32
0.64
0.96
2.24
0.8
1.12
1.92
0.8
0.64
0.64
1.44
3.36
0.8
0.32
0.64
1.6
1.12
1.76
0.8
0.8
1.44
3.52
0.8
0.8
0.96
0.96
0.32
0.32
0.32
0.96
0.8
0.48
0.8
0.64
0.8
1.28
1.12
0.8
1.28
0.48
1.12
1.76
0.48
1.76
0.64
0.32
0.32
0.96
0.48
0.8
0.64
0.64
0.48
0.48
0.64
0.64
1.2
0.48
0.96
0.48
1.28
1.12
0.8
0.32
0.8
0.96
0.48
0.64
0.96
0.48
0.32
0.64
0.64
0.48
0.96
0.8
0.96
1.44
2.88
2.24
3.04
3.52
1.76
1.12
2.24
1.6
0.64
0.8
0.96
1.44
0.48
0.8
0.64
0.48
0.48
0.64
0.32
0.8
0.16
1.12
1.28
0.8
0.8
0.8
0.32
0.8
0.64
0.64
0.32
1.12
0.64
0.64
0.64
0.48
0.8
0.8
0.64
0.96
0.64
0.32
0.48
0.32
0.64
0.8
0.8
0.48
0.16
2.24
0.48
0.96
0.48
0.32
1.12
0.96
0.32
0.48
0.96
0.64
0.64
0.96
2.08
1.6
0.64
0.16
0.96
0.48
0.32
0.8
0.8
1.12
0.64
0.96
1.12
0.96
2.24
1.44
0.96
0.8
1.76
1.28
0.32
0.64
0.8
0.64
1.12
0.64
3.2
2.72
1.6
1.28
0.96
0.64
0.48
0
0.96
1.12
0.32
0.96
0.32
0.64
0.8
0.16
1.12
1.44
0.32
0.8
1.12
0.32
0.16
0.96
1.12
0.64
0.8
0.64
0.96
0.8
0.8
0.96
0.8
0.64
0.48
1.76
0.64
0.96
0.64
1.12
0.64
0.48
0.96
0.8
1.44
0.64
0.8
0.8
0.48
0.64
0.8
0.96
0.16
0.96
1.12
0.64
1.44
0.8
0.96
1.28
1.28
0.8
0.32
1.12
1.12
0.48
0.8
0.96
0.64
0.8
0.96
0.16
0.32
0.8
1.12
0.48
1.12
0.48
0.16
1.12
0.64
0.96
1.28
3.68
0.8
0.96
0.64
1.12
1.28
1.6
2.4
0.32
0.64
0.64
0.64
0.8
1.6
0.48
0.8
0.64
1.12
4.16
7.2
1.28
0.96
1.28
1.12
1.92
1.92
1.28
1.44
8.8
1.28
2.56
1.76
1.6
1.28
0.32
0.64
0.8
1.12
1.44
0.96
1.28
0.64
0.48
3.68
1.76
0.8
0.8
0.96
1.76
1.92
0.8
4
7.52
5.28
0.48
0.64
0.8
0.8
1.44
0.64
0.16
0.96
1.28
2.72
2.88
1.92
1.6
1.92
1.44
2.24
2.56
1.12
0.8
1.76
0.64
6.24
0.64
1.6
1.44
1.44
1.76
2.72
2.24
0.64
0.32
1.12
0.8
0.8
0.48
1.12
0.32
2.08
1.6
1.76
1.92
2.56
1.76
2.4
2.72
2.08
1.92
1.76
1.12
0.16
0.16
0.48
1.12
1.28
0.64
0.96
0.48
0.32
0.32
0.64
0.48
0.64
1.28
0.96
1.76
0.96
1.12
4.96
1.28
0.48
0.8
1.12
1.28
0.96
4.64
4.48
2.56
1.44
0.8
0.64
0.64
0.8
1.28
1.92
1.76
2.08
1.6
0.48
0.48
0.64
0.32
0.48
0.48
0.8
4.64
1.28
0.48
0.8
1.6
1.44
1.6
2.24
0.8
2.08
0.8
1.92
2.72
1.6
3.04
4.8
7.68
2.93333
0.8
0.64
0.64
0
0.32
0.16
1.6
1.12
1.44
0.32
0.32
0.48
1.6
1.76
2.4
5.12
1.76
1.6
1.44
1.44
1.76
1.76
1.92
1.6
1.6
1.28
2.08
1.44
1.44
0.8
1.12
0.64
0.96
6.4
4
5.92
1.76
6.08
3.52
2.88
2.72
3.04
1.28
1.12
3.04
1.92
1.76
2.56
1.76
0.8
1.6
2.56
1.44
0.96
1.76
0.48
2.72
0.64
0.48
0.96
0.48
1.92
0.8
0.48
0.32
0.8
1.44
0.8
0.32
0.96
0.64
0.8
0.48
0.16
0.8
1.44
0.48
1.12
1.44
0.48
0.64
0.8
1.12
0.8
0.8
0.8
0.96
1.12
0.32
0.64
0.96
0.88
0.64
0.64
0.96
1.92
0.8
0.8
2.24
3.68
4.8
5.12
2.08
1.6
0.96
0.32
1.28
0.48
0.96
2.24
0.96
1.12
0.64
0.64
0.96
0.8
1.12
2.4
2.88
2.24
6.72
8.16
3.84
2.08
2.24
1.92
1.92
2.24
1.44
1.12
1.6
1.12
2.56
2.56
2.24
1.76
0.96
2.72
1.28
0.96
1.6
2.56
4
4.64
1.92
2.08
1.92
1.28
2.24
1.6
1.76
2.08
1.44
1.28
1.28
2.24
1.76
1.28
2.72
4.48
6.56
0.8
1.44
0.96
5.76
3.52
5.6
5.44
4.32
5.92
3.04
1.44
1.28
0.96
2.08
1.92
1.92
2.24
1.28
4.16
4.8
0.96
1.6
1.28
1.76
1.12
2.4
1.76
1.76
1.76
3.04
4
2.72
3.36
1.92
2.56
2.4
4
4.64
5.6
7.2
2.24
3.36
1.6
1.92
5.44
4.8
1.44
0.8
4
7.2
2.08
0.48
0.64
0.96
1.92
1.12
1.12
2.24
2.72
5.12
5.28
0.96
0.96
1.6
1.76
4.8
6.88
2.72
1.44
0.96
3.2
6.24
1.28
2.4
3.36
1.6
1.92
2.88
3.52
3.52
2.4
5.12
3.84
1.92
2.08
2.4
6.4
5.44
3.2
2.08
3.52
2.08
2.24
2.4
3.04
3.84
3.04
2.56
7.04
2.56
1.76
2.24
2.56
3.36
2.4
1.6
2.4
2.08
3.52
3.36
3.36
3.36
2.88
2.08
4
7.52
2.72
3.36
4.16
6.72
5.44
3.68
2.88
1.6
0.8
0.64
1.28
2.72
2.56
2.56
2.72
0.64
1.28
1.92
1.76
1.76
1.44
2.88
4.8
1.28
0.8
3.68
1.44
0.16
0.16
1.44
0.64
1.76
0.32
1.92
1.28
0.64
1.92
1.92
1.92
1.92
2.4
4.64
4.64
4.32
4.64
2.56
3.04
2.08
4.8
7.84
2.24
0.8
8.32
8.96
5.12
1.76
2.24
3.2
4.64
6.72
2.88
4.8
7.68
5.6
3.04
5.92
2.08
5.92
4.96
7.36
4
3.36
2.08
2.4
3.36
4.64
4.48
2.4
2.08
1.6
3.04
2.56
1.92
3.2
8.48
4.48
3.2
4.8
2.88
2.88
1.92
2.08
2.08
2.4
1.92
3.2
3.04
1.28
3.52
3.36
4.96
2.56
5.28
5.12
5.76
3.84
2.88
4.32
2.88
2.56
3.52
2.4
3.52
2.88
2.88
2.4
4
2.08
1.28
2.08
1.76
3.2
1.92
1.76
0.64
1.44
1.28
0.64
0.96
1.44
1.44
0.48
5.6
4.48
2.08
1.76
1.28
1.12
5.6
8.48
4.16
2.24
1.6
2.88
3.04
5.28
4.8
2.08
2.24
2.4
0.96
5.6
3.04
6.4
1.44
1.12
1.92
1.44
2.24
5.12
7.04
6.72
3.36
3.68
5.44
4.96
5.92
5.6
5.76
5.76
9.12
6.4
4.32
4.64
3.68
7.04
4.32
2.08
4.96
4.32
4.16
3.2
2.56
4.16
4.64
10.08
8.8
7.52
4.32
3.2
1.6
2.56
0.8
0.96
3.68
1.44
1.92
2.72
1.44
2.56
2.56
2.56
5.6
2.08
2.08
2.4
6.08
4.8
3.36
3.52
4.8
4.48
2.72
4.48
4.64
4.32
3.04
2.88
3.52
1.12
1.76
3.2
1.44
3.84
1.92
3.36
3.04
1.44
2.72
4.16
3.84
1.76
2.88
3.84
2.88
4
2.88
3.2
3.04
3.84
3.52
1.92
1.12
1.76
4.64
1.28
2.56
1.76
3.52
1.12
5.12
1.28
2.56
0.8
2.88
3.2
3.2
1.44
2.56
2.88
7.2
9.6
7.2
4.8
2.72
3.52
3.04
2.56
1.92
6.56
7.04
3.68
6.4
6.08
6.08
8
8.32
6.4
6.88
4.16
9.12
7.68
4.32
6.08
5.28
6.56
5.6
4.16
8.48
6.72
7.04
4.8
3.04
5.92
6.4
6.08
5.44
4.8
5.44
3.36
6.4
10.72
6.72
4.16
4
4.64
4.48
2.4
2.56
1.92
2.88
8.8
8.8
6.24
6.08
5.92
7.68
7.68
5.6
8
7.52
5.92
5.12
4.96
4.16
4.16
4.96
5.92
3.04
1.76
5.76
4.32
3.36
3.36
4.16
6.88
5.6
5.6
4.48
6.08
8.32
7.2
6.88
3.68
4.16
3.36
5.6
3.04
4.96
7.04
7.68
6.08
1.76
2.4
2.4
6.72
6.88
4.64
4.32
3.68
4.32
4.8
4.64
4.32
4.48
4.8
4
4.48
6.08
2.08
6.08
7.2
4.64
2.72
2.24
5.12
4.16
1.6
2.4
2.88
4.64
4.96
2.72
2.24
3.68
4.48
2.88
3.04
7.04
4.64
4
6.08
3.68
2.88
2.24
1.28
1.44
1.12
3.36
2.56
2.72
3.68
4.48
1.92
3.04
2.24
3.68
1.92
1.6
8.16
7.68
5.76
5.44
4
5.92
4.32
7.04
3.52
6.08
8.48
5.6
5.6
6.24
6.72
4.8
5.92
6.08
6.56
4.32
1.76
5.92
4.8
4
4.48
8.64
3.04
8
4.16
4.8
6.08
6.88
6.4
7.04
3.84
3.84
4.96
7.36
7.36
8.96
10.08
9.92
9.12
11.84
6.08
8.16
4
5.76
8
7.84
8.16
8.96
10.88
8
8.16
8
7.84
10.4
4.64
3.68
4.32
3.84
8.96
4.64
4.32
4.48
8.96
7.04
8.48
6.24
6.08
7.68
4.8
2.88
4.8
4.96
6.56
4.8
6.24
7.2
6.24
7.36
4.32
9.6
7.68
4
6.56
7.36
8.16
5.44
2.88
4.16
0.8
4
6.56
5.44
5.44
5.92
6.56
5.44
6.24
8.32
4.8
6.88
4
8.8
8
4.96
3.2
5.44
5.12
8.48
4.32
4.48
3.84
5.92
4
6.72
4.32
7.04
6.72
4
5.6
7.2
6.24
6.72
8.16
9.6
8.64
6.4
7.36
6.56
4.96
5.28
7.68
5.44
7.36
7.68
8.64
8
8.48
7.84
4.48
5.28
8.32
6.4
8.8
10.4
9.44
7.84
3.36
5.44
3.52
6.24
5.12
9.44
8.64
7.68
11.04
6.56
8.32
10.24
10.08
5.28
6.88
4.64
7.68
8.64
10.72
7.52
5.12
4.64
5.28
4
3.84
4.48
3.2
5.92
4.32
4
3.52
10.08
5.76
8.8
4
4.64
5.44
4
3.2
6.88
7.52
8.32
6.08
8.32
7.2
4.16
7.2
6.4
9.6
3.68
9.92
6.56
6.24
7.36
6.72
5.6
7.2
4.64
3.52
4
3.52
5.28
8.8
6.4
8.16
5.12
4.16
5.92
8
7.36
6.56
3.04
3.84
5.76
5.12
4.8
6.08
4
5.6
8.32
10.08
9.76
7.52
5.92
6.88
5.44
5.76
5.12
4.16
5.12
5.44
3.84
5.28
9.76
9.92
7.68
9.6
7.84
9.92
8.32
8.16
2.56
1.44
3.84
3.84
5.28
8.16
7.84
6.08
4.96
2.4
7.84
4.16
6.72
8.8
8.64
10.08
11.52
8.48
9.12
7.36
6.08
4.48
4.64
4.8
6.24
6.4
8
9.92
11.52
6.56
7.52
9.76
8.64
10.08
6.24
5.12
4.32
6.88
5.76
6.72
7.52
6.08
7.2
7.2
6.24
3.68
4.32
5.92
3.36
4.96
4
5.12
6.08
9.6
7.04
8
9.12
9.44
7.84
4
6.4
5.92
4.96
7.52
9.92
6.4
4
6.08
5.12
4
6.4
6.24
5.12
6.56
8.8
6.24
8.16
7.84
12.32
8.8
6.08
5.44
6.08
6.4
4.96
5.76
8
4.64
8.64
9.12
6.24
7.52
9.44
8.96
6.72
9.76
8.16
7.84
5.6
7.2
6.88
6.4
5.12
3.84
5.12
4.64
5.12
5.44
7.68
8.96
6.08
7.04
8
9.12
5.6
5.28
8.48
8.64
9.28
6.88
9.76
6.56
2.56
3.84
5.12
9.12
6.24
11.68
10.4
9.28
7.84
8.8
9.92
9.6
7.52
8.32
5.44
9.76
11.68
6.24
7.68
10.08
10.72
4.48
4.96
5.44
6.4
8.8
10.24
6.72
7.2
10.72
9.28
10.56
9.76
6.88
9.76
6.88
8.32
11.2
9.6
8.8
10.72
10.56
7.52
4.64
7.04
7.04
7.04
6.88
4.64
7.36
7.84
7.84
7.84
8.32
6.88
7.68
8.16
9.6
7.52
11.04
8.32
8.48
7.36
3.04
5.76
7.04
7.52
8.48
3.84
7.04
7.2
9.44
8.16
7.36
7.2
11.04
11.36
10.24
8.96
8.16
8.16
6.24
3.04
8.8
10.24
9.28
9.6
7.68
6.56
8.16
6.88
7.52
8.8
8.64
8.64
10.08
7.2
10.88
11.52
8.8
8.16
7.52
5.6
9.28
9.12
11.68
8.64
9.6
7.04
6.4
7.84
11.36
10.56
9.92
8.64
9.12
8.64
8.16
8.96
6.72
7.36
4.8
9.6
5.92
8.48
9.28
11.2
8
7.36
7.84
9.28
12.16
10.08
9.92
9.6
8.96
9.76
10.24
10.4
10.24
10.24
7.04
9.28
8.64
6.56
7.84
11.36
9.92
9.76
11.84
10.4
9.76
10.88
10.88
7.36
8.32
11.04
9.6
9.76
11.04
7.2
12.16
10.88
12.32
6.24
8.8
9.76
10.08
9.12
7.84
8.8
8.96
9.28
9.6
8.64
9.6
12.64
12.16
10.24
11.04
6.72
10.56
11.2
9.28
9.6
11.04
12
13.12
12
9.76
9.92
8.8
11.2
11.2
7.52
11.2
13.76
12.32
11.68
8.16
11.36
12.32
11.36
11.68
9.44
9.28
12.32
12.64
7.2
11.36
10.08
12.8
12.64
12
11.04
14.56
13.12
11.68
9.28
5.76
8.64
7.2
9.44
11.68
12.32
8.8
11.52
8.48
11.84
12.48
12.96
7.36
9.12
8.16
6.56
6.72
6.88
6.4
3.2
8.16
9.44
7.04
8.32
6.56
8.16
10.72
9.44
9.44
10.08
7.2
10.08
10.4
8.32
6.88
11.68
11.68
10.56
8.8
5.12
8.64
7.84
9.6
8
7.68
9.76
11.2
9.12
6.72
9.6
10.72
10.24
10.56
8.8
10.4
9.76
11.04
9.12
3.36
13.44
9.12
10.24
7.84
9.6
7.36
8.16
5.92
5.28
5.28
5.6
8.64
10.24
9.76
11.36
7.36
5.28
7.36
7.36
4.32
6.4
9.6
7.2
5.44
5.92
5.12
9.28
6.72
7.84
6.56
6.24
3.84
3.36
2.88
1.12
3.84
6.88
5.6
3.52
11.52
7.2
7.2
4.8
11.84
5.44
5.12
5.6
6.88
9.28
8.8
3.84
7.84
5.76
7.04
5.92
2.72
3.04
3.52
3.68
5.6
8.16
7.04
6.72
7.2
3.52
5.44
5.28
4.16
4.48
3.84
3.68
5.28
6.4
4.8
7.04
5.28
5.12
2.56
5.76
7.2
10.56
6.56
5.12
3.52
4
3.2
2.4
3.04
2.24
3.52
2.08
2.88
2.72
6.4
10.72
2.56
3.52
1.44
3.68
3.84
3.04
2.4
1.44
1.6
2.4
15.84
12.48
10.72
11.2
3.92
2.08
1.6
2.88
1.6
1.6
1.28
1.6
1.76
3.36
2.08
2.08
1.92
2.4
1.6
3.2
1.44
1.92
2.08
1.44
1.6
2.72
1.76
1.6
1.92
2.08
0.8
1.92
0.8
1.28
1.76
1.28
1.92
1.76
1.44
1.28
3.52
1.76
2.08
2.4
1.92
2.72
1.6
2.08
1.44
0.48
0.64
0.96
1.28
0.8
0.64
1.44
0.8
0.96
0.8
0.48
0.8
0.96
1.28
0.96
1.28
1.28
0.96
0.96
0.64
0.8
1.44
0.16
1.12
0.96
1.12
0.48
1.44
1.12
0.64
0.96
1.44
1.44
0.48
1.28
0.96
0.96
0.64
1.28
1.12
1.44
0.8
1.28
0.48
1.44
0.64
0.96
1.44
1.12
1.76
0.96
0.96
1.44
0.96
1.28
0.96
1.28
0.8
1.12
0.96
0.8
1.44
0.96
0.96
0.8
1.28
1.12
1.76
0.88
1.28
0.48
1.76
0.96
0.96
0.32
1.92
1.44
1.76
1.12
1.12
1.44
1.6
0.96
0.48
0.96
1.12
0.8
1.12
1.28
0.96
0.48
0.48
2.56
1.28
0.8
0.96
0.96
1.76
1.44
1.76
1.44
1.28
1.76
1.28
1.12
0.8
0.8
1.44
0.16
0.48
0.8
1.76
0.48
1.6
0.96
1.12
1.28
0.96
0.96
1.6
0.96
0.48
0.96
0.48
2.08
1.44
1.28
1.44
0.64
1.12
1.44
2.24
1.12
0.8
0.96
1.6
0.64
1.12
0.48
0.64
0.8
0.96
0.64
0.96
0.96
1.76
1.28
1.12
1.44
1.12
1.44
1.12
0.64
0.96
0.64
1.28
1.12
0.96
0.8
0.8
2.08
0.96
1.28
1.28
1.6
0.64
0.64
1.76
1.12
0.32
0.48
0.8
1.28
1.12
0.32
1.76
0.32
1.28
1.12
0.48
0.64
1.44
0.8
1.6
0.8
1.28
0.96
1.44
1.44
0.96
1.28
1.12
0.96
0.64
1.28
0.96
1.44
0.96
0.32
0.96
0.32
0.8
1.6
0.8
0.64
0.64
1.44
0.96
