3.80212
2.56
4.48
5.28
2.88
2.72
3.2
3.68
4.32
3.52
4.96
3.68
2.88
4.16
3.68
2.4
4.32
2.08
3.36
3.2
2.08
3.52
4.32
3.12
4.8
2.72
3.36
3.2
4.96
4.32
5.6
3.68
4.8
3.84
4.48
1.12
3.2
4.48
2.72
3.04
4.16
5.6
5.12
3.52
4.8
3.2
3.84
1.92
2.24
5.28
2.72
3.84
6.4
2.88
3.36
5.92
2.88
4.4
4.32
6.24
3.52
5.12
4.64
2.88
4.48
4.8
6.88
2.4
2.88
6.88
5.6
2.88
3.52
4
4.16
4.32
6.08
4.48
3.68
4.8
4.96
6.72
3.36
5.92
3.04
8.96
2.88
5.44
5.92
3.36
5.76
4.8
4.64
3.04
7.52
3.52
4
3.68
5.76
7.84
3.84
3.52
3.36
5.92
2.88
5.92
5.92
2.24
6.88
2.72
4.96
4.96
4.16
6.56
3.84
3.84
4.16
5.6
5.28
5.44
3.84
4.96
5.6
8
3.52
4.96
8
3.52
3.36
5.92
7.04
3.04
4.8
5.44
7.36
6.08
4.48
3.52
4.32
4.64
5.76
4.48
4.96
5.28
4.8
5.28
3.2
7.2
5.12
4.32
5.44
1.76
7.04
5.28
5.28
5.92
5.44
5.44
3.36
5.28
7.36
3.2
4.32
5.28
6.4
5.76
3.68
7.52
6.72
3.04
5.28
3.36
5.92
7.2
4.16
8.16
3.2
6.08
8.48
4
4
6.08
4.32
5.28
3.04
5.6
5.92
5.12
4.32
6.08
5.92
3.84
2.88
6.72
6.88
4.8
3.52
4.64
7.36
5.44
3.36
7.52
9.12
3.52
3.04
6.88
6.08
4.64
4.96
3.52
5.76
4
6.08
6.72
4.96
3.52
5.28
8.64
4.48
3.52
5.12
8.32
4.16
4.96
6.4
7.04
3.36
7.04
4.8
1.92
4.48
4.8
4.64
5.92
6.4
3.52
5.12
5.44
7.52
3.36
5.76
7.36
5.76
3.2
7.52
5.6
3.36
5.6
4.8
7.68
3.36
6.56
5.44
6.24
4.48
3.68
6.88
7.2
3.84
8.16
6.08
4.32
6.4
5.44
5.6
5.28
7.04
7.52
2.88
5.92
6.88
5.6
5.28
4.64
6.24
4.32
4.8
5.76
5.6
5.12
5.12
4.16
4
6.72
7.36
4.16
5.28
3.04
4.8
3.2
4.64
3.2
5.44
5.12
4.96
5.12
4.48
3.36
4.32
4
4.96
3.36
3.84
6.24
4.64
3.52
4.96
1.6
4.96
3.52
4.8
3.84
4
3.84
4.48
4.96
2.72
4.8
3.68
3.68
6.4
4.32
4.96
4.96
4.64
6.24
3.2
4.16
4.48
3.04
3.52
3.68
3.04
3.84
4.96
2.88
3.36
4.16
3.04
3.52
2.72
4.8
4.64
2.88
3.2
3.2
2.08
3.52
3.36
3.84
3.84
4
3.68
3.36
3.36
4.32
3.68
4.64
2.88
3.68
3.2
4.32
3.36
4
2.4
2.72
3.84
4
4
2.72
3.84
3.84
4.8
3.2
5.12
4
3.04
3.36
3.2
3.36
3.04
3.36
2.08
3.36
2.72
1.44
3.04
1.28
2.56
1.76
1.6
0.96
1.76
1.12
1.12
1.12
0.8
0.96
0.8
1.6
0.64
0.8
0.32
0.48
0.64
1.28
0.64
0.48
0.64
0.48
0.64
0.48
0.8
0.96
0.16
0.64
0.64
0.16
1.12
0.64
0.48
0.64
1.28
0.96
0.48
0.48
0.48
0.48
0.64
0.96
1.12
0.32
0.8
0.8
0.8
1.44
0.8
0.8
0.48
0.64
0.64
0.16
0.8
0.96
0.96
1.12
0.48
0.16
0.48
0.16
0.8
0.96
0.8
0.64
0.64
0
0.32
0.96
0.32
1.28
0.64
1.28
0.64
0.8
0.64
0.32
1.28
0.48
0.48
0.64
0.48
0.8
0.64
0.32
0.8
1.12
0.32
0.8
0.64
0.8
0.64
0.96
0.64
0.64
0.32
1.28
0.32
0.96
0.48
1.12
0.64
0.64
1.12
0.64
0.48
0.8
1.12
1.44
0.32
0.8
0.8
0.32
0.8
0.96
0.16
0.32
1.12
2.24
0.16
0.64
0.96
0.64
0.64
0.64
0.64
0.32
0.32
1.28
0.32
0.48
1.12
0.48
0.32
0.64
0.8
0.32
1.12
0.32
0.48
0.64
0.32
0.16
1.6
0.64
1.12
0.32
1.12
0.48
0.64
1.12
1.28
0.64
0.48
0.96
1.28
0.32
0.48
0.64
0.64
1.28
0.32
0.32
0.96
1.28
0.48
0.8
0.8
0.64
0.8
0.8
0.32
0.8
0.8
0.48
1.12
1.28
0.32
0.64
0.96
1.76
1.6
1.44
1.44
1.28
1.28
1.44
1.76
1.44
0.8
1.44
0.96
1.76
1.44
0.8
1.28
1.44
0.48
1.12
1.12
1.12
1.44
0.32
1.44
0.32
1.44
0.8
0.8
1.28
0.48
1.28
1.12
1.12
1.44
0.64
0.8
0.64
0.96
1.12
1.12
1.76
0.96
1.28
0.96
0.96
1.12
1.28
1.44
0.96
1.12
1.12
1.28
0.48
1.92
1.6
0.64
1.6
1.12
1.6
0.96
0.96
0.8
1.92
1.28
0.64
0.96
1.6
0.96
1.76
1.28
1.76
0.96
1.44
1.12
0.96
0.96
0.8
0.96
1.28
1.76
1.6
1.12
1.12
1.44
1.28
1.28
0.48
1.6
0.8
0.8
1.76
0.48
0.8
0.8
1.28
1.92
1.44
1.12
1.44
0.8
1.28
1.12
1.76
0.8
1.28
1.6
0.8
1.12
1.12
1.44
1.12
0.64
1.44
0.48
1.12
1.44
1.12
1.12
1.44
1.44
1.6
2.08
0.32
1.28
0.8
0.96
1.12
1.12
0.48
1.12
1.28
1.12
0.64
0.48
0.48
0.8
0.48
0.64
0.32
0.32
0.96
0.8
0.32
0.64
0.96
1.12
0.32
0.48
0.96
0.64
0.48
0.96
0.32
0.96
0.32
1.12
1.28
1.28
0.8
0.96
1.12
0.96
0.8
1.12
0.48
0.32
0.64
0.96
0.32
0.64
0.64
0.8
0.32
0.48
0.48
0.96
0.32
1.12
0.16
1.28
0.64
0.32
0.32
0.96
0.96
0.48
0.48
0.48
0.16
0.8
1.04
0.64
1.12
1.6
0.8
0.32
0.48
0.48
0.8
0.8
1.12
0.16
0.8
0.8
0.72
1.28
0.48
0.48
0.48
0.48
0.32
0.64
0.8
1.6
0.8
1.12
0.8
1.12
1.12
0.64
0.48
0.96
0.64
0.64
0.8
0
0.32
0.48
0.64
0.48
0.48
0.32
0.8
0.8
0.64
0.8
0.16
0.32
0.16
0.64
0.8
0.48
0.8
0.48
0.16
1.2
0.64
0.48
0.96
0.96
0.64
0.64
1.12
0.64
0.48
0.32
0.8
1.28
0.16
0.64
0.96
1.28
0.48
0.96
0.64
0.96
0.48
0.8
0.16
0.96
0.8
0.8
1.12
1.44
0.64
1.12
0.8
1.12
1.44
0.96
0.48
0.48
0.8
0.32
0.8
0.64
0.48
1.28
0.96
1.28
0.96
0.64
1.44
1.6
0.32
0.96
0.16
0.48
0.8
0.48
0.16
0.48
1.28
1.12
0.8
1.12
0.32
0.48
1.44
0.48
0.64
0.8
1.44
0.64
0.64
0.96
0
1.28
0.96
0.72
1.44
0.48
0.48
0.64
0.48
0.64
1.12
0.48
1.28
1.28
1.28
1.12
0.8
0.48
0.96
0.8
0.8
0.64
0.48
0.64
0.32
0.64
0.48
0.32
0.96
0.96
0.48
1.44
0.8
0.56
0.8
0.96
0.8
0.48
0.64
0.8
0.48
0.48
0.48
1.12
0.96
0.96
0.8
1.12
0.8
0.48
0.8
0.64
0.56
1.6
0.32
0.8
0.96
1.12
0.64
0.64
0.96
0.64
0.64
0.48
1.44
0.64
0.8
1.12
1.12
0.96
0.64
0.72
0.8
0.72
0.96
0.32
1.6
1.6
1.44
0.96
0.96
0.96
0.48
0.64
0.32
0.8
0.16
0.8
1.12
0.64
1.12
0.8
0.64
0.64
0.96
0.64
1.44
0.32
0.64
0.8
0.8
0.8
0.96
0.96
1.28
0.96
0.64
0.32
0.64
0
0.16
0.48
0.64
0.48
0.8
1.28
0.64
1.12
0.32
0.64
1.44
0.96
0.48
0.48
0.96
1.12
1.12
0.32
1.12
0.8
0.32
0.32
0.96
1.12
0.8
1.12
1.44
1.12
1.44
0.32
0.32
0.8
0.64
0.64
1.12
0.8
1.12
1.28
0
0.32
0.48
1.12
0.32
0.16
1.28
0.8
1.44
0.64
0.8
0.96
0.48
0.64
1.6
0.64
0.32
0
0.64
1.28
0.96
0.96
0.8
0.48
0.8
0.48
0.8
1.12
0.64
0.8
1.28
0.32
0.16
0.96
0.32
0.8
0.64
1.76
0.64
0.8
0.96
0.48
0.16
0.64
0.8
0.96
0.64
0.48
0.8
0.8
0.48
1.12
0.64
0.88
0.8
1.44
0.8
0.8
0.8
1.12
0.8
1.12
1.6
1.12
0.64
0.64
0.64
1.76
0.8
0.32
0.48
0.64
1.28
0.8
0.64
0.64
0.96
0.64
0.16
1.44
1.28
0.32
0.64
0.64
0.32
0.64
1.12
1.12
1.44
0.32
0.8
1.28
0.8
1.44
0.96
1.12
1.12
1.28
1.12
0.32
0.16
0.48
0.8
1.44
0.8
0.48
0.48
0.8
0.48
1.12
1.28
1.12
0.64
0.96
0.8
0.64
0.32
0.8
0.64
0.48
0.16
0.64
0.64
0.96
0.48
0.8
0.8
1.44
0.8
0.48
0.8
1.44
0.64
1.28
1.28
0.8
0.96
0.8
1.28
0.64
0
0.48
0.96
0.8
0.8
0.96
0.48
0.96
1.6
0.64
0.8
1.12
0.32
1.12
0.32
0.48
0.96
0.96
0.48
1.12
1.12
1.28
0.64
1.28
1.44
0.48
0.48
0.32
0.64
1.28
0.96
0.8
0.64
1.12
1.12
0.8
0.8
0.48
1.28
0.48
0.64
0.96
0.16
0.96
1.28
0.8
0.8
1.12
0.64
0.8
0.48
0.8
0.8
0.96
0.64
0.64
0.48
0.64
1.28
0.32
0.64
1.12
0.64
0.64
1.28
0.32
0.96
0.64
0.32
0.48
1.12
0.96
0.96
0.4
0.96
0.96
1.28
0.32
0.48
0.96
1.76
0.64
1.44
0.8
1.28
0.4
0.8
0.64
0.64
0.16
0.48
1.76
0.96
0.16
0.32
0.96
0.96
0.96
0.8
1.12
1.28
1.12
1.28
0.8
0.64
1.44
0.64
0.32
0.64
0.64
0.8
0.8
0.8
0.48
0.32
0.8
0.96
0.64
0.96
0.16
0.48
0.32
1.44
0.96
0.32
0.64
0.16
0.96
0.96
0.96
0.48
0.64
0.8
0.96
0.64
0.8
0.64
0.64
0.96
0.64
0.64
0.48
0.64
0.32
0.96
0.48
1.76
0.48
0.32
1.12
0.48
0.8
1.12
0.96
0.64
0.64
0.48
1.28
0.32
0.48
0
0.96
0.32
0.8
0.32
0.64
0.8
0.32
0.96
0.96
0.96
0.96
0.64
0.16
0.8
0.48
0.48
0.32
0.64
0.16
1.12
0.8
0.48
0.32
0.72
0.8
0.32
0.64
1.12
0.48
0.8
0.48
0.8
0.64
0.96
0.8
0.48
0.32
0.64
0.48
0.64
0.32
0.64
0.64
0.48
1.12
0.8
0.96
0.8
0.16
0.16
0.16
1.28
0.48
1.28
0
0.32
1.28
0.96
2.08
1.76
0.96
0.96
1.12
0.48
0.8
0.64
0.32
0.96
0.4
0.8
0.96
1.92
0.96
2.08
1.92
2.24
0.8
0.8
0.64
1.12
0.48
0.8
0.8
0.48
0.96
0.64
1.12
0.48
0.96
0.64
0.48
0.48
0.64
0.48
1.6
0.8
0.8
0.64
0.16
0.32
0.48
0.32
0.16
0.48
0.8
0.16
0.8
1.12
0.32
0.8
0.64
0.8
0.32
0
0.48
0.8
0.8
0.8
0.48
0.8
0.8
0.64
0.48
0.64
0.48
0.32
1.28
0.32
0.32
0.64
0.48
0.8
0.64
0.32
0.96
0.32
1.6
0.48
0
0.16
0.16
1.12
0.48
0.48
0.32
0.8
0.4
0.64
0.96
0.64
1.44
3.2
4
1.76
0.96
1.12
0.48
0.8
0.96
0.96
0.96
0.48
1.44
0.32
0.8
0.96
0.16
0.32
0.8
0.96
0.48
0.8
0.96
0.48
1.12
1.12
1.76
0.96
0.64
0.96
0.64
0.16
0.64
0.8
0.64
0.64
0.96
1.12
0.64
0.8
0.64
0.64
0.32
0.8
0.64
0.96
0.32
0.8
0.48
0.32
0.64
0.32
1.44
1.12
1.6
0.64
1.12
0.8
0.8
0.8
0.8
1.12
0.64
0.96
0.96
0.96
0.64
0.64
0.96
0.64
0.32
1.12
1.12
0.64
0.64
0.32
0.64
0.64
0.64
1.6
0.8
0.32
0.64
0.48
0.48
0.48
0.16
0.64
0.8
0.96
0.8
0.96
0.8
1.28
0.32
0.8
0.16
0.96
0.48
0.48
0.8
0.64
0.32
0.32
0.32
0.32
1.28
0.8
0.8
1.28
0.96
1.12
1.12
0.64
0.64
0.32
0.32
0.96
0.48
0.96
0.32
0.32
1.28
0.8
0.32
0.96
1.28
0.48
0.64
1.12
0.96
1.28
0.48
1.44
2.24
1.44
0.64
0.32
0.64
1.44
0.64
0.32
0.8
2.08
2.4
2.72
2.4
1.44
1.44
0.8
1.12
0.32
1.04
0.64
1.6
1.44
2.08
1.12
1.6
1.44
1.92
2.24
2.4
1.6
1.44
1.12
0
1.92
0.32
0.48
0.64
1.92
1.12
0.8
0.48
0.96
0.48
0.48
0.32
1.44
3.2
1.12
0.64
0.48
1.12
0.48
0.96
2.56
0.48
0.96
1.28
2.88
1.12
0.96
0.8
0.16
0.96
1.12
0.8
0.64
1.12
0.48
1.12
0.48
0.8
0.72
0.64
0.48
0.48
1.28
1.28
1.28
0.8
0.64
0.8
0.64
0.64
0.64
1.12
0.32
1.12
1.44
0.56
1.12
0.16
1.28
1.12
0.72
0.64
0.56
0.16
1.28
1.12
0
0.48
0.64
0.8
1.12
0.64
0.64
0.48
0.96
0.8
0.64
0.64
1.44
3.68
2.08
3.04
2.72
1.6
2.24
1.92
1.76
0.96
0.64
0.8
0.32
0.48
0.64
0.96
0.96
0.96
0
0.8
0.48
1.28
0.64
0.64
0.96
0.8
0.16
0.32
0.64
0.16
0.8
0.16
0.72
0.48
0.48
1.28
0.32
0.64
0.48
0.32
0.64
1.92
0.96
0.64
1.28
0.64
0.48
0.32
0.96
2.24
0.8
0.48
0.48
0.72
0.64
0.8
0.8
0.96
1.44
0.16
0.48
1.12
0.8
0
0.64
0.8
0.8
1.12
1.76
0.64
0.48
0.96
0.96
0.32
0.8
0.8
3.36
0.64
0.32
0.8
1.44
1.6
2.4
0.96
1.28
0.96
0.96
0.32
0.96
3.04
2.56
2.24
1.44
1.44
0.8
0.64
0.64
0.32
0.32
0.96
0.48
0.16
0.48
0.64
0.96
0.64
0.8
1.44
0.16
0.48
0.8
1.76
1.44
1.12
0.96
0.48
0.32
1.44
0.48
0.48
0.48
0.8
0.96
0.64
0.64
0.64
0.32
0.8
0.8
1.6
0.48
1.12
0.8
0.48
1.28
1.44
1.12
0.64
0.64
0.48
1.12
0.56
0.32
0.48
0.8
0.72
0.48
0.16
0.32
1.28
1.28
0.8
1.44
0.48
0.32
0.64
0.96
1.12
0.64
0.48
0.8
0.64
0.32
0.64
0.48
0.8
0.32
0.48
1.28
0.48
1.44
3.52
0.8
1.28
0.8
1.12
1.44
1.76
2.88
0.48
0.64
1.6
0.64
0.8
0.64
0.48
0.96
0.16
0.16
4.48
8.16
0.64
0.8
1.44
1.44
2.24
2.08
1.6
1.28
8.16
3.68
1.92
2.4
1.76
1.76
0.96
0.8
0.96
0.8
0.64
0.8
0.64
1.12
0.8
4.48
0.32
0.64
1.76
1.12
2.72
2.24
1.28
4.16
8
4.16
0.64
1.12
0.8
0.96
0.96
0.64
0.64
0.64
2.56
2.4
2.4
1.92
1.28
2.72
2.08
2.08
2.24
1.6
2.24
0.8
1.44
6.4
0.64
2.24
2.24
1.92
1.12
2.72
1.76
1.12
1.12
0.48
0.32
1.12
0.64
0.64
0.64
1.76
1.6
2.24
2.24
1.6
1.6
1.44
2.56
1.6
2.24
1.6
0.8
0.16
0.64
1.12
0.64
0.8
0.64
0.48
0.64
0.64
0.8
0.48
0.32
0.64
0.48
0.64
0.32
0.64
1.12
5.12
0.32
1.12
0.96
0.48
0.8
1.6
4.32
6.08
2.56
1.12
0.4
0.48
0.8
1.28
1.76
2.24
1.28
0.96
0.8
1.6
1.6
0.8
0.64
0.64
0.8
4.48
3.36
0.48
0.64
0.96
2.56
1.44
1.6
2.08
1.44
1.44
0.8
1.76
2.4
1.44
3.68
4.96
7.84
4.96
1.92
0.96
0.16
0.64
0.64
0.48
1.6
0.96
1.12
0.64
1.92
1.92
0.48
1.44
1.76
2.08
5.76
1.76
2.08
1.44
1.92
2.56
1.76
1.6
2.4
2.24
1.92
2.4
2.4
1.28
1.12
0.8
0.32
0.8
5.92
4.8
6.08
1.76
4.64
5.76
2.56
2.72
2.72
1.92
1.6
3.2
1.92
1.44
2.4
2.4
1.6
1.28
1.76
1.44
1.92
1.76
0.8
4.16
0.32
0.32
0.8
0.64
1.28
0.96
1.76
0.96
0.16
2.24
1.28
0.8
1.44
0.8
0.32
0.16
0.64
0.32
1.28
0.64
0.96
1.6
0.48
0.48
0.64
0.64
1.28
0.48
0.32
0.48
0.48
0.16
0.64
1.6
0.72
1.44
0.8
0.96
2.4
0.8
0.96
2.4
4.8
6.08
4.16
1.92
0.8
0.48
1.12
0.48
0.64
0.96
1.6
0.64
0.32
0.96
0.32
1.28
2.24
1.6
2.56
2.56
1.6
6.24
8.48
5.12
2.4
2.72
1.12
2.08
2.4
1.12
1.28
1.92
1.92
1.6
3.2
1.6
1.6
1.28
1.44
1.12
0.56
1.76
2.56
4.64
4.48
1.92
1.76
1.76
1.92
3.2
1.6
1.6
2.08
1.6
1.76
1.92
1.92
1.28
1.12
3.04
3.84
6.56
0.48
0.96
1.44
6.4
3.2
5.92
7.2
3.52
4.8
3.84
1.6
1.76
1.12
1.76
2.08
1.6
2.08
0.96
2.72
4.64
1.28
1.6
0.64
0.8
1.6
1.92
2.24
1.6
1.44
2.88
4.16
2.56
3.52
1.76
2.24
3.04
4
4.96
5.44
6.72
3.04
2.4
1.44
1.28
5.76
2.56
1.44
0.48
4.16
7.84
0.8
1.12
1.12
0.96
1.28
2.08
1.44
0.96
1.92
3.04
4.32
4.32
0.96
0.96
0.64
2.24
4.48
6.72
2.88
1.28
1.28
4.32
6.08
1.6
2.4
3.04
2.24
2.24
3.04
4.16
3.84
2.72
4.8
4.48
2.24
2.4
2.08
6.72
4.8
2.88
2.4
3.36
1.92
1.44
1.6
3.68
3.52
2.72
3.36
7.84
3.04
2.4
2.24
2.88
3.68
1.76
2.08
1.6
2.56
3.04
2.88
3.2
2.56
2.72
1.76
4
6.72
2.88
3.84
4.32
6.72
5.76
4.32
2.4
1.92
1.12
1.12
0.96
2.88
1.92
1.44
1.44
0.48
1.12
1.6
1.44
2.56
1.44
2.4
4
2.08
1.12
4
1.6
1.12
0.48
2.56
1.76
1.6
0.96
2.56
1.92
0.64
1.76
1.6
1.44
1.28
1.6
4.96
4.64
4
2.88
2.88
2.88
1.92
6.08
7.52
0.16
0.64
8.32
8.96
5.44
1.92
2.72
3.52
5.6
6.4
2.56
5.12
8
5.92
2.88
5.6
2.4
5.76
4.96
8.16
3.2
3.36
1.92
2.08
4.32
3.52
3.52
2.56
0.8
1.76
2.88
2.72
1.44
3.2
7.68
4.48
3.68
4.48
2.88
2.08
2.24
2.56
1.76
3.2
2.88
3.52
2.56
1.76
3.2
4.8
4.96
2.08
4.64
5.92
6.56
4.16
4.48
3.52
2.4
3.04
2.72
3.52
4
3.04
2.72
2.4
3.2
2.4
1.44
1.28
1.28
2.56
2.56
0.96
0.96
1.92
0.64
1.12
0.8
1.28
0.96
1.28
1.6
4.8
4.32
0.8
2.56
1.12
1.12
4.32
7.84
5.44
1.76
2.88
2.56
3.68
3.84
4
2.88
1.92
1.6
1.12
6.88
2.72
4.48
3.52
2.08
2.24
1.92
2.72
5.76
6.56
6.56
3.68
2.88
6.4
5.28
6.24
5.12
6.4
5.44
7.36
7.04
4.48
4.8
2.72
7.2
5.44
1.92
5.76
3.36
4.16
3.2
1.92
6.72
4.64
9.6
8.8
8.32
3.84
4.48
0.96
2.08
0.8
0.48
3.36
1.44
1.28
1.44
1.76
2.72
2.4
2.4
5.44
2.24
1.76
2.24
4.16
3.68
3.68
3.68
4
3.84
3.68
4.48
4.32
4.16
3.52
2.88
3.2
1.28
1.28
2.88
1.76
3.68
2.08
3.04
2.08
2.56
3.04
3.84
3.68
2.72
4.16
1.92
2.08
3.2
2.56
2.56
2.88
3.36
2.56
3.36
1.12
2.24
3.84
1.44
1.92
1.44
2.72
1.6
5.76
1.76
1.76
0.8
3.84
2.4
3.36
1.28
3.2
3.36
6.72
8.96
8.48
4
2.56
3.52
2.24
2.72
3.52
6.56
6.56
3.52
7.68
5.12
6.88
9.6
8.8
7.2
7.04
4.32
9.6
8.96
3.84
5.92
7.36
6.56
5.76
5.12
8.32
7.2
7.36
5.6
4
6.56
6.72
6.56
5.76
3.84
5.6
2.4
7.04
8.16
8
4.64
4.16
4.64
4
1.28
2.24
2.24
3.36
7.36
9.12
6.24
6.88
5.12
8
6.4
4.48
9.12
7.04
6.88
5.44
3.84
3.52
3.52
4
3.68
4.16
2.88
5.28
4.64
2.72
3.68
5.28
7.68
6.24
5.92
4.48
6.72
10.56
6.72
7.2
4.64
3.84
2.88
3.68
2.08
5.12
5.44
8.32
6.56
1.28
3.2
2.24
7.04
7.04
3.84
3.84
3.68
3.68
4.64
6.24
4.8
4.96
5.12
4.48
4.48
6.72
2.88
5.92
7.36
4.96
2.72
2.72
4.48
4.64
1.6
2.08
2.88
5.92
4.48
4.16
3.2
4.48
4
3.2
2.08
6.72
4
4.48
5.76
4.16
3.04
2.4
1.6
1.44
1.12
2.4
1.92
3.2
3.2
3.52
2.24
1.44
2.4
3.68
1.44
1.76
7.2
9.28
4
6.24
4.96
5.92
4.64
6.08
4.32
5.44
8
4.32
6.4
7.52
6.72
4.8
4.8
6.72
5.6
3.68
2.24
7.36
5.44
4
3.84
7.2
4
8.8
2.56
5.6
6.24
6.88
6.08
5.12
3.68
2.56
5.6
7.2
8.48
8.96
9.12
11.2
10.08
9.44
7.04
8
4.16
4.64
8.96
8.48
8
7.68
9.76
7.68
8.64
9.6
6.08
10.08
4
4.16
4.32
4.48
10.72
4.32
4.64
3.68
9.92
6.88
8.32
6.72
7.68
6.08
4.16
2.88
4.96
3.68
6.4
6.24
6.24
6.56
5.92
8.48
5.44
8
7.04
4.32
8.8
6.88
8
5.92
2.56
2.56
0.32
4.16
5.6
8
5.28
5.44
6.4
6.08
7.04
7.04
4.96
6.72
3.2
8
7.52
4.96
3.04
4.16
8.48
7.68
4.64
5.28
3.36
5.92
5.12
6.56
4.8
7.2
6.56
6.08
4.8
6.56
5.6
8.8
6.88
9.44
8.8
5.12
6.88
5.12
5.12
6.08
6.56
4.96
8
9.12
5.6
7.36
6.88
8.32
6.56
4.48
7.04
6.08
10.24
10.88
8.48
7.2
5.6
5.92
4
4.48
6.4
10.72
8.48
7.2
11.36
5.44
10.08
7.68
10.72
4.32
6.24
4.32
6.08
9.28
10.08
9.28
3.52
4.8
4.96
6.24
3.2
3.36
2.24
6.24
5.12
4.32
3.52
8.64
4.32
7.84
5.44
4.96
5.12
4.96
3.52
7.04
6.88
7.52
4.8
7.52
6.56
5.12
5.92
6.72
8.16
5.44
10.4
6.08
5.92
7.52
4.8
4.8
5.6
3.84
4.32
1.92
3.84
6.88
6.88
5.92
6.56
4.96
5.12
5.92
8.16
5.76
8.64
1.6
5.44
6.08
6.56
5.44
5.92
5.44
5.92
8.16
8.64
9.6
8.96
6.08
5.44
5.92
4
4.96
5.12
4.64
5.12
4.32
5.92
10.08
10.4
8.64
9.28
8.8
8.64
8.32
5.12
3.68
2.24
4
4.48
4.96
7.84
8.96
6.88
5.92
2.24
6.88
4.48
4.8
8
11.36
8.96
11.2
8.8
7.2
6.88
5.92
5.12
5.12
4.8
7.68
5.44
7.36
10.24
11.52
6.08
7.84
8.96
8.32
9.12
6.56
5.12
4.48
6.4
5.76
6.24
7.36
7.04
6.4
5.92
7.84
4.32
4.8
4.8
3.04
3.68
4.16
3.68
5.28
8.32
6.24
8.8
8
9.12
8.48
3.36
7.04
5.28
5.6
6.4
11.36
5.92
2.56
6.56
4.16
6.24
6.72
6.24
3.52
7.04
9.44
7.36
8
7.84
9.6
8.48
7.04
4.96
4.8
6.56
5.28
7.68
8.64
5.6
8.64
7.68
7.2
7.52
10.08
8.32
5.6
6.24
8.32
6.56
4.8
7.68
7.2
7.36
5.44
3.2
4.48
4.16
4.64
4.8
6.56
8.16
6.08
7.84
6.24
8
5.12
6.88
8.64
7.84
8
8.16
7.2
5.12
3.52
6.08
4.48
7.68
4.16
11.2
10.08
8
7.52
7.84
10.08
8
8.16
6.72
4.96
9.92
9.44
4.48
6.72
8
11.68
5.12
4.64
6.4
5.6
8.8
8.48
5.12
7.04
8.8
9.6
9.92
9.92
5.76
11.2
8.16
8.64
11.68
8.64
8.48
11.2
10.08
7.68
5.92
7.52
7.52
8
7.04
5.28
5.44
8.16
8.32
7.04
8
7.2
7.36
9.44
8.48
7.36
10.24
10.24
7.36
7.2
3.84
4.32
6.08
7.84
8.8
4.64
5.76
8.32
9.12
7.68
6.88
8.48
9.12
11.2
10.56
5.92
8.48
6.4
7.36
3.2
10.08
10.56
9.92
8.16
6.4
6.56
8.16
8.16
6.4
8.8
9.6
8.8
8.96
7.68
9.28
11.2
10.88
8
7.52
6.08
8.8
9.44
11.2
6.08
8.48
7.52
6.4
7.68
11.2
11.52
10.24
8.32
8.96
9.28
5.12
7.52
7.2
6.08
5.12
7.68
4.96
7.84
8.8
8
7.52
8.48
5.44
11.68
9.6
11.52
9.76
7.84
9.28
10.4
9.6
8.8
11.04
9.6
8.48
7.84
8.16
7.36
7.84
13.12
10.24
10.88
10.72
11.2
10.08
11.68
10.56
8.8
10.72
13.12
5.76
8.8
11.68
5.92
12.16
10.88
11.04
6.72
8.48
8.16
8.8
9.12
9.6
9.12
10.56
8.48
10.72
8.32
11.2
10.88
12.8
11.68
10.88
6.88
9.76
11.04
13.6
10.24
12
11.84
14.72
11.36
11.52
9.6
8.64
10.72
10.24
8.48
10.08
13.6
13.76
9.6
6.24
13.12
12.8
10.4
11.68
8.64
10.4
9.44
11.52
10.4
11.04
10.4
12.48
13.28
12.16
13.44
12.64
13.44
13.44
11.2
4.32
8.48
8.48
8.8
11.84
11.2
9.76
12.64
12.48
12.32
12.8
12.48
8.64
7.36
7.36
8.8
9.12
5.12
7.04
4.16
8.16
7.68
7.52
7.68
7.68
7.04
9.6
8.8
7.84
8.32
8.96
9.12
10.56
8.8
8.96
10.56
11.04
8.16
10.08
6.4
7.04
9.44
9.44
6.72
8.64
8.8
12
8.48
8.16
8
12.48
10.56
10.72
8.32
11.2
10.08
9.92
8.96
4.32
13.28
8.96
9.44
6.4
7.68
8.8
10.24
6.72
7.2
4.32
8
10.24
8.16
10.72
8.16
7.36
7.2
6.56
8
4.64
10.08
9.28
6.24
6.56
3.68
4.48
10.88
6.88
7.2
5.6
5.28
3.84
3.52
2.4
1.44
5.28
4.8
5.44
3.84
11.84
8
6.88
5.12
13.28
6.56
4
6.08
7.2
10.08
7.84
4.16
8.32
6.24
8.16
5.92
2.56
4.16
2.56
3.2
6.88
7.84
7.84
6.88
9.76
5.76
4.96
4
3.84
4.8
3.84
4.96
5.12
5.44
5.6
6.72
5.44
5.6
2.24
4.8
7.68
7.84
8.8
5.76
2.88
3.36
2.24
3.04
2.72
2.4
2.24
2.08
3.84
2.88
6.08
9.44
3.2
3.84
3.2
2.56
3.2
1.76
1.6
2.72
1.12
1.92
16.64
12.48
8.8
10.88
3.36
1.76
1.44
0.64
1.44
0.96
1.12
1.6
1.12
2.08
1.76
1.6
2.72
0.96
3.04
2.72
1.92
0.64
1.12
1.28
2.56
1.6
1.28
2.24
1.6
2.4
1.92
2.4
0.96
1.28
2.24
2.72
2.4
1.12
2.08
1.12
1.28
2.08
2.72
2.72
2.4
2.24
1.76
0.96
1.6
0.48
0.96
1.44
1.12
1.76
1.28
0.48
1.6
0.32
1.76
1.44
1.12
1.28
1.44
1.44
1.6
1.44
1.12
1.76
0.96
0.8
1.28
0.96
1.12
1.28
1.28
1.28
1.28
1.92
1.92
0.64
1.12
1.44
1.28
1.12
0.64
1.28
0.96
1.28
1.04
1.28
1.04
1.12
1.2
0.8
1.44
0.16
1.28
1.44
1.44
1.28
1.6
0.64
1.12
0.8
1.44
1.12
1.6
1.28
1.12
0.48
1.12
0.8
1.28
1.12
1.12
0.8
1.6
0.64
0.48
0.8
0.8
1.44
1.28
0.48
1.44
0.8
1.12
0.8
0.8
1.12
1.44
1.12
0.48
1.12
1.12
1.12
1.28
1.44
2.08
0.48
1.44
0.96
0.8
0.64
0.96
0.32
1.12
1.12
0.8
1.28
0.96
0.96
1.6
1.76
1.92
1.12
1.44
1.12
1.44
2.24
1.28
0.8
0.96
1.28
0.96
1.6
1.12
0.96
0.96
0.96
0.96
0.48
1.12
1.12
0.48
1.12
0.8
1.6
1.28
0.96
1.44
1.28
1.6
1.44
0.96
1.28
0.96
1.12
0.48
1.12
1.12
0.96
1.6
1.28
0.96
1.12
1.12
1.28
1.28
0.96
0.64
0.96
1.6
0.48
1.12
1.12
1.44
1.28
0.8
1.12
0.48
0.64
2.08
0.96
1.12
0.96
0.64
0.8
0.32
0.64
1.28
1.12
0.8
1.12
0.8
1.28
1.12
2.08
1.44
1.28
0.64
0.48
0.8
1.12
0.64
0.96
0.64
0.8
1.28
0.8
0.96
0.96
0.8
1.12
1.76
1.6
1.28
0.8
1.28
0.96
1.28
1.28
0.64
0.32
0.96
