0
57000
0
0
1000
0
0
1002
0
0
178
288
1
536
0
0
0
1412
587
582
415
0
999
0
0
141
497
0
370
994
0
0
0
0
0
998
0
0
0
0
0
0
0
1005
0
0
0
0
0
0
1002
0
0
0
2993
1000
0
1000
987
15
998
0
0
1001
0
0
1001
0
0
1002
0
0
0
0
999
0
0
0
1001
0
0
0
1647
1350
0
1002
0
1004
997
407
1001
0
940
1003
0
1000
999
1998
1000
1002
1000
0
1999
999
1003
999
998
1
1000
719
1004
0
824
1001
999
1000
1001
0
820
185
996
1003
999
997
1005
995
1001
999
1006
996
1997
1000
340
172
1005
0
1996
1
1002
1998
1000
0
1000
941
61
71
999
1005
998
999
1003
998
999
998
1002
1997
1999
1000
4940
786
275
0
0
0
0
999
1006
997
2997
0
1000
0
4456
265
279
594
1406
0
0
1000
1003
0
1000
999
318
737
998
1004
998
827
994
1003
709
992
1001
999
2000
3999
4536
2464
1000
3000
0
0
1
999
0
720
285
0
1
994
0
1003
0
0
0
998
1003
998
1002
0
999
107
1002
0
1000
1003
998
2997
0
1000
1002
0
1001
998
1000
1003
1323
1000
1001
1000
406
1000
1926
75
855
1040
3845
0
0
1
348
1061
0
2000
1000
0
1
860
997
2001
997
1001
805
197
1003
0
30
2991
1000
0
3000
1000
1000
0
850
1
152
998
1863
1137
684
1000
1002
0
1999
999
1000
1001
0
1001
1002
2996
1
797
203
663
998
692
1002
1
667
1000
329
991
1003
0
1001
1002
2997
1000
1000
0
0
4000
2000
0
1000
0
2002
0
998
0
979
24
0
120
1002
0
1001
537
766
297
1002
0
1000
998
1001
1879
1118
0
1004
0
2996
0
1
1002
0
1003
3714
1281
2000
1
999
1001
999
0
1001
0
1002
0
824
1346
289
1000
3000
2000
1000
0
0
1001
0
594
410
336
1043
1620
1000
429
577
160
150
1002
0
1000
1000
659
3000
2001
2000
999
0
2002
0
0
0
380
622
0
1003
0
998
1002
998
1000
1003
998
2372
97
346
777
999
1000
1002
999
1001
1001
999
929
157
999
1003
998
3000
1000
1000
0
1001
0
1002
0
998
1004
999
1002
996
1002
538
563
996
1004
1002
1000
999
1000
998
999
1001
998
998
1001
999
1001
1001
0
150
996
1000
1003
997
1003
1000
1002
0
1003
1001
997
1000
1148
1000
1001
0
1003
999
153
849
1000
1001
1001
998
999
1002
1003
1001
0
1002
309
251
1295
0
1008
0
1002
994
1001
999
1001
0
1001
1000
1001
1000
999
1001
999
1000
1
1000
168
998
1004
999
1001
1000
1001
999
999
1000
1000
1000
1000
998
1000
999
1000
1001
501
996
1001
1003
1001
1001
997
703
1007
0
997
1001
999
1004
996
1004
1000
1243
755
998
999
1002
1000
1000
1000
1001
999
1001
1000
997
1002
1000
999
998
1001
1000
1000
1002
999
1001
1000
999
999
1003
1002
997
999
1000
1002
412
37
1004
0
1001
1000
1001
998
999
1000
1001
0
1000
1001
1001
0
1000
1004
0
1000
1002
0
1000
999
1002
0
1000
1000
1000
1001
0
1000
1001
0
1001
999
1000
1000
1001
999
1002
998
1001
999
1000
1000
1002
999
1001
0
1000
1000
1000
1001
999
1001
1000
1001
0
1000
1000
1001
999
1001
1002
0
999
1000
1001
0
1000
1001
0
1000
1001
0
1000
1001
0
1001
0
1000
1000
1000
1000
1000
1000
1001
0
1001
999
1001
1001
0
1001
1000
999
1001
1000
999
1001
999
1002
1000
563
494
651
1008
0
999
999
24
1002
0
1002
998
1000
1001
0
1000
999
1000
1002
0
1000
999
1002
0
1003
0
1001
0
1003
0
1001
0
1000
1000
1001
999
1003
0
513
490
504
999
831
176
1004
0
999
1001
999
1001
1002
0
999
1000
1003
0
998
1001
1001
0
1002
0
1001
0
1002
998
1000
1002
998
1000
1000
1001
1004
0
997
1001
264
1004
0
1004
997
999
1004
0
997
1001
1000
1000
1000
999
1000
1000
1000
1000
999
1003
997
1001
0
1000
1000
1000
1000
1003
0
998
1001
0
1000
1000
1001
0
1001
0
1001
1002
0
12
998
999
1001
1001
0
1000
1000
1002
501
602
647
897
329
1005
0
997
1000
1002
251
999
1003
0
1002
1001
1000
837
1015
1000
1006
0
1004
995
999
999
1001
1001
0
1003
997
1001
0
1000
1034
1001
1001
1000
1000
1000
1000
404
599
1005
0
1000
439
1004
0
1001
1001
560
111
755
1009
0
1001
998
998
997
552
1004
0
999
1001
1001
998
1000
1005
997
330
1003
0
76
665
230
1003
0
1003
0
1000
1001
798
766
1008
0
1001
997
1000
1001
0
1000
1001
999
1000
1005
1000
1006
0
154
177
617
393
1008
0
293
1005
0
1005
996
999
1000
998
999
1000
714
293
176
76
10
694
1007
0
1002
1001
999
995
1000
116
327
1002
0
1002
449
633
471
256
1004
0
1001
678
194
817
1007
0
998
304
67
144
430
1005
0
122
560
970
323
1002
0
624
733
1007
0
546
980
32
1004
0
1001
233
799
1205
0
1010
0
668
1010
0
1000
997
1002
1000
1001
997
1002
999
1002
998
1001
999
1001
999
1001
998
1001
999
1001
998
998
1000
1000
1000
1000
1000
1001
998
1001
999
999
1001
1001
999
999
1002
1000
999
999
1001
1003
997
999
1001
1002
998
1000
1000
1000
1001
999
1000
1000
1000
1001
999
1000
1002
1000
1000
999
1000
1002
1000
831
1010
0
997
1001
1000
1001
998
1000
1001
1001
998
1002
1000
1001
998
1462
933
629
793
1688
2067
0
1337
0
1037
0
1748
1714
0
1576
0
1010
0
1000
1170
1879
0
1387
0
1073
0
1644
1289
0
1327
0
1383
1125
108
998
1008
0
1000
1000
1071
979
1449
1417
1110
0
1094
0
1298
1029
1698
0
332
35
981
1069
938
1030
1322
585
1204
0
236
2839
0
0
1170
0
992
1011
1001
998
1000
1001
1000
1504
1331
1905
0
1470
0
1009
0
1039
961
1036
963
1144
925
1033
1352
1232
1408
0
1009
0
1086
913
999
999
1001
1001
999
998
1001
1001
998
999
1001
1002
998
997
1001
999
1000
1000
1001
999
1000
1000
1000
999
1000
1000
1001
999
1000
1000
1003
997
1000
1000
1001
1000
1000
1000
1001
999
1000
1000
1001
998
1000
1000
945
999
1000
526
477
999
1001
1000
1001
1000
1000
999
1003
0
999
1000
1001
0
1000
999
1001
999
999
1000
1002
1000
1000
999
1001
544
457
303
699
1004
0
1001
999
1000
999
1001
998
1002
1001
998
1001
1000
1001
999
1002
1002
996
999
999
1003
998
1000
1000
1001
999
1000
1000
1002
998
1000
999
1001
999
1001
999
1001
999
1001
1000
1000
999
1002
998
1001
1002
1000
998
1000
1000
1001
999
1000
1000
1000
999
1001
1239
998
1004
0
1001
1000
998
1000
1000
1000
1000
1000
1000
1000
1000
1000
1001
1001
998
1001
999
1001
1000
1000
312
1005
0
1000
1000
999
1000
1002
998
999
1001
1000
999
1001
999
1000
1000
1000
1000
1003
0
1002
999
997
1002
1001
997
1000
1001
999
1000
1000
1000
1000
1001
999
1000
1001
999
1001
1001
999
1000
999
1000
1000
1001
999
1000
1000
1001
999
1000
1000
1001
999
1000
167
1004
0
1000
998
1001
1000
999
1001
902
1005
0
998
1002
1001
998
256
280
1003
0
1002
1001
1000
999
1001
1000
999
1000
1001
1001
1000
1000
1000
998
1000
1001
1001
999
999
999
1001
1001
998
1000
1001
1002
997
1001
1001
999
1001
999
1001
999
999
1002
1000
1000
998
1000
1003
999
1000
997
1003
998
1000
999
1003
998
999
1000
1001
1000
999
1000
1001
1001
1000
1001
0
60
1002
1001
0
1001
1001
998
1000
1001
999
1000
1000
1003
998
999
1000
1001
1000
1001
999
158
1000
1003
0
1001
1001
998
999
1000
1001
1000
464
338
999
1001
1000
1000
1000
1000
999
699
998
1001
1001
1000
1000
1000
1000
1000
1001
0
1000
141
1003
0
1001
1001
1000
1000
1002
997
1000
1001
999
1000
1003
999
998
1001
1002
998
999
1003
997
1001
1001
1000
998
1001
1001
999
999
1001
1001
1001
997
1000
1002
998
1000
1000
1002
998
1001
1002
998
999
1001
1001
998
1000
1002
29
1003
0
1004
0
1002
1000
999
998
1002
999
1001
999
1004
996
1001
1000
1000
998
1001
1001
998
1001
1000
683
1004
0
1000
1000
1001
998
1001
1000
999
1000
1001
1000
999
1000
1001
1001
998
1000
1001
999
1000
1000
1002
999
999
1000
1001
999
1001
999
1000
1000
1000
1000
999
1001
1000
1001
1000
999
1000
1000
999
1001
1000
1000
999
1002
999
1000
999
1001
1000
1000
999
1001
1000
1000
1000
1001
1003
998
998
1001
1001
999
999
1002
999
1000
999
1001
1000
999
999
1001
1000
1000
999
1001
1000
1000
999
1003
1000
999
1001
1002
999
1000
998
1000
1002
998
999
1000
1002
998
999
1001
1002
1000
997
1002
1000
1000
999
1001
1000
1000
999
1001
1000
1000
1000
999
1001
1000
1000
1001
999
1000
1000
1001
1002
998
998
1000
1000
1000
1000
1000
1000
1003
997
1000
1000
1000
1000
1000
1000
1000
1000
1001
999
1001
1000
1001
1001
999
998
1000
1000
1002
998
1003
92
990
1003
0
1001
1000
998
1001
999
1000
1000
1000
1000
178
826
510
1004
0
1002
0
1002
1001
997
1000
999
395
1004
0
998
1003
998
649
855
1005
0
1002
998
1002
1000
996
1000
1001
752
1007
0
1000
1002
997
1000
998
1003
998
498
1009
0
998
1002
1000
999
999
1001
998
1003
1001
265
1126
0
345
669
1007
0
999
998
1002
1000
1000
998
1002
1003
996
998
1003
1000
997
1000
1002
1001
999
998
443
219
223
348
1005
0
1000
1002
1000
1000
999
998
1002
98
1009
0
1001
1002
998
999
1002
1000
998
999
1001
999
1000
998
1002
999
1001
998
1000
1001
999
1000
1001
816
1008
0
997
1001
200
759
242
117
1004
0
1000
1003
1001
997
1000
1001
1000
999
1000
1001
1000
999
1002
999
1000
1000
999
1002
1000
999
999
1001
1000
999
1002
999
1002
998
1003
997
1000
1000
999
1002
999
999
1000
1002
999
999
1001
1001
624
513
1006
0
1001
999
999
1002
1002
998
999
1001
1002
997
1000
1000
1003
997
1000
998
1004
997
1000
998
1000
1001
1000
1000
1001
997
1000
1003
999
999
1000
1000
999
1000
1000
1001
1001
998
1000
1000
1002
998
1000
1001
1001
1001
998
1000
1000
1000
1001
999
998
1001
502
1001
1000
1002
0
1000
999
1002
999
1000
999
1000
1001
1002
1000
997
1002
999
1000
999
1004
998
999
1001
1001
999
999
999
1002
999
1000
1000
1000
1002
998
1001
999
1001
999
1002
1000
1001
998
1000
1002
1000
997
1002
1000
999
999
1000
1001
1000
999
1000
1001
347
1004
0
1001
1000
1002
998
1000
1000
999
1000
1001
1000
999
1002
999
1000
1260
0
1005
0
1001
1207
0
1005
0
1002
997
1003
998
1000
1002
999
998
1000
1001
1000
1001
1054
0
1006
0
999
999
1000
1000
1001
999
1000
1004
996
1004
1127
0
1004
0
1000
1002
999
999
1002
1001
997
1000
1001
1000
1000
999
1000
1000
1000
1000
1000
1000
1001
1000
1000
999
1001
1001
1000
998
1001
1000
1000
999
999
1000
1001
1001
1000
999
1000
1001
1001
999
1000
1000
998
1002
999
1002
1000
999
1001
999
1002
997
1000
1001
1000
999
1000
1002
998
1000
1000
1001
1233
0
1006
0
998
1002
999
1001
1017
0
999
1002
1000
998
1001
1001
999
1204
0
1005
0
1117
0
1005
0
999
1001
1000
1000
1000
1001
999
1000
999
1001
1000
1004
995
1001
1000
1000
999
1001
999
1001
1000
1000
999
1001
1000
1000
999
1001
1000
1001
998
1001
1000
1000
999
1001
1000
1001
999
1000
1000
1000
1000
999
1001
999
1001
999
1001
999
1001
1024
1002
1003
0
999
1001
999
1001
1004
999
996
1001
1000
1000
999
1095
0
1004
0
1001
999
1001
999
1004
998
999
1002
999
1198
0
1063
0
1005
0
1000
1097
0
891
1111
0
944
66
1005
0
999
1002
999
1001
998
1001
999
1002
998
1001
999
1001
999
1003
997
1001
1000
1000
999
1002
998
1001
999
1003
997
1001
1000
10
999
1002
998
1000
999
1001
999
247
1002
0
1001
1001
1000
1001
0
1000
1001
0
1000
1000
1000
1001
0
1002
1000
1001
0
1002
1000
1001
0
1000
1000
863
1135
999
1002
1001
0
1000
1000
1002
0
999
1000
1000
975
27
1000
870
1132
998
854
1148
998
1002
999
1000
1001
1000
999
1000
1001
1000
999
1000
1001
1000
999
1000
995
1000
998
1001
1001
1000
999
1000
1001
1000
999
1000
915
88
1000
1001
1001
1000
999
1000
1001
1000
999
1000
1001
1000
833
824
1174
999
1001
1000
1001
1000
999
1000
1001
1000
999
1000
1001
1000
999
1000
1001
968
33
1000
1002
1000
999
1000
1001
999
1000
1000
1001
1000
999
1000
1001
1000
999
1000
1001
1000
999
753
1065
999
1001
1000
1001
1000
999
1000
1001
1000
999
1000
1001
1000
999
1000
1001
1000
999
1000
1001
1000
999
1000
1001
1000
999
1000
1001
1000
958
789
1075
999
1001
1000
1000
1001
999
1000
1001
1000
999
1000
1001
1000
999
1000
1001
1000
999
1000
1001
1000
999
1000
1001
1000
999
1000
1001
1000
999
1000
1001
1000
999
1000
1001
1000
999
1000
1001
1000
999
1000
1001
1000
999
1000
1001
1000
999
1000
1001
1000
999
1000
1001
1000
999
1000
1001
1000
999
1000
1001
1000
999
1000
1001
1000
999
1000
1001
1000
999
1000
1001
1000
999
1000
1001
999
1000
957
45
999
1001
1000
1001
999
1000
1000
1001
999
1000
1000
1001
999
1000
1000
1001
999
1000
1000
1001
999
1000
1000
1001
999
1000
1000
1001
999
1000
1000
1001
999
1000
1000
1001
999
1000
1000
1001
999
1001
999
1001
999
1000
1000
1001
999
1000
1000
1001
999
1000
1000
1001
999
1000
1000
1001
999
1000
1000
1001
999
1000
1000
1001
999
1000
1000
1001
999
1000
1000
1001
999
1000
1000
1001
999
1000
1000
1001
999
1000
1000
1001
999
798
1203
998
1001
1000
1000
1001
930
998
1000
1002
999
1000
1000
931
71
1000
1001
1001
999
918
1081
999
1001
1000
1000
1001
999
1000
1000
1001
999
1000
1000
1001
999
1000
1000
1001
1000
999
1000
1001
1000
999
1000
1001
1000
999
1000
1001
1000
999
1000
1001
1000
999
1000
1001
998
1000
1000
1001
999
1000
1000
1001
938
1062
999
1001
999
1000
1000
1001
999
1000
1000
1001
999
1000
1000
1001
999
895
1105
1000
735
1265
1000
747
1253
1000
1000
1001
999
1000
1000
1001
999
1000
965
1035
1000
1000
1000
1001
999
0
0
0
171
730
652
967
2533
2493
264
2845
2805
2765
3175
3135
3095
3055
1428
1388
642
772
1371
1331
3774
3734
3694
3654
0
4302
4262
4222
4182
4142
0
0
15961
15921
15881
15841
15801
15761
15721
15681
15641
15601
15561
15521
15481
15441
15401
15361
19028
18988
18948
18908
18514
0
2408
2368
2328
14373
14333
14293
14253
14213
14173
14133
14093
14053
14013
13973
13933
13893
13853
13813
0
0
14947
14907
14867
14827
14787
14747
14707
14667
14627
14587
14547
14507
17139
17099
17059
17019
16979
16939
4370
664
2750
2710
2670
3683
3643
3603
3563
0
2684
2644
2604
19238
19198
19158
19118
19078
19038
18998
18958
18918
18878
18838
18798
18758
18718
18678
18638
18598
18558
18518
18478
2965
2925
2885
3673
3633
2321
402
5882
5842
5802
5762
5722
5682
2376
9746
9706
9666
9626
9586
9546
9506
9466
9426
9386
1972
1932
6631
6591
6551
6511
6471
6431
6391
1837
1797
4949
4909
4869
4829
4789
4287
0
10014
9974
9934
9894
9854
9814
9774
9734
9694
9654
9614
14778
14738
14698
14658
14618
14578
14538
14498
14458
14418
14378
14338
14298
14258
14218
6458
9595
9555
9515
9475
9435
9395
9355
9315
9275
9235
0
13761
13721
13681
13641
13601
13561
13521
13481
13441
13401
13361
13321
13281
13241
10605
10565
10525
10485
10445
11830
11790
11750
0
2851
2811
2771
2547
2507
2467
7784
7744
7704
7664
7624
7584
7544
7504
4818
4778
4738
4698
4658
1876
1836
0
0
19673
19633
19593
19553
19513
19473
19433
19393
19353
19313
19273
19233
19193
19153
19113
19073
19033
18993
18953
18913
8249
813
564
0
17305
17265
17225
17185
17145
17105
17065
17025
16985
16945
16905
16865
16825
16785
16745
16705
16665
16625
525
617
6683
6643
6603
6563
6523
6483
6443
1786
1746
4912
4872
4832
4792
4752
2380
285
0
14668
14628
14588
14548
14508
14468
14428
14388
14348
14308
14268
14228
14188
14148
14108
1777
676
4275
4235
4195
4155
4115
4186
4146
4106
4066
4026
5031
4991
4951
4911
4871
4831
2882
2842
2802
3383
3343
3303
3263
0
5713
5673
5633
5593
5553
5513
6821
6781
6741
6701
6661
6621
6581
3851
3811
3771
3213
3173
3133
8598
8558
8518
8478
8438
8398
8358
7029
906
841
591
4619
4579
4539
4499
4459
2098
2058
2018
1709
1669
8812
8772
8732
8692
8652
8612
8572
8532
8492
4869
4829
4789
9937
9897
9857
9817
9777
9737
9697
9657
9617
9577
11156
11116
11076
16948
16908
16868
16828
16788
16748
16708
16668
16628
16588
16548
16508
16468
16428
16388
16348
16308
20404
20364
20324
20284
20244
2139
2099
2059
16828
16788
16748
16708
16668
16628
16588
16548
16508
16468
16428
16388
16348
16308
16268
16228
16188
18165
18125
18085
18045
18005
17965
17925
8857
8817
8777
8737
8697
8657
8617
8577
4915
4875
4835
4795
4755
15033
14993
14953
14913
14873
14833
14793
14753
14713
14673
14633
14593
14553
12265
12225
12185
12145
12105
12065
12025
11985
11945
4914
4874
4834
4794
4754
5128
5088
5048
14936
14896
14856
14816
14776
14736
14696
14656
14616
14576
14536
14496
14456
14416
14376
23677
23637
23597
23557
23517
23477
23437
23397
23357
23317
27518
27478
27438
27398
27358
27318
27278
27238
24305
24265
24225
24185
24145
21158
21118
21078
21038
20998
20958
20918
30754
30714
30674
30634
30594
30554
30514
30474
30434
30394
30354
18266
2941
2901
2861
2479
0
0
0
61034
60994
60954
60914
60874
60834
60794
60754
60714
60674
60634
60594
60554
60514
60474
60434
60394
60354
60314
60274
60234
60194
60154
60114
60074
60034
59994
59954
59914
59874
59834
59794
59754
59714
59674
59634
59594
59554
59514
59474
59434
59394
59354
59314
59274
59234
59194
59154
59114
59074
59034
58994
58954
58914
58874
58834
58794
58754
58714
58674
58634
58594
24598
19411
19282
18139
11789
11459
8086
8046
5543
5503
5463
979
2373
2333
7948
7908
7868
7828
7788
7748
7708
7668
7891
7851
4808
4768
4728
4688
4648
20673
20633
20593
20553
20513
20473
20433
20393
20353
20313
20273
20233
20193
20153
20113
20073
20033
19993
19953
19913
19873
10997
10957
10917
16530
16490
16450
16410
16370
16330
16290
16250
16210
16170
16130
16090
16050
16010
0
0
66069
66029
65989
65949
65909
65869
65829
65789
65749
65709
65669
65629
65589
65549
65509
65469
65429
65389
65349
65309
65269
65229
65189
65149
65109
65069
65029
64989
64949
64909
64869
64829
64789
64749
64709
64669
64629
64589
64549
64509
64469
64429
64389
64349
64309
64269
64229
64189
64149
64109
64069
64029
63989
63949
63909
63869
63829
63789
63749
63709
63669
63629
63589
63549
63509
63469
63429
52786
56576
56577
56578
67870
67871
67872
67873
67874
67875
67876
67877
67878
67879
67880
67881
68786
69786
70786
71786
72786
73786
74786
75786
76786
77786
78786
79786
80786
81786
82786
83786
84786
85786
86786
87786
88786
89786
90786
91786
92786
93786
94786
95786
96786
97786
98786
99786
100786
101786
102786
103786
104786
105786
106786
107786
108786
109786
110786
111786
112786
113786
114786
115786
116786
117786
118786
119786
120786
121786
122786
123786
124786
125786
126786
127786
128786
129786
130786
131786
132786
133786
134786
135786
136786
137786
138786
139786
140786
141786
142786
143786
144786
145786
146786
147786
148786
149786
150786
151786
152786
153786
154786
155786
156786
157786
158786
159786
160786
161786
162786
163786
164786
165786
166786
167786
168786
169786
170786
171786
172786
173786
174786
175786
176786
177786
178786
179786
180786
181786
182786
183786
184786
185786
186786
187786
188786
189786
190786
191786
192786
193786
194786
195786
196786
197786
198786
199786
200786
201786
202786
203786
204786
205786
206786
207786
208786
209786
210786
211786
212786
213786
214786
215786
216786
217786
218786
219786
220786
221786
222786
223786
224786
225786
226786
227786
228786
229786
230786
231786
232786
233786
234786
235786
236786
237786
238786
239786
240786
241786
242786
243786
244786
245786
246786
247786
248786
249786
250786
251786
252786
253786
254786
255786
256786
257786
258786
259786
260786
261786
262786
263786
264786
265786
266786
267786
268786
269786
270786
271786
272786
273786
274786
275786
276786
277786
278786
279786
280786
281786
282786
283786
284786
285786
286786
287786
288786
289786
290786
291786
292786
293786
294786
295786
296786
297786
298786
299786
300786
301786
302786
303786
304786
305786
306786
307786
308786
309786
310786
311786
312786
313786
314786
315786
316786
317786
318786
319786
320786
321786
322786
323786
324786
325786
326786
327786
328786
329786
330786
331786
332786
333786
334786
335786
336786
337786
338786
339786
340786
341786
342786
343786
344786
345786
346786
347786
348786
349786
350786
351786
352786
353786
354786
355786
356786
357786
358786
359786
360786
361786
362786
363786
364786
365786
366786
367786
368786
369786
370786
371786
372786
373786
374786
375786
376786
377786
378786
379786
380786
381786
382786
383786
384786
385786
386786
387786
388786
389786
390786
391786
392786
393786
394786
395786
396786
397786
398786
399786
400786
401786
402786
403786
404786
405786
406786
407786
408786
409786
410786
411786
412786
413786
414786
415786
416786
417786
418786
419786
420786
421786
422786
423786
424786
425786
426786
427786
428786
429786
430786
431786
432786
433786
434786
435786
436786
437786
438786
439786
440786
441786
442786
443786
444786
445786
446786
447786
448786
449786
450786
451786
452786
453786
454786
455786
456786
457786
458786
459786
460786
461786
462786
463786
464786
465786
466786
467786
468745
469745
470745
471745
472745
473745
474745
475745
476745
477745
478745
479745
480745
481745
482745
483745
484745
485745
486745
487745
488745
489745
490745
491745
492745
493745
494745
495745
496745
497745
498745
499745
500745
501745
502745
503745
504745
505745
506745
507745
508745
509745
510745
511745
512745
513745
514745
515745
516745
517745
518745
519745
520704
521704
522704
523704
524704
525704
526704
527704
528704
529704
530704
531704
532704
533704
534704
535704
536704
537704
538704
539704
540704
541704
542704
543704
544704
545704
546704
547704
548704
549704
550704
551704
552704
553704
554704
555704
556704
557704
558704
559704
560704
561704
562704
563704
564663
565663
566663
567663
568663
569663
570663
571663
572663
573663
574663
575663
576663
577663
578663
579663
580663
581663
582663
583663
584663
585663
586663
587663
588663
589663
590663
591663
592663
593663
594663
595663
596663
597663
598663
599663
600663
601663
602663
603663
604663
605663
606663
607663
608663
609663
610663
611663
612663
613663
614663
615663
616663
617663
618663
619663
620663
621663
622663
623663
624663
625663
626663
627663
628663
629663
630663
631663
632663
633663
634663
635663
636663
637663
638663
639663
640663
641663
642253
642843
643638
644228
644818
645408
646408
647080
647875
648875
649875
641978
646123
646124
646125
646126
651818
651819
651820
651821
651822
651978
652978
653978
654978
655978
656978
657978
658978
659978
660978
661978
662978
663978
664978
665937
666896
667814
668732
669650
670609
671527
672486
673404
674322
675240
676199
677117
678035
678953
679871
680830
681748
682748
683748
