3.68924
3.52
3.68
3.52
3.84
3.04
2.72
3.68
2.24
4.16
4.32
3.84
3.2
2.88
3.68
3.84
3.2
3.46667
3.68
3.68
4
3.04
3.84
2.88
4
3.68
3.84
3.04
3.36
2.72
2.88
3.68
2.88
3.12
3.36
3.36
3.04
2.56
3.36
1.92
3.52
3.2
3.04
4.64
4.48
3.68
2.24
4.64
3.36
5.12
3.68
3.68
5.28
3.52
4.48
3.2
2.24
3.52
1.92
5.44
5.76
5.12
4.88
3.36
5.6
3.36
4.32
5.28
4.16
3.04
4.32
4.64
4.8
3.68
5.76
4.32
5.92
2.08
5.92
4.96
4.96
5.6
6.08
5.6
3.68
3.2
6.08
3.2
4.32
8.16
3.36
4
6.72
5.44
5.92
4.16
3.04
4.8
4.64
5.92
3.2
7.2
3.84
4.16
4
5.44
4.48
4.48
4.64
7.04
5.92
3.84
5.44
3.36
4.8
5.92
2.72
2.56
4
4.96
3.04
6.08
5.28
5.44
2.88
4.8
4.8
3.36
4.64
6.72
5.6
3.36
5.12
4.8
3.2
3.36
5.44
4.32
6.08
4.48
3.2
5.92
4.48
5.28
3.52
4.16
4.32
4.48
5.6
4.64
3.04
4.64
5.12
3.84
2.88
4.16
6.08
4.64
4.96
4.96
4.48
4.96
4
4.96
4.96
4.16
5.28
6.24
4.96
4
4.8
3.68
3.68
4
3.68
5.6
6.88
2.72
6.4
6.08
5.6
4.96
6.08
4.8
4.16
5.92
4.64
4.16
5.6
4.64
3.68
4.64
5.28
4.8
5.6
6.56
4
4.64
5.12
8.32
4.32
4.96
6.56
5.92
5.12
5.6
4.32
4.48
4.8
4.8
5.12
4.48
4.96
2.72
5.12
5.2
5.12
5.44
3.68
4.32
5.12
5.92
4.32
5.12
5.76
4.16
3.2
3.04
4.48
4.64
5.76
4.16
3.84
5.28
4.48
4.32
6.08
3.84
5.44
4.48
5.12
4.32
5.76
5.12
4.48
1.92
5.76
4.16
4.64
6.72
4.8
3.52
6.56
4.48
4.32
8.16
3.68
4.48
5.12
7.36
6.08
2.24
3.52
5.12
4.64
2.56
5.28
7.68
4
5.92
4.8
8.16
1.6
2.88
5.6
4.32
5.68
4.16
4.32
5.12
4.48
6.56
2.08
5.76
5.76
3.84
5.12
5.76
3.68
4.96
4.64
3.84
4.64
4.16
3.84
4.64
5.6
4
7.52
4.4
5.76
2.56
4.64
4
4.64
5.28
5.44
4.16
6.56
5.12
3.04
4.48
4.8
5.44
7.04
3.36
4.48
6.72
4.16
6.56
3.84
4
4
3.36
6.56
5.36
6.4
3.84
4
5.76
4.96
5.28
5.28
3.52
4.48
5.12
4.64
3.84
4.16
4.48
5.92
4.96
6.08
5.12
5.92
4
5.6
5.12
6.08
3.52
5.28
6.56
5.44
4.16
4.64
6.88
5.12
2.88
5.12
4.32
5.44
6.56
4.8
4.16
5.28
6.56
5.28
4.64
4.96
6.24
4.32
3.84
5.44
4.16
4.32
4
4.48
2.88
4.96
6.56
3.04
6.56
5.76
5.6
6.88
5.12
5.6
4.64
6.4
3.68
4.32
6.24
3.68
5.76
3.36
5.44
3.52
4.64
4.64
6.24
5.28
4.8
6.88
5.12
4.16
6.24
4.48
4.32
4.48
3.68
4
5.6
3.52
3.52
5.92
4
3.52
7.36
3.36
7.68
3.36
7.52
4.8
3.84
5.28
4.64
4.48
3.52
4.48
4.96
4.16
5.28
4.64
4.96
5.76
2.4
4.64
5.12
5.12
3.84
6.4
5.12
3.04
4.16
4.64
4.48
4.32
4.64
4.48
3.68
6.72
4.16
5.76
4.16
4.48
2.88
3.84
6.24
4.8
4.8
3.68
3.84
5.28
2.72
3.68
6.08
4.16
5.6
6.24
5.92
5.92
4.16
6.24
4.8
3.84
4.32
6.72
3.36
3.36
6.24
6.08
3.52
3.2
3.84
4.64
4.48
4.32
3.36
3.68
5.44
6.08
4.96
6.4
5.6
3.68
6.08
4.64
4.64
7.2
4.32
4
4.32
4.32
5.6
5.76
4
3.84
3.36
5.28
4.96
6.4
3.36
4.48
2.56
3.52
6.08
4.96
4.16
4.32
3.84
3.36
3.52
3.68
5.92
7.2
5.28
7.04
5.92
5.76
3.68
6.56
4.64
5.92
3.36
5.12
3.84
6.88
6.08
6.24
4.96
6.08
6.4
4
5.44
5.92
4.8
6.08
5.44
5.92
5.44
5.28
3.68
3.84
4.64
5.44
5.76
4.96
7.36
6.08
5.28
9.92
6.4
7.04
6.24
3.52
8.16
6.08
4.8
4.64
4.8
4.64
5.28
3.2
4.48
4.64
4.64
5.92
3.52
6.4
4.96
3.52
4.8
6.08
4.8
4.16
5.6
4.32
4.16
5.92
4.96
4.48
2.72
5.76
4.48
4.64
4.64
5.12
4.32
4.32
4.8
5.12
4.8
4.64
4.8
4
5.6
4.96
5.44
5.44
5.6
4.96
3.2
4.96
4.64
5.28
4.32
4.96
5.44
4
5.28
6.72
4.16
6.72
4
4.64
7.2
5.44
5.92
5.12
4.48
4.32
5.28
3.68
4.96
4.48
4.96
5.12
4.32
3.84
5.28
4.16
4.64
4.8
6.24
4
3.68
4.64
4
6.88
3.52
4.8
5.44
4.64
5.44
3.84
3.84
4
4
3.84
4.48
4.64
5.76
4.48
5.28
5.44
4.96
6.24
6.08
5.28
2.88
6.88
6.08
7.36
5.44
5.28
3.52
5.76
5.12
4.16
5.28
5.6
4.48
5.6
5.6
6.24
6.4
3.68
3.68
4.16
2.24
5.28
5.76
3.36
5.28
4
6.24
5.12
6.88
7.2
4.64
4.96
5.92
7.84
4.64
6.56
7.04
3.04
8.16
3.84
6.08
4.48
6.56
3.84
7.36
5.92
5.12
6.24
5.12
6.88
4.16
4.32
7.04
5.28
4.8
7.68
5.92
6.88
5.76
3.36
7.04
6.4
5.76
4
4.8
6.4
6.88
5.76
6.72
6.56
6.4
4.96
4.64
5.12
4.16
8.48
5.92
7.84
4.48
6.24
5.76
6.88
8
6.4
6.24
5.44
5.92
6.24
7.36
6.72
4.96
4.8
5.92
7.52
5.76
7.36
6.08
5.28
1.76
8.64
8.16
5.28
8.8
6.08
5.92
5.92
9.92
5.6
9.76
6.72
5.92
7.2
7.52
6.24
6.24
7.52
7.84
3.68
7.84
8.32
6.88
7.2
8.8
9.6
8.48
8.16
8.8
6.56
5.92
6.56
6.88
6.4
8.16
9.6
10.08
8
8.8
5.92
9.12
8
7.36
7.84
6.56
8.8
7.36
8.32
6.4
7.2
6.24
7.36
9.12
8.32
8.32
5.6
4.96
9.44
3.52
11.36
8.96
5.92
9.6
9.76
5.92
12.64
10.72
8.96
6.72
8.96
10.56
9.92
9.44
11.36
10.72
9.44
7.04
9.44
6.56
9.92
8.8
9.92
8.16
9.12
9.92
10.4
8.16
9.92
10.24
10.4
10.24
9.76
11.84
7.84
9.12
8.8
9.28
6.24
8.96
8.48
9.92
8.64
9.92
11.68
10.24
8.8
8.64
9.12
11.2
7.52
7.36
5.92
11.04
9.92
8.8
11.04
6.56
6.88
11.2
10.56
10.4
11.04
7.2
9.92
9.28
10.24
9.44
11.2
10.4
8.64
9.6
8.32
7.68
11.36
10.72
9.12
4.64
11.52
11.2
9.76
11.84
12
11.36
7.84
8.8
8.64
8
10.4
7.52
9.12
10.4
9.44
9.44
11.68
11.2
10.08
6.56
11.36
10.24
10.08
9.6
13.12
8.96
8.64
9.6
8
9.92
11.04
10.72
10.88
11.68
10.24
11.84
9.76
10.88
6.4
11.84
11.68
10.08
10.88
10.08
9.12
8.48
10.4
9.92
10.4
9.76
8.96
10.08
10.72
10.88
10.88
10.72
12
10.56
6.72
12.32
11.68
10.4
11.2
10.4
9.92
11.52
9.76
11.36
10.24
9.76
10.08
11.04
10.24
10.24
9.92
12.8
10.56
6.08
9.6
6.72
6.08
8.96
9.44
8.48
4
9.76
7.52
7.2
7.84
8.96
7.52
8.64
8.8
7.04
10.08
9.12
8.64
6.72
8.32
8.48
9.92
6.72
6.88
8.48
8.64
7.52
6.24
7.2
7.04
7.68
10.4
7.52
8.16
6.56
7.84
8.96
4.8
9.12
9.28
7.52
9.12
8.48
9.6
10.08
12.48
9.12
10.72
8.64
10.4
10.08
10.08
9.44
8.64
10.72
8
8.96
4.8
10.24
6.56
6.88
9.12
10.08
8.96
8.64
8
7.2
5.92
9.76
7.52
11.04
7.68
7.04
7.84
12.48
8.48
6.88
10.72
9.92
7.2
7.2
8
5.6
13.28
9.44
8.64
5.28
9.28
10.56
8.96
9.12
9.12
8.8
11.84
9.44
8.96
3.36
7.52
8.16
8.48
9.6
7.2
10.4
9.92
7.04
7.84
6.24
7.84
7.68
8.16
8.96
6.56
7.04
8.96
8
4.64
8.16
10.4
5.44
6.24
9.92
9.28
6.16
8.64
9.6
9.12
8.16
9.28
7.36
9.44
6.88
6.88
8.8
6.4
5.44
8.8
8.64
7.84
9.12
8.96
8.96
8.16
9.28
9.6
8.96
8.64
8.64
6.88
10.72
5.92
8.64
7.68
9.12
3.36
7.68
7.52
5.92
7.68
7.52
8
6.88
6.72
6.08
6.08
6.88
6.56
6.56
5.92
6.88
4.16
4.32
7.52
4.64
4.48
6.4
6.72
6.56
7.84
5.76
6.88
4.16
6.72
5.6
4.16
4.8
7.36
4
4.32
4
5.92
8.16
5.92
3.52
7.84
4.8
5.6
6.24
5.12
4
5.76
4.64
4.16
5.12
4.48
5.44
4.8
6.56
7.04
5.76
5.6
4.64
5.12
3.36
5.76
7.84
5.28
7.84
4.16
5.6
6.72
7.52
5.76
5.44
5.44
4.16
8.48
6.88
4.64
6.24
4.48
4.8
3.68
6.56
6.56
7.52
6.72
5.92
7.84
7.68
7.04
5.12
6.88
6.56
6.4
5.6
6.4
6.72
6.56
6.72
7.68
8.96
4.8
6.88
6.4
7.52
7.04
6.88
7.2
7.68
7.52
7.36
6.72
7.36
6.56
6.56
9.28
5.12
5.76
5.28
6.72
4.64
6.56
5.76
7.52
7.04
6.24
6.56
7.2
6.88
7.04
8.8
6.56
7.84
6.24
7.2
7.68
6.88
7.04
6.24
4.96
4.48
7.84
5.28
6.08
6.4
6.72
7.68
5.76
8.16
7.36
7.36
6.24
6.56
6.08
6.72
6.08
7.36
5.92
6.88
5.28
7.2
6.4
6.56
7.68
7.52
8.32
7.04
8.64
9.12
7.68
9.28
8.16
7.68
8
7.36
6.56
8.16
8.8
7.04
3.68
5.6
4.96
5.76
5.76
8.48
8
6.88
7.52
7.2
6.56
5.6
5.76
6.08
5.12
6.56
6.88
5.92
4.32
4.16
6.08
6.24
5.92
6.4
6.4
5.28
6.72
4.8
5.44
5.12
5.28
7.04
6.24
5.76
5.76
6.88
5.44
5.12
6.88
4.8
7.84
5.92
5.76
6.72
5.28
5.44
5.6
5.92
7.04
5.28
5.92
6.56
5.6
6.72
6.56
6.56
6.88
7.04
4.8
8.48
6.24
6.08
6.56
5.92
7.68
6.72
6.88
8
6.4
6.4
6.56
7.84
6.4
6.4
6.24
6.72
7.68
7.84
5.44
8.32
9.12
4.96
5.6
6.56
5.6
5.76
5.76
6.08
6.4
6.88
7.04
5.76
6.56
6.08
6.56
7.36
5.76
4.48
7.52
6.56
6.72
5.12
6.08
7.04
6.72
5.76
6.4
5.28
5.92
5.76
5.44
5.92
6.4
6.72
6.24
6.4
5.28
4.64
7.2
5.12
5.28
5.12
4.48
4.48
4.32
7.36
4.96
5.6
6.56
5.28
4.96
5.44
7.68
5.12
4.16
5.6
3.68
6.24
4.96
5.92
5.76
4.96
7.2
4.96
7.68
5.12
5.76
7.2
5.12
6.56
6.24
7.68
8.48
4.8
4.64
5.76
4.32
6.08
4.8
5.44
5.28
5.44
7.2
5.44
4.96
8
6.24
6.88
5.28
8.32
6.24
7.04
6.4
7.04
6.56
4.96
7.04
6.4
8.16
8.48
7.52
7.52
6.56
7.36
6.72
9.44
6.72
7.04
7.52
7.04
7.68
6.72
7.04
7.36
7.36
5.44
6.72
7.52
8.16
7.68
7.84
7.2
6.88
6.88
8
6.24
8
6.56
8.64
9.76
7.2
6.88
7.52
6.4
6.08
8.96
8.64
7.68
7.04
7.36
6.88
6.08
6.72
6.88
8.48
7.52
6.88
7.2
7.84
7.68
6.56
7.52
9.44
6.72
5.44
5.92
9.28
6.88
8
6.72
6.4
7.68
6.4
7.68
9.12
5.76
7.2
5.12
6.72
7.04
7.68
7.84
7.04
2.24
7.36
10.88
7.2
7.04
6.72
6.72
6.24
7.68
9.28
8.8
9.44
6.72
6.88
6.56
8.16
7.36
7.2
8.32
7.84
4.32
8.16
8.16
8.64
8.96
9.76
7.36
9.44
7.2
8.16
8.8
7.68
8
6.72
8.32
9.12
7.84
8.16
8.8
4.96
6.88
6.4
7.68
8
9.12
7.52
6.88
8.16
7.84
7.36
6.4
7.84
7.84
7.52
7.36
8.16
7.68
8
8
5.92
8.48
8.16
9.44
8.8
8.64
9.6
7.36
7.36
7.52
8
8
7.2
7.36
7.84
8.64
7.36
8
7.04
5.12
8.64
8.96
9.44
8.48
7.84
9.6
8.16
10.08
7.36
8.32
10.08
8.48
7.68
8.8
10.56
8.48
7.84
8.48
7.04
5.6
8.64
9.44
8.16
10.72
8.32
8.32
10.72
8.16
9.6
8.32
8.48
8.16
8.96
10.88
10.24
8.64
8.48
8.16
5.6
10.72
9.12
9.92
8.16
9.6
6.88
8
10.08
9.12
7.68
7.2
9.76
10.4
9.44
7.36
9.28
8.32
9.12
9.76
5.6
8.64
9.6
9.6
7.36
9.44
7.84
8.32
8.64
9.28
7.52
6.72
7.2
7.2
8.16
8.16
9.6
10.08
6.56
6.4
8.64
7.52
6.72
7.84
8.48
7.36
6.88
6.72
6.4
7.36
7.52
7.84
10.4
7.84
7.36
8.32
8
8
8.96
6.4
7.68
8.32
8.48
8.8
8.8
7.36
8.96
9.28
10.88
10.72
8.8
9.12
8.96
8.64
9.28
8
9.76
8.64
4.96
10.56
10.56
8.96
11.2
10.88
9.12
10.08
8.96
10.72
8.96
9.76
11.84
11.36
10.4
12
8.8
10.4
10.4
10.24
8.48
11.52
11.2
13.6
9.44
12.48
11.84
11.2
9.92
9.44
9.92
11.2
9.6
8.64
10.4
9.76
10.08
11.52
9.92
6.4
11.84
8.96
10.08
9.76
10.56
8.48
8.96
8.32
8.32
8.64
11.2
10.08
8.16
8.64
10.56
11.52
9.44
11.04
9.92
6.88
9.92
11.36
11.52
10.56
12.64
11.36
11.84
11.36
12
11.52
10.72
10.88
12
11.36
8.8
10.72
9.6
9.92
6.72
10.24
10.24
11.52
10.24
10.08
11.04
9.76
11.04
8.48
10.24
8.8
10.88
10.88
9.44
9.44
8.32
8.48
8.96
9.44
6.24
9.92
10.24
8.48
10.88
9.28
8.32
8.48
8.96
9.6
11.04
8
8.96
8.16
8.64
10.88
9.28
10.56
7.84
5.92
8.64
9.76
10.56
9.92
10.08
9.92
9.76
9.76
8.48
9.28
9.44
9.6
10.08
8.16
8.48
9.44
8.64
8.96
9.44
6.24
9.6
10.56
9.6
10.72
9.76
11.36
10.24
10.4
10.72
10.72
9.92
12.48
9.92
9.76
10.08
9.76
10.08
8.96
7.36
10.08
11.68
10.88
9.12
7.36
8.8
8.32
9.44
8.64
8.64
8.8
7.52
8.8
8.16
9.28
9.6
9.44
8.48
8.64
6.24
9.92
9.28
6.88
8.96
8.16
9.44
8
9.76
9.28
7.68
9.92
8.8
8
8.48
8.48
7.68
6.88
7.2
5.76
8.96
7.52
6.08
8
9.12
7.84
8.32
7.84
8.16
8.32
7.84
8
8.8
6.88
7.36
8.16
7.84
8.64
6.72
5.44
9.6
7.2
7.36
8.48
8
8
8.32
8.64
7.84
8.16
7.36
8.96
6.72
8.8
8.32
6.72
8.16
9.28
5.28
8.64
7.84
7.84
8.16
10.08
9.44
7.2
7.52
7.84
8.48
7.36
6.72
9.44
8
7.36
8.32
8
8.96
9.76
7.04
7.84
8.96
8.32
8.16
8.48
7.04
8.8
8.16
8.8
8.48
8
7.68
8.16
9.44
8.96
10.24
6.72
9.92
6.72
9.92
11.2
6.4
8.32
10.4
7.2
9.44
7.04
7.52
8.64
8.96
7.2
9.92
9.12
7.84
9.28
7.68
6.72
6.88
6.08
8.48
6.56
8.48
7.68
8.32
8.64
8.64
7.36
7.84
8.16
8.16
9.28
7.84
8.8
8
6.56
7.68
8.32
5.6
9.12
7.68
7.2
7.36
8.96
7.68
8.48
7.2
7.04
7.68
7.04
8
7.36
7.84
7.84
7.04
8.16
7.84
7.68
5.28
9.12
7.68
7.52
8.32
7.84
8
7.52
7.2
8.48
7.68
8.16
7.2
7.52
8.16
7.36
8.96
7.68
8.32
6.08
8.8
7.52
8.8
8.32
7.36
8
7.36
8
7.84
7.84
7.68
8.64
7.36
8.48
7.36
8
7.52
7.68
8.32
6.4
9.28
7.68
8.64
6.4
7.52
7.68
8.16
8
9.28
6.72
8.16
8
7.68
6.88
6.08
6.24
8.8
5.44
4.48
7.68
8.64
6.08
6.56
6.4
7.52
6.24
7.52
6.88
7.68
6.56
7.2
6.88
6.88
6.88
7.36
6.24
6.88
7.2
5.12
7.52
6.88
6.72
7.2
6.56
6.4
6.88
6.4
7.52
6.56
7.2
6.72
6.72
7.04
6.56
7.36
7.04
6.72
4.64
7.84
7.2
7.36
6.72
6.56
6.88
6.56
7.36
6.56
6.56
6.88
7.36
6.56
7.68
6.72
6.56
6.88
5.92
7.2
5.6
7.04
6.88
6.08
6.72
7.84
5.92
7.36
6.08
7.36
6.88
6.88
6.88
6.88
7.2
6.24
7.36
6.4
6.88
5.12
8.16
5.92
7.04
6.24
7.84
6.56
8.8
4.64
6.08
7.52
6.4
6.72
7.04
6.88
6.88
7.2
7.04
7.52
6.4
5.6
6.88
7.52
7.52
7.04
6.88
6.56
7.04
6.72
6.56
7.52
6.56
7.36
7.2
7.36
6.08
6.88
6.72
6.72
4.96
9.12
6.88
6.88
6.24
7.2
6.88
7.04
6.24
6.56
6.24
7.84
6.24
6.24
7.04
5.44
5.28
5.6
5.92
6.56
4.48
5.28
6.08
4.48
5.12
4.32
4.8
4.16
4.64
4.32
4.64
4.32
4.48
4.32
4.16
4.64
4.32
4.16
4.48
3.68
5.12
4.16
4.32
4.16
4
3.84
4.96
3.36
4.64
4.48
3.2
2.88
2.56
2.88
3.36
3.36
3.04
2.56
2.72
2.72
3.2
3.2
4.16
1.6
3.36
4
2.4
3.36
3.04
2.72
3.52
3.52
3.04
3.04
3.04
2.88
2.72
2.88
2.56
3.52
2.88
2.88
3.2
3.36
2.56
3.36
3.52
3.2
3.04
2.56
3.2
3.04
2.88
3.52
3.04
3.04
2.72
3.36
2.72
2.72
2.88
3.2
3.04
2.88
2.72
3.36
3.36
2.72
3.04
3.68
3.36
1.92
3.2
3.04
2.56
2.88
2.72
2.24
3.52
3.2
2.88
3.04
2.56
2.56
3.52
2.88
3.2
3.36
3.2
2.88
3.2
3.68
2.56
2.88
2.72
2.88
3.04
2.88
2.88
3.04
3.36
3.2
3.04
3.04
3.04
3.2
4
3.36
2.88
3.2
3.36
2.88
2.88
3.52
2.88
2.88
2.56
3.04
2.88
2.72
2.72
3.2
3.2
3.2
3.04
3.04
3.36
3.04
2.88
2.88
2.88
2.88
3.2
2.88
3.04
3.36
2.88
3.36
2.56
2.88
2.88
3.04
3.68
2.4
2.88
3.36
2.72
3.36
3.2
2.72
3.04
3.2
3.04
3.04
2.88
2.88
3.52
2.72
3.04
2.56
2.88
2.88
2.72
2.88
3.04
2.88
3.52
3.04
2.88
3.2
2.56
3.36
3.04
3.2
3.04
2.88
2.72
2.72
2.88
3.04
3.2
3.04
3.36
3.04
2.72
2.72
3.36
3.04
2.72
3.36
3.36
2.88
2.72
2.72
2.24
3.68
3.52
3.36
3.68
2.72
3.2
3.2
3.04
2.88
3.36
2.72
3.36
2.72
2.88
3.36
2.88
3.04
3.68
3.04
2.56
3.2
2.88
3.36
3.36
3.36
3.2
2.72
2.72
3.04
3.2
2.88
2.72
2.88
3.2
3.2
3.2
3.04
2.72
2.24
3.2
2.56
2.72
3.04
3.68
3.36
3.52
2.72
3.36
2.88
3.2
3.2
3.52
2.88
3.2
3.36
3.2
3.2
2.88
2.72
2.88
3.2
3.04
3.52
3.36
2.88
2.88
2.56
2.88
2.56
3.2
2.88
2.88
3.2
2.88
2.88
3.68
3.36
3.04
3.04
3.04
3.36
2.56
3.84
2.88
2.88
3.2
2.72
3.04
2.56
2.88
3.04
3.36
3.04
3.04
2.72
3.2
2.88
2.88
3.04
2.56
2.72
3.04
3.04
3.2
2.88
2.88
2.88
3.68
3.04
2.72
2.88
2.88
2.56
3.04
3.2
2.88
2.08
3.84
3.52
3.36
2.88
3.04
4.48
1.44
2.72
3.04
3.2
3.04
3.36
3.04
2.88
2.56
2.88
3.04
3.52
3.36
2.72
3.2
3.04
2.72
3.2
3.36
2.88
3.36
2.88
3.2
3.04
2.56
2.72
3.04
3.04
2.88
2.56
2.56
2.88
2.08
3.52
2.72
2.72
2.88
2.88
2.88
2.88
3.04
2.88
2.72
3.2
3.2
2.88
3.04
3.2
2.88
3.2
3.36
3.04
3.2
2.88
2.88
3.2
3.2
1.44
1.6
2.08
1.76
1.76
2.08
1.76
1.44
1.76
1.6
1.76
1.44
1.92
1.92
1.44
1.28
1.44
1.6
2.08
1.92
1.76
1.92
1.76
2.08
1.92
1.6
2.4
1.28
1.92
2.4
0.8
1.6
2.4
1.6
1.44
1.6
2.24
2.08
2.08
1.92
2.08
1.76
1.76
1.92
2.08
1.76
1.76
1.92
1.6
1.44
13.12
12.16
12.32
7.2
11.84
9.92
11.04
12.16
9.28
11.04
10.88
12.48
10.56
15.2
12
17.6
17.76
15.04
17.6
14.72
13.12
14.08
13.92
6.88
14.56
9.12
14.72
11.36
11.52
8.48
11.04
8.8
5.44
8.8
11.68
11.04
11.68
11.52
13.28
12.64
11.36
7.68
15.2
15.04
13.6
16.32
17.44
15.68
17.6
16.64
14.56
14.88
16
12.64
14.96
16.64
18.24
18.56
18.4
9.12
18.72
17.68
18.4
16.32
13.76
14.08
15.68
12
14.72
11.84
6.24
15.36
9.76
17.12
11.04
15.04
19.2
8.16
16.8
15.2
14.4
12.8
12.96
13.92
13.44
16.64
14.08
14.72
15.04
12.16
5.12
10.08
6.48
7.36
6.24
5.28
5.28
9.76
12.16
15.36
7.52
11.2
10.88
11.84
17.6
16
16.8
17.76
16.64
15.2
15.04
14.4
12.4533
10.88
12.32
13.6
16
11.84
10.24
12.8
12.8
13.92
12.64
12.48
11.36
11.36
13.28
18.72
9.44
18.24
18.56
19.2
18.24
19.04
18.16
16.8
18.88
16.32
16.8
16.8
17.12
17.44
17.92
14.24
14.24
16.16
8.8
15.68
17.76
17.28
17.92
16.96
18.56
17.28
18.4
18.56
15.36
16.48
13.44
14.08
14.56
11.84
14.08
9.92
8.64
9.6
4.8
16.96
16.8
13.76
15.2
15.2
14.88
16.8
12.32
17.12
13.92
17.6
16.32
18.88
19.04
16.8
12.96
11.04
13.28
7.84
13.44
17.12
18.56
16.32
16.16
15.84
14.56
12.32
14.72
17.92
17.92
18.08
18.08
18.56
17.6
17.28
18.56
16.48
16.16
8.8
17.92
15.84
12.8
15.04
14.88
16.8
18.56
18.56
17.6
16.96
13.76
13.92
14.72
18.24
18.4
18.4
18.08
17.12
7.84
15.04
16.48
17.28
17.44
17.6
17.92
17.6
18.88
19.2
19.2
19.04
19.2
19.04
13.12
8
16
18.08
17.92
17.92
5.28
13.44
17.92
15.68
18.08
17.76
15.84
15.04
8.8
15.2
15.68
18.08
15.04
10.72
17.12
17.28
15.36
10.4
7.52
4.96
17.44
17.6
18.4
17.92
18.24
18.56
17.28
19.04
17.6
17.28
17.28
18.56
16.64
17.28
18.4
16.96
18.24
13.76
14.4
6.56
11.2
17.28
16.96
18.72
17.92
17.12
18.08
17.12
18.24
17.28
16.32
18.56
15.36
18.08
17.44
9.92
13.44
18.4
8.16
18.72
17.28
17.92
17.28
11.36
9.92
15.68
18.56
18.08
18.4
17.44
17.92
15.36
11.84
10.56
12.8
18.08
17.6
18.56
9.12
16.48
16.64
18.08
16.96
16.96
18.24
18.4
16.64
18.56
17.28
12.32
7.36
8.96
8.16
8.16
11.52
16.96
14.08
5.44
10.08
13.6
15.52
14.4
15.68
10.24
10.24
10.72
11.84
13.44
9.92
10.08
9.28
8
11.36
8
7.2
9.12
7.04
3.52
7.68
10.08
8.8
7.68
6.72
8
8
8
10.08
8
8.8
10.24
11.2
9.28
14.72
11.84
10.56
11.36
5.28
7.52
6.24
6.72
7.52
8.16
7.84
7.84
7.2
7.52
8.48
8
9.6
11.2
12.8
13.92
13.44
11.68
10.72
11.04
5.12
8.8
8
7.68
8.8
8.32
8.48
9.6
11.68
13.44
14.4
14.88
14.56
13.92
12.32
8.48
7.84
6.56
8
4.48
9.92
7.52
7.68
8.8
11.52
8.32
12.8
13.92
9.44
12.32
14.4
11.04
16.96
14.08
8.32
8
8
7.36
7.2
4.64
6.56
12.64
12.64
11.84
9.12
11.68
13.44
10.24
16.64
18.88
18.72
14.4
18.56
16.96
14.24
13.6
17.76
17.44
9.6
18.72
18.4
17.28
14.72
16
15.04
15.04
15.04
16.48
14.56
13.6
9.92
11.52
14.88
15.36
13.44
14.72
16.48
16.96
8
14.88
16.64
15.2
15.36
13.6
15.2
18.72
19.2
19.2
18.88
13.92
12.64
18.88
19.04
15.84
18.08
8.96
8.32
8.32
15.52
19.2
18.72
18.88
17.76
18.88
18.56
18.72
14.88
18.56
13.12
15.52
16.96
14.24
17.12
15.36
13.28
15.68
16.32
8
17.76
18.24
16
11.52
12
12.48
14.72
11.36
16.8
18.4
18.08
17.6
16.8
15.36
15.36
14.88
16
10.4
4.64
12
12.96
11.68
14.4
16.32
18.4
17.76
19.2
19.2
18.72
18.56
10.88
8.96
17.12
15.68
15.84
16.64
15.36
10.88
4.8
16
8.32
7.52
8.8
6.88
7.52
10.4
13.12
6.88
6.4
14.72
8.48
12.32
10.08
10.72
10.88
12.48
10.88
9.44
17.6
16.64
14.24
14.4
14.56
17.76
19.2
18.24
15.36
8.96
11.2
11.2
10.72
10.08
13.6
12
10.88
9.44
12
5.92
13.12
12
9.92
12.8
12.32
16.48
18.56
18.08
18.72
18.88
18.88
19.2
18.72
18.4
19.2
19.04
19.04
19.2
9.6
18.08
18.24
16.96
16
11.52
12.32
14.08
14.56
16.32
15.84
14.4
8.8
9.28
12.8
10.72
9.12
8.64
8.8
16.16
6.4
11.04
11.84
8.96
8.64
10.4
7.04
10.88
6.56
12.64
16.16
17.76
18.72
18.88
14.88
16.16
16.8
15.84
18.24
8.48
16.8
16.16
19.04
19.04
17.12
19.2
19.04
18.4
18.88
17.92
18.72
18.72
17.44
17.12
16.16
16.16
17.6
17.6
15.52
9.28
18.72
17.28
17.44
15.04
15.04
15.04
14.56
14.56
17.28
17.28
14.88
17.6
18.4
16.48
18.24
9.12
8.48
8.48
4.16
7.68
12.64
15.3115
9.80369
11.01
10
11.84
11.808
10.2578
11.445
9.824
10.72
10.4
9.28
9.28
11.52
9.84
13.76
11.3067
10.4
9.76
8.21333
8.16
9.2
8.64
7.73333
11.28
10.4
12.64
10.88
11.28
10.08
12.24
9.76
10.08
9.12
8.32
9.44
8.21333
8.8
7.84
9.84
9.76
11.12
10.72
8.8
10.72
10.72
9.76
11.36
12.48
8
8.32
8.32
4.64
7.84
8.64
7.68
9.92
7.84
6.72
5.12
8.08
7.2
10.56
8.48
7.36
10.16
9.76
10.24
6.08
11.2
8.48
5.6
7.84
7.2
7.12
8.64
6.48
6.24
6.4
6.08
8.32
7.68
8.8
7.68
5.6
8.32
4.16
10.24
9.36
8.8
8.64
8.32
6.56
10
9.6
9.92
5.76
8.64
6.08
6.24
5.12
7.2
9.76
7.04
7.04
7.36
7.68
6.88
4.32
7.2
5.6
5.44
3.52
4.64
5.28
4
4.16
3.84
3.52
1.92
2.4
2.72
6.4
5.76
5.92
5.92
4.69333
5.36
2.88
3.2
4.16
3.84
3.68
4
3.04
2.24
2.08
2.24
2.4
3.2
3.2
2.72
2.4
2.72
3.2
2.24
2.88
2.56
2.72
2.4
2.56
3.04
2.08
2.24
2.88
2.24
2.24
0.96
1.76
0.48
0.96
1.6
1.76
2.4
3.36
2.72
2.72
3.36
3.2
2.08
2.88
1.44
1.12
1.28
1.92
2.4
1.92
2.4
2.24
2.08
2.24
1.12
1.44
1.76
1.92
2.88
2.4
2.88
3.52
3.04
2.4
2.61333
2.88
2.08
3.04
3.04
2.08
2.72
2.08
1.12
1.76
2.24
2.08
2.72
5.12
11.68
5.44
12.16
5.76
8.48
6.72
8.8
2.88
2.56
9.76
14.24
13.92
13.6
12.32
15.2
15.36
14.24
15.2
16.32
2.16
0.16
1.28
0.64
0.96
2.88
2.24
1.92
2.4
2.72
4
2.56
3.04
2.24
4
2.08
2.72
1.44
2.72
2.24
3.68
2.56
1.44
1.92
0
0.8
0.96
1.6
0.32
1.28
1.28
1.92
1.12
0.8
0.96
1.28
1.6
1.12
0.48
0.96
1.44
1.12
0.96
2.08
1.6
0.64
0.96
1.28
0.8
1.44
0.8
1.44
0.8
0.8
1.12
1.76
0.96
0.96
1.92
1.28
1.28
0.8
0.8
1.44
0.8
1.6
1.6
0.64
1.12
1.28
0.96
1.28
0.64
1.12
1.12
0.8
1.28
0.64
1.28
0.48
0.48
0.8
0.96
1.28
0.64
0.96
0.64
1.44
0.64
0.96
0.96
0.64
1.28
1.12
1.12
1.28
1.28
0.64
0.8
0.48
0.8
0.16
0.32
0.96
0.48
0.64
0.48
0.48
0.32
0.16
0.32
0.64
0.64
0.4
0.32
0.16
0.72
0.64
0.24
0.32
0.48
0.48
0.48
0.64
0.64
0.32
0.48
0.48
0.32
0.32
0.48
0
0.16
0.96
0.48
0.48
0.32
0.746667
0.32
0.48
0
0.32
0.8
0.48
0.16
0.32
0.96
0.16
0.16
0.32
0.64
0.32
0.48
0.48
0.32
0.16
0.32
0.32
0.64
0
0.48
0.64
0.32
0.48
0.32
0
0.56
0.48
0.32
0.16
0.64
0.64
0.32
0.64
0.8
0.746667
0.96
0.32
0.64
0.32
0.32
0.48
0.32
0.16
0.8
0.48
0.48
0.48
0.8
0.64
0.64
0.96
0.32
0.32
1.12
0.64
0.16
0.64
0.4
0.16
0.48
0.48
0.64
0.48
0.32
0.32
0.64
0.64
0.64
0
0.16
0.8
0.48
0.4
0.48
0.32
0.48
0.16
0.64
0.48
1.12
0.48
0.64
0.24
0.64
0.8
0.48
0.16
0.32
0.32
0.48
0.16
0.64
0.32
0.96
0.72
0.64
0.4
0.96
0.16
0.48
0.64
0.8
0.48
0.64
0.56
0.48
0.64
0.48
0.32
0.32
0.8
0.32
0.32
0.8
0.32
0.48
0.64
0.48
0.48
0.32
1.12
0.88
0.64
0.48
1.28
0.16
0.32
0.64
0.64
0.48
0.32
0.32
0.32
0.48
0.64
0.48
0.32
0.32
0
0.48
0.48
0.48
0.24
0.16
0.48
0.48
0.32
0.64
0.16
0.64
0.64
0.32
0.8
0.48
0.32
0.32
0.8
0.64
0
0.32
0.64
0.8
0.96
0.32
