0
46000
0
2002
0
998
0
1001
0
0
0
0
0
0
1000
0
0
1003
0
0
999
0
0
0
955
1042
0
0
1000
0
1002
1000
0
0
0
0
998
0
1005
0
0
0
0
0
0
472
531
0
0
0
0
0
993
0
1004
1996
0
555
445
0
666
0
1335
0
0
0
998
0
0
1003
0
291
1003
999
0
999
1004
998
999
1000
1003
0
1000
999
999
785
1004
1996
1000
0
1000
1004
1003
993
593
408
2000
999
1000
1000
2002
998
0
1000
1006
0
2994
1000
0
1000
680
325
1004
0
1001
1001
1995
0
1001
0
1000
1002
1001
1000
998
652
1000
1001
1002
1001
1002
0
998
865
995
1000
1003
999
1000
1000
1002
0
1878
121
1000
947
59
995
1003
1996
1000
1003
0
1000
1603
1395
0
1001
0
1000
1001
1006
994
1004
996
2000
291
95
906
1000
177
1003
0
999
999
273
1001
0
1001
84
1003
0
998
152
138
998
13
1003
998
999
1001
2000
564
201
1237
0
1002
0
906
1004
0
1000
134
1
1000
1002
1001
0
1001
1000
1001
2997
0
1
179
2004
0
404
507
1222
475
1002
0
1000
1000
999
1000
1000
1000
1003
418
996
1004
0
1003
1252
426
1002
0
1003
1000
998
1001
0
2001
0
1001
0
1005
997
998
622
995
1003
312
720
735
882
121
999
1000
999
1001
1005
228
769
1001
0
2001
0
1002
1002
0
997
1003
1003
999
1000
996
1002
999
3000
0
0
1000
1002
0
1003
996
610
1
1016
1005
0
2008
0
63
205
807
1002
1000
0
19
1084
1090
1000
1001
703
300
419
959
1116
0
1008
0
703
981
1011
997
998
999
1002
999
1000
999
1005
996
1053
0
1008
0
1000
574
736
1007
0
295
987
1005
1002
999
999
1000
1000
1001
999
1000
1000
1000
999
449
1004
0
1003
1097
1000
1005
0
1124
0
34
1007
0
999
1149
0
1
1041
0
999
1005
1001
1000
1001
998
1000
14
1001
1113
0
33
1010
0
1000
1134
0
1011
0
1003
1001
997
1000
1000
1001
999
1000
1000
1001
999
1000
1000
1001
998
1001
1000
1115
0
1012
0
1001
1001
998
999
1001
999
1001
1000
1000
1002
998
999
1000
1002
999
999
1000
1002
999
999
1000
1001
999
999
1000
1001
999
1000
1000
1000
1001
999
1000
1000
1001
999
1000
73
985
995
1009
1002
1001
997
1000
1000
1001
999
1000
1001
1000
141
987
996
1008
1001
998
70
986
993
1009
1003
999
998
1000
1001
1000
999
1002
999
1001
1000
998
1001
1000
999
1000
1001
1000
999
1000
1000
135
1013
0
997
1000
999
1001
1001
56
1012
0
997
1001
1001
999
999
1001
1001
999
1000
1000
1000
1000
1000
1000
1000
1000
1000
1000
1000
1000
1000
1000
1000
1000
1000
1000
1000
1000
1000
1000
1000
1000
1000
1000
999
1002
1000
999
999
1133
0
1009
0
1004
1000
999
998
135
1003
1009
0
1004
998
999
25
1003
991
1010
997
1003
999
996
1002
1004
998
998
1000
1003
999
997
1002
1001
1000
997
1001
207
982
996
1007
1004
999
996
1003
1003
998
997
1000
1002
1000
998
1000
1002
999
998
1001
1004
997
998
1001
1002
999
998
1001
1002
999
998
1001
1003
999
997
1002
1001
1000
997
1015
0
1000
997
1015
0
1001
996
1002
1004
997
997
1003
1000
1001
998
1003
1000
998
998
1003
999
999
60
984
995
171
988
94
1137
0
1013
0
1000
999
998
1004
997
1001
998
1003
1050
0
1012
0
999
999
1002
1002
996
1001
1000
1002
997
1001
1000
1001
999
1000
1000
1002
998
1000
1002
998
81
1009
0
1004
997
633
792
1216
0
1010
0
1231
0
1011
0
1000
1001
1000
1001
83
984
995
1008
1000
1000
998
1003
999
1002
997
1001
999
1000
1000
1001
999
1000
1000
1002
998
1000
1001
1000
1000
1002
997
1001
999
1000
1003
999
999
999
1000
1001
1000
1003
998
1000
1001
999
998
1006
996
1001
1001
998
1001
999
998
1002
999
1001
999
1000
1000
1000
1001
999
1000
1001
999
999
1000
1002
998
1089
0
1010
0
1000
1125
0
1054
0
720
303
983
995
1007
1002
998
999
1003
1000
851
1189
0
1013
0
999
1001
999
999
1001
100
1008
0
1002
1001
1183
0
1009
0
1002
999
999
999
1000
1000
982
1123
0
1009
0
1001
1002
999
1095
0
1081
0
1010
0
1001
1000
1000
1122
0
1011
0
998
1002
1000
999
999
1002
999
1000
1084
0
1010
0
1000
1004
995
1001
1000
1002
997
1001
1000
1002
997
1001
999
1002
999
1001
1000
1283
0
1010
0
1004
996
999
1001
1002
998
999
1001
1054
0
1011
0
1001
1000
1102
0
1010
0
1000
1000
1002
999
1000
1002
1001
997
999
1002
1002
999
997
1001
1001
1000
998
1001
1001
1000
998
1001
1001
1000
998
1001
1001
1000
998
1001
1001
999
998
1002
1000
1000
998
1002
999
1002
102
982
1007
1004
998
1001
1001
1002
996
1004
998
1001
997
1003
997
1002
178
1010
0
1002
998
1000
1000
1002
996
1003
998
1002
998
1002
998
1002
104
1007
0
1005
998
1001
999
1139
0
1009
0
1003
997
1001
999
1000
1000
1001
999
1000
1001
1000
183
984
1003
1005
21
999
1000
1000
999
1000
1001
1001
1000
1000
999
1001
1000
999
1000
1000
999
1000
1000
1002
999
999
1000
1002
1000
998
1002
999
999
1001
999
1002
999
999
1002
1001
998
998
1039
0
1006
1002
1001
1001
999
999
1001
1001
999
999
1001
1001
999
999
1001
1001
999
999
1001
1001
999
999
1001
1001
999
999
1001
1000
1001
999
1000
999
1003
22
1000
999
1003
998
1001
998
1003
92
984
1000
1008
1122
0
1012
0
999
1002
997
1002
1175
0
1011
0
1225
0
1013
0
999
998
1002
1000
1001
997
1001
1002
1001
996
1002
1001
1000
996
1002
1000
1001
997
1001
1001
1001
997
1001
1001
1001
997
1001
1001
842
1215
0
1012
0
160
984
1001
1006
1001
1002
997
1000
1002
999
1000
998
1004
998
1000
1000
999
999
1001
1000
1001
998
1002
999
1001
999
15
1000
1000
1001
1123
0
1012
0
1000
999
999
1003
998
1000
1001
1002
998
998
1000
1002
999
998
1002
1001
1074
0
1012
0
999
999
1002
1000
1000
998
1001
1000
998
1002
1000
999
999
1002
1000
999
999
1002
1000
999
999
1003
1009
783
225
1010
0
1003
998
1000
1028
0
999
1002
998
1000
1000
1001
999
1000
1001
1001
998
235
984
1007
1000
1001
1000
1000
999
1001
1000
1000
178
950
73
110
991
1007
1002
1000
1001
999
76
1243
0
1010
0
1000
1000
999
1001
1000
999
999
1150
0
1148
0
874
1115
15
1005
0
1001
1084
0
80
1077
0
1007
0
1112
91
996
1004
1002
1000
1062
1093
0
1006
0
20
1084
0
1007
0
999
1000
999
180
1003
0
1002
1000
50
1003
0
1181
0
968
37
787
1213
0
1003
0
113
297
357
1058
1000
759
1020
1000
1002
0
999
1001
0
0
0
2
0
0
0
0
9
0
0
0
2
0
0
0
0
0
0
0
0
10
0
0
0
10
0
0
0
7
0
0
0
6
12
0
0
0
9
0
0
0
1
0
0
0
0
13
0
0
1
8
0
0
0
5
0
0
0
1
11
0
0
0
0
0
0
0
0
0
0
0
2
15
0
0
2
8
0
0
0
6
0
0
0
0
17
0
0
0
3
0
0
0
6
0
0
0
4
19
0
0
0
11
0
0
0
5
0
0
0
0
15
0
0
0
8
0
0
0
7
0
0
0
0
20
0
0
0
4
0
0
0
3
0
0
0
0
15
0
0
0
13
0
0
0
7
0
0
0
0
11
0
0
0
6
0
0
0
7
0
0
0
8
12
0
0
0
8
0
0
0
2
0
0
0
1
15
0
0
0
11
0
0
0
8
0
0
0
2
11
0
0
3
12
0
0
0
5
0
0
0
0
23
0
0
3
9
0
0
0
2
0
0
0
0
9
0
0
0
8
0
0
0
10
0
0
0
1
15
0
0
0
10
0
0
0
3
0
0
0
0
7
0
0
0
9
0
0
0
4
0
0
0
6
12
0
0
0
11
0
0
0
7
0
0
0
4
9
0
0
0
8
0
0
0
3
0
0
0
3
12
0
0
0
7
0
0
0
4
0
0
0
0
14
0
0
0
11
0
0
0
2
0
0
0
3
12
0
0
0
11
0
0
0
1
0
0
0
2
9
0
0
0
8
0
0
0
7
0
0
0
0
9
0
0
0
7
0
0
0
9
0
0
0
0
15
0
0
0
10
0
0
0
5
0
0
0
0
11
0
0
0
11
0
0
0
3
0
0
0
2
16
0
0
2
9
0
0
0
0
0
0
0
1
20
0
0
0
10
0
0
0
9
0
0
0
1
9
0
0
0
8
0
0
0
11
0
0
0
1
12
0
0
0
14
0
0
0
9
0
0
0
0
13
0
0
0
7
0
0
0
1
0
0
0
1
13
0
0
0
9
0
0
0
5
0
0
0
1
11
0
0
0
11
0
0
0
15
0
0
0
0
10
0
0
0
7
0
0
0
8
0
0
0
1
12
0
0
0
14
0
0
0
3
0
0
0
0
15
0
0
0
10
0
0
0
2
0
0
0
2
10
0
0
0
9
0
0
0
9
0
0
0
0
15
0
0
0
9
0
0
0
9
0
0
0
0
9
0
0
0
8
0
0
0
6
0
0
0
4
19
0
0
0
6
0
0
0
1
0
0
0
0
11
0
0
0
9
0
0
0
8
0
0
0
0
14
0
0
0
12
0
0
0
8
0
0
0
2
15
0
0
0
13
0
0
0
0
0
0
0
5
6
0
0
0
7
0
0
0
5
0
0
0
5
11
0
0
0
7
0
0
0
5
0
0
0
0
11
0
0
0
12
0
0
0
3
0
0
0
4
9
0
0
0
8
0
0
0
7
0
0
0
2
14
0
0
0
11
0
0
0
4
0
0
0
7
14
0
0
0
10
0
0
0
7
0
0
0
0
7
0
0
0
4
0
0
0
7
0
0
0
1
10
0
0
0
8
0
0
0
9
0
0
0
3
11
0
0
0
13
0
0
0
3
0
0
0
0
13
0
0
0
7
0
0
0
6
0
0
0
0
15
0
0
0
10
0
0
0
8
0
0
0
0
8
0
0
0
9
0
0
0
1
0
0
0
0
14
0
0
0
13
0
0
0
3
0
0
0
2
7
0
0
0
4
0
0
0
6
0
0
0
0
12
0
0
0
13
0
0
0
10
0
0
0
0
13
0
0
0
10
0
0
0
3
0
0
0
0
15
0
0
0
10
0
0
0
5
0
0
0
1
16
0
0
0
11
0
0
0
1
0
0
0
1
7
0
0
0
15
0
0
0
6
0
0
0
3
16
0
0
0
8
0
0
0
2
0
0
0
0
11
0
0
0
8
0
0
0
5
0
0
0
2
10
0
0
0
11
0
0
0
9
0
0
0
0
11
0
0
0
12
0
0
0
9
0
0
0
0
16
0
0
0
9
0
0
0
4
0
0
0
1
17
0
0
0
13
0
0
0
5
0
0
0
3
14
0
0
0
11
0
0
0
3
0
0
0
5
15
0
0
0
7
0
0
0
5
0
0
0
1
9
0
0
0
11
0
0
0
5
0
0
0
1
10
0
0
0
5
0
0
0
3
0
0
0
2
13
0
0
2
9
0
0
0
2
0
0
0
0
11
0
0
4
8
0
0
0
11
0
0
0
8
14
0
0
3
8
0
0
0
0
0
0
0
5
11
0
0
0
10
0
0
0
4
0
0
0
0
11
0
0
0
8
0
0
0
4
0
0
0
0
14
0
0
0
6
0
0
0
6
0
0
0
0
7
0
0
0
12
0
0
0
5
0
0
0
4
13
0
0
0
11
0
0
0
5
0
0
0
2
18
0
0
0
6
0
0
0
1
0
0
0
6
20
0
0
0
7
0
0
0
0
0
0
0
0
8
0
0
0
5
0
0
0
5
0
0
0
2
12
0
0
0
6
0
0
0
11
0
0
0
0
14
0
0
0
10
0
0
0
6
0
0
0
3
11
0
0
0
8
0
0
0
7
0
0
0
0
11
0
0
0
3
0
0
0
4
0
0
0
1
10
0
0
0
15
0
0
0
5
0
0
0
0
7
0
0
0
11
0
0
0
0
0
0
0
0
13
0
0
0
9
0
0
0
5
0
0
0
0
16
0
0
0
8
0
0
0
5
0
0
0
0
12
0
0
0
10
0
0
0
4
0
0
0
2
20
0
0
0
6
0
0
0
4
0
0
0
0
10
0
0
0
5
0
0
0
8
0
0
0
0
14
0
0
0
9
0
0
0
15
0
0
0
0
10
0
0
0
7
0
0
0
5
0
0
0
2
10
0
0
0
5
0
0
0
9
0
0
0
0
20
0
0
0
4
0
0
0
7
0
0
0
2
11
0
0
0
5
0
0
0
6
0
0
0
0
14
0
0
0
6
0
0
0
9
0
0
0
0
11
0
0
0
7
0
0
0
7
0
0
0
0
12
0
0
0
12
0
0
0
3
0
0
0
0
11
0
0
0
8
0
0
0
10
0
0
0
0
12
0
0
0
10
0
0
0
1
0
0
0
2
14
0
0
0
7
0
0
0
8
0
0
0
0
12
0
0
0
12
0
0
0
5
0
0
0
0
11
0
0
2
5
0
0
0
5
0
0
0
0
13
0
0
0
2
0
0
0
1
0
0
0
5
13
0
0
0
8
0
0
0
7
0
0
0
0
9
0
0
0
14
0
0
0
9
0
0
0
3
3
0
0
0
7
0
0
0
8
0
0
0
0
15
0
0
0
13
0
0
0
1
0
0
0
0
15
0
0
0
10
0
0
0
6
0
0
0
1
14
0
0
0
6
0
0
0
3
0
0
0
0
9
0
0
0
8
0
0
0
8
0
0
0
0
11
0
0
0
9
0
0
0
7
0
0
0
0
6
0
0
0
14
0
0
0
0
0
0
0
1
8
0
0
0
9
0
0
0
3
0
0
0
0
14
0
0
0
4
0
0
0
3
0
0
0
2
8
0
0
0
3
0
0
0
5
0
0
0
0
16
0
0
0
9
0
0
0
1
0
0
0
0
12
0
0
0
8
0
0
0
6
0
0
0
0
10
0
0
0
9
0
0
0
4
0
0
0
1
14
0
0
0
8
0
0
0
5
0
0
0
4
15
0
0
0
18
0
0
0
5
0
0
0
0
12
0
0
0
9
0
0
0
11
0
0
0
2
12
0
0
0
8
0
0
0
2
0
0
0
3
14
0
0
0
5
0
0
0
3
0
0
0
5
9
0
0
0
7
0
0
0
4
0
0
0
3
7
0
0
0
12
0
0
0
0
0
0
0
0
15
0
0
0
10
0
0
0
0
0
0
0
6
13
0
0
0
6
0
0
0
7
0
0
0
0
11
0
0
0
10
0
0
0
6
0
0
0
0
12
0
0
0
7
0
0
0
6
0
0
0
8
11
0
0
0
11
0
0
0
4
0
0
0
0
10
0
0
0
7
0
0
0
3
0
0
0
5
13
0
0
0
12
893
1841
2738
3633
4581
5477
6373
7321
8321
9165
10061
10958
11853
12801
13698
14697
15697
16697
