3.7682
1.92
3.2
2.4
3.04
2.08
3.84
4.64
3.92
3.52
4.48
4.48
3.36
4
4.32
3.68
3.52
0.8
4
2.4
3.2
1.6
4.32
4.48
2.4
2.72
3.52
4.8
2.72
4.16
2.24
1.92
3.52
4
3.68
3.04
4.64
3.52
3.36
4.8
3.92
5.76
3.2
2.56
3.52
4.64
4.16
3.52
3.68
3.36
3.2
3.2
6.08
4
4.48
3.2
4.16
3.68
2.4
3.84
4
3.68
3.52
4.96
5.44
6.08
3.84
4.16
4.16
4.64
5.6
4.8
3.36
4.96
4.64
5.92
2.72
2.88
5.12
1.44
4.32
5.28
4.64
4.48
3.68
3.36
4.32
4.48
4.64
3.84
5.28
7.36
3.84
3.68
5.12
5.12
4.96
4.48
2.56
3.04
4.32
5.28
2.24
5.76
4
3.2
4.64
5.44
4.16
4.32
4.96
4.32
4.64
6.24
2.88
4.48
3.36
4.16
5.44
3.36
2.88
5.76
3.52
4.96
5.28
4
4.32
4.48
4.96
4.96
4.96
4.64
2.88
5.6
4.64
3.36
5.12
3.36
4.48
3.84
4.48
4.96
4.96
5.76
4
5.6
4.48
4.32
4.16
6.72
4.48
5.76
4.48
3.2
2.08
5.28
2.88
4.96
5.92
3.04
4.8
4.64
3.52
5.76
4
5.76
4.32
4.16
5.6
4.16
5.28
3.28
6.24
2.24
3.68
4.8
3.84
5.44
5.76
3.68
4.64
4.64
5.44
4.96
6.24
3.68
5.92
4.8
3.68
4.64
5.6
2.08
3.52
4.8
3.04
5.76
3.2
6.4
6.24
3.84
4.4
4.96
4
4.64
3.84
4.48
1.44
4.8
7.2
3.52
5.44
4.16
2.24
3.84
3.36
5.28
4.16
4.32
5.6
4.48
3.04
4
5.92
3.36
4.48
3.68
3.84
6.88
4.16
3.68
5.12
4.16
4.64
4.4
5.44
3.36
4.32
3.52
5.12
6.4
3.2
3.84
5.44
1.92
5.12
6.24
3.36
3.68
5.28
7.04
3.04
3.52
6.08
4.8
4.64
2.56
4.32
5.28
4.64
5.28
5.28
1.76
2.88
6.72
5.12
5.12
4.48
4.16
4
4.8
5.6
3.84
4.16
6.24
2.72
5.6
5.76
4.96
5.44
5.44
1.92
4.48
5.28
4.48
5.44
5.12
3.2
4.8
5.76
4.48
4
5.2
3.68
3.68
4.32
6.4
5.44
1.28
4.8
5.92
3.84
7.68
4.16
5.12
1.92
4.32
3.68
4
6.4
4.32
6.4
4.32
4.48
4.8
7.68
4.32
1.76
8.32
5.12
4.8
6.08
5.28
5.12
4
5.28
3.84
5.28
5.12
5.44
3.52
4.32
5.44
3.68
5.44
4.8
5.12
3.68
4
5.6
7.36
4
3.2
4.64
7.04
3.36
5.92
3.84
5.92
4.8
3.68
5.44
5.6
4.8
4.16
2.72
2.4
7.52
4.16
4.64
6.08
4.8
5.92
4.64
6.72
4.8
4.48
4.48
7.04
4.64
4.16
6.88
4
4.16
2.08
4
4
5.6
4.48
5.44
4.48
4.96
5.12
5.12
4.32
4.16
4.96
4.48
5.92
5.76
5.92
5.44
4.48
3.84
8
1.92
6.4
4.48
5.44
4.8
4.96
4.96
3.84
7.84
4
6.72
5.6
6.24
4.8
7.04
5.76
6.08
6.24
6.08
6.72
3.36
4.48
6.72
6.08
7.04
5.44
4.96
4.96
5.76
5.76
5.44
5.44
4.8
5.76
4.96
6.08
5.92
5.28
4.8
1.76
6.56
5.6
5.28
5.76
5.6
5.6
5.28
6.4
5.76
6.88
6.72
6.4
7.04
6.08
6.08
8.16
5.6
5.28
4.32
3.2
5.44
5.6
5.92
5.92
10.08
6.24
4.8
8.16
8
6.24
7.04
4.16
10.08
8.48
6.88
5.28
7.04
6.4
4.16
5.92
5.6
5.28
5.76
5.6
6.72
5.28
4.96
4.96
4.8
5.12
6.08
6.72
7.04
5.44
6.88
6.4
5.76
7.2
5.12
5.44
6.4
5.12
6.4
6.24
5.76
7.52
8
6.72
5.44
6.4
5.92
4.8
6.24
8.16
5.28
6.4
7.2
2.56
8
7.36
6.88
6.08
5.76
6.56
6.24
5.28
6.56
5.92
7.84
6.88
5.92
5.6
7.04
7.36
7.04
6.88
7.04
5.6
8
7.36
9.76
6.88
8
7.68
7.04
7.04
7.68
6.72
7.36
7.52
8
6.24
6.08
7.04
5.6
7.04
4.8
6.4
6.72
5.92
8.32
2.72
11.2
7.04
6.88
6.08
6.08
7.84
4.16
9.12
7.2
6.72
6.4
6.56
6.4
6.72
4.96
7.52
7.68
6.56
7.2
7.84
6.88
6.72
7.36
6.72
7.84
6.08
7.36
8.16
6.56
7.2
7.2
7.04
7.2
4.48
9.92
6.72
7.2
6.4
7.2
8
7.36
6.72
8.16
6.4
6.56
7.52
6.72
7.04
8.64
6.72
8.8
6.88
3.52
2.24
9.12
9.28
7.2
6.56
9.92
9.28
8.64
7.2
7.04
7.84
6.24
6.88
6.88
5.92
7.36
7.2
7.36
6.56
4.48
8
8
7.52
6.72
7.52
6.88
6.4
7.04
5.92
7.36
7.2
7.52
6.4
7.04
6.4
7.36
6.56
7.36
6.88
5.12
7.52
6.88
6.72
7.04
7.68
7.84
7.68
8.32
7.52
8.16
6.88
7.04
7.2
7.36
6.72
8.32
7.84
7.04
5.28
10.08
9.12
7.2
7.04
7.84
8
8
7.84
8
7.84
7.04
7.84
7.2
8.64
6.72
7.84
7.84
7.68
7.36
5.76
7.2
9.12
7.84
7.84
8.8
7.36
8.16
7.84
8.8
8.32
9.6
7.68
8
9.28
8.32
9.12
6.88
7.84
4.96
8.48
8.16
7.04
7.68
8.16
8.96
8.8
7.52
8.32
8.8
7.68
8.64
8.64
8
8
8.8
7.68
7.2
8.64
6.4
8.96
8.32
10.56
8.64
8.64
9.44
9.12
8.64
8.48
9.12
8.32
8.96
8.8
8.96
8.64
8.8
8.16
8.48
5.6
9.12
8.48
9.92
8.64
8
8.96
9.12
8.8
8.48
6.72
9.28
7.68
9.44
8.96
8.16
11.2
9.76
8.16
8.64
7.2
9.6
8.8
8.96
9.92
9.12
9.6
9.12
8
9.92
9.12
9.12
9.6
10.56
9.28
9.44
10.08
10.08
8.16
7.68
9.28
9.28
10.56
10.08
9.44
8.16
10.4
8.48
9.44
8.32
8.8
10.4
8.64
10.4
9.12
8.48
8.8
9.92
10.24
8.16
10.72
8.48
8.16
9.28
10.72
8.48
9.76
10.4
9.44
9.28
11.04
9.44
10.24
9.92
9.76
9.92
9.6
10.4
6.24
9.6
9.28
10.24
8.16
8.96
9.28
9.6
9.92
10.08
9.44
8.16
8.48
8.48
8.48
8.64
8.16
9.28
8.64
8.32
5.6
8.96
9.12
9.28
8.48
8.96
9.92
8
10.08
8.16
8.16
8.48
9.92
9.44
8.16
7.84
8
8.32
8.96
6.24
7.36
9.6
9.12
8.8
9.12
8.96
8
7.84
8.16
9.6
8.96
7.84
8.32
7.36
9.12
8.32
8.32
7.84
8.96
6.08
8
7.84
9.12
9.12
8.96
7.68
8.64
8.48
8.96
8.64
8.48
8.32
9.12
8.8
8.16
9.12
8.96
8.32
5.92
9.6
8.64
9.6
8.48
9.92
8.96
7.36
7.68
9.6
9.6
8.16
8.96
8.16
9.44
8
8.8
10.08
8.96
8.64
7.68
9.6
7.84
9.6
9.28
9.44
9.76
8.48
8
9.44
8.48
10.08
9.44
10.24
8.48
9.12
8.96
10.56
8.48
6.56
9.76
9.6
8.32
9.92
9.76
9.76
10.72
8.96
8.8
10.56
8
9.12
10.24
8.8
10.08
10.56
8.64
9.76
9.92
7.36
9.12
8.96
8.8
8.8
9.12
9.76
9.28
10.56
9.28
7.36
10.08
9.44
8.32
8.32
9.28
9.76
8.64
10.08
6.24
10.72
10.08
8.64
9.28
7.84
8.64
10.08
8.8
7.2
9.44
9.92
8.64
10.4
9.92
9.76
10.72
9.6
10.24
10.08
8.16
9.76
8.8
10.08
10.4
10.24
12.16
9.6
9.92
8.96
9.92
9.28
8.96
9.28
9.12
10.24
9.28
9.44
9.6
7.84
10.24
10.24
9.44
9.92
9.6
10.08
11.04
10.24
10.56
10.72
9.92
10.4
9.76
10.4
8.16
9.44
9.28
8.96
9.44
6.56
12
10.24
12
9.92
10.56
10.08
10.72
8.96
9.12
9.12
9.6
9.28
9.12
10.24
9.76
9.92
9.44
10.72
7.2
11.52
10.4
10.24
10.24
9.6
9.12
11.36
9.12
9.76
11.36
9.92
10.56
9.44
9.28
9.44
9.12
8.96
9.12
9.44
8
10.24
9.76
8.32
9.12
10.56
9.92
10.24
8.64
10.24
9.44
10.4
9.76
9.28
10.4
8.8
9.76
10.72
9.92
7.2
10.24
9.28
9.6
8.32
9.44
9.76
11.04
9.12
9.12
8.96
9.6
8.96
8.48
10.24
9.6
8.32
8.96
11.36
9.12
7.36
9.6
8.8
8.48
8.96
8.8
9.44
9.76
9.6
9.44
10.24
9.28
9.12
10.08
10.56
8.48
10.24
10.72
9.12
6.08
11.2
9.76
9.6
10.56
9.76
9.92
8.8
9.92
8.8
10.24
9.12
9.76
8.8
8.48
8.64
9.92
8.64
8.8
9.92
6.88
9.44
8.32
9.44
11.04
8.64
8.64
9.92
8.48
8.32
8.32
10.88
9.44
9.76
8.8
8.64
8.96
9.12
9.76
8
9.76
9.76
10.24
8.96
8.96
10.72
9.6
9.12
9.12
9.28
9.28
9.6
9.12
9.76
8
10.24
9.76
10.72
11.52
8.16
9.28
9.6
11.04
9.44
9.92
9.76
10.72
9.28
9.44
11.04
9.12
9.28
10.24
10.88
10.56
9.6
9.6
10.56
8.16
10.72
10.88
12
11.04
9.92
11.04
9.44
9.6
10.4
9.92
10.88
8.64
9.6
10.88
9.76
9.76
10.24
9.6
9.28
8.96
9.12
9.92
9.76
9.6
8.8
10.56
9.92
10.08
9.6
11.04
8.64
9.76
10.88
9.44
8.64
9.44
9.12
9.12
8
9.76
10.4
10.72
10.24
8.96
9.44
9.76
9.6
10.88
7.36
10.72
9.44
8.96
8.32
9.6
10.72
10.56
9.12
9.6
8.16
11.36
11.36
9.44
10.08
10.56
8.48
10.24
8.96
9.76
9.6
10.72
9.76
11.52
10.08
11.68
9.12
10.88
9.92
7.84
11.84
10.72
10.4
9.92
9.44
10.4
12.32
10.4
10.08
9.76
9.6
10.88
9.92
10.08
10.24
11.04
10.72
9.44
9.6
9.6
9.44
9.76
10.24
10.24
9.76
9.76
9.92
9.28
10.88
10.08
9.92
9.28
10.08
9.44
8.48
9.12
9.92
7.84
6.56
8.96
8.64
9.44
9.44
7.36
8.96
8
7.52
7.84
7.36
8
7.52
7.84
8.32
8.32
7.36
8
8.48
7.36
6.56
11.04
4.96
8.96
7.2
7.68
7.2
7.2
8.64
8.16
8
6.4
8
6.88
8.16
7.68
8.16
6.72
7.04
5.12
11.84
2.88
6.88
7.36
7.04
6.24
6.4
7.04
7.2
5.92
7.2
7.04
6.72
6.72
7.52
7.04
7.2
6.72
6.88
6.24
6.88
7.04
6.88
7.52
6.72
6.72
6.4
6.24
6.24
6.24
5.76
6.4
7.04
6.56
5.92
6.4
6.72
6.08
5.28
7.2
9.44
3.04
6.08
7.52
7.36
3.84
7.84
4.8
5.6
6.24
6.56
6.08
7.04
6.4
6.08
7.36
6.08
6.24
5.6
6.56
6.4
6.56
6.56
7.04
5.92
6.08
6.4
6.4
6.56
6.08
6.4
6.08
5.92
6.08
6.24
6.24
6.4
5.28
6.72
7.04
6.72
5.92
6.72
6.4
6.08
6.08
6.4
6.4
6.24
6.88
6.4
6.24
5.92
6.08
6.4
6.08
6.72
5.92
6.4
6.72
6.56
6.24
5.92
5.92
6.72
5.92
5.92
6.4
5.92
6.56
6.08
6.24
6.24
6.24
8.32
5.12
4.48
6.72
6.56
6.56
5.6
6.24
6.4
6.4
6.88
6.08
6.4
7.04
6.56
6.24
5.76
6.56
6.56
6.4
6.56
6.72
5.92
6.88
6.56
5.92
6.24
6.24
6.08
6.08
6.08
6.56
7.04
5.76
6.56
6.08
6.08
6.08
6.4
6.4
6.4
6.08
5.92
6.24
6.4
7.04
6.56
8.8
3.84
5.44
6.24
5.92
6.56
6.88
6.56
5.92
6.24
6.72
6.56
4.8
6.24
5.12
5.76
5.44
5.92
5.92
5.6
5.76
6.56
6.08
5.28
4.96
5.28
5.92
5.92
4.96
5.6
5.28
5.6
5.76
5.6
5.92
6.24
5.28
5.12
6.08
4.8
4.8
4.8
5.28
4.96
5.28
4.64
4.8
4.96
4.96
4.64
4.48
5.28
4.8
4.48
4.96
4.64
4.96
5.44
4.8
4.8
5.12
4.48
4.8
5.28
5.6
4.48
5.12
4.96
5.44
5.28
4.48
4.8
4.16
5.76
4.48
4.64
5.44
4.64
4.64
5.12
5.6
4.96
4.96
4.64
4.96
5.28
5.92
4.16
6.24
4.96
5.12
5.28
4.64
4.64
5.44
5.76
4.96
6.24
6.4
5.12
1.6
4.96
4.8
5.92
3.84
5.28
4.96
6.4
3.68
4.64
4.96
5.6
4.8
5.12
5.12
4.96
3.84
4
4
3.84
4.32
5.12
3.52
3.68
4.16
4.32
3.68
3.68
4.16
4
4.64
3.68
4.8
3.84
3.68
4.16
4.16
4
4
4
3.68
4.16
4.16
3.68
3.52
3.68
3.84
3.2
3.68
3.68
4
3.84
4.16
3.84
3.68
3.68
4.16
3.84
3.68
3.36
3.36
3.84
4
4
3.52
3.52
3.68
3.68
3.52
3.52
3.36
4
3.84
3.84
6.56
0.48
3.52
3.84
3.36
4.32
3.84
3.52
3.84
3.84
3.52
4.64
2.72
4.8
4.8
2.56
4.32
3.52
4
4.16
3.2
2.88
4.96
2.72
3.84
4.64
3.52
4.32
2.72
2.88
3.36
4.8
1.12
3.2
4.8
0.96
3.68
1.92
2.88
5.12
3.68
0.48
2.88
3.04
2.88
2.72
2.56
3.04
3.04
3.68
2.88
3.36
3.52
3.04
2.72
2.56
2.72
2.72
3.2
3.2
3.04
2.56
2.72
3.2
3.2
3.04
3.04
4.48
2.08
3.2
2.56
3.04
2.88
3.12
3.52
3.84
2.56
2.72
2.24
2.4
2.56
2.72
2.88
2.24
2.4
2.88
2.4
2.56
2.4
2.56
2.88
2.4
2.4
2.24
2.4
2.56
2.24
2.24
2.4
2.72
2.08
2.72
2.4
2.56
2.4
2.88
2.24
2.4
2.4
2.24
2.56
2.24
2.4
2.56
2.08
3.04
2.72
2.88
3.52
3.04
3.04
3.04
3.2
2.88
3.36
2.08
2.88
3.04
3.2
3.2
3.2
2.88
3.04
3.36
3.04
2.88
1.92
2.72
2.56
2.56
2.56
2.4
2.08
2.24
2.88
1.44
2.56
3.2
2.24
2.4
2.56
2.4
3.04
2.4
2.56
2.72
2.56
2.24
2.56
2.24
2.72
2.24
2.4
2.56
2.08
2.56
2.4
2.56
2.72
2.56
2.4
1.92
2.56
2.72
2.08
1.6
1.76
1.76
1.76
2.08
1.92
1.6
1.28
1.44
0.32
1.44
1.12
0.64
0.64
1.28
0.96
0.8
1.28
1.12
1.44
1.76
0.96
1.92
1.28
1.6
1.44
1.44
1.12
0.8
1.12
1.12
1.44
1.12
1.44
1.28
0.8
0.96
1.12
1.28
0.8
1.6
1.6
1.12
1.12
1.12
1.12
1.92
0.96
1.44
0.8
0.8
1.28
1.12
1.12
1.12
0.96
1.76
1.28
1.44
0.96
0.96
1.76
1.6
0.96
0.96
1.92
1.44
0.48
1.28
0.96
1.12
0.96
0.96
2.08
0.32
1.12
0.64
0.64
1.28
0.8
0.64
1.44
1.44
0.8
0.96
0.96
1.6
1.6
1.44
1.12
0.64
0.8
0.8
1.44
1.12
1.12
1.44
0.64
1.12
1.12
1.44
0.96
1.12
1.76
0.64
0.96
1.12
1.12
1.28
1.28
1.12
1.44
0.64
1.28
0.96
0.96
0.96
0.96
1.44
0.64
0.8
1.12
1.44
1.12
1.28
1.6
0.64
0.64
0.64
0.8
0.56
0.48
0.16
0.16
0.32
1.12
0.16
0.16
0.32
0.48
0.48
0.48
0.48
1.12
0.96
1.6
1.28
0.64
1.44
0.96
1.76
0.96
1.6
1.28
1.12
0.8
0.96
1.6
0.8
0.96
1.28
1.12
1.12
1.12
0.8
1.28
0.96
1.28
0.96
1.28
0.8
1.28
1.44
1.28
0.64
1.12
1.28
1.12
0.64
1.6
1.12
1.44
2.08
0.8
1.12
1.28
0.96
0.8
1.12
0.8
0.8
1.28
0.8
1.44
1.12
1.28
0.96
1.44
1.44
1.28
0.96
1.28
1.28
1.44
1.12
1.12
0.8
0.96
1.12
0.96
1.12
1.12
1.6
0.64
1.28
1.44
0.96
1.44
1.12
1.12
1.28
1.44
1.28
0.96
0.96
1.44
0.8
1.12
1.28
1.28
1.12
1.12
1.12
1.6
0.96
0.8
1.6
0.96
0.96
1.28
0.96
0.96
1.28
0.8
1.44
1.76
0.32
1.6
1.12
1.28
2.24
16.96
19.04
16
18.72
18.56
18.08
17.76
17.28
16
17.92
16.16
16.48
17.28
16.8
16.32
8.64
16.96
14.88
12.96
16.32
15.36
17.28
14.72
15.04
13.92
15.68
12.8
13.6
13.6
17.6
13.44
16.32
14.4
16.96
14.5067
19.2
13.6
10.56
10.08
12.48
14.08
15.04
12.96
11.36
12.16
11.36
15.04
16.8
16.8
9.6
13.92
17.44
8.8
18.4
17.6
18.24
17.44
18.24
18.08
17.28
17.76
16.32
14.72
16.64
14.88
16.64
18.4
17.92
17.92
17.6
13.44
12.32
8.8
16.96
18.88
17.6
11.36
13.6
16.48
17.28
18.08
17.36
14.88
16.64
11.84
14.88
8.8
10.72
11.2
11.52
6.88
13.28
16.48
17.12
14.56
17.12
18.4
16.48
15.4667
15.84
10.88
15.68
15.84
16
10.56
16.1867
18.64
18.72
17.7067
15.6571
13.52
10.08
13.76
11.04
13.76
18.24
15.04
19.04
18.08
17.92
13.16
18.08
17.44
17.28
16.8
17.44
17.92
17.28
16.16
15.52
17.92
10.08
18.08
17.9733
10.08
16.92
18.24
15.2
16.48
19.04
15.68
18.08
18.08
17.44
19.2
14.08
16.0229
15.04
13.92
19.04
16.96
18.88
17.76
16.1067
19.2
15.4133
16.48
13.92
18.88
16.96
17.92
16.64
14.88
19.2
18.4
12
19.2
17.28
16.8
15.52
16.48
16.64
17.12
8.16
14.56
16.32
15.84
15.84
15.84
13.28
10.08
9.44
17.76
15.92
17.28
15.84
16.96
18.08
16.32
19.04
15.12
15.84
18.56
16
16.64
14.72
17.28
19.04
12.64
6.08
12.48
15.7867
16.96
16
19.2
16.8
8.8
13.44
16.16
7.2
8
9.12
8
9.6
12.32
16.16
16.8
18.24
13.08
9.28
9.44
4.8
8.16
9.12
8.96
9.28
8.32
12.64
8
6.72
12.32
10.08
8.32
16.16
11.76
6.56
5.6
4.8
6.24
7.68
7.2
5.12
2.08
1.12
0.96
0.8
0.48
6.72
9.92
9.92
8
2.98667
0.96
0.16
0.32
1.12
0.8
0.8
1.28
1.6
1.92
0.8
1.28
0.32
1.44
1.12
0.96
0.8
1.12
1.12
1.44
1.76
1.92
1.44
1.12
1.44
0.8
0.96
0.8
0.8
1.12
1.44
0.96
1.6
1.6
1.92
0.96
1.28
1.28
0.64
1.44
2.08
1.76
1.12
1.44
1.28
1.28
2.56
1.28
1.44
1.92
1.76
0.8
1.44
0.64
0.64
1.12
0.64
1.12
0.96
1.12
0.64
0.96
0.32
0.16
0.32
0.16
0.96
0.64
0.16
0.32
0.16
0.8
0
0.48
0.48
0.32
0.64
0.48
0.8
0.32
0.8
0.32
0.64
0.32
0.32
0.8
0.16
0.32
0.64
0.16
0.32
0.8
0
0.56
0.96
0.48
0.64
0.96
0.32
0.32
0.48
0.32
0.64
0.64
0.32
0.16
0.32
0.8
0.48
0.48
0.64
0.16
0.8
0.48
0.32
0.96
0.32
0.32
0.8
0.64
0.64
0
1.04
0.32
0.64
0.48
0.32
0.96
0.32
0.16
0.64
0.32
0.72
0.48
0.48
0.48
0.64
0.16
0.64
0.48
0.8
0.48
0.64
0.64
0.64
0.16
0
1.6
0.8
0.48
0.32
0.48
0.32
0.48
0.64
0.48
0.48
0.16
0
0.8
0.16
0.32
0.8
0.48
0.48
0.96
0.64
0.32
0.32
0.64
0.64
0.48
0.96
0.64
0.64
0.64
0
0.32
0.16
0.8
0.48
0.8
0.64
0.32
0.32
0.16
0.32
0.64
0.48
0.64
0.16
0.32
0.8
0.8
0.48
0.8
0.32
0.16
0.48
0.48
0.8
0.48
0.32
0.48
0.96
0.48
1.12
0.16
1.28
0.16
0.48
0.16
0.48
0.16
0.32
0.32
0.48
0.64
0.48
0.8
0.32
0.32
0.48
0.48
0.32
0.32
0.32
0.32
0.32
0.64
0.96
0.16
0.48
0.64
0.48
0.16
0.48
0.48
0.8
0.8
0
0.16
0.96
0.32
0.16
0.48
0.32
0.48
0.16
0.16
0.48
0.32
0.16
0.48
0.32
0.64
0.32
0.32
0.64
0
0.8
0.48
0.64
0.96
0.64
0.64
0.48
0
0.32
0.96
0.32
0.48
0.426667
1.28
0.48
0.96
0.96
0.96
0.48
0.32
0.16
0.48
0.48
0.16
0.32
0.32
0.48
0.8
0.8
0.32
0.8
0
0.16
0.32
0.32
0.48
0.32
0.8
0.64
0
0.8
0.64
0.48
0.32
0.48
0.32
0.64
0.96
0.32
0.48
0.64
0.64
0.48
0.32
0.8
1.12
0.48
0.96
0.32
