0
59000
0
0
0
1000
0
0
561
446
0
168
828
0
161
724
114
493
1
1
505
0
0
0
289
0
0
712
0
0
0
0
589
0
0
0
319
100
0
990
0
0
1000
0
0
1002
1001
0
0
136
863
0
0
0
997
0
0
0
2004
996
329
1673
0
998
0
0
0
388
618
0
0
0
995
0
0
1003
0
0
97
903
0
0
0
439
569
35
1001
0
614
812
281
995
1001
1000
999
909
995
1003
1000
997
1146
0
1002
0
1000
1003
998
1002
0
1002
739
1004
0
4996
0
0
0
1000
1595
1
1405
999
1
1001
1002
1001
1996
999
950
56
995
1002
1001
1003
997
997
1001
2998
1000
0
1002
0
1001
1844
2001
0
625
375
999
1001
1003
998
1002
999
2407
1590
0
999
1001
0
999
1002
999
1001
999
999
1001
1000
1002
998
1000
998
1000
1000
1002
0
1001
549
1245
456
229
775
2004
0
0
846
162
993
1000
1001
0
737
1003
0
482
690
1000
2002
431
263
1001
0
556
996
559
1001
1965
0
1034
1004
997
0
385
1000
2911
89
0
195
1065
0
1002
1001
997
486
517
384
2001
999
0
1001
0
483
994
1002
866
212
791
73
1002
999
0
1001
0
1001
724
1004
998
0
999
330
1002
2998
0
231
1
769
348
1002
0
1002
0
1000
1002
2000
610
387
1000
1028
1001
0
1714
286
2000
1000
0
1001
0
1001
2997
957
43
895
1107
0
1005
0
338
996
1001
2998
1000
1002
1998
0
1000
451
550
0
635
1006
1995
0
999
1002
0
1000
1001
1807
194
0
63
997
1000
1001
507
497
550
765
166
1427
569
406
104
1000
1003
999
0
48
47
873
998
1004
360
641
1000
1002
1000
999
2000
1
101
999
732
1997
2996
0
0
1000
990
13
588
1241
1001
0
1000
159
1002
1000
1998
0
1000
340
663
1276
1721
1
776
1005
0
997
449
285
1
1002
999
1000
1001
999
1000
2998
1000
0
1002
0
79
1005
0
165
558
881
995
1002
1002
998
1000
1000
1002
999
1002
1000
542
656
994
1007
1003
997
999
999
1002
997
1002
69
1006
0
1003
999
1002
999
1000
1037
992
1003
1042
954
1001
998
1005
1001
1433
1402
1199
0
681
399
553
1183
453
1296
0
1075
0
1000
989
1129
922
675
2578
0
1322
1169
0
1755
0
1001
375
1475
0
2182
0
1257
0
1000
1037
1060
952
799
777
1041
1293
745
233
230
1729
1200
0
1041
0
1001
1146
1170
961
890
1757
1074
0
1003
997
1040
964
1029
1077
893
1114
1377
1391
0
926
1932
966
1104
0
1
1111
998
932
1034
720
1263
0
2899
0
0
1541
0
1603
0
1012
0
1000
999
1043
988
968
1026
1008
1068
1036
931
1117
956
542
3518
0
0
0
1184
1306
0
1011
0
1000
998
1034
969
1027
970
1037
1034
998
963
968
1036
1030
1111
825
3334
0
0
0
919
756
1036
994
1003
1116
906
881
645
1908
0
2617
0
0
1061
932
832
926
803
995
1006
1033
1002
2609
0
0
1092
1057
0
1008
0
1036
994
1003
1150
1017
866
1003
1141
827
1214
203
1227
1137
0
1112
0
962
963
1001
1000
973
998
1000
1000
1002
998
1000
1000
1002
998
1000
999
1001
997
1001
999
1001
89
227
999
1000
1002
1001
999
1001
421
90
594
950
1007
0
999
1001
999
1000
999
1001
1000
1000
999
1001
1000
1000
999
1004
997
1000
999
1003
998
1001
999
1000
1000
1000
1000
1001
999
999
1000
999
1002
999
1000
999
1001
1000
1000
999
86
1005
0
1000
1001
1000
1040
959
1002
999
1031
882
921
1074
976
990
1107
926
1655
1067
1192
1073
0
1003
964
962
2759
0
755
1359
1012
1006
0
1294
774
936
1029
1067
1141
983
1036
875
773
1161
866
1085
2584
0
0
1041
826
1016
1398
1176
0
1038
0
1005
999
1068
1245
1049
1204
1707
0
1278
938
1394
0
942
171
320
2482
0
0
1059
705
1059
1358
1006
1008
0
1000
999
1033
1112
869
1016
1075
1368
1497
987
1039
0
1052
1056
961
517
1025
2866
0
0
800
341
996
1009
1000
1031
996
1158
876
1309
1024
1153
1896
0
1561
0
1188
449
104
230
1004
997
1004
1001
1030
963
1989
1120
0
1223
1012
1121
992
47
1238
1023
617
1057
1133
0
1747
2390
0
0
1177
1509
0
1038
0
1000
1027
973
963
2316
0
1
2628
0
1189
0
1008
0
1038
991
1001
1148
607
463
271
6178
0
0
0
0
0
0
1007
0
998
1000
1034
981
988
997
1000
1036
1037
1032
1073
906
1021
919
1531
0
1092
1245
1250
0
964
1007
1031
1074
962
924
852
1953
53
1960
1032
1187
0
888
472
734
923
1098
0
664
1335
0
1907
1185
0
1512
1261
4035
0
0
0
1052
0
1009
0
1003
997
1001
997
1068
935
1029
1003
1033
1001
962
1073
1002
2544
0
0
1737
0
758
997
1004
1107
306
2461
0
1243
0
1075
0
1036
754
1801
1208
0
1111
0
929
1001
1033
970
1116
338
324
705
3565
0
0
0
1008
0
1000
1035
615
229
4297
0
0
0
0
708
1004
1000
999
1001
1029
969
1031
1003
1022
1011
929
1000
3457
0
0
1712
0
1228
981
1116
1045
1319
0
785
904
1236
1553
1663
0
2062
0
1272
418
661
501
2990
0
0
1239
306
966
1007
0
1098
620
2197
0
2048
0
0
1081
924
755
1502
0
1169
115
4193
0
0
0
1006
0
1071
1190
960
764
872
2087
0
496
916
3632
0
0
0
1996
0
997
1143
2078
0
1351
0
772
1252
3368
0
0
0
940
701
1028
1110
234
1295
0
1652
2202
0
0
974
1138
1487
1231
0
113
1714
1094
1685
0
1317
2524
0
0
1348
1108
117
424
346
5051
0
0
0
0
1170
0
1038
0
1000
969
1105
1444
1440
0
1004
0
1037
1015
1019
1774
263
926
2138
0
0
443
643
999
2638
0
0
1588
0
361
280
1147
0
890
1004
1033
1165
262
3881
0
0
0
1132
0
990
1040
999
1179
748
884
1185
957
1526
1357
0
287
1421
2370
0
0
1216
0
821
1006
1069
2238
0
0
299
1078
0
964
1068
1273
976
1051
1533
0
2207
0
1410
0
1036
0
1076
927
1003
1036
1201
454
3396
0
0
0
977
966
920
776
640
999
1000
714
1088
3373
0
0
0
1112
540
712
1010
0
998
1000
1001
1000
999
1034
996
713
1183
0
1030
839
999
1000
4081
0
0
0
0
928
1002
999
1002
1029
999
1001
1791
469
310
2336
0
1062
1079
1707
0
144
825
1783
1169
0
1009
0
1032
996
1004
1034
1755
1628
0
1531
0
291
994
1009
1075
990
1004
1033
1153
276
1718
1005
365
1551
2239
0
0
1087
0
950
1037
970
1070
1663
1345
0
879
288
1678
0
1041
0
1033
967
756
1212
1289
0
1060
0
398
1011
330
1120
683
1704
0
2690
0
0
1022
930
713
1030
990
1136
1011
1055
964
1116
0
944
1074
1408
783
769
1074
1108
689
1073
0
1056
1019
963
417
2244
0
784
632
927
1007
1000
1041
988
1196
800
770
1053
1091
1571
1340
0
933
801
963
1099
938
911
1657
1784
0
1246
1110
0
993
1009
1001
999
1002
998
1002
999
1001
999
1000
1000
999
999
1002
1000
999
999
1002
1000
999
999
1002
1000
999
999
1002
998
1000
999
1000
1001
1000
999
1000
1001
1000
999
1000
1001
1000
999
1000
1002
998
1000
1000
1002
998
1000
1000
1002
998
1000
1000
1004
996
1000
1000
1004
997
999
1000
1004
997
999
1000
1004
997
999
1030
1001
970
999
1000
1031
970
999
1068
1003
959
1038
962
999
973
1027
1005
1038
963
1000
1097
934
1039
391
270
556
451
1027
1406
0
1037
0
1004
1000
1000
997
1036
1604
953
1265
0
789
1002
1001
998
1000
1033
1001
964
1001
1000
1029
998
1002
1001
1000
1074
948
1037
0
1042
1034
1080
1210
888
1523
0
1203
1294
0
1007
0
1001
1000
1001
1032
1000
966
1031
1037
1001
1118
1487
2361
0
0
1007
0
1000
1000
999
1000
1000
999
999
1000
1001
1000
999
999
1001
1000
1002
999
1000
999
1001
1000
1000
999
1000
1000
1001
999
1000
1000
1001
999
1004
996
1001
1000
1001
998
1001
1000
999
1000
1002
998
1000
1001
1000
999
1000
1001
1002
997
1000
1000
1001
999
1000
1002
999
1092
0
1005
0
1000
1000
999
1001
999
1002
998
1002
999
999
1000
1002
999
999
1000
1001
999
1000
1000
1001
999
1000
1000
1001
999
1000
1000
1001
999
1001
999
1001
249
1001
0
1003
999
1001
999
1000
1000
999
1200
0
1003
0
1001
1001
998
1000
1000
1000
1002
999
1000
1002
1000
997
1000
1002
998
999
1001
1000
1000
999
1001
1000
1000
999
1001
1000
1002
999
1002
998
1000
1003
999
998
1000
1000
1000
1000
999
1000
1000
1000
1000
1000
1000
1000
1000
742
1002
0
1000
1001
999
1001
1000
1000
999
1001
1001
999
998
1001
1001
998
1002
1000
998
1002
1000
999
1000
1001
999
1000
1001
999
1000
1001
1000
999
1000
1000
999
1000
1000
1001
999
1000
1000
1001
999
1000
1000
1001
999
1000
1000
1001
999
1000
1000
1001
999
1000
1000
1001
999
1000
1000
1001
1001
998
1000
1001
1000
1000
1000
1001
0
1001
0
1000
1000
1002
0
1001
0
1002
0
1001
0
1002
0
1001
0
1002
0
1001
0
1002
0
1001
0
1002
997
1000
1000
1001
926
1073
1000
1001
999
1000
1000
1001
999
1000
1000
1001
999
1000
1000
1001
999
1000
1000
1001
999
1000
1000
1001
999
1000
1000
1001
999
1001
1001
0
1001
0
37
1000
1002
0
1000
695
1305
999
1001
1000
1001
0
1000
1000
1001
0
1000
1000
1001
0
1000
1000
1001
0
1000
1000
1001
0
1000
1000
1001
0
1000
1000
1001
0
1000
1000
1001
0
1000
1000
1001
0
1001
0
1001
0
1000
1000
1001
0
1000
1000
1001
0
1000
1000
1001
0
1000
1000
1001
0
1000
1001
0
1000
46
1001
1003
0
999
1000
1002
999
999
1000
1002
1000
998
1000
1002
999
999
1000
1002
1144
999
1004
0
999
1000
999
14
999
1001
0
1002
999
999
1000
1002
999
1001
998
1002
999
1000
999
1002
999
1001
25
1002
0
1000
1000
1002
999
999
1000
1002
999
1000
999
1002
999
1000
1001
0
1000
1000
1001
0
1000
1000
1001
0
1000
1000
1001
0
1000
1000
1001
0
1000
1000
1001
0
1000
1000
1001
0
1000
1000
1001
0
1000
1000
958
45
1000
1001
1001
0
1000
1000
1000
1001
0
910
1091
0
1001
1000
1000
1001
0
1000
1001
0
1000
1000
1001
0
1000
1000
1001
0
1000
765
237
999
1000
1001
1001
0
1000
1000
1001
0
1000
1000
1001
0
1000
1000
1001
0
1000
1000
1001
0
1000
1000
1001
0
1000
1000
1001
0
1000
1000
1001
0
1000
1000
1001
0
1000
1001
0
1000
1000
1000
1001
0
1000
1000
1001
0
1000
1018
1001
1001
0
1000
1000
1000
1000
1000
1001
0
1000
1000
1001
0
1000
1000
1001
0
1000
1000
1001
0
1000
1000
1001
0
1000
1000
1001
0
1000
1000
1001
0
1000
1000
955
1043
902
1000
999
1002
0
1000
1001
0
1000
1000
1001
0
276
1000
1002
0
1000
1000
1001
0
258
406
257
1
1000
821
1180
999
1001
762
1088
1055
784
894
1075
1028
1000
1001
1000
1000
1000
1000
1000
1000
1000
822
179
505
294
1
1000
1000
1000
1001
0
1000
1000
1001
0
1000
1001
999
1002
999
999
60
880
781
1000
1001
1001
0
1000
1001
0
1000
1000
1001
0
1000
1000
1001
0
1000
1000
1001
0
1000
1000
1001
0
1000
1000
1001
0
1000
1000
1001
0
1000
1000
1001
0
1000
1000
1001
0
1000
1000
1001
0
1000
1000
1001
0
1000
731
1183
1014
1000
915
88
999
1001
1000
1001
0
705
611
449
552
1000
1001
1000
1000
1000
1000
1000
1001
0
1001
0
1001
0
953
1118
0
1001
1001
0
1000
1000
1000
1000
1000
1000
1000
1000
1000
1000
1000
1000
1000
1000
1000
1000
1000
1000
1000
1000
1000
1000
985
1013
1000
1001
951
50
999
1001
1000
1000
1000
1000
1000
1000
1000
753
248
570
1037
1000
1001
1000
1000
1000
1000
1000
894
107
1000
1000
1000
1000
1000
895
106
1000
1001
1000
1000
1000
1000
1000
1000
1000
1000
1000
1000
1000
1000
875
126
1000
1001
1000
1000
1000
1000
1000
1000
1000
1000
1000
1000
1000
1000
949
52
1000
1002
0
1000
1000
1000
1000
1000
1000
985
16
1001
1000
1000
1000
1000
1000
1000
1000
1000
1000
1000
1000
1000
1000
1000
1000
1000
1000
1000
1000
1000
1000
1000
1000
1000
1000
1000
896
106
999
1001
1000
1000
1000
1000
1000
1000
1000
999
1000
1001
999
1000
1001
1000
1000
999
1000
1001
999
1000
1000
1001
999
1000
1000
1001
999
1000
870
1130
914
1086
1000
1001
999
1000
1000
1001
999
1001
999
1001
999
954
674
908
1039
923
1289
1213
1000
1000
1000
1001
999
1000
687
1313
1000
1000
1000
1001
999
1000
1000
1001
999
1000
1000
1001
999
1000
1000
971
1029
1000
1000
1001
999
1000
1000
1001
999
1000
1000
1001
999
1000
1000
1001
946
1053
1000
1001
999
1000
1000
1001
999
1000
1000
1001
999
1000
1000
1001
999
1000
1000
1001
999
1000
1000
1001
999
1000
1000
1001
999
1000
1000
1001
999
1000
1000
1000
1000
1000
1000
1001
999
1000
1000
1001
999
1000
1000
1001
999
1000
1000
1001
999
1000
1000
1001
999
0
5
9
6
7
6
7
6
385
4
3
6
2
5
7
5
5
4
7
5
4
8
3
8
6
6
4
6
245
883
727
0
2716
2667
2618
2955
2906
2857
1370
854
0
0
10223
10174
10125
10076
10027
9978
9929
9880
9831
9782
9733
4572
4523
4474
4425
4376
679
689
228
3
4
6
342
486
684
1442
1393
685
1940
1891
0
0
13230
13181
13132
13083
13034
12985
12936
12887
12838
12789
12740
12691
12642
12593
656
890
800
225
2505
2456
2407
2093
2044
1995
0
9300
9251
9202
9153
9104
9055
9006
8957
8908
8859
0
9621
9572
9523
9474
9425
9376
9327
9278
9229
9180
3482
3433
3384
3335
683
387
95
719
221
942
530
559
1640
1591
2016
1967
1918
0
0
18921
18872
18823
18774
18725
18676
18627
18578
18529
18480
18431
18382
18333
18284
18235
18186
18137
18088
18039
18926
18877
18828
18779
6193
412
4958
4909
4860
4811
4762
4489
4440
15409
15360
15311
15262
15213
15164
15115
15066
15017
14968
14919
14870
14821
14772
14723
14674
1645
1596
784
1937
1888
858
1326
1277
500
403
10
11
10
9
11
12
11
13
11
12
12
11
8
8
13
7
9
6
7
13
17
11
11
7
10
9
10
14
11
14
14
8
15
8
13
11
8
15
11
20
10
18
13
10
13
11
16
12
15
14
8
14
4
6
12
5
10
10
13
16
13
15
14
10
10
13
11
9
11
10
14
6
7
13
11
13
10
8
10
11
10
15
13
12
11
11
16
19
11
14
12
8
15
12
12
10
10
8
8
14
12
18
10
15
7
8
13
14
11
13
11
9
8
12
8
6
5
13
7
12
14
11
13
11
11
15
9
12
12
13
12
11
11
11
9
11
11
8
17
7
11
13
15
14
10
14
9
14
14
11
10
15
15
6
9
9
12
7
14
9
8
14
13
17
15
10
11
16
10
13
14
10
12
7
11
7
10
10
12
13
8
14
10
15
11
10
6
13
13
12
12
14
13
11
11
13
12
11
13
9
12
10
7
17
11
13
5
11
10
8
14
13
12
14
13
13
12
6
11
10
13
12
12
15
11
10
10
11
12
8
11
12
16
11
10
10
16
9
10
9
12
8
12
13
15
13
14
10
11
6
12
16
12
15
10
10
16
10
11
13
13
12
14
10
13
15
9
10
8
12
10
15
7
6
7
8
11
9
11
6
6
11
8
9
13
11
13
8
11
12
7
11
11
13
9
12
9
14
7
6
9
11
8
5
16
14
13
14
14
11
11
12
9
12
7
14
6
8
9
8
15
8
11
10
9
11
10
17
10
12
9
13
9
16
12
13
9
9
7
11
15
11
12
12
7
12
8
11
14
9
13
15
13
17
9
8
12
11
10
10
5
12
11
12
11
7
9
11
10
12
8
9
15
13
13
14
7
10
11
12
11
11
15
8
14
10
9
16
10
9
10
8
8
14
10
12
12
12
7
8
12
13
12
13
8
10
10
9
13
17
9
8
10
11
11
14
9
13
10
13
11
7
12
15
8
8
13
11
12
10
14
8
10
7
6
11
16
9
13
13
8
12
8
16
6
10
13
7
14
11
7
9
10
8
8
9
11
9
7
10
14
9
15
14
7
10
10
14
17
12
11
16
12
12
10
14
9
8
12
12
9
15
8
9
8
10
11
8
11
12
13
12
19
13
8
16
7
18
8
13
16
10
9
11
9
11
11
9
12
8
16
13
13
13
12
8
10
10
10
9
7
12
11
13
10
11
7
11
10
10
10
14
14
12
11
16
11
15
9
10
12
12
13
9
11
6
5
10
13
6
10
8
16
10
15
7
13
11
11
14
6
7
14
12
13
12
10
9
15
11
11
14
10
16
13
12
14
11
16
12
13
11
14
10
11
6
11
11
9
11
12
5
8
10
13
21
11
13
11
11
16
9
9
12
11
12
9
11
15
8
8
10
11
12
12
11
16
16
17
11
7
6
8
14
12
11
12
10
10
11
10
9
12
8
14
9
15
12
14
16
11
13
7
11
13
12
6
14
10
11
13
13
12
15
10
15
13
12
14
9
8
13
9
10
10
14
9
13
12
15
9
9
14
10
17
11
10
11
13
10
10
11
11
10
10
10
10
18
8
12
14
5
15
12
13
7
14
12
14
8
16
8
14
10
7
12
14
11
10
10
10
10
10
10
18
14
11
13
17
18
13
10
16
7
10
9
11
10
11
12
14
9
8
12
8
9
15
14
11
16
14
12
12
14
8
9
13
10
13
11
11
17
16
6
10
11
15
11
16
13
13
13
13
12
10
12
10
9
10
9
13
10
12
13
12
16
12
10
11
11
15
9
11
10
8
13
6
10
15
11
10
17
7
10
12
12
7
12
12
11
17
12
12
14
8
9
10
9
9
6
11
5
8
8
10
10
9
13
13
12
11
17
12
16
9
10
9
10
10
7
9
9
11
9
6
13
13
12
17
11
16
10
13
16
14
12
8
8
10
12
10
10
10
15
9
12
12
7
8
9
13
16
10
16
17
14
10
10
15
11
8
11
6
8
16
6
16
11
7
6
12
15
16
14
12
11
15
6
12
6
9
11
7
15
11
11
14
13
6
7
10
12
16
12
18
13
12
7
6
10
6
14
7
7
8
16
10
15
12
11
9
11
12
14
15
16
13
9
14
12
8
11
10
13
12
9
16
9
14
11
11
12
9
15
17
13
16
9
13
7
8
9
10
8
10
10
12
14
7
5
10
12
9
11
12
12
15
12
10
7
6
12
6
9
5
10
11
14
11
15
8
9
10
12
10
11
12
9
9
9
8
11
7
11
14
13
7
9
12
10
13
11
17
10
18
15
12
12
10
7
9
9
9
9
7
11
11
9
12
14
9
10
16
10
15
7
12
14
13
12
13
14
8
9
9
10
7
9
9
18
9
7
8
15
13
13
10
17
12
15
8
12
7
9
11
6
6
7
11
11
13
18
5
12
12
15
12
15
11
18
15
17
11
12
11
17
16
11
16
13
13
15
14
11
16
12
15
13
13
7
10
16
8
10
8
8
10
12
7
15
16
9
7
11
12
16
10
14
15
13
13
13
11
11
11
14
12
15
8
10
9
15
8
4
13
7
14
13
14
11
11
11
10
14
10
9
9
8
9
5
13
12
15
11
7
14
12
18
11
15
14
11
12
14
9
9
8
8
12
6
12
9
16
10
10
6
5
12
11
18
11
15
13
7
14
11
10
6
10
10
9
10
13
13
12
5
10
6
11
12
12
15
14
15
10
14
10
9
9
9
12
10
16
12
8
9
7
6
12
14
13
11
13
12
10
14
11
12
9
6
8
8
10
11
12
10
15
9
13
12
13
16
12
16
12
9
14
9
10
11
8
8
9
10
8
10
12
10
10
6
7
10
9
8
10
17
14
13
14
6
13
11
18
12
7
12
12
11
10
11
11
16
11
16
15
15
15
9
14
11
11
6
8
10
11
10
20
10
8
6
9
13
16
12
13
11
16
11
14
10
12
9
11
6
8
7
11
10
11
6
11
10
14
10
15
13
15
13
15
11
11
15
9
13
12
8
15
12
8
13
13
11
10
15
15
10
15
13
14
10
10
8
9
12
8
11
12
11
10
11
6
10
8
14
12
13
12
14
18
13
11
10
11
14
13
16
15
8
12
11
10
6
4
11
13
10
16
11
12
12
7
13
11
14
8
16
11
11
10
9
6
8
16
10
13
14
13
9
13
13
7
8
10
10
12
10
8
7
11
7
4
12
7
15
11
11
11
13
7
17
10
12
16
6
12
10
9
10
13
11
9
7
14
10
12
12
12
8
9
10
5
7
14
9
11
11
13
6
13
8
7
14
10
13
12
11
15
15
10
14
11
12
9
6
13
12
10
12
9
19
5
9
4
6
11
8
10
13
14
14
8
10
9
9
18
7
13
13
9
6
9
15
5
6
14
4
7
11
11
13
10
19
7
10
8
5
10
10
11
11
12
7
15
7
5
5
8
8
10
9
4
11
15
11
12
6
9
7
12
11
11
11
13
16
10
12
11
11
11
11
15
11
14
8
10
7
14
7
12
14
9
11
13
10
16
8
12
8
12
8
10
13
14
14
15
14
17
14
14
9
8
11
9
15
12
9
13
11
8
8
14
11
16
13
13
13
13
18
13
14
15
17
12
11
11
10
8
11
9
12
14
12
16
11
12
12
10
13
20
11
16
15
9
8
13
12
12
7
12
9
10
10
16
10
13
9
12
8
10
17
13
12
11
10
8
8
8
7
11
10
14
12
9
12
11
9
8
14
13
17
9
8
9
13
9
8
9
10
13
13
9
15
12
19
13
18
10
13
17
18
11
12
10
8
10
10
19
9
11
10
16
12
12
9
6
13
11
13
10
16
19
17
14
10
11
9
8
6
13
13
6
10
14
14
9
13
9
14
13
15
9
14
12
13
9
7
4
12
13
16
7
7
10
11
19
13
16
8
11
16
14
16
17
13
11
11
8
16
13
15
9
18
10
13
18
12
16
14
17
12
17
17
13
14
13
13
8
11
14
11
8
15
10
16
16
14
10
10
14
15
8
10
13
10
13
10
10
12
13
9
10
10
13
10
9
12
13
13
20
14
12
11
15
6
15
7
8
11
8
6
13
12
13
11
17
7
7
9
11
12
15
12
14
9
14
6
10
4
8
10
10
18
12
16
14
6
9
12
12
14
15
15
9
11
13
13
12
14
6
6
9
14
12
7
12
14
12
8
14
8
18
10
12
15
13
12
9
13
8
9
13
6
9
15
13
10
9
7
9
13
11
15
13
15
9
9
11
12
12
13
13
8
15
9
10
8
9
10
14
7
10
10
9
11
8
8
13
9
14
13
11
15
13
13
11
6
6
7
7
10
13
5
11
11
14
7
12
13
7
9
10
17
18
11
17
8
11
11
10
14
12
17
10
7
15
9
11
13
11
9
13
11
10
12
11
9
9
7
11
14
10
8
8
16
10
15
10
12
13
13
15
13
19
8
16
11
10
9
13
14
11
10
7
12
13
10
12
10
14
10
6
11
13
14
12
9
11
8
10
13
15
12
11
13
7
14
9
10
15
6
7
19
8
15
15
12
12
12
18
8
9
14
10
10
11
12
17
11
12
15
11
7
10
9
12
8
7
16
13
13
14
10
13
9
7
7
10
7
9
8
11
9
12
14
12
13
23
13
13
13
14
7
10
13
7
10
11
4
8
12
8
8
11
10
13
10
13
16
9
9
17
7
9
8
14
12
13
13
6
12
11
9
10
11
10
10
12
12
14
12
12
16
16
7
9
9
11
11
9
5
9
7
12
10
10
9
7
9
9
9
14
13
9
9
11
14
16
6
10
9
8
9
11
11
13
17
16
9
8
10
12
12
11
13
8
13
11
15
11
12
9
12
11
9
15
10
9
11
15
14
14
11
6
13
10
14
11
10
11
8
12
14
9
13
7
19
15
12
11
14
14
9
16
9
10
10
10
11
11
16
12
13
11
6
9
11
13
11
14
9
15
13
12
15
15
10
13
8
11
13
13
9
13
7
14
10
10
14
11
11
16
12
9
11
15
11
13
12
11
16
8
9
12
9
7
12
7
13
9
18
9
16
10
13
9
10
8
10
10
16
12
14
9
14
11
8
6
11
10
14
11
13
16
13
9
12
14
11
13
10
12
14
14
13
12
18
9
12
18
10
9
12
10
17
13
13
9
12
7
10
14
9
7
10
11
15
9
11
16
8
10
10
8
12
14
9
8
11
11
7
10
8
15
9
15
13
10
13
10
14
10
14
5
5
10
9
10
12
11
9
4
13
13
8
10
9
13
13
14
8
14
12
13
14
15
13
13
10
8
11
10
9
11
10
11
15
9
15
12
10
8
15
17
12
14
10
12
14
6
10
11
13
11
9
11
10
11
11
11
11
14
8
14
13
16
11
12
10
16
11
15
14
18
17
13
16
13
18
13
13
9
16
9
16
12
14
10
8
12
11
12
10
7
13
11
14
13
18
13
19
13
12
16
10
15
11
12
7
12
12
14
10
12
12
9
11
12
15
11
8
13
13
13
10
14
12
13
11
8
7
14
8
7
11
12
10
10
10
7
15
11
12
17
11
12
8
15
10
15
9
5
10
11
14
9
10
15
6
10
13
10
13
10
15
7
10
13
13
15
8
9
7
9
6
9
11
12
15
17
13
14
6
14
12
8
12
13
10
13
14
13
18
12
16
4
8
8
11
11
7
10
10
10
8
10
10
10
11
14
8
10
11
7
13
12
11
14
7
6
10
13
12
16
8
11
13
13
10
15
14
8
11
9
10
16
9
13
15
12
9
11
8
6
4
10
15
12
10
10
12
11
13
10
13
11
9
12
11
15
12
11
12
12
9
11
8
10
11
13
11
13
11
11
14
9
11
9
8
6
12
9
10
9
13
9
8
12
7
10
6
11
11
10
15
10
12
11
17
12
12
13
6
14
12
14
10
9
14
8
11
9
7
13
9
12
10
13
8
12
14
5
11
8
13
12
10
12
16
12
13
9
14
7
8
16
11
12
16
10
11
9
11
10
13
13
13
17
8
12
12
14
9
10
15
12
15
12
14
14
6
10
9
11
8
16
11
10
15
12
15
13
16
11
14
15
16
13
16
10
13
16
14
13
17
15
11
13
10
10
12
14
9
9
10
12
10
14
11
7
15
12
13
10
12
8
11
13
13
12
12
17
11
15
6
7
6
9
6
11
12
8
8
10
14
9
13
6
9
6
12
5
9
8
14
10
14
13
11
13
9
12
14
10
6
10
8
10
14
8
15
11
13
13
12
12
12
13
7
17
9
15
14
9
14
10
14
7
9
14
10
14
11
7
10
9
11
11
13
11
14
10
15
10
14
11
10
13
13
10
14
10
9
7
7
9
8
12
10
13
10
19
13
15
12
11
13
14
9
24
15
9
14
9
10
2
7
4
12
11
13
15
12
14
11
9
11
16
14
10
13
11
9
12
13
6
3
6
9
10
11
13
11
19
11
16
10
16
16
12
14
10
14
11
11
11
7
8
4
7
10
5
9
9
20
7
11
16
11
17
11
12
13
11
10
7
11
7
10
13
13
15
13
12
12
9
15
13
16
11
13
8
11
13
9
15
10
8
15
11
11
9
16
12
11
15
14
18
11
17
11
12
11
11
11
12
13
14
12
6
10
10
13
11
8
10
12
12
10
14
11
15
11
12
12
15
11
13
15
12
14
8
12
14
11
9
10
10
10
9
7
13
15
12
13
16
15
15
10
14
9
12
16
11
10
5
8
6
9
7
9
6
12
14
11
13
14
13
13
11
16
10
15
10
11
14
9
10
15
10
13
12
8
7
10
9
10
13
15
7
14
11
12
20
12
12
14
5
4
6
11
10
13
12
9
13
13
11
12
8
11
11
10
10
12
9
9
9
15
8
9
6
7
9
11
12
9
12
12
10
13
11
15
9
12
8
13
12
13
11
13
11
9
11
5
15
12
15
7
13
13
12
7
10
15
12
13
10
15
10
7
8
9
7
11
11
9
8
11
13
14
9
13
7
13
10
8
7
12
9
8
15
12
10
16
11
14
8
11
9
9
11
13
11
10
8
6
10
11
6
7
17
14
12
12
7
7
11
11
13
9
6
11
13
11
10
9
13
9
11
12
7
10
14
14
11
14
12
8
11
7
9
10
8
10
11
10
8
8
10
14
5
7
7
12
8
11
14
12
12
8
8
13
6
5
6
7
9
9
12
9
10
6
12
8
8
11
14
14
14
12
10
13
10
11
7
4
6
4
12
7
9
11
7
9
13
12
9
10
9
5
12
9
11
10
10
16
12
9
10
10
6
12
10
14
7
12
15
14
10
14
12
13
13
16
6
10
5
9
8
17
12
11
14
11
16
8
11
13
9
8
16
16
14
9
12
11
11
5
8
7
6
5
6
13
8
15
11
12
11
15
12
8
8
8
10
5
6
9
9
8
11
12
10
8
6
10
9
6
7
12
12
13
16
14
7
7
11
9
9
5
12
6
15
7
19
13
12
7
6
6
10
11
8
11
10
11
7
7
10
8
13
12
16
9
9
13
16
13
12
14
8
9
12
6
8
11
5
12
8
12
10
6
12
9
5
6
7
7
14
9
15
10
9
9
12
9
8
11
9
8
7
15
12
10
14
11
12
12
7
6
13
14
15
12
10
9
15
10
10
13
7
7
8
10
8
15
9
11
11
16
12
14
15
14
14
12
13
13
13
14
9
18
12
17
14
8
9
5
12
13
10
8
5
10
11
6
15
12
11
9
14
13
15
9
13
20
8
7
9
6
9
10
10
14
11
13
13
10
16
13
10
15
10
17
14
12
14
14
9
13
8
7
5
12
10
8
5
13
9
11
15
9
6
11
14
7
16
12
17
9
7
8
12
11
5
9
10
13
8
10
8
8
15
12
14
9
13
15
6
16
11
12
10
10
9
9
6
9
8
11
15
10
10
11
12
11
12
12
12
10
16
8
11
11
11
14
11
10
17
11
7
9
12
11
10
7
11
9
11
8
13
8
16
11
18
8
8
12
9
12
13
14
6
11
6
13
11
9
12
13
12
9
10
9
10
13
11
14
7
14
5
5
7
12
14
8
7
7
5
10
9
15
11
12
11
14
15
9
11
16
9
10
10
8
9
9
11
11
12
11
13
9
10
11
19
11
15
10
9
8
12
15
9
18
15
11
14
10
9
12
9
10
8
8
4
10
7
10
12
20
11
15
9
15
10
10
12
13
10
14
14
10
14
10
9
8
10
8
9
8
8
8
11
15
11
14
12
12
10
8
16
13
10
12
16
14
13
14
10
8
9
11
16
13
11
10
11
11
17
13
14
8
13
10
10
16
10
11
9
6
8
15
10
11
11
14
13
8
11
15
15
12
7
13
11
10
9
17
9
9
8
8
10
13
13
11
13
13
7
14
9
10
16
11
11
18
11
16
11
13
15
7
8
5
2
2
7
14
12
15
8
12
8
14
13
15
11
12
11
11
8
15
6
11
6
10
13
6
8
8
6
10
8
9
11
9
16
12
14
10
10
9
7
8
7
10
8
9
6
9
5
5
5
8
11
10
10
8
14
7
10
8
7
8
10
11
6
9
8
9
10
13
9
9
8
6
5
8
7
9
8
6
5
7
15
12
14
13
11
14
13
8
15
9
9
9
12
12
11
13
8
5
7
5
8
5
10
7
8
14
14
12
12
12
8
11
8
12
10
8
9
10
9
9
8
8
9
11
6
9
8
14
8
12
11
16
9
9
12
8
7
8
7
7
5
9
9
4
9
5
7
11
16
8
13
8
13
14
11
8
12
14
10
9
14
13
11
12
9
9
6
14
9
11
8
10
8
8
9
11
9
11
10
7
8
7
11
22
12
14
13
11
8
4
8
18
12
4
11
12
10
9
8
12
11
14
8
9
12
6
12
7
9
12
15
7
9
7
7
12
9
10
6
7
5
9
9
8
7
12
10
8
9
10
8
11
8
6
6
5
8
9
10
8
8
12
14
10
6
8
6
8
8
10
10
9
10
13
11
10
10
17
11
8
5
7
9
9
10
12
14
8
11
9
11
13
13
12
8
9
11
11
11
9
11
12
10
13
8
12
10
9
4
4
7
2
14
11
9
13
9
8
12
8
10
11
10
11
11
16
13
8
8
6
5
5
6
6
6
3
4
14
9
7
8
7
8
9
9
12
9
12
11
7
11
10
12
10
7
10
6
8
7
8
8
6
9
10
13
5
6
9
14
10
12
11
14
9
13
7
11
11
6
10
8
10
7
6
8
6
11
8
6
5
8
13
19
8
8
14
14
6
6
6
3
9
9
11
4
7
11
8
6
3
6
10
12
14
8
5
4
6
10
12
11
16
7
6
7
6
4
12
5
6
12
6
9
11
8
8
12
7
7
9
13
14
13
9
7
8
5
6
7
8
12
10
14
8
9
7
5
5
8
8
7
10
11
5
14
8
15
5
7
5
12
11
3
4
7
6
4
7
9
10
14
8
10
5
5
8
10
10
14
6
6
6
7
8
5
6
6
5
7
4
5
7
10
4
7
7
11
8
11
7
2
4
9
8
6
7
6
7
6
9
5
6
4
5
4
3
7
8
6
2
5
7
7
5
14
11
10
11
8
7
6
5
5
8
5
8
6
9
7
12
7
5
7
8
2
5
5
12
7
7
9
10
9
8
1
6
4
3
4
6
6
10
6
3
6
7
12
6
9
7
5
7
7
7
10
14
9
2
6
3
5
9
7
7
7
5
5
4
6
7
4
5
7
6
5
7
4
8
7
8
8
12
15
8
6
12
7
10
6
6
5
4
2
2
5
4
5
3
6
4
8
7
20
8
7
9
4
5
4
2
4
7
6
4
9
8
5
6
3
7
10
9
5
8
6
11
11
8
11
7
8
3
4
6
8
6
7
4
5
5
6
4
5
7
9
9
7
10
8
8
9
7
9
7
6
5
6
7
5
3
8
6
5
7
4
8
7
7
10
4
5
5
9
12
8
8
10
8
4
3
5
4
7
3
4
4
5
4
9
10
10
12
7
4
6
8
6
11
9
7
11
11
11
6
6
5
5
4
4
4
5
6
7
12
9
13
11
11
8
6
8
7
9
12
7
7
8
5
5
6
5
2
3
5
6
6
6
9
13
8
6
8
5
4
3
6
5
7
2
7
6
4
10
8
8
6
4
5
6
5
8
7
11
10
5
8
7
6
7
4
3
3
6
5
4
5
5
10
6
5
7
5
8
8
4
5
4
10
6
6
8
5
7
8
6
4
4
6
6
5
5
6
4
7
8
2
5
3
8
4
4
6
8
7
9
8
13
6
12
7
6
6
3
5
6
7
5
4
4
4
6
3
8
5
4
7
5
6
6
9
5
8
8
9
5
7
2
5
7
7
4
5
8
4
6
7
5
7
5
7
7
11
8
8
9
6
7
9
6
4
4
4
5
3
5
7
6
10
9
3
3
7
9
7
8
7
6
3
4
4
7
7
5
4
4
6
3
5
5
5
5
4
7
10
10
9
9
9
9
4
2
2
5
8
5
6
5
7
6
6
6
3
7
5
10
7
8
11
10
8
6
4
4
4
1
2
4
6
6
11
10
5
6
7
6
5
5
10
9
5
8
3
7
7
8
4
6
3
4
5
3
3
5
6
7
10
8
8
11
7
7
5
3
7
5
6
3
4
5
4
5
4
3
5
4
4
5
5
11
8
9
11
8
10
12
3
6
9
7
7
9
5
5
5
4
8
5
1
0
4
2
7
10
7
6
6
8
7
6
6
7
7
7
4
4
4
8
6
7
8
9
9
8
5
7
9
7
11
8
5
8
6
6
6
9
8
7
8
3
7
6
6
10
4
6
9
7
9
8
4
10
5
5
7
6
6
10
8
9
6
3
4
6
10
5
6
6
3
9
5
6
2
4
8
8
9
5
4
6
5
9
9
6
7
4
6
10
10
4
11
8
7
5
4
6
4
9
8
9
9
5
3
10
8
8
6
5
5
14
5
6
3
3
7
3
2
6
5
5
4
10
10
6
6
7
10
11
7
10
6
4
1
3
6
3
4
4
4
0
2
2
2
4
5
7
8
8
7
8
6
7
7
5
5
7
4
8
7
4
3
3
4
6
5
3
13
10
11
5
10
8
9
10
5
8
9
9
8
5
2
2
3
1
2
6
7
5
7
7
5
5
5
5
6
6
10
6
10
8
7
8
8
0
2
2
5
7
6
10
5
4
5
4
4
6
9
5
6
6
9
9
9
6
9
10
9
6
9
10
4
8
5
5
5
7
6
4
6
4
8
11
4
10
9
7
5
7
8
9
6
4
7
9
4
6
4
5
7
9
6
4
5
9
7
8
11
5
7
8
9
8
6
6
3
2
4
5
4
8
6
9
8
7
7
5
3
4
8
8
10
9
8
4
7
2
6
5
5
2
4
0
0
4
6
1
3
6
5
9
6
10
7
12
5
8
10
8
6
6
7
4
8
4
7
7
4
2
1
10
8
10
11
12
9
7
7
5
4
3
6
8
9
6
5
5
4
9
6
5
4
3
3
7
6
8
7
9
8
5
8
8
6
6
7
7
7
8
10
7
9
9
9
3
3
4
2
5
4
5
10
8
8
5
9
9
6
6
8
4
8
7
9
10
8
9
7
3
5
2
4
5
11
8
9
7
9
5
7
6
8
3
9
8
9
6
11
10
8
8
4
3
0
2
11
11
8
10
7
6
7
5
7
7
10
8
7
7
9
7
8
8
8
9
2
3
2
5
7
8
10
7
3
9
8
7
6
6
6
7
6
4
4
6
7
10
4
3
5
9
7
8
7
8
9
11
9
8
6
5
3
5
6
7
9
8
7
7
6
7
10
7
8
7
9
4
9
12
7
10
11
4
8
6
4
4
6
6
8
5
7
6
0
2
6
8
7
5
7
5
4
5
4
6
6
6
10
5
7
8
10
10
4
7
9
10
2
3
9
4
8
9
7
6
9
2
5
4
5
9
9
8
7
6
8
10
10
10
9
7
4
3
2
3
6
7
8
8
8
6
5
4
6
7
6
10
8
6
9
9
8
6
7
8
5
5
5
5
4
8
7
7
6
5
6
7
5
6
6
7
10
10
9
7
8
6
5
6
8
6
5
4
8
6
7
8
7
6
6
10
3
5
3
3
5
6
8
8
7
5
5
8
9
3
6
6
7
3
5
7
12
11
9
6
7
8
6
6
5
5
5
8
8
7
8
5
3
5
3
3
10
6
7
10
7
5
5
7
9
8
5
5
5
6
6
10
9
6
6
5
2
3
7
4
9
6
6
4
6
7
8
6
8
8
5
7
6
6
5
6
9
10
10
10
6
4
4
5
5
6
7
7
5
7
8
8
8
5
4
5
6
7
9
6
9
5
6
9
4
10
7
5
6
6
5
5
9
8
7
10
8
5
5
9
6
9
11
8
6
6
6
8
8
2
4
5
3
8
6
10
6
9
7
9
7
7
5
6
5
3
6
5
6
7
11
9
6
2
5
7
3
5
7
9
7
6
9
11
8
6
5
7
6
7
5
6
6
5
8
10
6
3
3
4
9
9
7
7
7
9
8
7
8
5
5
5
5
3
4
6
6
8
7
7
6
4
5
8
4
7
6
6
7
4
8
9
7
5
6
4
3
4
6
3
8
9
9
7
6
3
4
5
6
4
5
5
5
5
8
6
8
7
9
9
6
7
10
7
5
7
10
9
4
6
4
4
4
5
5
6
5
6
5
5
5
9
8
6
6
4
5
4
5
4
5
7
8
4
7
8
6
6
3
5
6
6
7
7
9
9
10
9
7
7
9
6
6
7
5
4
4
5
8
11
6
6
6
8
8
7
7
8
7
7
9
10
7
5
3
6
6
4
9
6
1
2
12
11
9
9
7
9
9
5
6
8
6
6
7
10
10
5
6
8
5
7
7
4
5
3
5
5
7
7
10
6
8
6
8
6
5
8
5
6
6
5
6
7
7
4
3
4
7
11
6
11
6
8
7
7
7
6
7
5
4
4
6
7
5
5
9
7
3
8
5
4
6
5
5
5
6
3
7
6
6
6
4
4
4
6
6
9
11
10
10
11
9
10
5
7
7
6
6
9
6
5
6
6
6
5
6
6
6
6
5
6
9
9
8
6
8
4
4
5
5
8
10
8
5
6
7
5
5
6
8
8
6
8
10
8
8
8
11
9
7
5
3
7
6
10
6
7
5
6
6
4
9
5
8
8
7
6
5
5
8
8
8
8
3
0
1
6
7
8
8
2
6
7
5
8
6
7
7
8
5
8
9
5
5
6
4
11
7
5
7
3
6
8
9
7
10
8
6
5
6
9
8
6
7
6
8
7
6
5
4
5
4
8
10
11
3
5
8
7
8
9
7
6
5
4
7
4
5
5
7
3
6
6
7
7
8
7
11
10
7
10
9
1
5
7
4
5
5
8
6
5
6
6
6
5
7
7
8
10
12
6
7
8
10
10
9
2
7
7
6
6
5
7
4
6
4
7
5
8
10
10
9
7
8
7
7
7
9
7
7
8
7
11
7
6
7
7
6
6
4
5
6
5
6
6
5
8
11
8
6
6
7
3
4
3
5
4
6
4
8
7
9
9
7
6
5
6
6
7
7
8
11
8
12
6
2
4
5
5
5
5
5
7
8
5
7
6
4
7
4
7
5
8
8
9
7
6
3
6
1
6
11
2
3
3
5
6
6
5
5
6
5
5
5
10
9
8
6
7
7
7
11
9
8
5
7
6
6
6
7
7
9
7
5
5
6
5
9
5
5
8
7
6
5
12
9
11
5
0
5
7
8
5
4
5
7
9
10
9
5
5
7
10
7
6
8
10
8
10
10
2
4
7
6
8
6
5
9
5
7
5
4
8
5
7
6
7
6
9
11
11
4
3
1
3
7
8
9
6
8
9
6
6
7
7
8
6
5
5
5
6
12
10
10
8
4
3
1
4
4
7
8
8
6
5
6
7
10
5
11
4
6
5
5
5
4
5
7
9
4
3
5
7
9
7
8
4
7
5
9
10
12
10
7
7
7
6
3
5
7
7
6
7
2
2
8
4
8
6
8
10
7
9
9
7
6
6
9
8
8
5
7
8
6
8
10
8
3
2
2
3
7
8
7
9
9
11
6
6
8
6
8
9
8
5
7
7
8
6
4
5
2
2
2
6
11
7
9
10
8
7
10
6
9
10
6
9
6
4
5
6
6
7
4
5
5
6
5
1
5
9
5
8
8
8
7
6
7
8
9
8
4
4
4
6
5
5
6
8
7
10
8
4
6
6
5
6
7
5
6
5
10
8
10
10
11
5
3
4
5
5
9
10
9
10
9
4
6
4
5
5
8
6
6
7
7
10
9
6
9
8
9
9
10
7
12
7
6
6
0
2
2
3
6
8
8
4
6
4
6
5
5
9
11
9
6
8
6
8
11
8
10
10
8
5
6
4
3
6
6
6
6
5
7
8
6
6
5
7
6
8
7
11
7
9
9
7
5
8
4
4
7
3
0
7
7
8
7
4
1
5
6
7
5
5
7
6
10
8
11
10
7
9
10
10
11
9
10
9
7
7
7
5
6
6
5
6
4
3
5
5
6
4
7
7
8
8
5
6
6
11
11
9
6
5
6
5
9
7
6
7
4
7
6
6
7
9
7
8
2
5
3
10
9
5
9
9
9
11
11
6
5
7
6
7
3
4
7
5
10
10
8
4
2
2
4
6
4
9
7
10
10
9
7
10
10
9
9
10
10
11
8
9
8
7
5
3
3
2
2
4
7
6
8
7
8
9
9
11
10
9
12
10
8
8
6
6
5
8
8
5
6
5
5
4
1
4
2
4
3
5
6
8
6
10
9
10
10
8
9
6
4
6
4
5
5
5
3
7
6
4
4
4
5
5
5
4
8
9
8
12
9
10
10
13
7
10
8
4
6
5
8
6
10
9
9
7
6
5
2
5
4
5
6
4
6
10
7
4
6
9
9
10
9
10
9
6
5
6
12
9
5
6
5
4
2
5
2
2
4
6
4
6
5
7
11
9
10
8
10
9
9
10
9
5
8
8
6
6
6
5
6
8
9
9
8
6
4
5
5
5
6
5
7
6
9
9
10
6
7
7
8
7
7
7
4
3
2
3
5
8
6
8
3
8
5
4
4
5
11
8
11
7
5
6
7
8
7
7
8
5
4
3
4
5
3
2
3
5
6
10
9
7
6
8
5
4
9
7
6
6
5
4
8
7
6
6
6
5
10
4
8
1
2
4
4
10
8
7
12
8
4
7
3
6
5
5
7
4
5
6
6
5
4
10
8
7
7
4
1
3
1
0
7
5
5
5
7
9
5
12
8
8
8
4
5
5
5
4
6
9
11
7
7
3
3
3
2
3
4
6
5
5
4
6
7
7
8
4
9
7
4
5
6
6
4
8
9
8
5
4
6
1
2
3
4
4
4
5
5
4
5
3
7
7
11
10
10
6
6
5
6
5
5
5
5
9
7
6
5
0
0
1
3
5
2
3
4
7
7
5
7
7
8
10
8
5
9
7
7
4
5
5
7
6
5
7
7
5
3
1
1
4
7
8
8
7
5
3
5
5
4
3
4
5
7
5
6
9
10
8
4
3
3
7
5
7
8
8
9
8
6
3
2
6
6
7
7
3
4
3
4
5
3
5
4
8
6
7
11
8
7
5
7
2
7
9
7
4
9
10
10
6
7
4
7
5
8
7
4
4
5
5
4
5
6
6
3
5
4
5
8
10
10
10
8
9
7
8
8
10
6
7
4
0
3
2
5
5
9
5
6
5
5
5
5
6
6
5
4
5
5
6
3
5
3
5
6
9
8
7
7
7
4
4
2
2
3
6
4
4
8
1
5
5
6
7
6
7
5
5
9
7
7
3
5
6
6
3
6
8
8
7
4
8
6
4
2
4
6
5
5
6
6
5
5
5
8
10
9
7
6
6
5
2
6
6
6
5
6
5
8
6
7
7
7
7
8
7
11
10
1
1
5
7
3
4
2
5
3
6
6
5
4
6
3
6
2
3
5
7
6
5
6
4
4
4
6
7
9
7
9
5
5
6
6
9
6
7
6
5
6
7
2
8
6
7
5
4
6
4
4
4
4
5
5
5
4
5
4
6
2
6
3
5
3
3
6
7
8
7
5
8
10
7
8
9
6
8
7
6
8
9
5
3
5
2
0
2
6
4
6
5
5
10
7
6
4
6
8
10
7
6
7
3
6
4
4
4
8
9
8
9
7
7
8
4
6
6
3
9
7
11
10
1
1
2
1
5
5
8
4
4
4
5
4
7
5
6
4
6
3
2
4
5
8
7
6
4
6
8
9
9
9
6
8
5
7
8
6
7
6
3
5
4
5
2
4
5
8
10
5
7
602
1001
2000
2700
3452
4151
4053
4701
4453
4400
5403
4600
4601
4550
5556
6100
7100
7704
8251
8950
9950
10454
10803
11551
12300
13050
13900
14651
15600
16600
17600
18600
19600
