3.61086
3.36
3.52
2.88
2.56
3.52
3.72
3.36
3.36
3.2
3.84
2.4
1.44
3.36
3.36
3.36
4.16
4.16
3.52
3.2
3.68
3.84
3.04
3.84
3.2
3.68
3.68
4
4
2.08
3.36
1.76
3.36
2.88
2.64
2.88
2.72
3.68
3.52
2.4
5.44
3.84
3.84
4.16
4.8
3.52
4.96
3.68
2.24
3.84
2.56
4
6.24
3.2
3.2
5.44
4
5.28
5.44
2.88
4.32
3.52
3.52
5.92
5.12
3.52
4.32
4.96
4.8
2.72
3.68
4.96
5.6
5.28
2.56
3.68
4.64
4.8
4.32
5.44
4
4.96
4
5.28
5.12
5.12
2.72
1.28
4.8
4.8
4
4.8
4.64
4
4.48
5.12
5.6
5.28
4.48
4.48
4
4.32
5.28
5.44
4.32
4.96
4.16
4.32
3.36
4
4.48
5.12
4.64
4.64
6.24
3.84
4.16
6.72
3.36
4.48
4.16
4.32
5.28
3.36
5.92
4.32
3.68
3.2
4.8
6.08
4.16
4.88
5.6
4.16
3.2
3.52
6.08
2.72
6.56
3.36
5.44
4
4.8
5.92
2.56
3.84
5.28
4.48
2.88
4
3.2
4.64
3.36
6.08
4.96
3.2
6.56
4
5.76
2.72
6.08
2.88
4.32
4.96
1.76
5.28
6.24
5.12
3.68
5.28
2.56
4.48
5.28
4.64
4.32
5.44
3.84
4.64
4.48
3.04
5.6
3.36
4.32
5.6
1.92
5.92
3.68
2.88
2.72
4.64
5.76
5.6
3.84
4.48
4.96
4.96
4.16
3.36
3.04
4.48
5.12
7.04
2
3.68
5.44
5.12
6.4
4
4
4.96
5.76
4.96
4
3.84
4.64
5.28
4.16
5.6
5.92
3.36
4.64
4.48
3.52
4.32
4.64
4.96
5.44
3.68
4.8
5.6
3.2
4.32
4.64
6.4
5.44
3.52
3.52
4.96
5.12
5.12
3.36
2.08
3.92
5.6
3.36
3.36
5.28
4.64
4.32
4.48
3.84
4.64
4.64
4.96
6.4
2.4
4.48
6.08
3.2
4.32
4.8
2.24
3.2
4.16
5.92
4.48
4
4.48
5.44
4.96
4.64
4.32
4.32
4.48
4.8
4.96
5.6
4.32
4.64
3.52
4.16
4
4.32
3.04
5.28
5.44
6.88
4.64
5.28
3.2
4.96
5.12
5.92
3.04
3.2
4.8
4.96
4.64
3.36
3.84
4.48
4
5.44
3.04
4.8
2.88
4.64
6.24
3.52
5.44
4.8
4.48
4.48
4.48
3.84
4.48
4.8
4.48
3.04
4.96
3.2
4.64
4.96
5.76
5.28
4.16
3.84
3.52
4.64
5.28
3.04
5.12
5.28
5.12
5.12
6.08
2.88
3.68
3.04
2.88
5.6
5.12
4.8
4.16
4.8
4.48
5.12
4.16
3.36
4
5.12
3.68
5.12
5.12
3.84
4.32
3.84
1.76
5.6
3.52
4.48
4
3.2
3.52
2.72
4.16
5.28
4.64
4.64
3.84
3.2
4.32
4.48
3.36
4.32
5.44
3.36
2.88
4.64
3.2
4.48
3.68
3.84
3.52
4.48
3.84
3.52
4
4
4.16
4.32
3.84
3.84
4.16
5.44
3.84
2.08
4.32
4.32
4.32
4.32
4.32
4
3.52
4.96
3.84
3.68
4
4
4
4.16
3.68
3.52
4
2.56
3.52
2.72
3.84
4.48
5.76
4.32
3.52
4.32
3.36
4
4.48
4.48
4.16
2.88
2.88
5.76
3.04
3.52
4
3.68
3.04
3.84
4
3.36
4
3.84
3.52
3.68
3.84
3.68
3.2
4.48
3.04
3.84
4.32
4.64
4.32
3.36
4.8
4
1.6
3.2
3.84
4.96
3.84
5.12
4.64
4.48
4
3.36
4.16
4.32
3.84
3.52
3.36
4
3.52
3.04
3.68
2.08
4
3.04
4.32
3.68
3.52
3.2
4.48
3.84
4
3.04
4.96
4.48
4
3.68
4.16
5.44
4.32
4.16
4.48
3.52
4.48
3.84
4
5.12
4
3.84
4.16
3.52
3.04
4
4.48
5.6
3.68
4.8
5.12
4.16
4
3.84
2.08
3.2
4.48
4.16
4.64
4.16
4.32
3.04
6.08
3.68
4.64
3.52
3.68
5.76
4.32
4.8
4.96
4.96
4.96
3.2
2.4
4.32
3.36
4.8
3.2
3.68
4.32
3.52
4.32
4.32
3.52
4.64
4.16
5.12
4
3.68
5.12
4.48
2.56
5.76
3.68
3.04
4.64
4.64
3.36
4.48
3.68
4.32
2.88
4.16
3.52
4
3.2
2.72
3.84
3.84
4.48
4.64
2.4
4.48
4.64
4.64
5.28
4.16
3.36
3.2
4.32
4.16
4.96
4.8
4.64
5.28
4.48
4.16
4.16
4.32
5.28
2.88
5.44
3.84
3.52
3.2
3.52
4.48
4.16
4.32
3.68
4.16
4.8
4.16
4.48
4.48
3.68
4.96
5.28
4.96
5.92
2.4
5.12
4.48
4.64
4.96
4.16
5.28
4.64
4.8
4.8
3.52
4.16
5.44
5.28
4
5.12
4.64
4.16
3.2
2.72
5.76
4.48
5.76
5.44
5.12
6.56
5.12
6.4
6.24
6.24
5.44
5.44
5.6
6.72
5.44
3.68
4.64
6.4
4.16
3.2
4
6.4
5.76
4
5.76
4.16
4.8
5.28
5.92
5.92
5.28
6.56
4.96
4.96
4.48
6.72
5.6
6.88
3.04
4.96
5.44
4.96
5.28
5.92
5.12
6.24
4.96
4.8
5.44
5.28
4.8
5.44
4.16
5.76
5.44
4.32
5.28
5.76
2.88
5.28
5.12
5.44
6.24
5.28
5.12
6.08
5.76
5.44
5.44
5.28
5.92
6.56
5.6
6.4
5.92
5.28
5.92
2.88
5.6
6.24
4.64
6.72
5.92
4.96
6.24
5.12
7.04
5.92
4.32
6.56
5.76
5.76
5.6
6.72
6.08
5.92
5.6
3.2
6.56
5.44
5.92
5.6
5.92
4.96
5.6
5.28
6.24
4.8
5.28
5.44
6.24
5.44
6.4
8.32
6.56
5.6
3.52
6.72
6.72
7.52
7.2
6.08
4.96
6.08
5.44
6.56
5.28
6.24
5.28
7.68
6.08
5.76
6.56
5.6
6.24
5.28
2.72
5.6
5.44
6.56
5.28
6.24
5.12
5.44
4
5.44
4.96
5.92
5.28
5.44
7.52
6.56
5.92
6.4
5.6
3.2
4.32
5.12
4.48
4.32
5.92
6.4
5.76
5.28
5.28
7.36
4.16
5.12
5.76
5.6
5.6
5.44
5.92
4.8
5.6
2.4
7.36
5.12
7.04
6.24
6.24
4.96
5.44
6.08
4.64
5.6
4.48
5.44
5.12
5.28
5.76
5.92
4.8
5.12
2.88
6.72
5.28
4.48
4.64
6.72
6.56
6.72
6.24
5.44
4.32
6.24
4.8
4.8
5.6
5.12
6.24
6.88
4.64
5.44
3.52
5.76
4
5.28
5.92
6.56
4.32
4.64
5.76
4.48
4.48
4.8
5.6
4.48
3.84
4.96
5.28
7.04
6.24
4.16
5.6
5.92
5.28
5.28
4.32
5.6
6.4
5.12
5.6
6.08
6.08
3.52
4.32
4.64
5.76
4.8
5.76
7.52
5.12
3.2
5.44
4.96
5.44
6.4
5.44
6.24
4.48
5.76
5.92
5.44
4.64
4.8
6.08
5.28
4
3.84
5.12
5.6
2.24
4.64
4.32
4.64
5.44
4.16
3.84
4.64
4.32
4.64
4.48
4
5.28
4
4.96
4.96
3.68
5.12
4.16
4.32
2.88
4.8
5.28
4
4.8
3.68
4.64
4.48
4.32
5.6
3.84
4.48
4.64
5.28
5.44
6.08
6.24
4.32
4.64
2.88
4.64
5.28
4.64
4.32
4.32
5.44
5.76
4.96
4.32
4.96
5.6
4.8
6.24
5.44
4.64
4.16
6.08
5.6
5.28
3.84
5.44
4.8
5.28
5.28
6.88
5.6
5.92
5.92
5.28
5.92
6.08
6.4
6.56
4.48
5.28
5.44
5.28
4.96
3.36
5.76
6.08
5.76
5.12
6.56
5.28
5.76
4.8
5.92
5.76
4.32
5.28
4.8
4.8
3.36
4.16
6.56
4.8
5.6
5.12
5.44
5.76
5.6
4
5.44
6.72
3.52
8.16
5.92
5.76
7.2
5.76
5.12
7.36
5.6
5.28
5.28
5.92
3.68
7.68
6.4
4.32
5.92
4.96
5.76
5.44
4.96
4.8
4.32
4.96
5.44
5.28
5.6
5.76
5.76
5.44
6.4
5.12
4.16
4.48
4.8
4.48
5.92
6.72
5.28
4.8
5.44
5.28
5.76
7.2
5.12
5.12
5.12
4.32
5.44
7.2
6.88
4.16
6.4
4.48
5.28
4.64
5.12
6.24
5.44
4.16
4.96
5.12
4.32
3.2
5.12
4.96
5.6
4.96
4.96
4.16
4.96
3.2
4.48
5.28
4.48
4.48
4.8
4
4.96
4.64
4.96
4.32
3.84
5.12
5.76
4.64
4.8
4.32
4.8
4.8
4
4.32
5.44
5.6
5.28
5.6
4.48
6.08
4.48
5.76
5.6
6.08
5.28
5.12
7.04
3.04
6.24
5.44
7.04
5.28
2.88
5.76
4.8
5.76
5.12
5.28
4.16
5.76
6.08
5.76
4.32
4
4.96
5.76
5.12
4.16
4.8
4.8
5.92
4
5.44
4.96
4.32
5.28
6.24
6.24
5.28
4.96
5.28
4.96
6.4
6.4
5.6
5.76
5.6
4.96
5.76
6.88
5.92
2.56
5.76
5.6
5.92
5.92
7.68
5.28
4.96
6.4
5.28
4
7.04
4.64
6.08
7.04
7.2
8
7.2
6.08
3.84
7.36
6.4
6.56
6.24
6.56
4.96
5.28
5.76
5.28
6.56
7.68
6.24
7.2
6.08
6.08
6.24
7.2
6.56
8.8
4.8
7.52
6.24
6.56
5.92
6.4
5.92
5.92
7.04
7.52
5.92
6.88
5.44
5.44
6.24
4.64
5.92
4.96
4.8
2.72
5.44
6.72
7.04
7.04
7.36
6.88
6.88
5.92
5.92
8.16
6.08
7.36
4.16
7.2
7.2
5.6
6.24
7.04
4.96
2.56
6.08
5.28
6.24
5.44
5.76
6.72
5.6
6.24
6.08
5.6
6.88
5.76
5.44
6.24
6.4
8.32
5.92
6.72
3.52
5.76
4.64
6.8
5.44
4.32
6.4
8.16
7.36
6.24
7.52
7.04
5.44
7.04
7.68
7.52
6.24
5.12
7.52
3.52
4.8
7.04
7.04
5.92
6.4
5.92
7.52
7.04
6.08
6.4
6.72
6.24
7.04
5.92
7.04
4.64
6.56
8.32
4.64
7.84
7.84
7.52
7.04
7.04
8
8
9.6
8.96
7.68
7.2
7.68
7.52
7.36
6.56
7.52
7.52
7.36
6.88
4.32
6.08
7.68
7.52
8.32
8.8
6.24
5.92
6.24
8.16
6.72
6.88
7.36
7.36
6.56
6.88
6.24
7.52
7.52
4.96
6.72
7.04
7.04
6.56
7.68
6.24
6.88
5.76
6.08
5.76
6.56
5.76
5.92
6.08
6.56
6.4
6.56
6.24
6.72
4.64
7.52
5.92
7.84
6.56
7.52
5.92
7.2
6.4
7.68
6.24
6.08
6.08
6.24
5.76
7.2
8.8
7.04
6.4
3.36
7.04
5.76
6.72
7.04
7.36
7.04
6.88
7.04
7.52
8.16
6.72
6.72
7.52
6.88
7.84
7.84
7.36
6.88
6.4
4
7.36
7.04
6.4
7.68
5.92
6.56
6.56
7.36
6.88
7.04
6.88
7.2
7.36
6.08
5.92
6.56
7.52
5.92
3.2
8.16
7.68
5.92
6.72
6.88
6.56
6.72
6.88
6.4
6.4
6.56
6.56
6.88
5.92
6.08
6.56
6.56
6.24
6.88
3.68
7.04
4.96
6.08
4.96
7.04
6.24
5.6
6.56
6.88
5.44
5.28
6.4
6.56
5.92
6.4
5.76
6.4
5.92
4.8
6.88
7.36
7.04
5.92
6.72
6.56
6.56
7.68
6.24
7.2
6.56
6.56
6.24
7.04
5.6
6.08
6.72
6.56
6.24
4.64
6.4
5.92
7.2
6.56
6.24
6.56
6.24
7.04
5.6
5.92
5.92
5.6
6.24
6.24
6.4
4.8
6.24
5.12
3.84
5.92
5.44
5.92
5.12
6.24
6.24
7.2
6.72
5.76
5.6
6.56
6.08
5.28
6.88
5.28
5.92
6.08
6.08
6.08
3.84
4.48
6.72
6.08
6.24
5.76
7.04
6.24
5.44
5.44
7.04
5.28
5.6
4.96
5.6
5.6
5.76
6.4
6.24
3.36
6.56
6.56
5.92
7.04
7.84
5.12
5.6
6.56
7.2
6.4
6.4
7.36
5.44
7.36
5.12
5.44
6.24
5.44
4.32
4.16
6.56
6.72
6.4
5.28
5.44
4.64
5.76
6.08
5.28
5.92
6.56
4.8
6.24
4.32
6.4
4.8
5.6
4.96
3.68
4.64
5.76
5.92
5.76
6.08
4.8
5.76
6.4
4.48
5.44
5.12
4.64
5.6
5.76
5.76
4.8
5.6
4.64
5.76
3.84
4.16
5.76
5.44
4.8
5.92
6.08
4.96
6.56
6.08
5.28
4.64
5.92
5.12
5.76
5.92
5.6
5.6
6.08
3.2
5.6
5.28
5.44
6.24
5.92
5.44
5.28
6.08
6.24
6.56
5.6
6.56
4.48
4.8
6.88
5.28
5.28
4.96
4.8
3.52
5.6
6.4
5.6
7.36
4.16
5.12
6.88
5.6
6.4
5.92
5.92
6.72
5.12
5.6
6.4
5.44
6.56
5.44
3.36
8.96
5.6
6.4
6.72
6.4
6.72
7.04
5.28
6.08
5.76
6.72
6.4
4.64
6.88
7.2
5.6
6.4
6.4
5.28
7.04
4.64
6.72
8.16
4.96
6.08
6.4
4.48
6.4
5.44
6.4
6.08
6.24
6.24
6.24
6.08
4.96
5.6
6.72
4.64
6.56
6.56
6.72
5.76
6.4
6.56
8
7.04
5.6
7.04
6.56
7.04
6.88
7.04
6.08
8.64
5.92
5.92
7.52
5.76
7.84
5.76
7.36
6.72
5.44
6.88
5.44
6.08
6.72
6.24
6.88
5.44
6.4
7.2
6.56
7.68
6.88
5.28
4.64
8.8
8.8
5.44
5.92
5.12
7.68
6.88
5.44
6.08
6.56
7.04
5.6
7.36
6.88
7.2
6.88
6.08
6.4
7.84
4.48
5.92
6.72
7.04
5.92
7.04
5.12
6.88
6.4
5.28
5.92
7.04
6.4
5.92
6.88
7.36
6.72
7.2
6.4
4.8
6.56
5.6
5.6
5.92
5.28
4.96
6.72
5.92
6.24
6.4
4.64
8
6.4
5.6
5.92
6.24
5.6
5.92
6.88
3.84
5.92
6.88
6.72
5.92
6.72
5.6
6.08
5.6
5.92
6.72
7.2
6.08
6.88
4.8
6.4
5.76
6.56
6.72
3.68
7.52
6.08
5.92
6.24
4.96
7.52
5.6
6.56
5.76
5.44
5.76
6.08
5.44
5.44
6.08
4.96
4.48
7.68
5.28
4.96
6.08
6.24
5.76
4.96
5.12
5.44
5.76
5.44
6.08
7.36
5.76
5.92
5.6
6.72
5.92
6.08
5.12
5.76
4.16
6.4
6.56
4.96
6.72
6.08
5.92
5.92
6.56
5.6
6.08
5.76
5.6
6.88
6.08
6.4
6.88
5.6
6.4
5.6
4.96
4.48
5.44
5.76
6.08
5.12
5.76
5.28
6.24
5.76
6.4
5.92
4.48
6.24
6.24
6.88
6.72
6.4
6.4
3.68
6.4
6.56
5.28
5.92
5.44
4.96
4.96
5.44
6.56
6.4
5.76
6.88
5.12
7.2
6.72
5.6
5.92
4.96
5.44
4.8
8.16
6.24
6.72
6.4
6.4
6.88
5.92
6.08
6.4
5.76
6.24
6.24
6.72
6.88
6.08
6.08
5.92
5.28
4.64
7.04
7.52
7.52
5.6
6.56
6.24
6.08
7.04
5.92
4.8
5.6
5.44
4.64
4.48
4.64
4.8
4.96
6.08
5.6
4.16
4.48
3.84
6.56
4.96
4.8
4.32
4.48
3.68
4.8
4.8
5.28
4.32
4.8
4.96
4.96
5.44
4.32
4.32
2.08
5.44
3.84
2.88
4.64
4.8
5.12
4.48
4.96
4.16
4.64
5.6
5.6
4.8
4.16
5.12
5.44
5.12
4.48
4.8
3.84
5.28
4.16
4.8
4.32
5.44
4.64
4.8
4.48
4.8
5.12
5.44
4.48
3.84
4.64
4.48
4.8
4.16
3.36
3.52
4.96
4.64
4.8
5.28
5.6
4.8
4.16
4.96
4.64
4.48
4.96
4.64
5.6
5.12
3.68
4.16
5.76
4.32
4.64
4.8
4.64
4.96
4
4.64
5.92
4.48
4.32
4.8
4.96
4.32
4.8
5.6
5.44
5.12
5.28
4.32
5.6
4.8
3.2
5.76
4
6.08
4.96
4.48
4.8
5.12
4.32
4.32
5.6
5.76
4.96
5.76
4.96
4
5.44
5.28
5.12
4.96
3.52
5.28
4.32
4.8
4.16
5.12
5.92
5.76
4.32
5.92
4.32
4.8
4.64
5.12
5.6
5.12
4.8
4.8
4.48
3.2
5.76
5.6
5.76
5.28
5.6
4.96
4.96
5.28
5.92
3.68
5.28
4.96
4.64
5.28
6.24
5.76
5.12
4.32
4
3.36
4.8
5.12
4.8
4.96
4.64
4.8
3.2
5.76
4.64
4.48
5.28
6.4
4.48
4.64
4.32
4.64
4.48
4.8
3.68
5.76
4.16
4.64
3.84
3.84
5.12
5.92
4
5.92
5.76
5.28
3.84
4.32
4.48
3.84
5.6
4.64
4.48
4
4.48
5.12
4.96
6.08
4.96
5.12
4.8
4.32
4.8
4.8
5.6
4.64
5.44
5.76
5.6
4.8
4.32
4.48
5.76
2.72
5.6
4.64
5.6
4.48
5.28
6.08
4.48
4.96
4.64
4.32
4.8
5.12
4.96
4.64
4.96
4
3.84
5.76
5.12
3.84
5.76
4.8
5.12
5.28
4.48
3.84
4.48
5.44
4.96
5.28
5.44
4.32
3.52
4.32
4.32
4.16
4.48
4.16
3.52
5.44
4.96
5.28
5.6
5.28
5.28
5.76
5.28
4.48
5.12
5.6
4.48
4.8
5.44
5.92
5.6
3.84
4
5.28
3.04
5.92
3.84
4.16
3.36
4.16
4.32
3.84
3.04
3.84
4.16
4.16
4.32
4.8
4
4.16
3.52
5.44
3.52
3.36
3.52
3.68
3.52
4.48
4.64
3.68
3.84
4
3.84
3.2
3.52
4.32
4
4.48
3.84
4
2.88
3.84
3.84
3.04
3.84
4.8
3.68
3.2
3.84
3.84
4
3.2
4.32
4
4
5.12
3.84
3.52
3.36
4.32
4.8
3.52
2.24
4.32
4.32
3.36
3.2
4.48
3.52
4.32
3.36
3.04
3.68
3.36
4.48
4.64
3.2
4.64
4.96
4.8
3.36
4
2.88
3.52
4.32
3.68
3.36
4.32
3.68
3.68
3.04
4.16
5.12
3.36
4.32
3.68
3.52
2.08
3.04
4.48
4.32
2.24
2.56
3.52
3.04
4.16
2.56
3.68
3.84
3.68
2.88
3.68
3.36
3.68
3.36
4.48
3.36
4
4
2.4
3.2
3.52
3.2
3.2
4.16
4.16
2.56
3.68
3.36
3.2
4.16
4.8
2.88
3.68
5.76
3.68
4
3.04
3.68
3.68
2.88
3.36
2.72
3.68
3.04
3.52
4.32
3.68
3.52
2.56
4
3.52
3.68
3.36
3.36
2.88
3.04
4.32
3.36
3.36
2.4
3.36
2.72
4.16
3.36
3.84
4.32
1.76
3.2
4
3.36
3.36
2.88
5.12
4.8
3.52
2.88
3.68
3.68
2.24
3.84
3.2
3.68
3.36
3.84
3.36
2.56
4.32
3.36
3.52
3.84
3.52
3.36
3.2
3.04
5.6
3.2
2.56
3.36
2.56
14.08
14.88
14.4
14.08
14.24
12.8
12.8
13.76
15.04
18.72
17.76
18.24
18.24
18.08
17.28
18.4
18.56
18.88
8.8
13.76
16.64
15.84
16.16
14.24
13.12
17.92
17.6
16.32
17.44
16
18.4
18.08
17.6
18.56
16
18.08
17.6
17.12
8.8
16.16
11.04
12.96
16.32
17.12
17.6
18.88
17.28
17.92
18.24
15.36
15.36
14.24
14.08
15.84
12.96
13.6
12.48
4.64
14.88
17.12
13.28
8.96
12.32
14.24
13.92
16.16
17.6
16.32
14.88
15.84
16.96
13.6
14.4
12.8
12.32
11.68
14.72
9.44
16.64
12.32
12.8
14.08
12.48
13.44
12.16
12.32
12.48
11.68
11.52
12.32
10.88
11.52
9.92
10.24
9.44
12.8
6.24
16
15.36
16.64
14.88
12.8
10.72
10.24
12.48
11.52
12
12
10.24
11.68
12.16
12.32
11.2
12.16
13.12
12.96
8.8
17.28
14.72
12.8
10.88
12.16
13.28
10.4
12.96
9.12
10.4
9.76
8.48
10.24
8.96
10.4
9.92
13.76
11.36
5.28
13.44
12
11.68
13.12
14.4
11.36
11.68
11.84
12
9.12
11.04
11.2
12.64
7.04
8.8
12.48
13.12
10.56
14.72
8.8
16
12.96
10.24
11.2
11.36
13.76
11.84
9.12
8.16
7.36
7.2
8.96
7.36
8.64
12.48
10.56
8
13.44
4.8
10.88
12.16
12.8
12.64
16.32
10.72
8.32
8
10.08
9.28
6.72
7.36
8.16
8.64
10.88
9.92
7.68
8.96
8.96
5.44
10.08
11.36
12
14.56
16.8
14.24
8.96
12.16
8.32
7.68
8.32
8.48
9.6
8.64
6.88
6.56
6.56
6.08
3.52
6.08
4.32
6.61333
10.4
15.84
10.72
13.84
12
7.52
8.96
8.48
8.32
11.04
11.68
7.04
4.64
9.92
11.04
7.04
5.76
4.48
6.88
4.16
6.4
6.56
5.6
4.96
4.8
9.6
8.48
9.6
10.24
10.24
12.16
5.92
11.84
10.88
13.12
8.8
7.92
8.8
7.68
6.56
6.4
7.68
6.08
9.92
9.12
8.16
7.68
6.72
8.64
2.72
6.56
7.84
8.8
8
5.76
7.36
8.8
6.56
6.56
5.6
5.92
5.92
6.72
5.12
7.52
7.2
5.92
5.76
2.24
6.4
6.56
5.6
6.08
4.32
5.28
4.8
11.04
12.32
11.84
4.48
5.12
4.96
5.44
5.92
6.56
7.84
8
10.08
4
9.6
7.36
10.72
7.84
9.28
8.32
6.56
5.44
7.36
5.76
7.2
8.96
8.64
5.92
9.28
8.16
6.72
7.52
4.8
8.96
5.6
3.84
9.2
10.08
8.48
8.64
9.44
9.44
12.48
14.72
7.52
11.68
13.52
12.56
10.88
9.28
15.68
15.68
13.7067
16.64
15.6
12.48
12.48
11.68
14.72
12.16
6.88
13.92
15.68
17.44
9.44
15.84
15.2
14.08
11.84
15.4036
15.68
17.44
17.44
11.68
7.36
16.1143
13.44
15.76
14.88
15.04
13.76
16.64
17.12
17.12
16.96
9.76
4.8
10.56
9.44
9.44
8.8
8.16
5.92
8.48
6.24
8
6.08
6.24
6.72
4.8
4.96
4.32
5.28
4
4.64
2.88
3.84
3.52
2.88
4.96
7.36
7.2
5.76
7.2
9.28
5.92
4.64
6.72
7.36
5.92
6.72
5.44
7.36
6.72
5.28
3.84
8
5.6
3.36
3.68
4.32
3.68
4.96
4.96
3.68
3.2
3.52
2.88
3.2
3.2
2.24
4.16
3.52
3.36
3.2
3.2
5.44
7.52
7.04
7.68
7.68
7.68
6.72
4.96
3.36
3.52
3.84
3.2
3.68
3.52
4
4.64
3.68
2.4
2.24
2.88
2.72
2.72
2.88
2.08
1.80645
1.69
2.24
1.76
2.48
2
1.44
1.92
2.24
3.04
2.08
3.36
2.88
2.4
2.24
1.92
2.8
1.984
1.33333
2.8
9.12
10.56
12.32
14.08
10.72
7.68
8.8
8.16
12
9.76
9.76
4.96
2.368
1.12
1.6
2
2.4
3.68
4
2.88
4.96
3.36
4.16
5.12
3.68
4
5.12
5.12
1.6
1.44
2.72
4.96
6.88
6.24
1.6
1.92
2.24
2.24
2.4
0.48
1.76
2.24
2.24
1.44
2.88
3.2
2.24
1.6
2.24
0.96
2.56
2.56
2.08
2.4
1.92
2.88
1.92
1.92
1.76
2.72
2.56
2.4
1.76
2.4
1.92
1.6
2.4
1.6
1.44
0.48
1.28
2.56
1.28
2.08
2.56
3.04
2.08
1.6
0.8
1.44
1.52
1.12
1.6
1.92
0.96
1.44
1.28
1.28
1.76
1.44
1.76
1.92
0.96
1.28
1.44
1.28
2.08
2.08
1.28
1.92
2.24
1.76
1.12
1.6
2.24
1.28
1.76
1.44
1.76
0.64
1.6
0.8
2.4
1.28
1.12
1.92
2.24
2.24
2.08
1.68
2.56
1.6
0.64
0.96
1.68
2.56
1.44
1.04
0.8
1.6
0.48
1.76
2.88
1.44
1.28
1.6
1.6
0.96
0.8
1.92
1.44
1.28
1.76
0.96
1.92
1.6
2.72
0.48
0.64
2.72
2.56
1.28
1.28
1.92
1.76
1.76
2.08
1.92
1.12
1.2
2.4
1.92
1.6
0.96
1.76
1.6
2.08
2.08
0.96
1.12
2.08
1.28
1.12
1.6
2.08
0.8
0.8
1.52
0.96
1.28
1.44
1.6
1.12
1.44
1.76
1.76
1.6
0.96
3.04
2.4
2.24
1.44
1.68
0.96
1.12
1.28
1.12
1.92
1.28
1.28
1.6
1.44
0.48
1.44
2.24
2.24
1.6
2.4
1.6
1.44
0.8
3.36
1.76
1.76
2.56
1.92
2.08
0.96
1.12
1.12
1.76
2.72
2.08
1.76
2.4
2.4
1.44
1.6
1.76
1.92
1.12
1.6
1.44
0.8
1.76
1.52
1.12
0.96
1.44
1.76
1.6
2.08
1.92
1.28
0.8
1.12
2.24
2.56
1.92
2
1.92
1.12
1.44
2.24
2.4
1.28
1.6
1.44
2.08
1.44
1.6
1.12
1.76
2.56
1.52
1.92
1.92
2.08
1.6
1.76
1.92
1.52
2.08
2.08
2.08
2.4
1.92
2.24
2.08
1.12
1.6
1.12
1.92
2.4
2.24
1.6
