0
53000
0
1000
1
1000
708
0
0
293
0
1001
0
0
883
1
119
0
0
0
0
995
0
0
0
0
1
364
642
0
0
0
0
0
0
992
0
0
0
0
0
0
0
325
692
0
0
0
0
0
0
0
0
0
819
0
30
1
0
0
0
0
0
1138
0
1012
0
998
1001
998
1002
1036
988
1037
1036
1346
1543
3563
0
0
0
1672
0
1180
0
2614
0
0
1577
0
1268
2704
0
0
2372
0
2080
0
1699
0
1074
0
2603
0
0
1688
0
855
1677
3135
0
0
1039
1777
0
2112
0
1114
1454
0
1543
2418
0
0
1507
1354
0
999
2719
0
0
1282
2761
0
0
1834
0
1412
0
1086
0
1395
1521
2213
0
0
907
1528
2292
0
1292
0
1074
0
2648
0
0
1541
0
1083
0
926
999
1000
1000
1001
999
1000
1000
1001
997
1000
999
1001
998
999
1000
1000
1000
287000
1000
1000
1000
1000
1001
999
1000
1000
0
1001
0
0
1001
0
0
1000
0
0
1001
0
1001
0
998
0
0
999
0
0
1003
0
0
1000
0
0
999
0
0
999
0
0
1000
0
0
1002
0
0
999
0
0
999
0
0
1001
0
0
1000
0
0
1000
0
0
999
0
0
1001
0
0
1000
0
0
1000
0
0
999
0
0
1000
0
0
1001
0
0
1000
0
0
999
0
0
1
999
0
0
1002
0
0
998
0
1001
0
998
0
0
1001
0
0
1002
0
0
998
0
1000
0
0
1000
0
0
1000
0
0
1000
0
0
0
1000
0
0
0
0
1001
0
0
0
1001
0
0
0
999
0
0
0
1001
0
0
0
999
0
0
0
1000
0
0
1000
0
0
999
0
0
1002
0
0
998
0
0
1000
0
1000
0
1000
0
773
228
0
0
998
0
0
0
1002
0
0
0
0
1001
0
0
0
0
496
422
0
0
1
86
994
0
0
0
0
0
0
999
0
0
0
0
0
0
1005
0
0
0
0
0
0
1000
0
0
0
0
0
0
1001
0
0
0
0
0
0
998
0
0
0
0
0
0
1002
0
0
0
0
0
0
1000
0
0
0
0
0
0
1000
0
0
1000
0
0
995
0
999
0
1000
0
999
0
1001
0
999
0
0
1002
0
0
999
0
0
1002
0
0
998
0
0
1001
0
0
999
0
1002
0
997
0
1001
0
999
0
1002
0
998
0
1001
0
1000
0
1000
0
999
0
1002
0
998
0
1001
0
0
999
0
1003
0
997
0
1000
0
1001
0
999
0
1001
0
1000
0
999
0
1000
0
1002
0
0
998
0
0
1003
0
0
999
0
0
999
0
0
1000
0
0
1000
0
1001
0
998
0
1000
0
0
1001
0
0
1001
0
999
0
999
0
1000
0
910
91
0
998
0
1001
0
1000
0
1001
0
999
0
0
1001
0
0
1001
0
0
1001
0
998
0
1000
0
0
999
0
795
210
0
995
0
0
1002
0
0
999
0
1001
0
998
0
1004
0
996
0
1001
0
0
999
0
0
1003
0
0
137
865
0
0
1
993
0
0
0
1003
0
1002
0
999
1000
1003
0
1001
1000
1002
0
1000
999
1001
1000
1003
0
1000
1002
0
654
1003
0
1002
1000
999
1001
1000
1001
998
1000
1001
1001
998
1001
999
1000
1001
0
1000
1001
1000
1000
1000
1000
1000
1002
999
1001
998
1000
1000
999
1000
1001
1000
999
1000
1000
1001
999
1000
1000
1001
1000
999
1000
1002
0
1002
0
1002
0
1003
0
1000
239
765
1003
1001
0
1001
1000
1000
1001
0
1000
1000
1001
0
1000
1000
1001
0
1000
1000
1001
0
1000
1002
0
999
1003
0
392
1003
0
173
1004
0
1000
1000
1000
1001
999
1002
0
1000
1000
1002
0
1000
1000
999
1002
0
1000
1001
259
748
1017
1002
1002
0
721
1002
999
1003
0
1002
0
166
1002
1004
0
568
1005
0
274
1001
1002
0
53
1004
0
1002
0
364
640
1001
358
646
608
919
85
1004
0
592
1005
0
999
999
1002
119
1003
0
1003
0
998
1000
1002
1001
997
1002
0
1001
626
1003
0
1000
545
460
504
1006
0
998
349
655
1006
0
1000
1002
0
1001
1000
998
1000
1002
0
999
1000
1000
1000
1004
996
783
64
1002
0
1001
1001
998
1000
1004
0
1158
559
442
867
49
1003
0
645
901
1006
0
998
1000
964
41
1004
0
829
998
1004
0
32
1004
0
622
990
14
1002
0
1004
996
933
260
752
1010
0
998
1001
999
1000
996
1000
1000
1001
1
1001
1002
1000
1004
0
711
1001
1003
0
999
1002
0
1001
1058
998
1004
0
1000
1000
1002
0
999
1004
0
241
1008
0
730
1005
0
1001
998
1003
998
999
1003
1000
556
746
1005
0
999
1001
1000
1001
1002
997
958
1004
0
1000
1000
1002
998
1000
1000
1001
0
1000
1001
0
1000
1000
1001
0
1000
1002
0
1001
998
1004
0
1001
999
999
1000
999
1001
998
1001
1000
1001
999
999
1000
1000
1000
1004
0
998
999
1001
1000
1000
1000
999
1001
1002
0
1000
1000
1000
999
416
592
819
191
655
352
1006
0
1002
1000
998
998
1001
1000
1000
1003
0
716
1005
0
285
721
1007
0
1002
996
1000
1000
1002
0
999
1002
999
1002
0
999
932
1008
0
999
998
1000
999
1002
153
472
535
1004
0
998
950
998
1001
1003
0
1003
0
1000
999
1001
999
1003
0
1000
1001
0
1002
1000
998
1000
1001
0
1001
999
1000
1003
0
999
1000
1000
1001
0
1000
1001
387
1002
1001
1
1000
1000
856
364
646
1002
0
126
650
361
1006
0
1033
1002
1001
1003
0
833
351
657
662
741
1008
0
997
1004
996
1253
524
682
321
1003
1001
0
1001
1000
1000
998
1000
974
1014
1001
1000
1001
1002
0
203
1001
1002
0
1000
1003
0
999
105
1004
0
1001
637
366
1259
0
1004
0
1000
1000
1000
117
1000
785
221
1002
1001
1000
999
1000
1000
1001
373
630
1003
0
1001
1002
78
597
1314
998
1004
0
998
1004
0
336
1003
0
1003
1000
999
999
999
1001
1002
0
89
1003
0
354
1001
1002
0
1000
1000
1000
683
326
1003
1002
0
384
622
422
322
66
1003
0
363
1006
0
1002
998
564
225
999
1002
398
604
998
685
321
1003
0
1005
0
998
1000
193
1002
507
97
64
998
1006
0
1001
999
998
829
44
1004
0
602
618
389
1007
0
996
1002
1000
999
999
1000
1004
85
1006
0
919
87
644
82
1006
0
83
455
1004
0
16
165
1007
0
997
1000
1002
1002
999
997
493
688
158
848
728
278
1005
0
595
1163
0
69
240
779
1008
0
997
1001
0
1002
1000
1004
0
998
1004
1002
0
1001
1001
997
196
38
1006
0
1000
1001
579
491
590
1006
0
1000
1095
0
1003
1002
0
1000
1002
997
1002
999
999
1002
642
1002
0
1002
718
1253
11
374
637
1006
0
149
1008
0
325
1003
0
1003
997
1003
999
1000
999
1000
1000
1002
0
1001
999
1000
1001
999
999
1002
0
999
1001
1001
0
1064
286
720
1002
0
1000
339
891
1007
0
999
999
1000
999
999
1001
57
1003
0
1001
1005
456
438
441
743
998
1004
0
1001
0
1001
0
1002
0
1000
999
1001
1003
996
1002
998
1004
999
117
419
1015
1000
1002
0
1002
842
1004
0
1005
999
996
111
897
275
45
1008
0
997
1000
1001
1000
1001
0
1003
703
1007
0
998
1002
997
999
1002
262
1005
0
999
1001
1002
129
1005
0
1002
554
606
1007
0
94
421
49
1003
862
143
903
109
1001
1004
0
419
1002
1003
0
1000
999
1001
1005
995
1001
1004
0
999
762
1004
0
1138
905
751
998
1001
1000
1000
1003
0
997
1000
1000
1000
249
1151
859
1042
702
301
1004
0
688
350
657
781
226
612
1208
1000
490
519
1001
1003
0
1005
0
999
477
1050
997
1001
951
53
998
1003
999
280
729
1026
1002
1001
0
477
186
1002
0
1001
110
1002
996
1002
433
314
581
768
1003
436
425
329
214
704
411
597
1003
0
1001
255
1006
0
1000
999
1001
0
1230
639
609
227
22
998
1007
0
258
263
139
1003
1007
0
995
1000
120
882
23
1007
0
1002
0
1003
997
1000
1002
0
999
111
1002
1001
1006
0
999
91
78
479
1006
0
205
997
856
150
1000
1000
935
1065
0
88
1328
998
1007
0
998
342
661
1067
0
742
146
811
168
382
809
424
524
999
333
800
1000
1003
0
899
109
989
327
631
761
246
1005
0
1002
997
1001
1001
998
1001
0
1002
575
944
64
1000
357
646
958
49
609
400
51
160
998
999
1007
0
998
643
648
232
1001
1003
0
1001
1003
0
1006
0
598
279
725
1006
0
383
126
1213
0
1082
277
997
1004
0
1001
784
223
645
360
1006
0
487
351
1002
1001
927
78
1279
336
413
1386
997
889
119
1001
1002
1002
0
645
459
142
49
584
486
516
766
106
999
1007
0
934
1003
1003
0
888
999
1001
999
1005
0
998
1002
211
1002
0
557
1007
0
997
144
1008
0
399
1005
0
1000
695
999
1004
0
1001
217
992
70
89
12
425
581
17
78
1005
0
306
1004
0
891
922
1006
0
696
946
61
1003
1003
0
1077
335
515
776
998
885
120
255
752
234
721
286
1002
1
1002
725
281
184
1003
0
490
519
768
241
1005
459
749
807
761
512
1001
695
310
1004
0
1005
0
299
1002
932
72
814
1182
0
1003
402
48
429
580
432
1003
1003
0
627
683
218
1001
998
1006
0
1008
391
606
781
99
246
998
545
1358
997
1005
0
1000
1000
1001
998
881
980
45
1001
1005
0
999
1001
0
958
48
678
873
1001
998
1000
1006
0
998
1870
131
69
590
1216
71
395
209
1000
1003
0
339
670
1506
490
943
39
1000
1003
0
1000
424
93
998
137
405
1005
0
999
997
1003
997
816
19
622
997
1473
535
0
1005
0
998
1001
302
742
168
1264
547
910
1000
770
234
1002
951
52
539
1234
967
37
1002
939
63
918
85
998
1007
0
1004
0
307
528
266
842
160
1001
1001
313
690
604
401
1006
0
566
998
390
616
1000
28
248
259
1003
999
998
447
559
750
1005
0
2371
120
398
1358
1159
998
1008
1
295
430
573
1001
1001
718
1119
78
383
110
1003
1000
527
474
1000
1001
160
845
601
405
328
1001
99
1061
1
2007
0
0
2000
0
1887
108
303
1000
1005
0
71
994
628
375
1002
1000
1
958
44
572
133
965
40
540
458
548
426
211
400
608
848
759
1002
1000
1000
1002
0
205
801
664
1002
972
35
1002
1005
0
1006
0
324
999
1003
0
998
1004
0
999
1001
201
999
149
861
1001
1002
0
737
1264
0
1000
695
311
1074
352
179
825
999
696
803
76
198
1000
899
998
1003
1001
0
1004
997
999
2009
0
0
985
1999
0
712
363
998
949
56
630
375
1002
609
1345
730
1269
1000
1004
0
1007
0
629
495
1080
759
921
1078
1000
1005
0
1000
741
997
197
537
1001
187
821
2005
0
0
1247
1001
1004
0
1029
2005
0
0
1006
0
1004
0
999
1006
0
1998
0
1007
997
0
1999
997
712
296
1000
739
264
2000
0
1006
0
1006
0
999
2002
0
1998
0
274
370
1070
999
1005
0
1611
1614
16
1164
443
559
1000
603
771
231
302
1
725
280
1001
1000
833
169
219
273
1000
764
239
553
455
505
998
344
662
1004
0
1001
292
1
1003
1002
0
862
603
1070
1000
1003
1001
0
157
1005
0
302
702
279
82
146
998
994
1000
659
346
1
1003
1004
0
998
1002
997
1000
668
1020
1000
175
652
349
1003
0
1000
1001
999
625
938
68
1003
758
32
1003
1001
0
999
1004
0
333
1000
1004
0
1004
0
1000
944
1817
180
1820
0
702
387
143
700
805
1006
0
998
999
1002
998
1003
701
270
1760
1309
0
1169
1117
997
1004
0
168
1003
999
464
820
998
1001
761
247
741
268
250
1179
171
998
1004
0
999
379
213
58
335
353
781
230
1001
1002
1004
0
999
416
593
747
871
1034
1002
625
377
1
769
850
154
125
998
995
1003
0
999
667
237
1001
1003
0
1000
432
571
998
1003
0
1003
0
382
556
999
830
180
1003
999
1005
0
997
644
1024
1004
0
1149
1000
500
1286
247
999
1002
0
119
980
24
907
293
981
1238
0
998
970
38
1004
0
1002
0
142
377
795
557
1000
1002
1002
0
604
246
41
102
860
144
998
1003
80
927
1003
0
1004
0
982
25
1001
1001
808
196
1003
678
1241
1080
0
999
989
998
414
8
554
954
1000
741
263
703
301
371
632
121
1723
1002
998
444
563
218
1004
0
361
131
874
639
1679
1
544
1101
3000
0
0
533
472
310
218
855
1149
0
47
638
286
606
399
756
248
414
1145
1000
1005
0
103
234
264
820
182
474
1156
2033
0
1000
266
382
1
1
940
349
655
315
691
1140
999
331
675
308
444
1
997
1005
0
319
443
560
795
1250
997
710
997
1004
0
1002
434
905
89
981
25
1008
1001
873
130
352
518
33
621
387
734
269
898
1146
284
145
858
1005
0
1000
1001
1001
606
398
997
529
476
715
291
1001
1001
1003
0
1001
997
317
888
608
1045
1000
242
997
754
997
265
741
999
1003
997
231
143
1002
126
247
400
1
998
1003
1118
881
2003
0
0
1001
1001
1000
1000
329
675
160
842
1006
819
1263
1
998
1002
461
1014
403
600
999
1003
997
576
1426
997
1002
1000
334
671
1144
1107
693
418
1049
499
557
874
999
976
1009
565
143
1000
981
679
999
891
693
1035
1002
345
1242
844
980
998
429
1022
1194
452
997
622
542
1000
659
57
545
373
735
1264
796
1206
998
427
989
1237
149
2531
0
0
1126
1001
217
366
1581
1050
314
690
937
161
931
862
1041
999
1705
299
0
932
2000
0
2001
0
0
525
480
416
172
535
877
654
999
1001
998
1005
0
489
514
1001
390
616
1167
999
166
841
1111
1001
1000
1002
615
1286
1001
999
819
1
334
668
360
644
1161
999
1002
23
301
1175
999
268
553
1000
833
171
1002
1001
274
816
1049
415
1001
177
997
439
565
625
1376
178
1001
2004
996
0
477
528
1003
998
1001
1001
1001
0
303
1002
0
1001
999
89
409
1004
0
1000
999
1003
998
624
379
1001
1001
1000
999
540
463
746
135
105
1000
1609
393
997
1001
1001
958
1693
308
0
416
997
1001
754
250
1000
1002
658
1340
998
2007
0
0
752
256
1002
999
388
1998
0
999
746
258
488
514
994
1007
998
1006
0
1001
2001
0
0
1005
0
1002
999
999
800
204
1278
616
999
1000
1002
999
1004
0
375
314
168
2253
0
2004
0
0
355
997
657
997
1000
1002
1000
271
730
1867
999
574
998
970
32
999
1000
391
617
1113
970
1490
1
1076
999
1003
1001
0
1002
997
1001
1001
1001
837
165
1279
723
1522
0
1194
999
300
1229
399
998
1001
686
2001
0
1474
219
310
1507
998
1002
998
1001
1000
699
1298
998
620
322
1675
1000
1005
0
1616
998
1000
324
603
839
163
2002
994
1000
486
998
1001
1002
288
716
999
446
813
1000
324
2159
215
1000
1001
619
315
121
1791
211
1823
177
1000
289
714
1003
999
1001
997
308
411
1901
101
2000
0
719
940
1001
1002
302
145
2002
0
0
1451
349
393
1000
1000
1003
0
1003
525
477
275
731
1997
982
998
1003
257
1107
1382
360
1480
1001
291
934
1000
1004
0
143
1001
1001
1001
2001
0
996
1002
1000
1001
1002
0
685
997
525
479
411
801
1000
416
733
1646
1
1755
245
999
1002
608
635
352
999
1000
1001
1001
1619
1
1378
1000
1002
1000
998
1000
2000
1000
0
0
0
0
882
357
668
0
2556
2526
2496
1834
1804
96
1760
1730
749
0
11588
11558
11528
11498
11468
11438
11408
11378
11348
11318
11288
11258
780
598
0
4070
4040
4010
3980
3950
9745
9715
9685
9655
9625
9595
9565
9535
9505
9475
10424
10394
10364
10334
10304
10274
10244
10214
5774
0
13774
13744
13714
13684
13654
13624
13594
13564
13534
13504
13474
13444
13414
13384
26753
26723
26693
26663
26633
26603
26573
26543
26513
26483
26453
26423
26393
26363
26333
26303
26273
26243
26213
26183
13321
13291
13261
13231
5660
3789
3759
3729
3699
2566
2536
2506
0
29820
29790
29760
29730
29700
29670
29640
29610
29580
29550
29520
29490
29460
29430
29400
29370
29340
29310
29280
29250
29220
29190
29160
29130
29100
29070
29040
29010
28980
28950
43747
43717
43687
43657
43627
43597
43567
43537
43507
43477
43447
43417
43387
43357
43327
43297
43267
43237
43207
43177
17137
10708
10678
10648
10618
10588
10558
10528
10498
10468
10438
10408
6283
6253
6223
6193
6163
28602
28572
28542
28512
28482
28452
28422
28392
28362
28332
28302
28272
28242
28212
28182
28152
28122
28092
28062
28032
28002
27972
27942
27912
27882
27852
27822
27792
27762
29381
29351
29321
29291
29261
29231
29201
29171
29141
29111
29081
29051
39468
39438
39408
39378
39348
39318
39288
39258
39228
39198
39168
39138
40735
40705
40675
40645
40615
40585
40555
32761
32731
32701
32671
32641
32611
32581
32551
18745
18715
18685
29404
29374
29344
29314
29284
29254
29224
29194
29164
29134
29104
29074
29044
29014
28984
28954
28924
28894
28864
28834
28804
28774
28744
28714
28684
38761
38731
38701
38671
38641
38611
38581
38551
38521
38491
38461
38431
38401
38371
38341
38311
38281
38251
38221
38191
38161
38131
38101
38071
38041
38011
37981
37951
37921
22234
22204
22174
22144
33114
33084
33054
33024
32994
32964
32934
32904
32874
32844
32814
32784
32754
40825
40795
40765
40735
40705
40675
40645
40615
40585
40555
40525
40495
41971
41941
41911
41881
42593
42563
42533
42503
42473
42443
42413
33537
33507
33477
33447
33417
33387
33357
33327
33297
33267
33237
33207
33177
33147
33117
33087
33057
48817
48787
48757
48727
48697
48667
48637
48607
48577
48547
48517
48487
48457
48427
48397
48367
48337
48307
48277
48247
48217
48187
48157
48127
48097
45209
45179
45149
59933
59903
59873
59843
59813
59783
59753
59723
59693
59663
59633
59603
59573
59543
59513
59483
59453
59423
59393
59363
59333
59303
59273
59243
59213
56663
62674
62644
62614
62584
62554
62524
62494
62464
62434
62404
62374
62344
62314
62284
62254
62224
62194
62164
62134
62104
62074
62044
62014
61984
61954
61924
61894
61864
61834
61804
61774
61744
61714
61684
61654
61624
65264
65234
65204
65174
65144
65114
71564
71534
71504
71474
71444
71414
71384
71354
71324
88471
88441
88411
88381
88351
88321
88291
88261
88231
88201
88171
88141
88111
88081
88051
88021
87991
87961
87931
87901
87871
87841
87811
87781
87751
87721
87691
82591
127786
127787
127788
127789
127790
127791
127792
127793
127794
127795
127796
127797
127798
127799
127800
127801
127802
127803
127804
127805
127806
127807
127808
127809
127810
127811
127812
127813
127814
127815
127816
127817
127818
127819
127820
127821
127822
127823
127824
127825
127826
127827
127828
127829
127830
127831
127832
127833
127834
127835
127836
127837
127838
127839
127840
130362
130363
130364
157708
157709
157710
157711
157712
157713
157714
157715
157716
157717
157718
157719
157720
157721
157722
157723
157724
157725
157726
157727
157728
157729
157730
157731
157732
157733
157734
193672
193673
193674
193675
193676
193677
193678
193679
193680
193681
193682
193683
193684
193685
193686
193687
193688
193689
193690
193691
193692
193693
193694
193695
193696
193697
193698
193699
193700
193701
193702
193703
193704
193705
193706
193707
193989
198625
198626
198627
198628
200823
200824
200989
201989
202989
203989
204989
205989
206989
207989
208989
209989
210989
211989
212989
213989
214989
215989
216989
217989
218989
219989
220989
221989
222989
223989
224989
225989
226989
227989
228989
229989
230989
231989
232989
233989
234989
235989
236989
237989
238989
239989
240989
241989
242989
243989
243532
244484
245408
246346
247284
248284
249284
250284
251284
252284
253284
254284
253982
254920
254804
255742
257994
257964
256009
257216
258082
259679
259649
260146
261146
262146
263146
264146
265146
266146
267146
268146
269146
270146
271146
272146
273146
274146
275115
276115
276774
277743
278743
279743
280681
281681
282588
283557
283906
284844
285720
286720
287689
288596
289596
289604
290542
291418
292232
293232
294139
294953
294622
295310
295318
297189
297163
298101
298977
299884
300884
301884
302884
303884
304853
305853
306853
307853
308791
309760
310760
311760
312760
