0
45000
0
0
0
0
0
0
1000
0
250
758
0
0
0
481
12
0
0
503
998
0
0
0
0
600
403
0
996
1999
0
1000
0
0
0
0
0
1001
0
0
0
0
0
0
1005
0
1001
0
995
0
847
0
0
153
1000
0
274
0
728
0
0
0
997
1003
176
274
1187
0
1005
126
871
576
1001
1002
0
1005
0
998
1005
996
999
1999
0
1001
0
1109
1000
1000
1001
0
1002
1000
1000
1001
0
1004
1000
996
1004
997
999
1002
174
1140
1000
1004
3996
0
0
0
1000
1003
0
1001
2996
1000
4000
490
0
511
725
277
0
997
1906
2094
96
906
0
0
999
1003
999
1001
998
1000
1000
1002
132
1495
508
508
327
110
1002
1002
427
1002
509
1000
1001
2999
1000
0
1000
2000
195
805
0
1000
992
13
62
1003
999
998
4000
1000
1000
0
1001
0
865
137
0
1001
0
1001
999
1001
1394
459
996
1002
1998
0
1000
887
118
2000
0
1
1002
0
1003
1000
1482
1000
1002
0
1001
997
2999
1000
0
471
530
557
380
992
2000
0
1003
0
999
3174
1244
1000
1000
1001
0
2999
559
443
0
999
0
1000
0
1001
842
997
1006
996
998
1001
1004
1000
996
398
699
807
997
1003
1004
3996
0
466
537
343
656
0
999
1000
2006
993
311
693
1003
1001
0
70
2331
669
2001
160
156
588
96
1865
1021
0
156
275
999
818
998
874
130
581
1419
1000
1002
999
999
1001
0
1002
542
540
1003
0
1000
1001
2796
0
1156
45
998
2000
999
2004
996
0
990
15
253
1747
922
80
998
1003
1005
993
354
996
1002
1005
439
1004
0
1000
998
1002
417
34
1004
0
1001
998
999
1005
998
1000
1000
1002
999
1000
1001
1004
999
998
1000
1003
999
998
1000
1000
1001
997
1001
1000
1002
997
1002
1000
1004
995
1000
1000
1005
995
1000
1003
1000
995
1001
999
1004
996
1001
1001
1001
997
1001
1000
1002
997
1001
1001
1002
996
1003
1000
1001
996
1001
1002
1001
1000
997
1001
1002
14
1000
1001
1000
999
1000
1001
1000
999
1001
1001
999
999
1000
1001
1000
999
1000
1001
1000
999
1001
1000
1000
999
1002
999
1000
999
1001
1000
1000
999
1000
1003
998
999
213
13
1209
0
1008
0
1001
999
1000
1002
996
1001
999
1001
1001
1033
1006
0
1000
1002
998
1002
1002
997
999
1001
999
1001
1000
1000
999
1001
999
1002
998
1001
1000
1001
998
1002
998
1000
1001
1001
999
1004
996
1001
999
1000
1002
999
1000
1001
1000
999
1000
1001
1232
0
1009
0
1001
1000
998
1005
998
997
1000
1001
1003
997
1000
1000
1000
1000
1000
1000
1000
1001
1000
999
1001
1000
1000
1001
998
1000
1001
1001
998
1000
1001
1001
998
1000
1001
1002
997
1001
240
986
993
1008
1000
1001
1001
999
1001
1001
997
1000
1000
1001
999
1001
999
1001
999
1000
1000
1001
999
1003
999
999
999
1000
1000
1001
998
1003
999
1000
998
1001
1001
1000
998
1001
1001
1000
998
1001
1001
1000
999
1000
1001
1000
998
1001
1001
1000
998
1001
1001
1000
998
1002
1106
0
941
1065
0
1009
0
1005
997
998
1000
1004
1077
0
1013
0
999
999
1001
1002
997
999
1000
1005
997
1024
0
999
81
1009
0
1004
998
998
1000
1004
998
999
1000
1002
999
999
1000
1002
999
999
1000
1001
999
999
1016
0
999
1001
1000
1002
997
999
1002
1000
999
999
1002
1000
999
1001
1000
1003
996
999
1002
1000
999
1131
0
1011
0
998
1002
999
1001
998
1002
999
1001
998
1002
999
1001
1154
0
1011
0
1002
997
1000
1155
0
1010
0
1006
997
997
1000
1001
999
999
1001
1001
1000
998
1001
1001
999
999
1001
1001
999
999
1001
61
984
997
1008
1001
1002
997
1002
999
999
999
1001
1001
1001
998
1000
1001
1000
998
1000
1001
1000
1000
1001
999
998
1001
1001
1000
998
1001
1002
1017
0
46
1001
0
1026
0
999
1002
998
1001
1002
998
1000
1108
11
1008
0
1002
1000
1001
1000
998
1001
999
1002
1000
999
999
1000
1002
999
999
1000
1001
1000
1000
999
1002
999
999
1000
1001
1000
999
1000
1001
1000
999
1000
1000
1000
1001
998
1019
0
1007
1000
1003
998
1003
996
1000
1002
1081
0
1008
0
1003
998
1250
0
1009
0
1000
1011
0
999
1001
1001
999
1000
1000
999
1001
1000
1000
999
1001
1001
999
1013
1033
1007
0
1004
999
999
1000
1001
1001
1000
999
1000
1001
80
989
1010
0
1003
998
1000
999
1074
0
939
1069
0
1011
0
999
1001
999
150
984
995
1008
22
999
999
1000
1001
1138
0
1011
0
1000
1002
998
1253
0
1009
0
1001
1000
1002
997
1002
1000
1000
999
1000
1000
1000
1003
997
1000
1000
999
1000
1001
1000
999
1000
1001
1001
974
108
1009
0
1013
0
1000
999
999
1000
1001
1000
999
1001
999
1001
999
1001
999
1001
999
1002
998
1002
998
1002
998
1003
1000
1000
1000
1000
19
1094
0
1010
0
1003
998
1000
999
1002
999
1000
886
1202
0
1011
0
1000
1064
0
1014
0
996
1016
0
999
1001
1001
999
1001
999
1001
999
1001
999
1001
999
1001
1000
1001
70
987
1010
0
1002
999
1030
0
999
1001
254
50
994
1010
999
1001
999
907
179
997
996
1007
1001
1001
998
1003
998
1001
998
1000
1002
1000
998
1000
1001
16
998
993
1008
1001
1000
1000
999
1002
997
1000
1003
134
985
998
1008
1002
1019
0
999
1002
998
1000
1001
1001
998
1000
1001
1001
998
1000
1000
1001
1128
0
1010
0
1001
999
999
1003
997
1000
1000
1001
999
1000
51
1001
0
281
1309
0
1009
0
1001
1002
998
999
1001
1000
998
1001
1147
0
1009
0
1002
1002
995
1001
1001
1001
997
1001
1001
1000
998
1001
1001
1000
998
1001
1001
1000
998
1001
1001
1000
998
48
1002
0
1007
1006
997
999
1001
1001
998
998
1000
1005
997
999
999
1004
1000
996
1000
1004
998
998
1000
1004
998
998
1003
1001
998
998
1001
1003
998
113
989
992
1011
998
1001
1001
999
999
1000
1001
999
999
1002
1000
999
999
1002
1000
999
999
1002
1000
999
999
1002
1000
999
999
1002
1000
999
999
1002
1000
999
999
1003
998
1001
998
1002
999
1001
998
1002
999
1001
998
1002
999
1001
998
1000
1001
1001
999
1219
0
1010
0
1001
1002
998
999
999
1001
1001
999
999
1001
1001
999
999
1003
1142
0
1010
0
1003
999
999
999
1001
999
1001
1001
999
1000
999
1001
1001
998
1000
1001
1000
1001
998
1000
1001
1000
998
24
1001
999
999
1001
1001
997
1000
1004
1001
1228
0
1009
0
1001
998
1001
1103
0
1007
0
1001
1000
262
987
9
76
116
994
1005
999
1000
1000
1002
1000
1000
998
1002
1002
998
926
1123
0
1006
0
1000
1001
999
998
1003
999
999
999
1002
1000
999
999
1002
1102
0
1005
0
1000
1001
998
1017
0
100
955
53
1005
0
999
1001
1000
999
1000
1001
1000
999
1000
1001
1002
997
1000
1000
117
1007
0
1002
1001
1000
118
992
1001
81
263
999
1213
0
1003
0
1000
1002
998
1000
1000
1001
1000
1000
999
1002
999
999
1000
1001
999
1002
998
1001
999
1000
1003
1000
998
1000
1001
999
1000
999
1002
999
1002
998
1000
1000
1001
999
1000
1000
1001
999
1000
1000
1001
1001
999
1001
1000
1000
999
1001
0
0
0
6
10
0
0
8
9
0
0
0
9
0
0
5
0
0
0
9
0
0
4
9
0
0
3
8
0
0
6
14
0
0
3
12
0
0
3
17
0
0
12
12
0
0
7
0
0
3
10
0
0
0
5
0
0
3
11
0
0
4
10
0
1
9
15
0
0
8
17
0
0
8
10
0
0
4
0
0
2
11
0
0
4
12
0
0
5
7
0
0
3
9
0
0
5
9
0
0
2
11
0
0
6
14
0
0
4
0
0
0
5
0
0
6
9
0
0
2
9
0
0
5
12
0
0
6
10
0
0
0
8
0
0
4
11
0
0
10
0
0
0
10
0
0
3
12
0
0
2
11
0
1
9
12
0
1
4
12
0
0
3
9
0
0
6
15
0
0
13
0
0
3
11
0
0
1
13
0
0
3
13
0
0
2
15
0
0
7
16
0
0
5
14
0
0
7
12
0
0
6
0
0
1
12
0
0
0
12
0
0
3
10
0
0
5
11
0
0
5
9
0
0
10
13
0
0
4
11
0
0
6
0
0
0
8
0
0
0
8
0
0
4
10
0
0
2
13
0
0
9
17
0
0
9
14
0
0
4
15
0
0
10
0
0
0
14
0
0
2
12
0
0
0
102
11
0
6
12
0
0
5
8
0
0
1
7
0
0
7
13
0
0
8
0
0
0
7
0
0
0
7
0
0
0
13
0
0
4
12
0
1
6
15
0
0
7
13
0
4
9
10
0
0
3
0
0
4
9
0
0
3
14
0
0
1
13
0
0
5
10
0
0
3
12
0
0
4
14
0
0
5
15
0
0
5
0
0
0
8
0
0
1
4
0
0
3
7
0
0
4
11
0
0
5
15
0
0
5
12
0
0
2
11
0
4
10
0
0
0
14
0
0
1
11
0
0
2
9
0
0
5
8
0
0
0
13
0
0
11
14
0
0
10
16
0
0
7
0
0
0
7
0
0
0
5
0
0
4
12
0
0
1
13
0
0
155
461
60
1222
1192
4
864
1977
1947
2588
278
0
4914
4884
4854
4824
4794
3673
3643
3845
3815
3785
3755
737
82
582
1845
1815
794
565
450
1913
1883
343
106
2
10
0
0
2
10
294
441
359
0
1843
1813
5
26
0
2
6
0
1
4
12
0
0
6
14
0
0
4
14
0
0
7
19
0
4
12
0
2
7
11
0
0
0
9
0
0
2
12
0
0
10
10
0
0
7
18
0
0
7
14
0
0
3
13
0
0
4
0
0
0
4
0
0
0
10
0
0
0
12
0
0
3
9
0
0
0
10
0
0
7
14
0
0
4
13
0
0
7
0
0
3
7
0
0
0
10
0
0
0
8
0
0
13
705
608
524
516
2
1439
1409
0
1564
1534
283
177
0
0
98
226
68
0
0
6
0
0
0
8
0
0
2
13
0
0
7
14
0
0
4
13
0
3
4
11
0
0
3
14
0
0
757
194
1076
1046
0
0
8078
8048
8018
7988
7958
7928
7898
7868
7838
0
5447
5417
5387
5357
5327
5297
437
931
580
0
1910
1880
12
78
0
7
8
0
0
8
0
0
1
11
0
0
0
8
0
0
0
7
0
0
0
8
0
0
0
4
0
0
5
13
0
0
1
12
0
0
5
0
0
1
9
0
0
60
573
453
577
796
432
251
1323
1293
199
0
111
37
9
0
0
5
11
0
0
5
8
520
742
236
1966
1936
2373
4
1748
1718
0
3630
3600
3570
3540
217
415
0
1
11
0
0
1
9
0
0
2
9
0
0
2
13
22
494
564
355
0
3716
3686
3656
3626
954
202
917
825
1375
1345
3712
3682
3652
3622
2314
2284
2254
2922
2892
2862
3536
3506
3476
840
2051
2021
1991
1420
1390
2678
2648
2618
12489
12459
12429
12399
12369
12339
12309
12279
12249
12219
12189
12159
12129
5798
5768
5738
5708
5678
5648
2197
2167
1930
1900
1489
868
555
1978
1948
3383
3353
5827
5797
5767
5737
5707
5677
2805
2775
4568
4538
4508
4478
4448
928
1815
1785
4839
4809
4779
4749
4719
2053
2023
2738
2708
2678
1304
1274
4089
4059
4029
3999
3969
13780
13750
13720
13690
13660
13630
13600
13570
13540
13510
13480
13450
13420
13390
9032
8584
9021
1104
457
1920
1890
508
8816
8786
8756
8726
8696
8666
8636
8606
8576
5468
5438
4928
1616
1586
406
6751
6721
6691
6661
6631
6601
6571
3648
3618
3588
3558
3352
3322
3292
3262
625
3332
3302
3272
3242
9695
9665
9635
9605
9575
9545
9515
9485
9455
9425
1683
832
472
296
1824
1794
1970
1940
4723
4693
4663
4633
3811
3781
3751
3721
157
7812
7782
7752
7722
7692
7662
7632
7602
4380
4350
5106
5076
5345
5315
5285
5255
5225
5195
825
991
961
6241
6211
6181
6151
6121
6091
6061
26182
26152
26122
26092
26062
26032
26002
25972
25942
25912
25882
25852
25822
25792
25762
25732
25702
25672
25642
25612
25582
25552
25522
25492
25462
25432
25402
3648
3618
6849
6819
6789
6759
5103
5073
3781
3751
3721
3691
770
879
11839
11809
11779
11749
11719
11689
11659
11629
11599
11569
11539
11509
8971
8941
10763
10733
10703
10673
10643
10613
10583
10553
10523
10493
10463
9008
8978
8948
8918
8888
962
2004
1974
6950
6920
6890
6860
6830
6800
6770
7174
2764
14748
14718
14688
14658
14628
14598
14568
14538
14508
14478
14448
14418
14388
14358
14328
7728
27982
27952
28813
28783
28753
28723
28693
28663
28633
28603
28573
28543
28513
28483
28453
28423
28393
28363
28333
28303
28273
28243
28213
28183
28153
28123
28093
28063
28033
27349
27319
27687
27688
27689
27690
28135
30868
30869
36278
36248
36218
36188
36158
36128
37800
37801
40480
40481
40482
42650
42651
43008
43386
44296
45027
46027
47027
48027
49027
50027
51027
52027
53027
54027
55027
56027
44813
45565
47491
49139
49140
56094
56095
56096
56097
56098
56099
56100
56565
57565
58565
59565
60565
61565
62565
63565
64565
65565
66565
67565
68565
69565
70565
63383
65230
66110
