0
52000
2001
921
79
1000
0
0
409
592
0
0
999
0
991
0
1343
666
120
489
1
0
0
226
0
1
363
801
2838
0
135
27
0
453
0
546
0
0
0
0
695
1
0
174
1
493
453
185
0
218
782
0
0
0
0
997
0
0
0
338
670
1
156
835
0
272
731
0
1
996
0
0
0
1002
0
0
1001
0
1001
999
999
1001
997
999
1001
999
1002
998
1001
1000
2003
997
1536
1
463
1001
0
1001
1000
1000
999
1003
1000
999
1999
629
1370
0
1001
0
1000
1001
1000
1004
996
1000
165
422
873
135
993
1002
1000
998
1001
1000
1001
998
552
656
999
1001
2998
205
762
34
1917
1083
0
1000
1001
0
1004
1001
2000
1
0
4000
1000
3000
0
1000
0
2002
270
728
0
1001
0
1000
0
0
1001
1000
1000
1001
1
999
1000
1000
1002
998
1001
999
1001
999
146
1495
1000
1002
0
777
1003
0
999
1000
1000
1001
1000
1001
997
1001
2001
997
1000
711
290
1001
999
1000
5000
0
0
720
282
0
998
1002
0
999
1000
795
4205
1000
2000
1000
0
1000
1001
999
0
0
1000
0
571
434
1002
2998
0
0
1000
1004
0
999
1000
998
1000
1000
1002
1002
2998
1000
0
1000
0
1003
0
999
999
2999
0
1000
1003
0
999
999
1000
1003
1000
448
993
1002
1003
998
998
1001
999
21
980
1004
1997
0
999
1001
0
1000
1000
1001
0
1002
999
999
1001
1999
0
1000
2001
0
999
1001
1002
997
1000
1001
1999
0
1000
1004
997
0
1004
780
1002
0
999
1001
1001
999
326
181
824
997
1001
999
57
997
1000
1001
1001
999
2998
1000
0
1
1002
1001
997
1001
0
1001
1000
1
655
1345
1000
1003
0
999
1999
0
627
687
1004
1997
999
1000
1000
0
1000
3000
801
1
1199
0
0
5000
0
525
478
0
991
7
0
411
592
997
1002
2997
85
916
0
1002
0
932
1005
0
1000
1000
1000
998
1000
1001
1001
997
1001
679
996
200
803
998
864
995
1004
284
1005
0
999
1000
1001
1001
1000
1000
1000
1001
1002
1001
999
1000
1000
1000
1001
1000
999
1000
1001
1000
999
1000
1001
1000
999
1000
1001
1000
1000
1000
1001
1001
999
999
1001
1000
1000
999
1001
1000
1000
999
1001
1000
1000
999
1001
1000
1000
999
1001
1000
1000
999
1001
999
1028
972
1000
999
1002
998
1001
999
1002
998
1001
1101
1044
1147
779
572
677
1074
0
1001
1617
1316
0
1010
0
1001
999
1000
1000
1000
999
1000
1000
1001
999
1000
1000
1001
999
1000
1000
1001
999
1000
1001
1002
997
1001
998
1002
998
1000
1002
998
997
1000
1000
1001
0
1000
1001
1000
1001
999
1001
999
1000
1001
1000
999
1000
1000
1002
0
1000
1002
0
1001
0
1000
1002
0
1000
1001
1001
0
1000
1002
0
1000
1000
1002
0
1000
1000
1000
1002
0
1000
1001
1001
0
1000
1000
1002
0
1000
1002
0
1000
1000
999
1002
1000
999
1001
999
1001
999
1000
1002
0
999
1000
1002
0
999
1000
1001
1000
999
1000
1001
1000
999
1000
1000
1001
999
1000
1002
0
999
1000
1000
1001
999
1001
1000
1000
999
1000
1000
1001
999
1001
1000
1000
999
1002
0
1000
1000
1000
1002
0
999
34
1001
1003
0
999
1001
0
1000
1000
1001
0
1001
999
1000
1000
1001
1001
0
1001
1000
1001
0
1000
1000
1001
1000
999
1000
1000
1001
0
1001
999
1000
1000
1001
1000
999
1002
1000
999
1000
1001
999
1000
1000
1001
999
1000
1000
1000
1000
1000
1000
1000
1000
1000
1000
1000
1000
1000
1000
1000
1000
1000
1000
1000
1001
999
1000
1001
1000
1000
999
1002
999
1000
999
1002
999
1000
999
1002
999
1000
999
1002
999
1000
1117
0
1005
0
999
1002
999
1000
999
1002
999
1000
999
71
992
1003
0
1003
998
1000
999
1002
999
1113
0
1005
0
1001
998
1002
999
1000
999
1003
999
1000
998
1002
999
999
1000
1002
999
999
1002
1000
1000
999
1001
1000
1000
999
1001
1000
1000
999
1001
1000
1000
999
1001
1000
999
1000
1001
999
1000
1000
1001
999
1000
1000
1001
999
1000
1000
1000
1001
1000
999
1000
1002
999
999
1000
1002
999
999
1000
1002
999
999
1000
1002
999
999
1000
1002
999
999
1000
1002
999
999
1000
1002
999
999
1000
1001
1000
999
1000
115
992
1005
0
1000
1002
998
1000
1000
1001
999
1000
1000
1001
1000
999
1000
1001
1000
999
1001
1000
999
1000
1000
1001
999
1000
1000
1001
999
1000
1000
1001
999
1000
1000
1001
999
1000
1000
1001
999
1000
1000
1001
999
1000
1000
1001
999
1000
1000
1001
999
1000
1000
1001
999
1000
1000
1001
999
1000
1000
1001
999
1000
1000
1001
999
1000
1000
1001
999
1000
1000
1000
1000
999
1002
998
1001
999
1002
998
1001
999
1002
998
1001
999
1002
999
1000
1000
1001
999
1000
1000
1001
999
1000
1000
1000
1000
1000
999
1001
1000
1000
999
1001
1000
1000
999
1001
1000
1000
999
1001
1000
1000
1000
1000
1000
1000
999
1001
1000
1000
999
1002
999
1000
999
1002
999
1000
999
1001
1000
1000
999
1001
1000
1000
999
1002
1001
998
1000
1001
999
1000
999
1002
999
1000
999
1002
999
1000
999
1003
998
1000
999
1002
999
1000
999
1363
1262
1124
214
1004
996
1005
1000
999
1002
999
1000
999
1931
1052
999
1005
0
1002
999
1000
998
1002
999
1001
999
1001
1000
999
1001
1001
1252
0
1006
0
999
1002
998
1002
998
1001
1000
1001
999
1000
1000
1000
999
1000
999
1002
310
513
1611
0
1393
0
149
863
1004
0
448
1005
0
1000
571
1004
0
1002
1121
593
1556
0
1477
1745
0
1201
87
999
1352
0
1286
1061
1921
0
1386
0
900
999
2218
0
0
790
1651
2130
0
1326
0
1064
0
945
1000
1000
1081
937
1825
1715
0
1342
1025
71
1206
0
801
1184
847
2120
0
1322
1019
1009
0
1001
1001
1413
959
745
3173
0
0
1119
0
1012
0
998
1005
1127
1487
1284
2763
0
0
1334
0
1011
0
1000
1000
1148
960
1522
1214
1505
0
917
1557
1881
0
1290
0
1012
0
1748
1112
0
1000
119
2434
0
1447
1599
0
1570
0
147
865
990
1003
1002
998
1003
997
1110
339
1600
0
1993
0
413
1385
0
1005
0
1000
1001
1000
999
1001
1091
910
999
1223
777
998
999
1101
1485
2047
0
1353
13
995
1001
1005
998
1002
1000
999
999
1001
1000
1000
999
1001
999
1001
999
1000
1049
949
651
150
1088
1507
258
369
275
666
1181
999
1005
0
1243
756
737
862
977
1034
1253
1239
0
996
1006
998
1001
1000
1000
999
1001
1000
1000
999
1001
1000
1000
1231
1504
2088
0
1076
0
1005
0
1001
999
999
1001
1001
999
999
1001
1001
999
999
1001
1001
999
999
1001
1001
999
999
1001
1001
999
999
1001
1001
999
999
1001
1001
999
999
1001
1001
999
999
1001
1001
999
999
1001
1001
999
999
1001
1001
999
999
1001
1001
999
999
1001
1001
999
999
1001
1001
999
1000
1000
1002
998
1000
1000
1002
998
1000
1000
1002
998
1000
1000
1003
998
999
1000
1003
998
999
1000
1001
999
999
1000
1002
999
999
1000
1002
999
999
1000
1002
997
1000
1000
1002
998
1000
1000
1002
998
1000
1000
1001
999
1000
1000
1000
1000
1000
1000
1000
1000
1000
1000
1000
1000
1000
6
111
28
1003
0
1001
999
1000
1000
1000
1000
1000
1000
1000
1000
1000
1000
1000
1000
1000
1000
1000
1000
1000
1000
1000
1000
1000
1000
1000
1000
1000
1000
1000
1000
1000
1000
1000
1000
1000
1000
1000
1000
121
995
1169
0
1004
0
1000
999
1001
999
1001
1000
1000
1000
1027
1001
0
1002
1000
1000
1000
1000
1000
1000
1000
1000
1000
1000
1000
1000
1000
1001
1000
999
1001
1000
999
1001
1000
1000
999
1001
1000
1000
999
1001
1000
1001
998
1001
1001
998
998
1001
1001
999
999
863
1174
0
1003
0
1001
999
999
1001
1001
999
999
1001
1001
999
999
1001
999
1000
1000
1000
1000
1000
1000
1000
1000
1000
1000
1000
1000
1000
1000
1000
1000
1000
1001
999
1000
1000
1000
1000
1000
1000
1000
999
1000
1001
999
1000
1000
1001
999
1000
1000
1001
999
1000
1000
1001
999
1000
43
998
102
901
1002
0
153
1001
0
1002
999
1000
1000
1000
1000
1000
1000
1000
1000
1000
1002
998
1000
1000
1000
1000
1000
132
997
1001
1003
998
1000
1000
1001
999
161
1003
0
1002
999
940
996
1003
1000
1000
1000
1001
999
1000
1000
1001
999
1000
1000
1001
999
1000
1000
1001
999
1000
1001
1001
998
1001
924
869
1157
0
1006
0
998
1001
1000
1001
998
1001
1000
1001
998
61
1004
0
999
39
1001
0
1003
1000
1000
1001
999
1000
1000
1001
999
1000
1000
1001
999
1000
1000
1001
999
1000
1000
1001
999
1000
1000
1001
999
1000
1001
1000
1000
999
1001
1000
1000
999
1001
1000
1000
999
1002
999
1000
1000
1000
1000
1000
1001
999
1000
1000
1001
999
1000
1000
1001
999
1000
1000
1000
1000
1001
999
1000
168
1004
0
1002
999
1000
1000
1000
1000
1000
1000
1000
1000
1176
0
1101
0
1005
0
1001
1000
999
1000
999
1003
998
192
1006
0
999
1000
599
991
1004
1000
1000
1002
998
1000
1000
1002
998
1000
1000
1002
998
1000
1000
1002
998
1000
1000
1002
998
1000
1000
1002
998
1000
1000
1002
998
1000
1000
1002
998
1000
1000
1001
999
1000
1000
1000
1000
1000
1000
1000
1000
1000
1146
0
1005
0
1001
999
1000
1000
1000
1000
1000
1000
1000
1000
1000
1000
1000
1000
1000
1000
1000
1000
1000
1000
1000
1000
1000
1000
999
1001
999
1001
1000
1000
999
1001
1000
1000
999
1001
1001
999
999
1001
1000
1000
999
1001
1000
1000
999
1001
1000
1000
999
1001
1000
1000
999
1045
0
1004
0
1002
999
1000
1009
0
1000
1001
998
1001
1000
1000
999
1001
1000
1000
999
1001
1000
1000
999
1001
1000
1000
999
1001
1000
1000
999
1001
1001
50
994
998
1004
1000
999
1001
1000
1000
999
1001
1000
1000
999
1001
1000
1000
999
1001
1000
1000
999
40
1001
0
1005
1000
1001
1000
998
1000
1001
1000
1000
999
1002
1000
998
1000
1003
1027
1003
0
1003
1000
998
1000
1002
1000
998
1000
1002
1000
998
1000
1002
1000
998
1000
1002
1000
998
1015
1005
0
1000
999
1001
1001
999
999
1001
1001
998
1000
1001
1000
999
1000
1002
999
999
1000
1002
999
999
1000
1002
999
999
1000
1002
999
999
1000
1012
0
104
997
1005
0
1001
998
1002
999
999
1001
1001
999
213
997
996
1004
999
1000
1002
999
68
1005
0
1000
999
1000
1002
999
999
1000
1002
999
999
1000
1002
999
999
1000
1002
1000
998
1000
1002
999
999
1000
27
1070
0
1006
0
1001
997
1000
1002
1000
998
1000
1002
1001
997
1000
1002
1001
997
1000
1002
1001
997
1000
1002
1001
997
1000
1002
1001
997
1000
1002
1001
997
1000
1002
1001
997
1000
1002
1001
1051
0
1007
0
997
1000
1002
1001
997
1000
1002
1001
997
1000
1002
1001
998
1000
1001
1001
998
1000
1000
1002
998
1000
1000
1002
998
1000
1000
1002
998
1000
1000
1002
998
1122
0
1005
0
1000
1000
1001
999
999
1001
1000
1000
999
1001
1000
1000
999
1001
1000
1000
999
1001
1000
1000
999
1001
1000
1000
999
1001
1000
1000
999
1001
1000
1000
999
1001
1000
1000
999
1001
1001
999
1134
0
1005
0
1033
1003
0
1002
999
1001
1000
1000
999
1001
1000
1000
999
1001
1000
1000
999
1001
1000
1000
999
1002
999
1000
999
1001
1000
1000
22
1002
0
284
139
997
998
37
1001
0
1004
1000
999
37
1003
0
1003
34
1006
0
998
1001
1001
999
999
1002
1000
999
999
1002
1000
999
999
1002
1000
999
999
1001
1001
999
999
1001
1001
999
999
1001
1013
0
1000
1000
1001
999
1000
1000
1001
999
1000
1000
1001
1000
1154
0
1004
0
1001
999
1002
998
1000
1000
1002
998
1000
1077
0
1004
0
1136
0
1004
0
1002
1000
1017
1003
0
1003
998
1000
1000
1002
998
1000
1000
1002
998
1000
1000
1002
998
1000
1000
1055
0
1004
0
1002
998
1000
1000
1001
1033
1004
0
1000
1000
1000
1000
1000
1000
1000
1000
1000
1000
1000
1000
1002
93
993
1003
1001
1001
998
1000
1000
1000
1000
1000
1000
1000
1000
1000
1000
62
994
1001
1001
1000
1000
999
1001
999
1001
1000
1000
999
1001
1000
1000
999
1002
999
1000
999
1001
1001
999
999
1000
1000
1001
998
1001
1000
1001
998
166
996
999
1001
1000
1001
138
1000
959
46
1000
1002
0
1001
998
1000
1001
1001
999
999
1000
1002
82
1000
751
254
1000
1001
0
1002
998
1000
1001
1001
998
1000
1000
153
1000
751
1249
1000
1000
1000
1001
999
1000
1000
1001
0
0
0
22
654
855
295
650
0
3851
3797
3743
3689
1778
1724
783
487
0
5781
5727
5673
5619
5565
5511
225
1822
1768
914
0
0
6174
6120
6066
6012
5958
5904
5850
7336
7282
7228
7174
7120
7066
7012
6958
5464
5410
5356
5302
5248
5194
1333
1279
1784
1730
5143
5089
5035
4981
4927
4873
1954
1900
1680
1626
0
5839
5785
5731
5677
5623
5569
0
4302
4248
4194
4140
4086
4021
3967
3913
3859
3805
3341
3287
3233
3179
2756
2702
2648
660
390
802
2484
2430
2376
266
375
0
2167
2113
2059
0
0
2185
2131
2077
0
2810
2756
2702
247
0
0
0
3004
2950
2896
2842
614
1152
1098
201
857
528
122
1201
1147
277
459
87
331
310
661
563
504
409
657
638
302
520
149
0
4
0
0
0
0
0
0
0
0
0
0
1
0
0
0
0
0
0
0
0
0
0
2
0
0
0
0
0
0
0
0
0
0
2
0
0
0
0
0
0
0
0
0
0
4
0
0
0
0
0
0
0
0
0
0
0
0
0
0
0
0
0
0
0
0
0
3
0
1
0
0
1
0
0
0
0
0
0
0
0
0
0
0
0
0
0
0
0
0
0
0
0
0
0
0
0
0
0
0
0
0
0
0
0
0
0
0
0
0
0
4
0
0
0
0
0
0
0
0
0
0
1
0
0
0
0
0
0
0
0
0
0
1
0
0
0
0
0
0
0
0
0
0
2
0
0
0
0
0
0
0
0
0
0
2
0
0
0
0
0
0
0
0
0
0
3
0
0
0
0
0
0
0
0
0
0
1
0
0
0
0
0
0
0
0
0
0
1
0
0
0
0
0
0
0
0
0
0
0
0
0
0
0
0
0
0
0
0
0
1
0
0
0
0
0
0
0
0
0
0
2
0
0
0
0
0
0
0
0
0
0
1
0
0
0
0
0
0
0
0
0
0
2
0
170
177
21
0
0
0
0
0
0
0
0
0
0
0
0
0
0
0
0
0
173
16
0
0
0
0
0
0
0
0
0
2
352
372
38
234
0
0
0
4
146
401
514
32
422
76
192
345
442
129
531
13
252
2
0
0
0
0
0
3
0
0
0
15
467
436
908
69
790
908
289
581
871
285
607
488
135
234
675
0
378
238
0
0
0
0
0
0
11
0
0
0
0
172
0
0
185
0
883
300
605
570
266
668
11
592
0
65
752
95
818
50
663
527
85
1674
1620
540
0
1657
1603
0
1429
1375
401
417
1737
1683
340
0
1961
1907
130
139
1651
1597
448
124
1446
1392
267
0
1741
1687
0
968
369
508
270
157
41
0
4
0
0
0
0
253
429
537
658
153
1556
1502
172
896
274
603
377
853
322
644
355
750
432
325
679
630
0
678
808
102
776
1173
1119
434
913
541
599
72
1968
1914
1047
115
0
2323
2269
2215
0
0
2190
2136
2082
0
1704
1650
0
0
1302
1248
0
813
234
652
706
150
517
889
555
547
0
1969
1931
1877
0
1307
1253
267
496
145
177
222
311
0
1056
1002
420
373
308
423
377
345
126
0
264
120
170
330
398
400
313
478
233
330
401
74
47
5
0
0
0
0
0
0
0
0
0
0
5
0
0
0
0
0
0
0
0
0
0
206
271
172
0
0
3
0
0
0
0
0
0
0
0
0
0
9
0
0
0
0
0
0
0
0
0
0
2
0
0
0
0
0
201
269
457
446
832
325
666
331
431
275
0
0
0
11
0
0
0
0
0
0
0
0
0
0
0
0
0
4
0
0
0
0
0
0
0
48
0
0
2
75
0
0
0
0
0
0
0
0
0
4
0
0
0
0
0
0
0
0
0
0
3
0
0
0
0
0
0
0
0
0
0
3
0
0
0
0
0
0
0
0
0
0
2
0
2
207
0
65
0
0
0
221
0
0
0
0
0
0
0
0
0
0
0
0
1
0
0
0
0
0
0
0
0
0
0
1
0
0
0
0
0
0
0
0
0
0
2
0
0
0
0
0
0
0
0
0
0
4
0
115
0
0
0
0
0
0
0
0
2
0
0
0
0
0
0
0
0
0
0
1
0
0
0
0
0
0
0
0
0
0
2
0
0
0
0
0
0
0
0
0
0
3
0
0
0
0
58
0
1
35
0
0
2
0
0
0
0
0
0
182
0
0
0
3
0
0
0
0
0
0
0
0
0
0
68
281
80
171
56
511
233
326
368
961
454
51
974
920
808
44
527
4
190
0
688
341
0
2252
2198
2144
254
0
0
3745
3691
3637
3583
140
1729
1675
880
890
13
0
3969
3915
3861
3807
3753
0
3371
3317
3263
3209
233
1153
1099
1828
1774
729
297
0
0
3541
3487
3433
3379
0
677
2717
2663
2609
0
494
0
2778
2724
2670
0
0
0
3039
2985
2931
2877
313
0
2245
2191
2137
0
1764
1710
0
0
1502
1448
0
1147
1093
689
147
1216
1162
96
1491
1437
61
981
1273
0
0
1650
1596
1
0
1484
1430
0
937
368
578
708
89
1284
1230
0
854
52
544
263
313
188
185
87
15
4
0
0
0
0
313
6
65
0
203
0
0
0
0
112
522
227
386
107
247
156
186
113
4
224
196
186
275
122
236
32
0
0
5
0
0
0
0
0
0
0
0
0
0
495
228
492
210
495
297
618
169
536
271
440
351
403
66
839
195
562
1145
1828
2828
3828
4828
5828
6828
7003
7398
7738
8141
8254
7772
8163
9163
9778
9625
10129
10413
11416
11148
11598
11503
11618
12618
13618
13738
14738
14088
13878
14273
14723
15723
16723
17723
18393
19393
