3.6762
3.2
3.36
3.2
2.24
4.32
3.68
3.84
2.08
3.2
3.04
4.8
3.92
3.76
3.2
4.64
5.6
3.68
3.84
5.28
2.4
3.52
3.68
3.68
1.92
3.04
3.84
4.16
4.32
4
3.04
1.92
3.52
3.36
3.04
4.64
3.36
3.04
2.24
3.68
4
3.12
4.64
4.8
4.48
3.84
4
3.2
4.48
3.2
2.88
4.16
4.48
3.84
4
2.88
2.24
3.04
3.68
4.32
4
4.32
3.68
3.52
3.52
3.52
3.84
4.16
3.36
3.52
3.68
4.8
3.84
3.2
3.36
3.52
2.72
4.16
5.12
3.68
4.96
4.48
4.16
3.52
3.36
3.52
4.96
4.32
2.88
3.52
4.16
3.36
3.68
3.52
4.48
1.92
3.52
3.84
3.52
3.2
3.2
3.84
3.84
4
5.28
3.52
4.32
4.32
3.2
3.2
3.84
3.84
4.32
3.36
4.32
2.72
3.68
5.28
3.84
4.48
3.68
3.2
4.48
3.84
4.32
3.52
4.32
4.96
3.84
3.04
4.8
3.04
3.84
4.48
2.24
4.48
3.84
3.68
3.84
4.96
5.12
5.76
4
4.16
4.8
3.2
3.2
3.68
2.88
3.52
4.64
4
4
4
2.08
4.50358
4.38588
3.2
4.608
4.688
4.96
3.95429
5.44
3.25333
5.04
4.576
4.64
2.8
5.17333
5.44
5.68
5.68
2.88
3.2
4.48
4.48
4.88
4.4
3.92
4.88
5.12
3.68
4.96
4.72
4.8
4.04
5.44
3.88
4.32
3.52
4.36
6.08
3.68
5.2
7.2
3.04
3.52
5.76
4
4.32
3.68
4.32
3.84
3.84
5.28
4.72
5.68
2.88
4.90667
5.76
3.52
4.88
5.28
5.92
5.344
2.72
3.04
4.8
6.4
4.24
4.10667
5.6
4.24
4.8
4.98667
4
4.24
5.4
3.6
4.96
2.24
6.16
4.8
5.12
4.8
4.16
3.52
4.64
8.64
2.72
4.24
5.28
5.84
3.04
2.56
6.08
6.08
5.22667
2.4
5.376
5.52
3.68
5.36
3.936
4.32
5.92
4.08
4.96
4.32
3.68
2.88
3.04
3.04
3.36
3.04
3.36
4.48
5.6
5.76
3.84
3.36
4.16
3.36
4.64
3.68
4.48
4.48
4.8
3.52
3.52
4.32
4.64
4
2.56
4.64
4.96
3.84
3.84
4.96
3.52
2.24
4.32
4
3.84
3.52
4
3.52
4.16
3.84
5.92
4.16
5.12
5.12
3.52
5.12
4.32
4
4.16
4.96
2.24
3.84
4.96
6.24
4.32
4.64
4.64
4.8
4.64
4.16
4.48
4.96
4
5.12
4
4.32
5.6
4
5.6
4.16
2.56
4.64
3.52
4.96
4.48
3.36
3.36
3.04
3.2
4.16
4.96
4.32
4.64
3.68
4.32
4.32
4.48
5.44
4.64
2.72
3.36
4.96
4.96
5.12
4
4.32
4.8
3.2
5.12
6.56
4.8
4.32
5.12
5.44
3.52
5.28
3.84
5.76
4.32
2.72
3.68
4.32
4
3.68
5.44
4.8
4.16
5.28
4
4.32
3.04
5.12
4.8
5.6
4.16
5.12
4.32
4.16
2.56
4.32
5.44
5.12
4.64
4.16
4.8
4.64
3.04
5.76
5.6
4.8
7.2
4.8
4.16
5.28
5.28
4.96
5.6
5.6
3.52
6.08
6.24
4.48
5.44
3.84
4.16
4.32
4.16
4.8
4.64
7.2
6.88
6.08
6.56
4.64
4.48
6.24
6.08
3.2
5.6
4.32
5.76
5.76
5.12
5.76
5.44
6.08
5.6
6.4
5.44
4.48
5.76
5.6
6.08
6.24
4.96
6.88
6.88
3.04
6.4
7.52
8.16
5.44
6.4
7.2
5.76
6.08
4.96
6.24
6.24
5.92
5.76
6.4
6.08
5.28
6.08
5.6
3.68
7.2
5.44
3.52
4.64
5.76
5.12
4.96
4.48
6.24
5.6
3.52
3.2
5.28
6.72
5.76
6.24
5.76
5.6
6.24
4.64
5.76
5.28
5.92
6.08
4.16
5.6
6.4
7.68
4.48
6.56
5.76
6.24
4.48
5.12
6.88
6.56
6.88
7.2
2.88
7.04
4.96
6.08
5.76
6.4
4.8
5.28
5.28
5.44
5.44
7.84
6.08
5.92
5.92
6.72
7.52
6.08
6.4
6.4
4.16
6.4
5.76
6.72
6.24
7.36
5.28
5.76
6.08
5.28
6.24
6.08
5.92
8
6.72
6.4
6.4
6.08
6.88
2.72
7.04
6.08
6.08
7.36
7.04
6.72
5.76
4.8
5.12
8
5.28
6.88
5.92
5.28
5.12
4.64
5.44
6.24
5.6
3.2
6.56
6.4
6.88
5.76
6.56
5.76
5.92
7.36
5.76
5.92
7.2
5.76
6.56
7.2
5.76
6.08
7.04
8.48
3.52
8.48
8
5.76
8.16
6.72
6.88
8.48
5.76
6.88
5.6
7.36
5.92
7.52
6.56
7.68
7.04
7.2
5.92
7.04
3.36
6.88
6.88
6.72
5.92
6.56
6.72
6.56
5.92
9.12
7.36
7.36
7.2
6.08
6.08
7.2
7.84
6.88
6.08
4.96
8.48
7.36
7.2
8.96
7.68
8.32
6.24
8.32
6.4
6.88
6.56
8.32
6.88
7.36
6.4
7.2
7.84
7.84
8
4.96
7.68
6.88
8.8
8.16
7.2
8
7.36
6.56
9.6
7.84
8.48
6.4
6.88
7.68
7.2
6.88
8.32
7.84
5.28
8.16
7.04
6.4
7.68
8.32
7.36
8.8
6.88
7.2
6.88
5.92
7.68
5.6
6.56
7.04
6.72
7.2
5.92
5.92
4
6.24
8.32
6.08
5.92
5.92
8.48
8
6.4
5.12
7.2
6.08
6.72
7.52
8
6.08
6.4
3.84
6.88
4.64
6.56
4.48
6.88
7.68
6.4
6.72
7.52
7.2
7.68
7.36
7.2
5.6
4.48
6.88
6.56
6.88
7.84
6.4
6.88
2.56
7.52
8.64
6.08
8
7.52
6.88
6.4
6.56
6.24
4.32
6.08
8.32
6.24
7.36
7.68
6.56
7.2
7.2
3.52
8.16
4.8
6.72
7.36
8.48
8.16
7.68
8.32
8.64
8.64
8.48
7.52
8
8
9.12
8
10.24
10.4
8.32
3.68
6.88
7.52
8.48
7.36
8.8
7.04
7.84
6.56
8.96
7.68
6.72
7.04
8.16
6.24
6.72
7.2
8.96
7.52
4.8
7.2
6.72
8
8.64
7.2
7.36
8.32
8.48
8.32
8
8.96
4.48
8.32
9.76
8.48
8.48
8
8.64
7.04
2.56
8
7.2
9.28
8
7.52
5.92
8.32
9.28
6.88
7.2
9.12
7.04
6.24
8.64
10.88
5.76
9.28
4.96
2.88
10.4
7.2
5.6
7.52
4.96
8
8.96
7.84
8.96
8.32
8.8
7.04
7.52
6.08
6.24
7.84
8.64
8.48
8.8
2.72
7.04
10.08
8.48
7.36
5.92
8.8
5.6
10.24
4
7.04
4.96
6.4
8.48
8.96
6.72
7.52
4.32
9.76
5.76
7.36
4.64
8
9.12
5.28
6.56
5.92
8.96
5.44
8.16
7.04
7.52
6.24
5.28
7.36
6.4
8.32
6.88
8.16
2.72
7.68
7.52
7.84
5.6
8.96
7.52
8.16
5.44
7.2
4.32
8.96
11.52
6.88
6.88
8
5.92
5.28
7.2
2.88
6.56
8.48
8.96
7.84
7.52
4.16
11.52
4.16
7.04
8.96
5.6
9.6
7.04
5.76
8.16
8.8
8.16
6.4
5.92
4.16
4.64
7.84
6.56
7.04
6.72
8.48
7.04
6.72
4.32
10.24
6.24
7.84
7.52
4.96
7.36
7.52
2.24
8.48
6.08
9.28
6.08
4.8
7.52
9.6
7.84
6.56
6.4
6.4
8.64
5.44
8.8
7.2
5.76
6.24
4.96
8.64
4.96
5.6
7.52
8.48
4
8.96
10.08
7.36
8.96
8
5.6
8.64
11.52
8.16
8
8.16
7.68
8.48
4.96
4.8
6.88
8
8.64
4.32
6.72
9.28
6.4
8.64
8.32
8.8
8.32
8.32
4.8
9.92
8.48
5.44
10.24
4.16
9.28
2.72
6.88
7.04
10.08
8.96
5.12
9.12
11.52
7.2
9.12
6.4
8
8.16
6.4
4.8
5.6
10.4
6.56
4.96
5.12
6.24
4.16
5.6
11.68
10.08
6.24
8.16
9.76
6.88
8.16
4.64
7.84
6.08
9.12
6.88
8.16
9.76
7.2
12.48
3.04
8
4.48
7.52
6.56
8.48
6.4
7.84
8.96
4
8.96
8.32
4.96
9.28
8.96
4.32
5.6
9.12
7.04
2.56
13.12
6.88
7.04
5.76
8.64
8.32
8.16
7.2
10.56
8
6.72
8.32
8
5.76
8.32
7.84
7.68
9.44
10.4
3.2
9.92
9.12
8.48
6.56
6.56
10.24
11.36
7.04
7.52
10.08
10.24
8.96
10.4
7.2
7.2
8.96
15.04
9.6
4.48
9.28
7.2
5.76
10.08
5.76
9.12
11.2
8.32
10.72
13.44
9.76
5.6
7.84
8.16
10.56
9.6
9.76
4.48
12.96
4.64
6.72
8.96
9.28
8
9.04
5.44
12
8.64
10.88
9.28
5.76
14.24
7.84
8.32
9.12
7.2
7.52
3.04
9.28
8.8
10.56
5.12
4.48
7.36
14.08
10.72
9.6
10.08
8.16
8.48
10.88
10.4
11.04
8
7.36
10.88
6.24
5.6
10.08
9.76
10.24
11.2
10.72
11.52
11.2
10.56
5.76
14.88
8.96
10.88
8.8
10.24
8.32
7.2
11.52
7.2
5.44
11.52
11.84
10.4
8
11.04
12.64
8.96
11.68
10.4
11.52
11.36
11.52
11.52
12
11.52
9.44
9.6
10.24
9.44
6.24
12
12.16
7.04
9.92
8.64
11.84
10.56
9.6
10.08
10.4
11.04
8.64
11.52
10.88
8.64
7.52
6.56
11.04
8
8.8
10.08
10.56
8.96
7.04
10.88
11.04
6.4
9.6
12.16
10.56
11.2
10.4
9.76
10.72
7.68
9.44
11.04
9.76
5.28
7.36
13.76
9.04
12.64
8.48
11.04
11.2
9.92
8
11.2
10.08
8.32
10.56
12.48
9.6
11.04
12.32
5.12
8.16
7.36
11.52
11.04
8.64
11.52
11.36
10.08
11.04
11.04
10.56
10.24
10.4
8.64
10.24
11.04
10.88
9.44
10.72
6.72
11.68
11.52
8.96
13.28
8.48
13.12
12.64
11.2
9.92
9.44
10.24
7.36
10.56
8.8
9.92
5.92
13.12
10.56
6.88
10.72
9.12
8
6.4
12.64
12.16
5.44
10.56
10.88
11.84
10.88
9.28
6.88
10.4
11.04
6.4
10.88
10.56
10.08
6.72
11.04
10.72
9.28
8.8
11.52
10.72
13.92
8.96
11.36
8.96
11.04
9.28
9.6
9.44
10.08
11.84
8.64
11.36
4.16
11.36
8.16
10.24
9.44
15.52
12.16
10.56
11.84
11.04
10.4
11.36
7.52
12.64
10.88
10.24
11.68
11.52
9.92
11.04
5.6
11.04
10.08
10.4
14.08
12.48
11.36
10.56
11.52
11.04
10.56
8.16
10.56
10.24
10.88
8.8
13.76
11.04
5.12
11.52
11.36
11.2
7.84
12
10.08
11.68
9.44
10.72
9.92
10.4
9.12
8.48
8.8
9.44
6.08
6.56
4.48
5.6
3.84
6.56
4.64
4.8
6.88
4.64
5.76
6.24
5.28
7.04
5.12
5.44
6.72
6.4
5.28
6.56
5.6
5.44
5.44
4
6.24
5.28
5.76
5.76
6.88
5.76
5.6
6.56
5.76
5.6
6.24
5.92
5.76
6.88
5.44
5.92
6.24
5.6
7.2
4.96
7.36
5.12
7.04
5.44
5.92
6.24
6.24
7.04
5.76
4.32
6.88
5.92
5.92
5.12
5.76
5.44
6.4
7.36
3.68
6.56
6.56
6.88
5.76
6.4
4.16
5.76
5.12
5.6
6.24
5.12
5.92
3.84
5.44
5.12
5.28
5.44
6.08
5.6
4.16
4.8
5.12
6.72
4.64
5.44
6.08
5.76
5.76
7.36
3.84
6.08
5.92
6.4
5.76
5.92
5.76
5.12
5.76
2.56
7.04
5.6
6.72
6.08
6.08
5.44
5.92
5.76
5.28
5.44
6.24
5.76
7.2
5.6
5.28
5.6
4.16
6.72
5.6
4.8
4.8
5.44
5.44
5.28
6.4
5.92
5.76
7.04
5.28
4.8
6.72
5.76
5.28
5.6
6.24
5.92
6.4
6.88
4.48
5.6
5.92
6.56
5.76
6.24
6.08
8
7.84
4.16
4.48
5.92
7.04
4.8
7.2
4.16
6.24
5.92
5.92
6.24
5.12
4.64
6.4
5.76
6.4
6.08
4.8
7.04
5.12
5.12
6.4
4.8
4.96
5.12
6.4
6.4
4.96
5.28
6.08
3.36
8.16
5.28
5.28
7.68
5.6
4.8
6.56
4.64
5.92
5.6
5.6
6.24
5.6
6.08
6.56
5.12
6.72
4.32
5.92
5.44
4.8
5.44
5.6
6.56
5.28
4.96
6.72
5.76
4.96
4.8
4.96
5.76
5.92
5.44
5.6
5.76
5.44
7.2
4
4.48
6.24
5.44
6.24
4.96
5.28
4
5.44
5.12
4.64
3.95667
3.936
2.56
3.6
4.032
4.26667
3.78667
3.94667
3.46667
4.48
4.28
4.88
4.32
3.96
3.04
3.84
4.12
3.84
4.32
3.84
3.78667
3.57333
3.52
3.52
3.8
4.32
3.92
3.04
2.4
3.68
3.2
3.12
2.96
3.6
3.6
1.92
3.04
2.8
3.36
3.68
3.2
3.12
2.72
4.48
3.84
3.12
3.68
3.84
3.36
3.28
2.88
3.4
3.25333
3.36
2.4
2.96
3.68
2.56
3.52
3.2
3.25333
4.64
3.48
2.72
1.92
3.2
2.56
3.84
4
2.88
4.05333
2.72
3.36
3.16
3.36
2.72
2.82667
2.64
2.48
3.84
2.4
3.57333
3.04
3.6
2.88
3.44
2.72
3.2
2.88
3.52
3.68
2.88
3.52
4
4
3.68
3.36
3.36
2.4
4.64
3.2
3.04
4.32
2.66667
2.88
4.32
3.52
3.76
4.58667
3.84
4.48
2.88
3.36
3.52
4.96
3.44
2.56
3.6
3.36
3.68
3.68
2.88
2.72
4
3.36
3.52
4.16
2.4
3.52
3.84
3.36
2.98667
5.28
3.2
1.76
5.12
5.44
2.88
4.16
3.84
5.28
4.32
1.92
4.48
2.88
4.16
3.84
5.6
5.92
3.2
4.32
4.64
2.88
4.8
5.6
4.64
5.12
4.48
4.96
4.8
5.12
4.16
4.32
4.32
4.32
4.32
4.16
3.2
3.52
4.32
4.8
4.64
5.44
3.68
3.68
4.48
3.84
3.68
4.8
4.32
4.96
4.64
4.16
5.28
4.32
5.44
3.04
4.32
4
3.84
4.16
5.12
4.64
4
5.76
2.88
4.64
2.88
4.16
4.8
5.6
4.64
3.68
4.8
4.64
5.44
3.2
3.04
4.8
3.84
4.32
3.84
3.68
3.84
5.44
5.12
4
5.76
5.6
3.2
3.52
4.64
4.32
4.48
4
5.44
5.28
3.52
4.32
4.32
5.6
4.16
4.64
3.36
5.92
4
4.32
3.52
5.76
4.64
4.48
4.32
4.96
4.64
2.88
3.36
2.08
5.44
4.32
4.8
4.16
5.6
4.96
5.28
4.16
4.48
4.96
4.16
4.32
3.68
4.96
3.84
4.16
4.64
5.6
3.84
3.68
3.68
3.2
4.48
4.32
3.36
5.12
5.44
4
4.16
5.12
4.96
4.64
4
4
3.36
6.4
3.84
4.48
3.04
4.32
4.32
4.48
4.48
4
5.28
4.64
4.8
5.44
3.52
5.28
4.16
5.12
4.64
4.96
5.44
4.16
5.28
4.48
5.12
3.2
4.32
4.32
5.28
4.32
4.8
6.08
5.6
4.8
5.76
5.28
4.96
4.64
4.48
6.08
5.6
3.52
5.6
3.68
5.76
4.96
5.76
4.48
4.48
4.96
4.64
4.8
5.44
4.96
7.52
4
4.32
5.6
5.12
4.96
6.24
5.28
3.52
4.96
4.48
6.56
4.32
5.76
6.24
4.96
4.16
5.44
5.6
4
5.28
4.48
5.44
6.24
4.32
4.16
6.56
4.8
4.48
4.64
4.64
5.6
5.12
5.6
5.6
4.96
5.76
5.28
5.6
4.32
5.12
4.64
5.92
4.48
6.08
4.96
5.28
5.28
3.2
5.12
5.12
4.64
4.16
4.64
6.4
4
6.88
4.32
6.4
4.8
5.92
6.08
4.8
4.96
5.92
5.12
5.76
3.84
5.44
6.56
4
5.28
5.44
4.8
4.96
5.12
4.32
5.44
4
4.48
5.44
6.24
5.44
5.12
5.28
5.92
4.8
4.16
5.12
6.24
5.28
5.44
5.12
4.64
5.92
5.44
5.28
5.76
5.92
5.92
4.64
5.28
5.28
5.12
5.6
4.64
3.2
4.96
5.28
5.76
4.48
4.48
3.68
4.16
5.44
3.84
4.64
4.96
4
4.8
4.8
4.32
3.84
4.48
4
3.84
2.72
3.36
3.68
3.84
3.68
4.96
3.36
4.96
3.84
4.8
4.64
4.48
4.16
4.8
4.96
4.8
3.84
4.32
4.8
1.92
4.32
4.64
3.68
4.32
4.64
4.32
4.32
4.96
4.32
3.52
4.96
4.8
4.96
3.2
4.16
3.68
3.84
4.8
4.64
3.2
3.68
3.52
4.96
5.92
3.84
5.28
4.48
4
4.48
4.48
4.48
4.16
4.64
4.64
4.48
3.68
4.32
4.8
2.56
4.96
4.48
4.8
4
4.16
5.12
4.32
4.96
4.32
4.96
5.12
4.16
5.12
4.64
5.12
5.76
4.8
5.12
4.8
2.24
6.4
5.76
5.28
4.64
6.24
5.6
4.64
7.68
4.32
5.6
6.24
6.4
5.28
5.44
6.24
4.32
5.92
5.76
3.84
6.88
5.12
5.28
4.64
4.8
6.56
5.6
5.12
5.12
4.64
6.72
6.4
4.32
6.88
5.6
5.28
4.8
6.56
5.44
3.36
6.08
5.76
6.4
6.24
5.44
5.6
5.6
6.08
5.6
5.28
6.56
5.6
6.72
5.6
5.28
6.24
4.96
4.48
3.84
6.24
5.44
4.8
5.6
4.48
5.12
4.32
5.6
4.96
4.96
4.64
6.08
6.08
4.48
6.24
4.8
6.56
4.8
5.44
4.16
4.96
5.92
6.24
5.44
5.44
5.28
6.24
5.44
5.76
4.96
6.4
6.88
5.12
6.24
6.24
4.96
5.92
5.76
3.68
6.72
5.92
7.04
4.64
5.92
6.56
5.28
3.52
6.72
5.92
5.6
5.12
7.52
6.08
5.6
5.92
5.6
5.44
5.76
4
5.76
7.2
4.48
5.12
5.92
4.8
6.4
4.64
5.44
6.72
4.64
6.24
5.12
5.76
6.08
6.08
6.24
5.44
3.52
4.96
5.92
5.28
5.12
4.16
5.76
4.8
5.44
5.44
5.44
4.8
6.08
6.08
5.92
6.56
4.8
5.12
4.8
5.44
4.96
4.48
5.76
5.28
4.96
4.8
5.6
6.24
4.8
6.4
6.08
4.96
5.12
6.08
6.08
5.28
5.12
5.28
6.24
3.68
5.44
7.04
5.28
5.92
4.96
5.6
5.76
5.44
5.6
6.4
5.6
6.24
6.4
5.6
5.12
5.92
5.44
4.8
5.12
4.96
6.08
5.44
5.12
6.24
4.32
5.92
5.44
5.12
5.44
6.24
5.12
4.32
4.96
5.44
5.12
5.28
5.12
5.6
4.16
4.48
4.32
4.64
5.6
5.28
5.92
6.4
5.6
5.44
6.56
5.6
5.6
6.4
6.24
5.44
5.28
5.44
5.12
5.76
3.84
5.6
5.76
4.16
5.92
5.6
5.6
4.64
5.28
4.8
4.16
5.92
4.48
5.28
5.28
4.8
4.8
6.72
5.92
4.16
5.92
5.12
6.24
5.28
5.12
5.28
5.6
6.08
6.08
5.44
5.12
6.72
5.6
6.24
6.08
5.92
5.28
5.6
5.44
5.12
4.64
5.28
5.6
5.76
5.12
5.76
4.48
6.08
6.72
5.92
5.92
5.76
6.24
5.44
5.6
4.96
4.96
4.64
3.52
4.64
4.64
4.16
4
4.8
4.64
4.16
4.48
4.32
4
4.32
4.32
4.32
4.8
4
4.64
4.64
4.16
4.48
3.84
4.32
4.32
4.8
2.88
3.52
3.36
3.36
3.52
2.88
3.36
3.52
2.72
2.88
3.52
3.04
2.88
3.2
3.04
2.56
3.84
2.72
2.88
2.88
3.2
2.72
3.2
2.88
3.36
4
3.36
3.2
3.2
2.88
2.88
3.04
3.52
3.68
3.36
3.04
3.52
2.88
3.04
2.72
3.2
3.04
2.72
3.2
3.2
3.04
3.04
3.2
3.36
2.88
3.04
2.88
3.36
3.2
2.56
3.04
3.2
2.56
4.32
2.08
2.88
3.2
3.2
3.52
3.04
3.36
3.36
3.2
2.56
3.2
3.04
3.04
3.2
2.88
2.88
3.04
2.56
3.2
3.04
2.72
2.88
3.84
3.68
3.36
2.72
3.04
2.88
2.88
2.08
1.6
1.76
1.76
1.44
1.92
2.08
1.44
1.28
2.4
1.44
1.44
1.76
1.92
1.92
1.76
2.24
2.08
1.6
2.08
1.92
2.08
1.76
1.6
1.92
1.76
1.92
2.08
1.6
1.44
2.24
1.92
2.08
2.24
1.92
1.44
10.24
8.16
11.84
10.88
9.76
8.96
11.52
8
7.2
8.64
9.28
12.32
10.72
7.04
12.48
8.48
11.68
13.92
12.48
12
12.32
13.92
13.28
14.88
15.84
11.04
10.72
9.6
6.24
8
11.52
10.4
14.4
12
10.88
14.24
10.4
11.84
12.32
12.48
13.6
12.96
13.12
9.28
10.72
10.88
15.36
7.2
13.44
14.4
12.32
14.4
10.72
13.92
16.16
14.88
16
12.96
13.92
13.76
13.92
15.36
16
16.8
15.84
15.04
12.64
7.84
13.76
9.6
10.4
8.48
12.32
10.72
15.2
9.44
13.76
15.2
15.2
17.92
12.64
13.1733
9.38667
13.4776
6.4
6.24
4.16
11.2
17.76
16.48
15.2
17.44
15.52
11.84
12.96
15.68
15.2
16.32
17.6
14.56
7.04
17.0133
14.72
11.36
15.68
14.84
13.6
15.52
13.44
12.96
14.24
17.76
17.44
15.36
6.4
17.12
16.16
14.56
12.8
15.2
15.12
15.68
17.36
17.28
18.24
16.8
18
18.4
8
16.16
14.72
16.64
16.32
17.44
17.28
16
17.92
19.2
19.2
18.08
16.8
14.72
16.32
17.6
17.44
17.44
18.56
18.08
9.12
18.24
18.56
16.64
17.44
12.16
14.56
14.72
15.2
14.24
11.52
13.28
13.92
11.2
11.2
15.2
12.16
12.32
12.8
6.24
12.64
11.52
9.44
12.96
15.68
15.36
15.04
12.8
12.48
10.4
12.8
13.44
9.44
14.24
14.88
13.6
12
13.12
16.16
7.68
14.88
12.48
15.68
14.72
15.68
14.72
14.56
15.2
15.04
12.48
17.76
18.72
16.48
14.88
18.72
17.28
18.72
16.64
9.6
16.48
14.56
17.12
16
16.32
15.52
16.96
17.44
13.76
16.64
17.76
17.12
17.44
13.92
12.64
12.48
10.4
11.52
15.36
6.08
9.28
9.92
11.36
13.28
14.56
18.4
16.8
19.04
18.56
16
18.4
19.2
17.44
19.2
18.88
19.2
18.56
19.04
9.44
17.76
17.6
16.8
16.32
12.64
13.44
14.4
15.52
18.4
17.76
16
19.2
18.56
19.04
19.2
18.72
13.28
14.08
10.24
6.08
16.32
17.28
19.2
17.6
19.2
19.2
17.6
16.32
17.6
16.96
19.04
18.24
18.4
17.92
17.44
19.2
18.56
18.24
8.96
18.88
17.76
18.4
18.4
6.4
10.4
14.56
18.88
15.52
16.8
18.08
19.04
16.64
16.64
18.24
17.6
17.76
16
13.92
6.88
15.04
17.28
17.6
18.72
19.2
18.56
17.6
14.24
17.12
18.4
17.12
17.28
14.08
12.96
9.44
10.4
15.04
14.88
9.6
17.44
10.4
13.76
14.4
14.24
15.04
13.44
13.76
17.44
17.44
16.16
16.96
17.6
16.16
16.64
15.04
16.96
18.08
18.4
8
16.64
17.6
17.44
17.6
15.52
17.44
17.28
17.92
16.96
19.2
18.72
19.2
19.04
18.24
16
16.16
16.64
14.72
6.72
9.44
13.12
11.68
11.68
11.52
14.4
12.64
15.52
14.88
17.28
15.68
15.68
15.84
15.04
15.84
15.68
14.56
12.96
17.6
6.56
17.44
16.96
17.12
16.64
17.76
17.28
16
15.36
15.84
16.8
16.48
16.64
17.92
12.8
12.64
14.56
16.16
17.92
9.28
17.12
17.12
18.72
16.96
16.96
18.72
18.72
18.4
18.88
19.2
17.12
19.04
18.4
19.2
18.1867
16.36
18.72
18.24
17.28
16
15.84
18.08
19.04
19.2
18.72
19.2
18.88
19.2
19.2
19.2
19.2
15.9467
19.12
18.4
18.72
19.2
18.88
17.76
16.8
18.56
18.24
17.76
16.8
16.96
17.28
17.76
17.6
17.6
18.08
13.76
18.24
15.04
18.56
18.56
17.44
16.64
17.76
19.2
17.28
16
17.44
19.2
19.2
19.2
19.04
16.64
17.92
19.2
19.2
19.04
17.9418
17.5273
17.984
13.88
10.72
8.48
9.84
11.6
12.96
11.44
7.78667
15.44
8.37635
7.83775
7.344
6.944
9.44
7.89333
7.2
9.12
8
8.96
9.22667
4.96
10.72
11.04
10.4
9.68
8.64
7.2
7.68
6.82667
7.36
6.56
8.21333
10.4
8.8
8.64
10
9.44
9.28
7.68
7.6
7.36
9.28
8.8
6.24
3.2
3.04
5.28
10.56
9.44
9.12
10.48
10.24
10.4
9.76
10.56
9.12
8.69333
11.04
9.76
5.12
8
2.72
4.32
5.44
9.36
8.96
10.56
9.76
10.88
12.32
10.72
11.04
8.64
9.92
8.32
4.48
10.96
7.68
7.52
6.56
4.48
3.52
7.36
9.28
9.76
12.32
8.8
8.64
10.24
8.16
8.16
8
4.16
8.48
15.52
16.64
12.16
8
8.53333
8
9.92
8.8
10.4
11.76
10.8
8.04
8.64
8.8
9.44
8
9.28
8.32
8.64
9.44
11.52
13.58
15.2
16.12
10.96
8.64
8.16
9.28
10.72
12.08
11.36
14.4
16.32
17.76
13.28
13.92
12.64
16.48
16.48
15.52
9.12
15.2
6.72
15.2
12.32
12.64
10.56
7.2
6.88
11.84
12.8
14.88
15.52
6.272
4.48
3.52
4.24
6.08
5.44
5.36
6.72
7.2
7.2
6.88
8.32
7.52
4.8
5.28
5.44
6.4
7.2
6.88
7.52
5.92
4.8
4.32
4
2.24
2.8
3.2
6.72
8
6.4
8
13.28
16.96
15.36
14.88
9.44
8
6.8
9.52
8
8
7.68
7.04
9.6
11.68
13.44
15.68
7.04
8.64
8
9.6
8.32
12.16
9.92
3.68
8.08
15.2533
9.09091
5.28
2.88
1.6
2.32
1.12
2.34667
3.04
2.24
3.52
3.04
2.64
2.4
2.56
2.08
1.76
1.76
2.24
2.08
2.24
2.4
2.72
2.88
2.4
2.88
2.4
2.4
3.04
3.04
1.76
2.96
2.56
3.04
3.2
3.04
2.56
1.28
1.92
1.92
0.8
1.6
2.08
1.28
2.08
2.56
3.04
2.72
2.24
2.72
2.56
2.72
2.88
2.72
3.04
2.64
2.88
1.44
1.92
0.96
1.76
2.08
2.72
1.12
1.6
1.92
1.28
2.08
1.92
1.76
1.92
1.92
1.44
2.4
2.4
1.76
2.24
2.08
1.44
1.6
1.6
2.56
0.48
0.48
0.32
0.8
1.28
0.96
1.28
1.12
0.8
0.8
0.96
1.12
1.76
0.8
1.28
0.8
0.48
1.76
0.96
0.64
0.8
1.28
1.12
0.8
0.8
0.8
0.48
1.12
1.44
1.28
1.12
0.64
0.96
1.12
0.8
0.48
1.12
0.64
0.32
0.96
0.96
0.8
0.64
0.96
0.96
0.96
0.16
0.32
0.64
0.48
0.8
0.64
0.48
0.8
0.48
0.48
0.8
0.32
0.64
0.16
0.96
0.96
0.16
0
0.32
0.64
0.4
0.64
0.64
0.48
0.32
0.16
0.48
0.32
0.48
1.12
0.16
0.64
0.8
0.32
0.16
0.32
0.64
0.64
0.72
0.32
0.56
0.16
0.32
0.48
0.4
0.64
0.64
0.64
0.48
0.32
0.64
0.56
0.32
0.48
0.8
0.48
0.48
0.16
0.32
0.48
0.56
0
0.16
0.64
0.64
0.56
0.96
0.64
0.16
0.96
0.48
1.12
0.8
0.48
0.64
0.32
0.48
0.48
0.48
0.48
0.8
0.48
0.96
0.16
0.48
0.8
0.64
0.64
0.48
0.64
0.48
0.32
0.64
0.48
0.64
1.12
0.4
0.8
0.16
0.32
0.32
0.8
0.16
0.48
0.8
1.12
0.4
0.48
0.96
0.16
0
0.24
0.16
0.32
0.32
0.56
0.16
0.32
0.8
0.32
0.48
0
0.32
0.48
0.16
0.8
0.48
0.64
0.48
0.64
0.32
0.32
0.64
0.32
0.48
0.8
0.32
0.32
0.8
0.64
0.8
0.48
0.48
0.48
0.32
0.24
0.8
0.32
0.96
0.48
0.16
0.32
0.72
0.8
0.32
0.64
0.16
0.96
0.48
0.48
0.8
0.16
0.8
0.48
0.32
0.8
0.64
0.96
0
0.48
0.32
0.16
0.64
0.8
0.64
0.48
0
0.64
1.12
0.32
0.4
0.32
0.48
0.48
0.8
0.32
0.64
0.64
0.16
0.8
0.48
0.32
0.48
0.96
0.16
0
0.48
0.32
0.48
0.64
0.8
0.8
0.16
0.48
0.8
0.32
0.8
0.32
0.64
0.32
0.64
0.32
0.64
0.64
0.64
0.32
0.64
0.32
0.48
0.32
0.64
