3.4712
3.14667
2.88
4
4.32
3.76
3.2
3.68
3.84
3.36
2.72
3.04
1.92
2.88
2.88
2.72
2.08
2.08
3.68
3.36
1.92
3.84
4.32
3.68
2.4
3.52
3.36
3.04
4.32
3.68
3.04
4.16
3.52
3.04
3.36
4
3.68
1.6
3.2
4.8
3.2
5.6
3.52
5.28
3.68
3.36
5.6
3.84
2.4
3.68
5.44
3.52
3.2
4.96
4.64
4.16
1.92
5.44
3.84
2.88
4.64
4.8
4.96
4.48
4.32
5.92
4.8
5.33333
5.28
2.72
4.96
4.32
5.6
4.16
4.16
5.92
4.96
4
3.84
4.96
5.28
4.96
6.08
4.96
4.96
4.64
4.8
5.44
4.96
4.96
4.8
4.16
2.56
6.88
4.64
4.48
3.84
6.24
5.28
3.84
5.44
5.28
5.12
4.32
5.28
4.96
4.32
5.76
5.28
5.76
5.6
4
3.36
6.56
4.64
3.84
6.24
2.88
4.64
4.32
5.44
6.56
4.64
3.36
4.8
4.96
4.32
3.36
4.32
4.64
4
4.32
3.36
4.8
5.12
5.44
3.84
4.96
3.84
5.12
4.16
4.8
5.12
4.96
3.52
4
5.44
5.76
5.92
6.56
3.2
3.36
5.6
4.64
4.8
6.24
4.16
4.32
4.16
3.84
4.48
4.8
6.56
4.96
4.96
3.04
5.92
4.64
5.44
3.84
2.08
3.68
5.12
4.96
4.64
6.56
3.68
3.36
4.64
4.32
4
6.88
4.32
3.52
4.8
6.08
3.04
4.8
3.68
5.12
2.72
5.12
5.12
4.64
3.2
4.48
4.16
5.76
5.44
4.8
5.12
5.12
4
4
5.92
4.48
6.4
4.32
4.96
2.24
3.84
5.28
3.52
4.96
5.44
5.44
6.4
3.84
4.32
3.04
4.64
4.96
3.04
5.6
2.56
4.48
4.96
4.64
3.68
2.08
4.48
5.12
3.68
4.64
4.32
3.2
4.16
4.16
4.48
3.52
4.8
4.48
4.48
2.72
4.96
3.68
4.16
5.01333
5.44
5.12
6.24
4.32
3.04
4.48
6.4
6.08
4.96
3.52
3.84
5.92
5.12
4
3.2
6.24
3.78667
4.64
6.4
3.52
5.92
2.72
4.48
5.28
3.04
4.48
4.16
5.6
4.16
6.4
3.68
3.84
4.90667
2.4
2.24
3.36
2.88
4.32
5.12
5.6
3.2
3.84
5.92
4.8
3.68
6.08
4
5.92
4.16
3.04
3.36
5.44
4.8
3.84
3.04
3.2
4.8
3.84
5.28
5.76
4.8
3.04
5.76
4.8
3.04
3.2
3.52
3.52
3.2
2.4
4.8
4
2.08
3.84
3.84
5.76
4.96
3.04
3.2
4.88
4.56
3.36
4.4
3.92
4.64
4.8
4.64
5.76
1.76
3.84
3.68
4.64
4.16
6.08
7.36
4.96
5.6
3.68
4.64
5.12
5.12
5.12
3.04
3.2
3.68
4.8
3.2
3.36
3.04
5.44
5.2
4.48
2.08
3.36
3.84
4.48
5.6
5.6
3.52
6.24
3.2
4.32
4.48
5.28
4.48
5.12
2.72
6.08
2.88
4.96
5.44
4.64
5.12
4.16
3.68
6.88
2.56
3.2
5.28
7.04
3.68
3.36
3.84
5.12
3.84
3.68
3.68
3.36
3.36
6.56
5.76
3.36
3.52
3.68
4.8
4.8
4.64
4.64
4.8
3.84
4.16
4.8
3.52
4.48
3.04
3.2
4.8
3.84
2.88
3.68
6.08
4
4.32
4.64
4.16
3.2
4.48
5.44
3.52
5.76
3.04
7.04
4.16
4
2.88
3.84
6.72
3.04
3.84
3.84
4.16
4.8
3.68
4.32
4
2.72
4
3.68
4.96
3.68
4.32
5.6
3.36
5.12
1.92
5.6
4.48
3.52
5.12
3.68
3.68
3.68
4.16
5.92
4.96
5.28
3.04
4
4
4
5.12
4.64
3.36
1.76
4.64
5.92
3.52
2.72
3.84
2.88
3.2
4
3.36
4.48
5.92
6.4
4
3.36
6.24
3.36
5.28
6.08
4.32
3.36
4
4.8
4.16
5.28
5.28
4.8
5.44
4
3.68
5.12
4.16
6.08
4
3.36
5.6
5.6
3.2
3.36
1.92
3.68
3.68
6.08
5.28
4.8
6.08
7.52
5.44
4.8
4.32
4
3.2
4.64
5.92
5.12
3.52
6.24
4.64
5.28
2.88
4.32
4.16
4.48
4.48
5.44
3.2
3.68
6.08
4.32
5.12
4.8
4
6.72
4.64
4.16
4
3.04
6.4
3.52
5.12
3.36
3.36
3.36
4.48
4.16
5.92
4.96
5.12
3.68
4.96
6.72
4.48
6.24
4.96
2.88
5.76
3.84
4.32
2.72
3.84
4.8
3.84
4.16
4.32
4.96
4.48
3.2
4.32
4.32
4.32
3.68
4.16
4.16
4.16
3.84
5.6
3.68
2.88
6.08
5.6
4.64
4.32
4.32
4.48
4.64
3.36
3.52
4.48
4
6.72
6.08
4
5.28
4
6.24
5.44
6.24
2.72
3.52
7.52
6.4
4.16
6.4
4.64
5.28
4.16
4.48
5.44
4.48
5.92
5.92
5.76
6.72
5.76
7.36
4.8
4
5.6
5.92
5.92
5.12
4.16
4
6.72
5.12
5.44
4.96
5.44
4.8
5.28
6.88
5.28
4.64
4.16
4
4.64
2.72
6.56
4.48
4.16
5.28
5.12
5.6
5.76
5.44
6.72
4.64
3.84
5.6
5.6
5.76
5.12
4.96
5.76
5.28
4
7.2
6.56
8
6.72
5.92
5.6
4.64
4.96
6.4
5.44
8
5.44
4.48
5.44
5.28
4.8
6.24
6.08
6.24
4
6.4
6.08
4
5.92
6.56
4.96
6.56
6.24
6.24
7.2
6.08
5.76
7.84
7.04
6.88
5.12
4.48
6.72
3.2
6.56
5.6
5.76
5.92
5.92
7.84
5.6
8.8
6.08
7.52
5.76
5.6
5.6
8.8
7.2
4.32
4.32
8.64
5.28
4.32
5.12
5.28
7.68
8.16
5.92
7.52
6.88
6.08
8.48
6.4
6.72
6.24
7.68
7.2
7.36
5.44
6.56
6.24
4.16
8.32
6.56
8
9.6
6.56
7.52
8.64
7.52
8.32
6.56
6.88
8.16
8.48
6.24
6.4
7.84
6.24
7.84
8
4.32
6.72
7.84
8.32
7.36
8.8
7.84
6.88
6.88
7.68
7.84
10.4
7.84
7.04
9.12
8
6.88
8.32
6.24
4.8
8.16
7.52
6.72
6.08
6.88
8.16
8
6.72
9.12
8
6.88
8.16
6.72
8.16
8
7.68
8
7.04
8.48
4.8
8.48
6.72
6.72
8.64
8.16
6.72
8
9.44
5.76
8.32
7.04
7.52
8.8
6.56
7.84
8.64
7.68
7.04
4.32
8.16
7.52
7.2
8.64
7.04
10.4
7.68
8.16
9.12
8
9.76
7.84
8
7.84
8.96
7.84
7.2
7.84
7.52
5.92
8.16
7.84
7.36
6.24
8.64
8
8.64
9.44
9.12
9.92
8.32
9.44
8.96
9.6
8.48
7.36
8.16
9.28
6.72
8.96
7.84
8.48
8.16
8.48
8.48
7.36
7.68
9.6
9.28
8
7.84
6.24
7.36
11.84
8.96
7.52
9.44
8
4.96
9.12
7.52
8.64
7.84
7.36
8.32
7.04
8.32
9.6
8.16
8.16
8.48
7.84
10.4
9.28
8.48
7.68
7.36
4.8
10.08
8.8
8.16
8.48
10.88
7.52
7.2
7.36
6.72
7.2
9.28
7.52
8.16
7.84
9.44
9.28
6.88
7.68
8.48
5.28
7.68
8.64
7.84
9.92
9.76
7.68
6.24
10.4
8.96
10.72
6.08
7.36
8.64
7.2
8.96
7.84
6.56
8.96
4.48
8.32
6.88
9.44
8
7.04
8.32
9.44
6.56
6.88
6.72
7.36
8.32
7.68
7.52
6.88
6.08
6.56
7.36
5.92
6.24
7.36
6.72
8.16
5.76
6.56
6.72
7.36
8
4.8
6.56
6.56
8.16
6.4
7.36
6.72
7.52
8.64
9.44
2.56
9.44
7.68
10.4
9.28
6.4
7.2
6.72
6.88
6.4
8
6.72
6.4
5.92
8.8
8.32
7.2
6.56
8.48
7.68
4.64
6.08
6.24
8
8.16
8.8
8.16
6.88
6.88
6.4
7.68
9.44
8.32
8.96
8.64
5.92
6.4
5.92
6.4
2.72
7.2
7.36
7.2
7.84
8.16
6.88
6.88
6.4
7.04
6.08
7.2
5.6
6.56
7.2
7.04
5.92
5.6
7.04
5.28
3.36
8.32
7.36
6.56
7.36
6.88
6.88
8
8
9.6
7.04
7.68
6.88
5.76
6.56
6.72
6.4
6.24
8.8
5.76
6.08
4.8
8.16
6.4
8
7.52
6.4
4.16
9.6
6.88
9.76
6.72
7.2
7.52
7.2
6.72
7.04
6.4
6.56
5.44
6.88
6.72
8
6.4
5.28
8.16
9.12
7.52
6.88
6.4
8
7.84
7.52
7.52
10.24
8.64
5.92
7.36
5.28
9.12
6.4
6.72
6.88
7.36
5.44
7.36
7.52
7.36
6.56
6.72
5.6
7.04
6.24
5.92
5.12
5.44
4.96
5.92
2.88
7.2
6.88
7.68
8.16
7.68
8.8
8.32
6.4
7.36
7.04
7.52
6.88
8
7.84
7.04
6.24
7.2
5.44
5.12
6.4
5.92
5.92
7.68
4.16
10.08
5.12
7.04
8
8.48
4.64
7.52
6.56
6.56
6.4
5.92
6.56
6.56
7.68
1.76
6.56
8.96
5.6
7.84
5.28
5.92
6.24
6.56
6.56
7.2
4.64
10.88
8.8
6.72
7.52
4.96
7.04
5.6
3.68
8.8
5.76
6.4
7.84
4.48
10.72
7.36
8
7.68
8.64
8.48
8.16
8
6.72
7.36
8.96
5.44
6.56
6.08
5.76
6.72
6.24
6.4
7.36
6.72
6.88
7.04
6.88
7.04
8.96
5.28
6.08
6.24
8.96
8.64
7.68
8.8
7.04
5.12
5.92
8.16
6.24
7.84
8.48
8.64
8.64
8.32
6.72
6.24
6.88
6.24
9.12
8
6.72
7.2
8.16
9.12
6.56
3.04
6.88
9.12
7.68
9.12
5.92
7.52
6.88
4.8
7.52
5.76
7.68
6.08
6.88
8.48
8.8
6.72
5.12
8
4.64
4.48
9.28
5.12
9.76
6.56
7.04
7.68
6.24
7.36
7.52
8.96
8.16
7.68
7.52
7.68
6.08
7.68
8.64
8.64
5.44
8.16
7.2
7.84
7.52
7.52
8
7.2
7.2
7.04
9.12
9.12
7.2
8.16
6.88
6.88
5.76
9.44
7.52
4.64
8
8
7.52
7.04
6.4
8.32
8
7.68
7.68
4.96
9.28
9.92
7.68
5.6
8.64
9.76
10.88
7.2
8.64
5.6
7.36
8.96
9.12
9.6
8.16
9.28
9.12
8.48
8.96
9.28
8.96
10.4
8
8.64
8
6.08
9.76
8.8
6.4
11.36
9.92
9.12
9.92
9.12
9.6
8.96
10.08
8.8
8.48
9.28
10.72
8
8.48
10.24
10.24
9.12
10.24
10.08
5.44
9.44
9.92
9.12
9.92
9.12
9.92
9.92
9.28
7.68
9.28
10.88
7.52
8.16
10.56
10.24
8.96
8.48
11.04
7.36
10.24
8
8
8
8.64
9.44
7.84
9.44
9.6
12.64
9.6
8.64
8.32
9.28
8.96
10.08
7.52
8.64
9.92
6.56
8.48
12.48
9.6
8.48
10.72
8.64
10.08
9.28
8.32
10.56
9.76
9.92
11.68
9.28
9.28
9.44
9.76
8.96
5.76
10.56
8.96
11.52
10.08
9.12
10.08
10.08
9.44
8.8
10.72
9.76
10.72
9.44
9.44
9.12
10.08
10.08
9.44
10.72
6.08
10.4
8
10.4
11.04
10.24
10.24
11.04
10.4
8.48
10.72
9.76
10.24
10.72
10.56
9.28
11.68
11.2
11.52
6.88
9.76
9.28
8.16
8.64
9.6
8.64
8.96
8.8
10.24
9.76
7.36
10.08
8.8
8.8
9.12
9.44
10.88
9.28
8.32
5.6
10.4
9.28
10.08
9.6
10.72
10.08
8.8
9.12
9.12
8
10.24
9.44
9.92
9.44
10.4
8.8
9.92
8.8
5.28
8.96
8.96
10.24
8.64
8.16
8.8
6.72
10.24
6.72
6.88
9.6
7.68
9.28
9.6
7.68
7.36
9.12
9.12
8.64
6.56
7.84
9.76
8.32
9.12
8.32
8.16
8.8
8.64
7.36
8.48
7.84
8.48
8.8
9.28
7.68
9.6
7.36
8
4.96
8.48
8.96
9.44
8.32
8
8.8
8.64
8.32
7.52
8.16
7.04
8.64
8.32
8.48
7.2
6.08
9.28
7.68
8.16
4.16
6.56
7.2
8.32
5.76
8.32
8.8
6.56
9.12
8.96
7.2
4.96
8.16
9.12
8.16
9.12
8.48
7.36
8.16
4.32
8.48
8.32
9.12
9.44
8
7.04
9.28
8
8.8
8.48
7.52
7.36
8
7.52
9.12
8
6.88
9.92
7.84
4.8
8.96
6.4
9.28
6.88
8
8.16
7.84
10.08
8.8
7.84
7.2
9.6
8.96
9.28
9.44
6.72
9.28
7.2
5.28
10.24
6.72
7.36
8.16
7.68
11.2
6.56
9.6
9.28
8.8
8.64
8.32
10.08
8.16
8
8.64
12.32
6.56
8.96
6.24
8.8
8.64
9.6
8.96
8.64
6.56
10.88
5.6
8.48
10.24
9.12
9.28
8.96
10.56
10.24
9.76
7.84
10.4
3.52
12.32
6.88
9.28
9.76
7.68
9.76
7.04
11.2
7.52
9.92
4.8
8.96
7.84
6.4
9.12
9.92
9.12
9.12
7.84
5.28
9.76
7.84
11.52
7.68
8.32
8.96
8.32
8.48
10.4
6.56
10.56
7.2
9.28
8.16
8.16
9.76
8.64
8.8
7.36
7.52
10.24
7.2
7.52
10.4
8
9.28
7.84
7.36
9.76
5.44
10.4
8.32
11.2
6.24
10.56
6.4
10.56
8.32
6.08
8.32
11.52
7.2
7.04
10.24
5.44
9.76
5.6
11.68
5.92
9.44
7.68
8.48
8.64
9.6
10.72
8.32
8.64
5.6
9.12
9.6
7.2
10.24
7.36
7.68
8.8
10.4
9.28
9.6
7.52
11.36
7.68
7.52
10.88
10.08
10.24
9.44
10.72
6.88
6.08
10.4
4.48
7.68
11.04
8.96
9.76
8.48
7.2
9.44
7.68
6.4
10.08
8.96
8.32
8
10.88
7.84
6.08
8.64
8.16
6.88
8.48
7.68
6.88
7.84
7.36
8.32
6.72
9.76
8.8
8.32
10.08
7.52
6.56
9.28
6.24
8.64
5.6
8.96
9.12
6.08
10.24
6.24
9.6
6.88
8.96
5.92
8.8
7.04
8.64
7.68
7.04
8.16
7.84
7.84
8
5.28
7.84
7.68
7.68
7.04
7.84
8
6.88
8.16
7.2
9.12
9.44
8.8
8.64
7.84
7.52
8.32
7.2
8.8
9.12
5.76
10.4
6.56
8
8
6.4
9.92
9.44
9.12
8.8
9.76
7.04
8.64
8.32
7.68
7.68
7.68
8.96
6.4
7.04
7.52
10.08
7.68
9.28
8.8
10.56
7.04
7.52
8.32
9.12
4.96
8.64
6.88
7.52
8
7.2
9.92
7.68
8.96
7.04
6.88
10.24
6.56
8.8
6.72
7.04
7.04
7.68
7.36
8
6.88
8.16
9.92
6.24
7.2
8.96
9.12
7.2
7.2
8.16
5.92
7.52
4.96
5.44
6.08
9.28
6.08
8.64
8.48
6.88
8.48
7.52
8.8
6.24
8
6.4
6.88
8.32
5.6
7.84
7.84
5.44
7.36
8.64
7.68
6.4
7.04
8.8
7.2
4.96
5.44
8.96
4.8
5.44
6.08
7.68
5.12
5.28
6.4
6.72
5.12
6.08
5.28
4.96
6.88
4.96
8.48
5.12
6.24
4.8
6.24
6.88
5.6
5.12
6.88
5.12
6.72
5.12
5.76
7.52
6.08
6.4
5.44
8.16
5.92
6.56
5.12
5.6
7.2
5.92
4.96
6.72
5.76
7.68
7.2
7.36
5.44
8.16
5.6
6.88
4.32
7.36
6.24
8.8
7.2
5.76
6.4
5.44
8.48
6.4
6.4
7.68
6.88
6.56
8.32
4
6.08
6.88
7.68
5.76
8.16
6.56
4
6.56
6.72
7.52
6.56
6.08
6.24
7.52
7.04
6.4
8.48
6.72
6.72
4.48
7.36
7.36
6.56
6.24
5.28
7.52
3.84
6.72
6.24
7.52
5.76
6.72
6.08
7.84
8.16
7.04
8.32
6.24
6.88
4.96
8.16
8.8
5.12
7.04
6.56
6.24
6.72
7.04
6.24
6.24
8.96
7.04
4
8
7.68
6.4
7.68
8
2.24
7.36
8.96
7.2
4.96
6.56
5.76
7.52
6.88
5.92
6.72
8.64
3.52
7.52
5.44
5.28
6.4
7.68
7.68
7.68
4.64
7.36
5.6
5.6
6.56
5.12
7.52
7.68
6.72
6.88
6.24
6.88
7.04
9.6
6.24
5.6
8.16
7.84
5.92
5.44
5.76
7.52
7.04
5.76
8.16
8.32
7.36
8.48
6.4
9.6
6.72
7.52
7.68
4.32
8.64
7.04
7.2
7.04
6.88
4.32
8.32
7.36
4.96
6.4
6.56
8.96
4.8
8.32
7.68
6.08
6.88
6.08
7.36
5.44
7.84
5.92
6.08
6.72
4.32
7.36
6.72
5.76
7.04
5.92
6.56
6.08
8
5.44
6.24
7.84
6.24
6.24
7.84
8.32
5.6
7.84
7.68
8
6.72
5.12
6.24
6.4
5.6
5.92
7.84
6.08
7.2
8
7.36
8.48
7.04
6.88
7.2
7.36
6.72
6.24
6.88
4.64
7.84
6.4
5.92
6.56
6.72
6.72
7.04
6.72
6.4
6.08
6.4
6.08
6.4
7.84
5.92
7.36
7.04
5.44
7.36
3.68
6.56
6.56
6.4
4.96
6.88
5.28
7.36
6.08
6.72
6.4
6.56
6.4
6.56
6.08
6.56
8.32
6.88
8.16
4
8.16
5.92
7.68
6.72
6.88
7.68
6.88
8
6.4
7.52
6.08
7.04
8.32
6.24
7.2
6.88
6.24
7.68
5.92
6.08
7.68
8.16
6.88
6.72
7.04
7.04
8.16
7.52
6.72
9.12
5.92
9.12
7.68
4.48
6.24
5.76
7.2
6.4
5.6
8
7.2
4.64
6.72
7.84
6.08
8.64
6.56
6.24
7.2
8.8
3.68
9.44
6.08
7.84
7.84
7.2
7.04
5.76
6.56
6.4
8.64
7.36
7.2
6.24
4.96
7.36
7.84
6.88
8.96
6.4
7.04
6.88
8.96
6.72
9.28
9.28
8.8
6.4
6.72
9.12
7.68
7.68
6.08
7.04
9.6
8
7.2
8.48
8.96
7.52
8.16
7.68
10.08
7.04
7.2
8.8
7.36
5.92
8.48
8.48
7.04
8.64
7.52
8.16
8
6.72
7.04
7.2
8
8.64
7.2
8.96
7.68
7.36
8.64
9.92
4.48
10.72
7.68
7.2
9.12
7.2
8.96
10.24
6.08
7.2
5.92
7.68
7.84
6.88
5.92
7.68
8.32
5.76
5.76
7.04
4.96
4.96
8.96
5.44
5.6
6.4
5.6
6.88
6.56
6.72
7.52
6.4
5.76
7.04
6.4
7.52
6.08
7.2
6.24
4.16
5.44
5.28
4.96
6.56
5.12
5.44
6.72
6.88
6.88
6.08
5.76
4.64
6.08
4.96
5.44
7.52
5.44
5.76
5.92
5.12
4.8
5.92
6.08
5.6
5.92
6.4
5.12
5.76
5.6
5.92
5.12
4.16
6.72
5.28
6.72
5.44
7.52
6.4
3.68
6.08
5.6
5.12
5.12
6.08
6.08
6.08
5.76
6.08
5.92
6.24
5.92
4.96
5.92
3.84
5.76
5.92
5.76
6.24
5.6
6.56
5.28
6.24
5.92
4.8
5.92
4.48
5.12
5.6
5.28
4.96
4.96
4.8
4
4.64
5.92
3.36
5.76
3.84
4.64
4.8
4.96
4.16
5.12
5.44
4.64
5.28
6.4
5.12
4.96
5.12
4.64
4.32
5.44
5.28
4
4.8
5.92
4.16
4
3.84
3.04
5.12
4.32
3.84
4.96
5.44
4
5.44
5.76
5.28
5.6
3.84
5.12
3.52
3.52
5.28
3.04
5.12
5.12
4.48
4.64
5.44
4.96
5.12
4
3.52
3.84
4.64
5.76
4.8
4.64
4.32
4.8
5.12
5.28
4.8
4.48
4.96
5.12
4.32
5.28
6.08
4.48
5.28
4.8
5.12
5.76
4.16
6.08
4.8
4.64
5.6
3.84
4.96
4.96
3.2
6.4
5.12
3.2
4.64
4.48
4.48
5.12
4.96
4.8
5.12
4.64
4.8
6.24
6.4
4.48
4.16
4.8
5.6
5.12
4.8
5.28
5.12
5.28
4.48
4.96
4.8
5.44
5.6
5.44
4.8
4.64
5.28
4.96
4.8
6.24
4
5.76
4.96
3.68
5.92
4.96
2.08
4.8
3.84
5.76
6.08
4.64
6.24
4.48
5.76
5.92
5.12
5.44
5.76
6.24
4.96
5.6
4.96
4.8
7.52
3.68
5.12
6.24
5.6
6.4
5.28
5.92
6.08
4.8
5.92
5.92
5.76
5.44
5.28
5.92
2.88
4.48
3.52
6.88
5.28
4.96
4.16
5.12
3.68
5.92
2.56
6.4
5.28
3.84
5.44
5.12
5.6
6.4
5.76
5.76
6.88
4.64
4.64
4.48
5.92
5.76
6.08
5.92
5.6
5.92
5.44
5.44
5.12
4.64
4.96
5.6
5.92
6.08
4.32
5.28
4.96
3.36
6.4
5.28
5.6
4.16
6.24
4.64
2.88
6.24
3.2
4.96
4.64
5.6
3.52
6.08
4.96
5.76
5.28
5.28
5.92
3.68
2.88
4.96
3.84
4.32
4.96
5.76
4.48
4.8
5.44
4.32
4.48
4.48
4.16
5.12
2.56
4
4.64
4.32
2.56
6.56
4.16
3.2
4
4
4.16
5.28
4.32
4
4.16
3.68
5.28
4
4.16
4.32
5.28
5.12
5.92
2.4
4
4.48
4
4.64
4.64
5.44
4.32
4.96
4.64
3.36
4.48
4.16
3.2
3.68
3.84
4.16
4.32
3.52
3.84
2.08
3.68
3.84
2.72
3.2
2.4
3.36
3.68
3.04
2.88
4.16
3.84
3.2
2.72
3.84
4.32
3.52
3.68
3.2
2.88
3.36
3.36
3.36
2.08
2.72
2.56
2.72
2.56
3.04
2.72
3.04
1.28
0.64
10.24
9.44
11.36
14.72
14.24
12.16
6.88
11.68
9.12
13.44
12.64
10.72
6.56
14.72
12.64
10.72
16.64
13.28
12.48
14.08
12.16
12
12.16
12.32
10.88
13.12
8.48
8.96
18.24
15.84
10.4
12
13.12
8.32
7.2
10.56
10.56
16.64
11.84
12.32
15.36
13.92
10.72
12
11.68
5.44
12.16
15.2
9.12
12.48
10.72
12.48
6.24
7.2
9.76
9.6
10.4
16.96
13.44
14.72
17.44
13.6
13.76
12.64
10.08
6.72
14.72
12.48
12.64
11.52
17.44
12.8
11.52
12.8
10.08
15.04
11.68
12.64
13.76
12.16
17.28
12.64
11.52
11.2
7.2
16.16
17.76
11.52
11.52
11.52
9.92
12
11.04
13.44
12.16
11.2
10.72
12.32
12.32
13.76
13.92
12.16
13.44
13.76
9.76
15.36
12.16
13.76
11.2
13.12
9.6
16
14.88
12.32
12.16
12.16
11.04
14.56
6.88
12.64
15.2
16.32
14.88
4.32
16.16
13.76
13.76
11.52
12.8
11.2
12.48
13.12
4.96
12.64
10.72
8.96
13.28
12.48
14.56
14.24
15.2
10.88
16.16
5.6
12.8
8.48
7.52
7.36
14.72
12.16
14.08
11.04
13.44
5.76
7.36
11.2
11.84
10.56
16.16
16.32
7.52
5.92
6.24
14.72
7.52
17.28
13.76
14.72
13.44
12.16
7.2
10.08
15.36
13.52
13.28
9.92
12
14.08
9.44
8.32
10.32
12.8
11.2
13.28
12.96
12
7.36
8.64
10.56
13.6
9.92
10.56
9.44
11.2
8
5.92
8.8
10.1333
14.24
10.6133
9.28
16
10.4
13.76
12.64
12.48
6.72
14.48
15.36
15.52
15.84
12.16
8
7.68
3.2
8.32
11.68
10.08
13.92
7.04
10.56
10.56
12.48
9.6
6.72
8.32
9.44
10.88
9.84
14.08
7.52
10.4
7.2
11.008
14.4
10.88
14.72
10.4
12.4
7.2
7.2
11.52
12.96
10.4
5.6
3.52
9.28
8.48
9.44
9.6
8.64
14.4
11.04
7.76
13.76
12
8.96
6.72
9.12
10.4
9.44
6.72
13.92
11.68
8.48
9.68
6.56
10
8.8
7.52
9.76
10.48
10.08
6.08
10.4
12.8
9.92
7.36
4.48
9.76
12.16
12.16
9.12
12.48
10.5067
11.2
5.76
9.76
14.56
7.68
9.65333
9.2
12.48
9.92
11.52
9.76
12
9.12
11.68
8.32
13.92
11.04
9.44
9.28
7.84
12.48
8.96
10.08
12.16
11.36
11.04
14.24
11.36
11.68
10.4
11.68
11.2
12.96
6.4
10.88
9.38667
9.76
14.24
10.4
11.808
12.48
10.08
12.8
12
10.08
6.24
13.76
16.48
16
10.4
11.52
12.16
12.3733
12.52
10.88
10.56
8
11.52
11.36
13.56
14.08
17.44
13.76
11.68
16.64
16.32
14.4
12.64
12.48
13.44
16.8
13.6
16.64
13.6
9.6
16.8
13.92
14.72
13.92
17.12
13.76
17.12
15.2
17.28
9.6
13.44
12.48
16.32
15.68
16.48
15.2
15.84
12.96
8.72
9.44
10.08
8.32
7.84
11.36
9.52
9.44
9.28
5.28
7.84
8.48
8.16
10.88
9.28
8
9.28
9.92
8.16
8.16
8.96
8.8
9.92
7.84
9.28
5.6
9.12
10.24
12.16
12.64
9.6
14.56
13.44
15.12
14.24
13.28
13.76
11.36
14.4
13.28
13.12
11.28
15.2
10.24
16.96
12.48
15.04
10.4
14.4
14.6667
17.36
18.48
8.8
12.8
17.92
16.32
15.3067
18.4
15.36
18.4
17.92
17.36
17.36
13.12
7.36
7.04
4.8
14.4
14.56
14.88
15.2
16.16
16.96
17.28
14.72
16.48
16.24
16.96
16.16
16
18.4
14.08
6.72
17.28
14.88
17.44
18.4
18.32
10.56
10.4
4.32
5.44
5.92
6.56
7.04
7.36
8
7.04
4.48
7.84
7.68
3.84
7.68
4.64
8.8
5.76
5.28
6.88
7.36
6.26667
5.92
5.12
7.68
8.48
3.52
6.61333
8.48
9.76
10.3086
8.48
8.48
12.16
9.68
11.04
11.68
4
8.56
14.592
14.0267
12.72
14.336
12.32
13.6
13.6
12.64
13.84
12.56
8.8
8.72
9.16
8.32
8.48
9.92
7.76
4.48
11.8
13.44
14.8267
15.84
16
17.44
12.72
15.44
17.0667
14.72
16.96
15.2
14.72
18.24
15
15.84
14.08
17.92
15.04
16.8
13.2
15.68
15.36
11.52
16.96
16.64
14.24
16
18.56
14.24
13.84
15.04
12.32
13.88
6.24
12.64
15.84
11.36
15.68
13.6
12.6933
15.44
13.6
13.6
13.04
13.76
12.32
15.2
15.36
14.72
7.36
12.8
14.9867
12.48
13.76
8.96
15.52
13.6
16.96
12.8
15.04
13.92
15.68
12.96
11.5733
12.16
12
14.5067
18.24
16.32
18.4
17.2
16.4
17.28
16
14.4
15.84
17.6
7.36
18.24
15.52
18.56
17.44
16.5867
14.08
10.56
6.24
5.6
11.84
6.72
4.8
6.72
5.76
4.48
5.28
2.08
7.68
7.68
6.88
4.8
8.48
10.88
11.84
12.48
8.48
8.48
10.56
9.6
7.68
7.84
8
8.64
9.12
6.56
10.56
10.72
11.84
10.08
9.76
11.04
9.76
11.68
8.8
10.4
16.0533
12.16
14.88
14.88
14.96
9.6
7.36
9.06667
8.32
8
9.12
11.68
12.32
8.96
11.2
11.04
6.8
8.96
9.44
8.32
7.2
8.16
8.64
8.16
8.64
8.32
9.6
8.96
8
10.08
10.4
8.8
7.04
9.28
7.2
8.96
10.56
12.32
11.264
15.2
16.64
16.08
15.9467
12.8
15.52
16
15.3333
14.08
11.76
7.68
9.44
9.76
10.96
17.36
16.32
17.6
16.96
15.44
11.52
9.12
11.2
16.32
15.04
19.2
18.72
13.28
16.72
13.2
16.64
17.28
16.7467
17.6
16.8
17.92
14.56
19.04
16.64
12.32
17.2
16.16
16
4.8
17.04
19.2
16.8
9.6
19.2
15.68
17.2
14.16
15.68
14.08
18.32
15.12
7.04
17.6
19.04
17.04
17.28
16.32
17.28
16.2667
16.16
19.2
18.24
6.56
15.68
18.24
17.76
16.48
19.2
18.4
12.64
15.04
18.88
18.08
12.8
17.2
13.44
12
16.48
19.2
16.16
13.6533
16
15.36
13.76
19.2
16.96
18.4
19.2
16.64
17.6
18.08
18.24
18.08
18.4
17.44
5.12
7.04
15.84
14.72
14.56
17.44
15.84
12
16.64
17.12
18.4
17.44
17.28
18.4
17.28
14.72
14.24
19.2
16.32
14.24
4.8
17.44
16.32
10.88
10.72
18.24
16.96
17.28
18.4
18.24
18.24
16.16
9.12
17.28
13.76
15.2
17.44
9.6
18.24
18.08
15.36
16.96
17.2
18.08
14.96
14.4
15.68
18.56
15.2
14.72
16.8
16.16
16.16
12.16
14.4
7.36
16.16
14.56
16.64
14.4
15.36
15.52
16.8
13.44
15.36
16.16
10.56
16.16
16
12.64
13.44
14.72
13.76
18.4
8.96
12.8
13.12
13.6
12.16
17.12
17.76
12.32
12.96
15.52
16.48
16.96
15.2
14.88
14.88
17.12
16.16
15.52
13.6
15.52
6.88
17.44
15.52
14.56
14.4
11.36
13.92
15.84
12.64
16.16
13.92
14.56
15.36
13.76
12.96
14.88
14.72
10.72
13.92
6.4
15.2
12.8
15.04
10.72
13.12
12.64
13.6
13.92
15.52
15.68
13.12
13.6
15.04
16.16
11.84
14.56
14.56
15.52
14.56
8.64
16
11.36
14.56
14.08
13.12
16
12.8
13.92
13.92
12.96
15.36
16.32
13.44
12.96
12.64
14.88
14.56
12.32
7.84
14.4
15.84
15.52
15.04
13.6
12.96
15.84
15.04
12.32
16.64
14.08
11.2
14.08
15.52
12.48
14.24
13.44
13.92
13.92
6.56
12.32
14.56
13.12
12.8
11.52
16.64
15.36
13.92
16.64
10.88
15.2
14.56
15.36
16.16
14.88
12.32
14.24
15.52
8.48
12
10.88
12.48
15.04
8.64
10.56
9.12
11.2
16.32
16
12.8
14.08
13.12
13.44
14.4
12.48
15.2
14.08
16.64
7.2
14.56
15.2
15.36
15.2
15.04
15.52
14.72
15.68
15.68
15.84
14.56
16.64
14.88
15.2
15.36
16.48
11.2
14.24
7.2
14.88
15.84
15.84
15.52
16.48
14.4
16.48
15.2
15.04
13.92
15.84
15.04
15.04
15.52
14.72
12.96
16.32
15.84
14.4
6.24
17.6
16.48
14.24
14.88
14.56
14.4
15.68
14.4
12.8
15.04
12.8
12.64
16
13.6
16.64
13.12
12.8
14.24
8.96
14.4
16.48
14.4
13.6
15.52
15.68
15.68
16
15.04
15.52
13.28
14.88
13.76
15.84
16.16
15.04
13.76
15.2
15.68
8.64
17.28
15.84
16
13.76
12
16.32
15.52
14.24
14.88
15.84
16
14.24
12.32
15.52
15.84
15.52
15.2
15.84
7.52
16.64
15.2
12.96
12.32
15.84
15.52
13.44
15.04
13.6
14.72
13.6
16.32
13.12
16
14.08
14.4
12.96
15.84
14.56
9.28
14.88
14.24
14.88
16.16
11.52
14.56
15.68
11.52
13.44
14.88
16.48
14.56
12.48
15.84
14.24
15.36
14.72
16.48
7.84
15.2
12.96
13.6
12.64
15.52
14.24
15.84
15.36
15.04
14.88
15.04
14.88
14.4
15.52
15.36
13.28
13.92
15.84
16.48
7.52
14.56
14.56
15.36
15.2
14.56
15.2
15.68
14.4
13.44
15.84
15.68
14.08
14.88
13.76
13.44
13.6
14.4
14.24
8.32
13.44
14.72
11.68
11.84
15.84
13.92
15.36
14.4
15.52
17.6
13.6
16
14.4
13.6
15.84
14.72
13.92
15.2
13.92
5.92
12.64
12.64
14.56
14.08
11.84
13.76
13.6
12.64
15.04
10.08
15.2
15.2
14.56
14.56
12.16
11.2
14.56
15.2
7.52
14.4
15.2
14.56
12.48
16.32
12.48
13.28
14.56
14.88
15.84
12.96
12.16
14.88
12.96
14.72
15.84
13.12
15.68
15.04
8.96
16
13.12
13.28
14.08
15.2
12.64
13.92
14.56
10.56
14.72
14.88
12.96
13.28
14.88
15.84
13.76
14.72
11.2
6.08
16.16
12.32
15.52
13.28
13.92
14.56
15.68
12.32
13.12
15.36
14.08
13.6
16.64
12.16
14.72
12.64
14.88
16.16
12.64
8.96
15.36
14.4
16.16
14.08
14.08
15.04
13.92
11.52
14.56
14.56
11.68
17.6
15.04
13.76
14.56
15.2
15.36
13.28
6.56
16.8
15.84
8.8
14.08
16.8
12.64
12.8
16.64
15.84
13.92
15.2
16.96
15.68
14.88
13.28
14.24
14.4
16.32
14.72
9.6
15.68
10.56
11.2
14.88
17.44
16.64
13.6
12.16
15.04
15.68
12.64
13.92
14.08
15.36
15.84
14.72
16.8
15.2
6.56
15.2
14.4
12.48
14.08
13.6
12.64
13.28
16
16.16
15.04
14.72
14.56
15.36
13.44
13.76
14.88
15.68
16.32
14.56
8.32
13.76
10.24
14.4
13.92
15.52
12
14.4
9.92
12.64
12.32
10.56
12.16
16.32
16.32
12.96
14.08
15.84
15.52
5.28
13.76
16.32
16.32
13.92
12.64
14.72
16.96
15.36
14.08
14.08
15.84
15.84
15.52
14.08
13.28
16.8
14.88
13.76
14.4
8.48
13.92
13.6
17.44
14.4
12.96
14.4
14.72
15.84
15.84
15.84
15.36
15.2
15.04
15.36
16.16
16
14.08
16.16
8
15.68
11.84
15.84
14.4
11.36
16.64
14.88
14.08
16.64
9.6
11.04
15.68
14.56
15.04
14.88
15.84
17.92
15.84
15.52
8.64
14.88
16.64
17.28
17.44
14.24
16.16
15.68
16.64
15.04
15.04
15.2
16
16
14.24
14.72
16.32
15.68
15.68
7.2
16.8
13.28
16.48
14.56
16.16
15.2
8.96
15.52
10.24
4.8
3.36
1.92
0.266667
1.12
1.44
6.4
8
4.8
2.08
1.44
0.8
0.96
0.96
0.16
1.44
1.12
1.44
1.44
1.76
0.64
0.8
1.6
0.32
1.28
1.28
2.24
1.44
0.8
0.8
1.76
0.8
0.48
0.8
1.28
0.96
1.28
0.48
0.48
0.64
0.64
0.8
0.96
1.44
1.28
0.32
0.48
0.48
0.48
0.32
0.64
0.16
0.48
0.64
0.48
0.64
0.32
0.8
0.64
0.32
1.12
0.8
1.76
0.96
0.48
0.16
0.48
0.48
0.64
0.64
0.32
0.8
0.48
1.12
0.48
0.64
0.48
0.64
0.48
0.32
0.16
0
0.16
0.16
0.32
0
0.32
0.32
0.16
0.16
0.32
0.32
0.48
0.24
0
0.16
0.32
0.48
0.16
0.08
0.16
0.48
0.16
0.16
0
0.32
0.16
0.16
0
0.16
0.16
0.08
0.24
0
0.16
0.16
0.16
0.16
0
0.16
0.32
0.48
0.48
0.16
0.32
0.32
0.16
0.16
0
0
0.08
0.32
0.16
0.48
0.16
0.16
0
0.32
0
0.16
0.32
0.32
0.48
0.32
0
0
0.08
0.24
0.8
0.16
0.16
0.16
0
0
0
0
0.16
0.64
0
0.32
0.64
0.16
0.16
0.16
0.64
0.08
0.16
0.32
0
0.16
0.32
0
0.16
0.24
0.16
0.16
0.08
0
0.32
0
0.16
0.16
0.266667
0
0.48
0
0
0
0.16
0
0
0.16
0.16
0.08
0.24
0.16
0
0.16
0.32
0.24
0
0
0
0
0.16
0.24
0.16
0.32
0
0.213333
0.16
0.32
0.16
0.16
0.16
0
0.16
0.24
0
0.8
0.32
0.32
0.16
0.16
0.16
0.08
0.32
0.4
0.16
0.32
0
0
0.16
0
0
0
0.48
0
0.32
0.32
0
0
0.08
0
0
0.16
0.32
0.16
0.16
0
0.32
0
0.16
0.32
0.32
0.32
0.16
0.48
0
0.16
0
0.24
0
0.32
0.16
0
0
0
0
0.32
0.08
0.16
0
0
0.48
0.24
0.32
0.08
0.16
0
0
0
0
0.213333
0
0.16
0.8
0.16
0.48
0.0533333
0.16
0.32
0.08
0.16
0.24
0.32
0.16
0.16
0.16
0.16
0.16
0.32
0.32
0.16
0
0.32
0
0.32
0.16
0.32
0
0.16
0.16
0.16
0
0.16
0
0.16
0.32
0.16
0.16
0.16
0.32
0.16
0.16
0
0
0
0
