0
50000
0
500
1
500
513
467
0
0
0
0
179
0
526
0
319
997
0
0
0
1
542
460
0
0
995
0
1003
0
0
0
0
998
0
0
0
0
0
0
1007
0
0
0
0
0
1000
0
0
998
0
1996
998
1
1001
0
0
1000
0
0
0
463
543
0
1
992
0
0
1000
0
1001
1002
1000
1002
671
1993
0
84
1000
846
157
456
353
999
1001
1000
1002
1000
1000
1000
999
998
1002
999
634
2997
0
2002
1
997
1000
1003
997
229
1001
970
721
794
1
467
539
995
1003
1001
924
76
1001
1003
1001
1994
2000
0
1000
1002
0
1049
1529
170
304
1001
1000
0
2001
0
1004
0
1000
999
1002
1
999
2998
0
1000
1004
0
999
1000
1000
999
75
995
1001
1210
1000
375
628
275
371
995
1000
999
999
1001
1001
1000
1003
460
541
1000
1001
473
2526
1000
2000
1000
699
1301
596
404
0
505
497
1368
567
510
415
587
507
270
1000
1001
0
411
1309
740
1260
1000
1002
999
1000
524
1474
0
1002
0
131
1004
0
1000
1899
1097
2000
0
1000
403
598
1000
1002
1001
997
1000
349
999
1000
1001
265
979
22
3505
494
1001
1
999
0
1001
1003
1349
647
1000
1003
0
705
1001
1000
999
1000
1000
920
86
2508
1492
2000
1000
1000
242
1031
728
0
208
792
0
195
1006
0
998
999
1000
721
1004
0
1006
997
2997
0
585
416
1000
1001
0
999
2000
0
677
999
1001
999
1000
1000
1000
1003
998
1000
1002
1
999
37
1002
0
1001
992
1003
0
997
1000
1001
1000
448
1297
999
1002
0
1003
0
998
1002
1998
1999
0
1000
1002
0
1002
1999
0
2001
0
999
1001
0
1003
999
999
1231
769
1003
1997
0
180
822
745
357
1534
466
379
623
632
1000
755
4000
1000
739
264
998
0
1000
0
1000
0
1000
1004
1177
203
1000
1001
1000
1000
789
1000
699
1001
0
698
1002
1998
1000
0
1000
1
1001
1002
999
999
236
366
56
1000
641
1
1005
997
122
1004
996
1001
999
1001
0
1000
1000
680
1005
0
998
999
1000
201
1005
0
40
1001
0
1001
1002
998
966
1006
0
1002
1001
1000
1000
1003
998
1001
999
1001
1026
973
999
1030
971
1028
1000
1147
893
2641
0
0
1459
0
941
1018
1015
2128
0
0
1027
883
1000
1145
994
1610
1746
0
1478
0
1065
1033
1907
0
1092
1753
0
1247
2564
0
0
1302
1174
0
1038
0
1003
1108
946
1000
3867
0
0
0
1142
0
1010
0
999
1000
1028
1000
972
1028
1041
928
1035
994
1042
963
1108
920
1005
1980
0
1215
0
336
2170
0
1131
1199
1275
0
1042
0
1125
1283
468
769
1147
447
699
960
1041
1035
1071
1039
960
2607
0
0
797
917
893
856
970
1180
859
2000
0
2540
0
0
1505
0
1038
0
1000
1003
997
527
685
3373
0
0
0
943
1004
1032
967
1033
967
1000
1034
968
1011
987
176
1916
0
1141
0
1004
0
1001
1705
1291
0
1041
0
963
1001
2687
0
0
1956
0
1102
1157
997
1004
0
1001
1164
757
1290
0
1206
561
1076
2133
0
0
1893
0
1000
206
966
4427
0
0
0
0
1057
1245
309
997
1001
1024
0
980
1003
0
1031
968
1033
999
1365
2238
0
0
1000
1121
1642
184
2251
0
1882
0
988
280
1003
0
687
333
997
1003
1000
1673
0
1327
829
2090
0
1745
0
1330
0
1038
0
2453
0
0
1267
1488
0
795
1071
660
3548
1861
0
0
1032
0
584
87
197
903
1046
0
1001
999
2018
0
0
2146
0
945
2136
0
866
998
999
1000
3976
0
0
1027
0
1002
0
2348
0
0
1419
351
1000
386
2833
0
0
3853
0
0
930
0
1035
1000
1126
1053
2335
633
169
0
1245
0
709
402
2236
0
0
1332
895
2863
0
0
1497
0
1081
1303
1257
0
3355
0
0
1
1166
337
1761
0
750
287
735
1560
0
4871
0
0
0
0
1135
0
1044
0
1000
513
2003
0
1579
0
1758
2745
0
0
1909
0
951
1181
1629
0
872
593
1945
0
1228
999
2970
0
0
1029
1921
0
1890
0
1187
1000
151
2835
0
1015
1039
0
998
1870
1743
0
677
598
536
127
2763
0
1256
97
1139
1041
1008
344
2506
0
538
577
959
998
1000
327
3316
0
0
1035
1534
0
644
433
1429
0
1282
297
1252
1405
1845
0
1153
2788
0
0
2082
0
583
642
1196
0
335
2806
0
0
1008
0
450
1877
0
1716
0
1037
0
1037
1326
1135
989
4197
0
0
0
0
1007
0
1003
1153
876
1038
1679
2036
0
787
73
998
1076
0
409
1832
0
685
267
1454
1270
1481
0
1087
1042
849
615
156
886
1463
0
665
751
1459
275
79
107
3776
0
0
1152
0
1010
0
1031
999
1000
2550
0
0
1056
2015
0
2495
0
0
1137
1360
1113
0
1039
0
1036
969
336
517
371
6658
0
0
0
0
0
0
1033
1064
1012
1024
2127
0
1226
0
270
2898
0
0
1336
0
1000
2541
0
0
1308
2162
0
0
2778
0
1210
2357
0
0
800
851
1029
991
1259
0
1808
0
1364
385
1639
0
1974
0
723
1191
395
3558
0
0
1098
0
1000
316
1901
0
2880
0
0
1060
880
3767
0
0
0
2329
0
0
1000
1125
0
2562
0
0
983
1134
301
6063
0
0
0
0
0
894
299
1000
785
3903
0
0
0
3918
0
0
0
1231
0
1074
0
1364
960
830
965
6708
0
0
0
0
0
0
1303
0
1012
0
1027
1073
1000
861
1000
1000
741
5880
0
0
0
0
0
808
976
1001
876
1
1604
0
760
7250
0
0
0
0
0
0
0
1009
0
1031
808
998
559
3254
0
0
0
3330
0
0
1277
1174
0
1000
272
1735
0
4836
0
0
0
0
1172
0
1039
0
987
1019
1165
809
1696
0
478
2282
0
0
2952
0
0
1135
0
1041
0
509
1887
0
652
164
5694
0
0
0
0
1151
0
1012
0
1036
1026
1674
171
1000
250
241
1
1248
485
176
12090
0
0
0
0
0
0
0
0
0
0
0
1102
0
1012
0
999
1000
1001
1036
1000
3704
0
0
0
2415
0
0
3820
0
0
1109
0
65
1001
2484
0
2561
0
0
3599
0
0
1182
732
4640
0
0
0
0
760
877
1032
581
2088
0
1309
1935
0
3940
0
0
0
778
607
718
1008
929
832
3772
0
0
0
1792
0
974
1929
0
990
1022
5503
0
0
0
0
642
1054
38
155
1000
4476
0
0
0
0
913
774
604
1000
730
3852
0
0
0
3936
0
0
0
1121
1295
0
671
988
3061
0
0
0
1956
0
4102
0
0
0
1261
1156
0
491
1971
0
303
1804
0
2623
0
1339
0
270
8139
0
0
0
0
0
0
0
0
870
1000
1032
2527
0
0
1000
1000
836
4035
0
0
0
2906
0
0
1095
136
1036
0
915
1310
0
1647
1000
945
3416
0
0
0
3399
0
0
665
522
512
821
1190
0
936
227
4031
0
0
0
1303
0
1826
0
1172
1000
225
5386
0
0
0
0
0
898
744
978
1035
1000
281
960
4431
0
0
0
0
3147
0
0
809
921
1
1711
0
2124
0
799
954
553
1462
1694
0
2042
0
350
1427
0
938
701
904
6842
0
0
0
0
0
0
1167
0
1000
2235
0
0
1731
1031
229
3510
0
0
1900
0
1362
1001
1000
195
972
935
9676
0
0
0
0
0
0
0
0
0
988
985
1048
933
1326
2205
0
0
1489
2195
0
1110
1002
2564
0
0
1308
2610
0
0
1869
0
616
642
1101
1252
1000
392
576
8872
0
0
0
0
0
0
0
0
1138
0
1013
0
1031
1117
564
138
440
373
8624
0
0
0
0
0
0
0
0
909
851
783
1001
1031
305
2043
0
160
3296
0
0
1042
5139
0
0
0
0
1071
0
1011
0
50
1773
0
660
6457
0
0
0
0
0
0
1144
1353
1195
0
1000
1000
305
710
7153
0
0
0
0
0
0
1061
0
1011
0
999
446
2009
0
1102
2155
0
2751
0
0
1246
264
431
3023
0
0
4280
0
0
0
0
1010
0
156
2298
0
966
1
252
203
315
866
10472
0
0
0
0
0
0
0
0
0
0
886
785
997
1004
1030
1000
396
120
3001
0
0
4281
0
0
0
0
1009
0
1038
960
1027
752
1279
0
2684
0
0
1523
1000
682
4885
0
0
0
0
1159
0
1009
0
1032
408
1798
0
1217
3858
0
0
0
1018
1119
267
339
591
2810
0
0
2042
0
1621
0
1381
280
850
179
1000
612
482
537
976
520
12947
0
0
0
0
0
0
0
0
0
0
812
0
0
815
913
1001
1033
290
1809
0
1949
0
993
1074
1472
964
3807
0
0
0
1225
1000
3028
0
0
0
2536
0
1523
0
1238
1356
719
184
230
1000
550
8346
0
0
0
0
0
0
0
0
848
817
1001
999
1001
1027
1086
351
1593
2847
0
0
1965
0
1726
0
987
486
516
1004
1036
2999
0
0
1002
1041
0
1477
1482
1000
636
3649
0
0
0
1126
1163
345
858
1040
0
1002
204
4834
0
0
0
0
1176
0
1009
0
1000
1027
1884
449
780
1523
0
676
1431
0
1
3188
0
0
0
890
1074
3189
0
0
292
337
841
1615
1991
0
3122
0
0
1105
0
1010
0
1001
999
1183
2271
0
0
1777
0
2049
0
2928
0
0
1170
182
996
1010
0
1003
1814
1172
3205
0
0
0
847
961
1026
1000
2745
0
0
1490
0
1053
0
1303
678
1319
77
1079
999
532
1650
0
558
728
384
1488
0
1184
1338
297
1048
615
1597
0
1100
1609
0
1430
1227
43
2803
0
0
1062
2301
0
1244
0
1009
0
1002
2331
0
0
171
968
582
1024
3670
0
0
0
1374
1210
0
1008
0
24
322
1547
1817
0
1307
1733
0
1157
276
1140
0
759
2494
0
0
2353
0
1243
847
1994
0
1257
0
300
887
1245
577
1272
1287
166
4166
0
0
0
1209
0
1000
3890
0
0
0
1151
0
328
283
1372
1259
262
979
1568
0
999
1565
1736
0
2245
0
1017
1006
0
1268
932
766
2704
0
0
1969
0
873
1643
1823
0
1260
0
1644
0
902
1043
1001
3101
0
0
0
1856
1673
0
839
1020
1276
1230
204
1250
1752
0
940
660
2133
0
0
1055
0
976
1073
1141
122
4229
0
0
0
0
776
1003
1034
1702
1238
646
629
1909
0
1138
2047
0
1027
989
18
1000
997
1003
1117
1381
2210
0
0
812
295
1173
1108
1173
1534
0
1217
169
1783
0
651
1169
395
979
512
922
503
505
1838
0
1221
0
1042
0
999
1000
1524
957
1195
232
1129
1148
593
1700
0
1006
0
1005
1026
969
1039
9
999
999
1068
1152
601
1034
1088
271
735
1546
0
1296
1164
0
221
1408
1050
768
228
501
341
1506
1218
1054
0
1038
0
1535
1194
0
1038
0
1117
883
1040
1766
158
966
1020
0
987
1241
828
998
707
854
316
446
596
1965
0
1301
751
1522
0
1006
0
1002
1001
998
1001
1000
1041
971
2295
0
0
1022
689
1531
1084
0
448
591
1250
938
869
972
941
739
136
729
1004
0
1002
998
1001
999
1002
998
1003
997
1002
998
1002
998
1000
1000
1001
999
1000
999
1001
1000
1000
999
999
1001
0
1001
0
1001
0
1001
0
1001
0
999
999
1000
1000
1001
999
1000
1000
1001
999
1000
1000
1001
999
1000
1000
1001
999
1000
1000
1001
999
1000
1000
1001
999
1000
1000
1001
999
1000
1000
1001
999
1000
1000
1001
999
891
860
1123
1114
971
992
768
1201
1081
771
1228
1000
398000
1000
1000
1000
1000
1001
999
1000
1000
1001
999
1000
1000
1001
999
1000
1000
1001
999
1000
1000
1001
931
1004
1065
999
1000
1000
721
1071
1158
1030
1020
1001
999
1000
729
1110
1051
841
1270
999
1000
1000
1000
1001
999
1000
1000
1001
805
1194
1000
870
1130
960
1041
999
1000
1000
1000
985
1015
1002
998
1001
999
1000
1000
1001
999
1000
1000
1001
999
1000
1001
1000
999
1000
1000
1001
999
1000
1000
1001
999
1000
1000
1001
999
1000
1000
1001
999
1000
1000
1001
999
1000
1000
1001
999
1000
1000
1001
999
1000
1000
982
1018
1000
1000
719
1281
931
1070
999
1000
1000
1000
1001
999
1000
950
1050
1000
1000
1000
761
1241
998
942
1058
1000
1000
1000
1001
999
1000
1000
1001
999
1000
1000
1001
999
1000
1000
1001
999
1000
1000
1001
999
900
1101
999
1000
1000
1000
1001
999
1000
1000
1001
999
1000
1000
1001
999
1000
1000
1001
935
1065
999
1000
711
1182
1108
999
1000
1000
1000
1001
999
1000
1000
1001
950
1049
1000
1001
999
1000
1000
1001
999
1000
1000
1001
999
1000
1000
1001
999
1000
1000
919
1081
1000
1000
1001
999
1000
1000
1001
999
1000
870
1116
1014
1000
1000
1001
999
1000
1000
1001
999
933
1068
999
850
1150
1000
932
1068
1000
1000
1001
999
1000
1000
1001
999
1000
1000
1001
1000
999
1000
1001
994
1005
1000
1001
999
1000
1000
1001
999
1000
1000
1001
999
1000
981
1019
1000
1000
1000
1001
999
1000
1000
1001
999
1000
1000
1001
999
1000
1000
1001
999
1000
810
1060
1131
999
1000
950
1051
999
1000
1001
999
1000
1000
1001
999
1000
1000
1000
1000
1000
1000
1001
999
1000
1000
1001
999
1000
1000
1001
999
1000
1000
1001
999
1000
1000
1001
999
1000
1000
1001
999
1000
1000
1001
999
1000
833
734
1151
1282
1000
1001
999
1000
1001
1000
999
1000
1000
1001
1000
999
970
965
1065
1000
825
1175
1000
1001
961
1038
1000
1000
1000
1001
999
1000
1000
1001
798
858
899
709
1013
722
1000
1001
999
1000
1000
1001
999
1000
1000
955
1045
1000
1000
1001
999
1000
1000
1001
999
1000
1000
1001
999
859
1142
999
1000
1000
920
1080
1000
1000
1000
1001
859
955
891
688
945
880
781
1001
940
957
736
768
897
702
898
991
1110
1000
1001
1000
999
1000
1000
1000
1000
1000
1000
965
860
960
926
832
1116
777
841
724
999
1000
1000
1001
999
1000
1000
1001
999
1000
1000
1001
999
1000
1000
1001
999
1000
1000
1001
999
1000
1000
1001
999
1000
1000
1001
999
1000
1000
1001
999
1000
1000
1001
999
1000
1000
1001
999
1000
1000
1001
999
1000
1000
1001
999
1000
1000
1001
0
0
0
0
0
0
0
0
0
0
0
0
0
0
0
0
0
0
0
0
0
0
0
0
0
0
0
0
0
0
0
0
0
0
0
0
0
0
0
0
0
0
0
0
0
0
0
0
0
0
0
0
0
0
0
0
0
0
0
0
0
229
147
65
0
0
0
0
0
0
0
0
0
559
477
395
313
231
149
67
0
0
0
0
0
511
429
347
265
183
101
19
0
0
0
0
0
595
513
431
349
267
185
103
21
0
0
0
0
849
767
685
603
521
439
357
275
193
111
29
0
539
457
375
293
211
129
47
0
0
0
0
0
758
676
594
512
430
348
266
184
102
20
0
0
942
860
778
696
614
532
450
368
286
204
122
40
0
0
0
0
0
0
0
0
0
0
0
0
2526
2444
2362
2280
2198
2116
2034
1952
1870
1788
1706
1624
1542
1460
1378
1296
1214
1132
1050
968
886
804
722
640
558
476
394
312
230
148
66
0
0
0
0
0
912
830
748
666
584
502
420
338
256
174
92
10
446
364
282
200
118
36
0
0
0
0
0
0
345
263
181
99
17
0
0
0
0
0
0
0
723
641
559
477
395
313
231
149
67
0
0
0
0
0
0
0
0
0
0
0
0
0
0
0
0
0
0
0
0
0
0
0
0
0
0
0
0
0
0
0
0
0
0
0
0
0
0
0
0
0
0
0
0
0
0
0
0
0
0
0
0
0
0
0
0
0
0
0
0
0
0
0
0
0
0
0
0
0
0
0
0
0
0
0
0
0
0
0
0
0
0
0
0
0
0
0
0
0
0
0
0
0
0
0
0
0
0
0
0
0
0
0
0
0
0
0
0
0
0
0
0
0
0
0
0
0
0
0
0
0
0
0
0
0
0
0
0
0
0
0
0
0
0
0
0
0
0
0
0
0
0
0
0
0
0
0
0
0
0
0
0
0
0
0
0
0
0
0
0
0
0
0
0
0
0
0
0
0
0
0
0
0
0
0
0
0
0
0
0
0
0
0
0
1
7
0
394
28
2590
2508
2426
1919
1837
681
418
391
1864
1782
0
0
4012
3930
3848
3766
3684
13722
13640
13558
13476
13394
13312
13230
13148
13066
12984
12902
12820
12738
12656
1442
1360
0
0
17174
17092
17010
16928
16846
16764
16682
16600
16518
16436
16354
16272
16190
16108
16026
15944
15862
15780
9519
9437
9355
9273
9191
9109
9027
8945
8863
8781
0
16914
16832
16750
16668
16586
16504
16422
16340
16258
16176
16094
16012
15930
15848
15766
15684
15602
15754
7707
7080
6998
2582
2500
2418
943
1209
0
4717
4635
4553
4471
4389
4444
4362
4280
4198
4116
12480
12398
12316
12234
12152
12070
11988
11906
11824
11742
11660
11578
11496
2215
2133
2051
3778
3696
3614
3532
0
12989
12907
12825
12743
12661
12579
12497
12415
12333
12251
12169
12087
12005
11923
0
0
30644
30562
30480
30398
30316
30234
30152
30070
29988
29906
29824
29742
29660
29578
29496
29414
29332
29250
29168
29086
29004
28922
28840
28758
28676
28594
28512
28430
28348
28266
28184
9396
9314
9232
9150
9068
8986
8904
0
5653
5571
5489
5407
5325
5243
7894
7812
7730
7648
7566
7484
7402
7320
1888
1806
8183
8101
8019
7937
7855
7773
7691
7609
7527
17322
17240
17158
17076
16994
16912
16830
16748
16666
16584
16502
16420
16338
16256
16174
16092
16010
15928
8211
8129
8047
7965
7883
7801
7719
7637
7555
0
34879
34797
34715
34633
34551
34469
34387
34305
34223
34141
34059
33977
33895
33813
33731
33649
33567
33485
33403
33321
33239
33157
33075
32993
32911
32829
32747
32665
32583
32501
32419
32337
32255
32173
32091
43553
43471
43389
43307
43225
43143
43061
42979
42897
42815
42733
42651
42569
42487
11218
11136
11054
10972
10890
10808
10726
10644
2502
2420
2338
484
4076
3994
3912
3830
3748
1485
1403
39856
39774
39692
39610
39528
39446
39364
39282
39200
39118
39036
38954
38872
38790
38708
38626
38544
38462
38380
38298
38216
38134
38052
37970
37888
37806
37724
37642
37560
37478
37396
37314
37232
37150
37068
36986
36904
36822
36740
36658
32785
32703
2543
2461
2379
2411
2329
2247
0
29656
29574
29492
29410
29328
29246
29164
29082
29000
28918
28836
28754
28672
28590
28508
28426
28344
28262
28180
28098
28016
27934
27852
27770
27688
27606
27524
27442
27360
27278
2029
1814
1732
4726
4644
4562
4480
4398
1861
1779
961
1735
1653
5090
5008
4926
4844
4762
4680
751
2580
2498
2416
2858
2776
2694
1835
1753
0
0
1646
1564
2743
2661
2579
0
902
0
344
28
0
0
0
0
0
0
0
0
0
0
0
0
0
0
1
7
0
0
0
0
0
0
0
0
0
0
18
149
677
808
276
857
296
1447
1365
1716
1634
1250
1168
447
693
1128
1046
315
1451
1369
251
0
3733
3651
3569
3487
679
527
0
0
0
0
7577
7495
7413
7331
7249
7167
7085
7003
443
530
1915
1833
1518
1436
746
0
3739
3657
3575
3493
0
0
1589
1507
0
725
96
761
0
452
1768
1686
582
414
0
0
3780
3698
3616
3534
4
374
0
1768
1686
0
0
0
0
0
0
0
0
0
0
0
0
0
0
2
5
0
0
0
178
541
628
237
697
1668
1586
529
705
905
114
2714
2632
2550
438
0
1239
1157
0
0
0
0
0
0
0
0
0
0
0
0
56
316
459
311
294
245
9
0
20
0
0
0
0
0
0
0
0
0
0
0
0
0
0
0
0
0
0
0
3
7
0
0
0
0
0
0
0
0
0
0
0
0
0
160
660
345
525
28
0
5
0
0
0
0
0
0
0
0
0
0
0
21
2
1043
961
336
0
0
0
0
7
0
0
0
0
0
0
0
0
0
0
0
0
0
0
0
0
0
0
0
1
8
0
0
0
0
0
0
0
0
0
0
0
0
0
0
0
0
0
0
1
2
5
0
0
0
0
0
0
0
0
0
0
0
0
0
0
0
0
0
0
0
347
193
0
0
0
0
0
0
0
0
0
0
0
0
0
0
0
0
0
0
0
6
0
0
0
0
0
0
0
0
0
0
0
0
0
0
0
0
0
0
0
0
4
0
0
0
0
0
0
0
0
0
0
0
0
0
0
0
0
0
0
0
5
9
0
0
0
0
0
0
0
0
0
0
0
0
0
0
0
0
131
0
2
4
9
0
0
0
0
0
0
0
0
0
0
0
0
0
0
0
0
0
0
1
8
0
0
0
0
0
0
0
0
0
0
0
0
0
0
0
0
0
0
0
3
6
0
0
0
0
0
0
0
0
0
0
0
0
0
0
0
0
0
0
0
5
9
0
0
0
0
0
0
0
0
0
0
0
0
0
0
0
0
0
0
3
2
7
0
0
0
0
0
0
0
0
0
0
0
0
0
0
0
0
0
3
2
7
0
0
0
0
0
0
0
0
0
0
0
0
0
0
0
0
0
0
0
3
8
0
0
0
0
0
0
0
0
0
0
0
0
0
0
0
0
0
0
0
6
5
0
0
0
0
0
0
0
0
0
0
0
0
0
0
0
0
0
0
0
6
5
0
0
0
0
0
0
0
0
0
0
0
0
0
0
0
0
0
0
1
2
0
0
0
0
0
0
0
0
0
0
0
0
0
0
0
0
0
0
0
3
6
0
0
0
0
0
0
0
0
0
0
0
0
0
0
0
0
0
0
0
5
5
0
0
0
0
0
0
0
0
0
0
0
0
0
0
0
0
0
0
0
1
8
0
0
0
0
0
0
0
0
0
0
0
0
0
0
0
0
0
0
1
7
0
0
0
0
0
0
0
0
0
0
0
0
0
0
0
0
0
0
0
5
9
0
0
0
0
0
0
0
0
0
0
0
0
0
0
0
0
0
0
2
6
11
0
0
0
0
0
0
0
0
0
0
0
0
0
0
0
0
0
0
0
6
13
0
0
0
0
0
0
0
0
0
0
0
0
0
0
0
0
0
0
2
10
0
0
0
0
0
0
0
0
0
0
0
0
0
0
0
0
0
0
1
2
12
0
0
0
0
0
0
0
0
0
0
0
0
0
0
0
0
0
0
5
6
6
0
0
0
0
0
0
0
0
0
0
0
0
0
0
0
0
0
0
0
5
5
0
0
0
0
0
0
0
0
0
0
0
0
0
0
0
0
0
0
0
0
0
0
0
0
0
0
0
0
0
0
0
0
0
0
0
0
0
0
0
0
8
0
0
0
0
0
0
0
0
0
0
0
0
0
0
0
0
0
0
0
2
0
0
0
0
0
0
0
0
0
0
0
0
0
0
0
0
0
0
0
3
4
6
0
0
0
0
0
0
0
0
0
0
0
0
0
0
0
0
0
1
3
2
0
0
0
0
0
0
0
0
0
0
0
0
0
0
0
0
0
0
2
3
8
0
0
0
0
0
0
0
0
0
0
0
0
0
0
0
0
0
0
3
0
9
0
0
0
0
0
0
0
0
0
0
0
0
0
0
0
0
0
0
0
5
11
0
0
0
0
0
0
0
0
0
0
0
0
0
0
0
0
0
0
0
10
0
0
0
0
0
0
0
0
0
0
0
0
0
0
0
0
0
0
0
3
7
0
0
0
0
0
0
0
0
0
0
0
0
0
0
0
0
0
0
0
2
3
0
0
0
0
0
0
0
0
0
0
0
0
0
0
0
0
0
0
0
6
7
0
0
0
0
0
0
0
0
0
0
0
0
0
0
0
0
0
0
1
8
0
0
0
0
0
0
0
0
0
0
0
0
0
0
0
0
0
0
0
2
6
0
0
0
0
0
0
0
0
0
0
0
0
0
0
0
0
0
0
4
3
9
0
0
0
0
0
0
0
0
0
0
0
0
0
0
0
0
0
0
5
6
13
0
0
0
0
0
0
0
0
0
0
0
0
0
0
0
0
0
0
1
5
0
0
0
0
0
0
0
0
0
0
0
0
0
0
0
0
0
0
0
5
5
0
0
0
0
0
0
0
0
0
0
0
0
0
0
0
0
0
0
0
2
7
0
0
0
0
0
0
0
0
0
0
0
0
0
0
0
0
0
0
0
3
6
0
0
0
0
0
0
0
0
0
0
0
0
0
0
0
0
0
0
5
3
0
0
0
0
0
0
0
0
0
0
0
0
0
0
0
0
0
0
0
2
2
0
0
0
0
0
0
0
0
0
0
0
0
0
0
0
0
0
0
0
5
6
0
0
0
0
0
0
0
0
0
0
0
0
0
0
0
0
0
0
0
4
5
0
0
0
0
0
0
0
0
0
0
0
0
0
0
0
0
0
0
2
5
0
0
0
0
0
0
0
0
0
0
0
0
0
0
0
0
0
0
5
7
9
0
0
0
0
0
0
0
0
0
0
0
0
0
0
0
0
0
1
10
5
8
0
0
0
0
0
0
0
0
0
0
0
0
0
0
0
0
0
0
3
3
8
0
0
0
0
0
0
0
0
0
0
0
0
0
0
0
0
0
1
8
7
0
0
0
0
0
0
0
0
0
0
0
0
0
0
0
0
0
0
0
3
3
0
0
0
0
0
0
0
0
0
0
0
0
0
0
0
0
0
0
0
2
8
0
0
0
0
0
0
0
0
0
0
0
0
0
0
0
0
0
0
0
6
18
0
0
0
0
0
0
0
0
0
0
0
0
0
0
0
0
0
1
5
6
0
0
0
0
0
0
0
0
0
0
0
0
0
0
0
0
0
0
0
3
3
0
0
0
0
0
0
0
0
0
0
0
0
0
0
0
0
0
0
2
7
8
0
0
0
0
0
0
0
0
0
0
0
0
0
0
0
0
0
1
5
6
11
0
0
0
0
0
0
0
0
0
0
0
0
0
0
0
0
0
3
1
7
0
0
0
0
0
0
0
0
0
0
0
0
0
0
0
0
0
0
0
5
11
0
0
0
0
0
0
0
0
0
0
0
0
0
0
0
0
0
0
0
2
7
0
0
0
0
0
0
0
0
0
0
0
0
0
0
0
0
0
0
4
5
8
0
0
0
0
0
0
0
0
0
0
0
0
0
0
0
0
0
0
4
7
0
0
0
0
0
0
0
0
0
0
0
0
0
0
0
0
0
0
0
4
10
0
0
0
0
0
0
0
0
0
0
0
0
0
0
0
0
0
0
1
2
4
0
0
0
0
0
0
0
0
0
0
0
0
0
0
0
0
0
0
1
5
15
0
0
0
0
0
0
0
0
0
0
0
0
0
0
0
0
0
0
0
6
0
0
0
0
0
0
0
0
0
0
0
0
0
0
0
0
0
0
0
2
4
0
0
0
0
0
0
0
0
0
0
0
0
0
0
0
0
0
0
1
3
6
0
0
0
0
0
0
0
0
0
0
0
0
0
0
0
0
0
0
5
6
15
0
0
0
0
0
0
0
0
0
0
0
0
0
0
0
0
0
0
5
9
0
0
0
0
0
0
0
0
0
0
0
0
0
0
0
0
0
0
0
4
7
0
0
0
0
0
0
0
0
0
0
0
0
0
0
0
0
0
0
0
5
9
0
0
0
0
0
0
0
0
0
0
0
0
0
0
0
0
0
2
4
3
11
0
0
0
0
0
0
0
0
0
0
0
0
0
0
0
0
0
4
6
4
0
0
0
0
0
0
0
0
0
0
0
0
0
0
0
0
0
0
3
4
9
0
0
0
0
0
0
0
0
0
0
0
0
0
0
0
0
0
0
1
7
10
0
0
0
0
0
0
0
0
0
0
0
0
0
0
0
0
0
0
1
4
9
0
0
0
0
0
0
0
0
0
0
0
0
0
0
0
0
0
1
6
9
0
0
0
0
0
0
0
0
0
0
0
0
0
0
0
0
0
0
2
6
13
0
0
0
0
0
0
0
0
0
0
0
0
0
0
0
0
0
0
1
6
11
0
0
0
0
0
0
0
0
0
0
0
0
0
0
0
0
0
0
3
8
12
0
0
0
0
0
0
0
0
0
0
0
0
0
0
0
0
0
0
3
11
0
0
0
0
0
0
0
0
0
0
0
0
0
0
0
0
0
1
1
3
13
0
0
0
0
0
0
0
0
0
0
0
0
0
0
0
0
0
4
0
9
8
0
0
0
0
0
0
0
0
0
0
0
0
0
0
0
0
0
0
0
4
10
0
0
0
0
0
0
0
0
0
0
0
0
0
0
0
0
0
0
0
5
0
0
0
0
0
0
0
0
0
0
0
0
0
0
0
0
0
0
2
3
5
0
0
0
0
0
0
0
0
0
0
0
0
0
0
0
0
0
0
1
7
9
0
0
0
0
0
0
0
0
0
0
0
0
0
0
0
0
0
0
3
4
7
0
0
0
0
0
0
0
0
0
0
0
0
0
0
0
0
0
0
0
3
0
0
0
0
0
0
0
0
0
0
0
0
0
0
0
0
0
0
0
1
8
0
0
0
0
0
0
0
0
0
0
0
0
0
0
0
0
0
0
5
6
8
0
0
0
0
0
0
0
0
0
0
0
0
0
0
0
0
0
1
0
6
12
0
0
0
0
0
0
0
0
0
0
0
0
0
0
0
0
0
0
4
10
0
0
0
0
0
0
0
0
0
0
0
0
0
0
0
0
0
0
0
0
4
0
0
0
0
0
0
0
0
0
0
0
0
0
0
0
0
0
0
0
0
7
0
0
0
0
0
0
0
0
0
0
0
0
0
0
0
0
0
0
3
6
7
0
0
0
0
0
0
0
0
0
0
0
0
0
0
0
0
0
0
3
3
0
0
0
0
0
0
0
0
0
0
0
0
0
0
0
0
0
0
0
1
3
0
0
0
0
0
0
0
0
0
0
0
0
0
0
0
0
0
0
1
1
10
0
0
0
0
0
0
0
0
0
0
0
0
0
0
0
0
0
0
0
5
12
0
0
0
0
0
0
0
0
0
0
0
0
0
0
0
0
0
0
0
4
0
0
0
0
0
0
0
0
0
0
0
0
0
0
0
0
0
0
0
1
7
0
0
0
0
0
0
0
0
0
0
0
0
0
0
0
0
0
0
2
3
9
0
0
0
0
0
0
0
0
0
0
0
0
0
0
0
0
0
0
2
8
6
0
0
0
0
0
0
0
0
0
0
0
0
0
0
0
0
0
0
1
10
0
0
0
0
0
0
0
0
0
0
0
0
0
0
0
0
0
0
0
1
7
0
0
0
0
0
0
0
0
0
0
0
0
0
0
0
0
0
0
0
4
6
0
0
0
0
0
0
0
0
0
0
0
0
0
0
0
0
0
0
0
2
9
0
0
0
0
0
0
0
0
0
0
0
0
0
0
0
0
0
0
0
6
0
0
0
0
0
0
0
0
0
0
0
0
0
0
0
0
0
0
0
3
4
0
0
0
0
0
0
0
0
0
0
0
0
0
0
0
0
0
0
0
1
7
0
0
0
0
0
0
0
0
0
0
0
0
0
0
0
0
0
7
0
5
10
0
0
0
0
0
0
0
0
0
0
0
0
0
0
0
0
0
0
3
6
0
0
0
0
0
0
0
0
0
0
0
0
0
0
0
0
0
0
0
0
10
0
0
0
0
0
0
0
0
0
0
0
0
0
0
0
0
0
0
0
4
12
0
0
0
0
0
0
0
0
0
0
0
0
0
0
0
0
0
0
1
5
7
0
0
0
0
0
0
0
0
0
0
0
0
0
0
0
0
0
0
0
7
0
0
0
0
0
0
0
0
0
0
0
0
0
0
0
0
0
0
1
1
10
0
0
0
0
0
0
0
0
0
0
0
0
0
0
0
0
0
0
0
1
8
0
0
0
0
0
0
0
0
0
0
0
0
0
0
0
0
0
0
0
3
6
0
0
0
0
0
0
0
0
0
0
0
0
0
0
0
0
0
0
8
4
0
0
0
0
0
0
0
0
0
0
0
0
0
0
0
0
0
0
0
3
6
0
0
0
0
0
0
0
0
0
0
0
0
0
0
0
0
0
0
0
2
5
0
0
0
0
0
0
0
0
0
0
0
0
0
0
0
0
0
0
0
6
12
0
0
0
0
0
0
0
0
0
0
0
0
0
0
0
0
0
0
3
6
0
0
0
0
0
0
0
0
0
0
0
0
0
0
0
0
0
0
0
5
11
0
0
0
0
0
0
0
0
0
0
0
0
0
0
0
0
0
0
2
5
11
0
0
0
0
0
0
0
0
0
0
0
0
0
0
0
0
0
0
3
9
8
0
0
0
0
0
0
0
0
0
0
0
0
0
0
0
0
0
1
1
7
0
0
0
0
0
0
0
0
0
0
0
0
0
0
0
0
0
0
0
0
5
0
0
0
0
0
0
0
0
0
0
0
0
0
0
0
0
0
0
0
1
5
0
0
0
0
0
0
0
0
0
0
0
0
0
0
0
0
0
0
5
8
11
0
0
0
0
0
0
0
0
0
0
0
0
0
0
0
0
0
0
0
2
0
0
0
0
0
0
0
0
0
0
0
0
0
0
0
0
0
0
1
2
4
0
0
0
0
0
0
0
0
0
0
0
0
0
0
0
0
0
0
0
0
7
0
0
0
0
0
0
0
0
0
0
0
0
0
0
0
0
0
0
0
4
0
0
0
0
0
0
0
0
0
0
0
0
0
0
0
0
0
0
0
1
10
0
0
0
0
0
0
0
0
0
0
0
0
0
0
0
0
0
0
0
5
6
0
0
0
0
0
0
0
0
0
0
0
0
0
0
0
0
0
0
0
6
8
0
0
0
0
0
0
0
0
0
0
0
0
0
0
0
0
0
0
0
5
8
0
0
0
0
0
0
0
0
0
0
0
0
0
0
0
0
0
0
4
12
0
0
0
0
0
0
0
0
0
0
0
0
0
0
0
0
0
0
0
6
11
0
0
0
0
0
0
0
0
0
0
0
0
0
0
0
0
0
0
0
0
7
0
0
0
0
0
0
0
0
0
0
0
0
0
0
0
0
0
0
0
2
8
0
0
0
0
0
0
0
0
0
0
0
0
0
0
0
0
0
0
3
3
0
0
0
0
0
0
0
0
0
0
0
0
0
0
0
0
0
0
1
1
9
0
0
0
0
0
0
0
0
0
0
0
0
0
0
0
0
0
0
0
1
5
0
0
0
0
0
0
0
0
0
0
0
0
0
0
0
0
0
0
0
4
7
0
0
0
0
0
0
0
0
0
0
0
0
0
0
0
0
0
0
5
4
0
0
0
0
0
0
0
0
0
0
0
0
0
0
0
0
0
0
0
5
10
0
0
0
0
0
0
0
0
0
0
0
0
0
0
0
0
0
0
0
2
6
0
0
0
0
0
0
0
0
0
0
0
0
0
0
0
0
0
0
0
5
9
0
0
0
0
0
0
0
0
0
0
0
0
0
0
0
0
0
0
0
6
0
0
0
0
0
0
0
0
0
0
0
0
0
0
0
0
0
0
0
0
6
0
0
0
0
0
0
0
0
0
0
0
0
0
0
0
0
0
0
0
5
13
0
0
0
0
0
0
0
0
0
0
0
0
0
0
0
0
0
0
2
2
6
0
0
0
0
0
0
0
0
0
0
0
0
0
0
0
0
0
0
2
4
0
0
0
0
0
0
0
0
0
0
0
0
0
0
0
0
0
0
2
3
8
0
0
0
0
0
0
0
0
0
0
0
0
0
0
0
0
0
0
4
8
10
0
0
0
0
0
0
0
0
0
0
0
0
0
0
0
0
0
0
0
6
6
0
0
0
0
0
0
0
0
0
0
0
0
0
0
0
0
0
0
1
3
0
0
0
0
0
0
0
0
0
0
0
0
0
0
0
0
0
0
3
1
4
0
0
0
0
0
0
0
0
0
0
0
0
0
0
0
0
0
0
2
6
8
0
0
0
0
0
0
0
0
0
0
0
0
0
0
0
0
0
0
4
8
9
0
0
0
0
0
0
0
0
0
0
0
0
0
0
0
0
0
0
1
4
0
0
0
0
0
0
0
0
0
0
0
0
0
0
0
0
0
0
0
6
8
0
0
0
0
0
0
0
0
0
0
0
0
0
0
0
0
0
0
1
3
6
0
0
0
0
0
0
0
0
0
0
0
0
0
0
0
0
0
0
0
4
12
0
0
0
0
0
0
0
0
0
0
0
0
0
0
0
0
0
0
4
5
0
0
0
0
0
0
0
0
0
0
0
0
0
0
0
0
0
0
0
4
8
0
0
0
0
0
0
0
0
0
0
0
0
0
0
0
0
0
0
4
1
9
0
0
0
0
0
0
0
0
0
0
0
0
0
0
0
0
0
3
0
9
11
0
0
0
0
0
0
0
0
0
0
0
0
0
0
0
0
0
0
0
3
0
0
0
0
0
0
0
0
0
0
0
0
0
0
0
0
0
0
0
4
8
0
0
0
0
0
0
0
0
0
0
0
0
0
0
0
0
0
0
0
4
6
0
0
0
0
0
0
0
0
0
0
0
0
0
0
0
0
0
0
0
7
11
0
0
0
0
0
0
0
0
0
0
0
0
0
0
0
0
0
0
0
4
0
0
0
0
0
0
0
0
0
0
0
0
0
0
0
0
0
0
0
1
9
0
0
0
0
0
0
0
0
0
0
0
0
0
0
0
0
0
0
0
2
7
0
0
0
0
0
0
0
0
0
0
0
0
0
0
0
0
0
0
2
1
8
0
0
0
0
0
0
0
0
0
0
0
0
0
0
0
0
0
0
3
3
0
0
0
0
0
0
0
0
0
0
0
0
0
0
0
0
0
0
0
5
3
0
0
0
0
0
0
0
0
0
0
0
0
0
0
0
0
0
0
0
6
11
0
0
0
0
0
0
0
0
0
0
0
0
0
0
0
0
0
0
2
9
5
0
0
0
0
0
0
0
0
0
0
0
0
0
0
0
0
0
0
3
6
0
0
0
0
0
0
0
0
0
0
0
0
0
0
0
0
0
0
0
5
7
0
0
0
0
0
0
0
0
0
0
0
0
0
0
0
0
0
0
0
5
10
0
0
0
0
0
0
0
0
0
0
0
0
0
0
0
0
0
0
2
4
10
0
0
0
0
0
0
0
0
0
0
0
0
0
0
0
0
0
0
5
7
0
0
0
0
0
0
0
0
0
0
0
0
0
0
0
0
0
0
0
1
4
0
0
0
0
0
0
0
0
0
0
0
0
0
0
0
0
0
0
0
6
9
0
0
0
0
0
0
0
0
0
0
0
0
0
0
0
0
0
0
3
5
12
0
0
0
0
0
0
0
0
0
0
0
0
0
0
0
0
0
0
0
10
0
0
0
0
0
0
0
0
0
0
0
0
0
0
0
0
0
0
0
5
4
0
0
0
0
0
0
0
0
0
0
0
0
0
0
0
0
0
0
6
3
8
0
0
0
0
0
0
0
0
0
0
0
0
0
0
0
0
0
0
0
3
6
0
0
0
0
0
0
0
0
0
0
0
0
0
0
0
0
0
0
0
8
0
0
0
0
0
0
0
0
0
0
0
0
0
0
0
0
0
0
0
4
6
0
0
0
0
0
0
0
0
0
0
0
0
0
0
0
0
0
0
0
4
12
0
0
0
0
0
0
0
0
0
0
0
0
0
0
0
0
0
0
3
9
8
0
0
0
0
0
0
0
0
0
0
0
0
0
0
0
0
0
0
3
3
0
0
0
0
0
0
0
0
0
0
0
0
0
0
0
0
0
0
0
0
8
0
0
0
0
0
0
0
0
0
0
0
0
0
0
0
0
0
0
5
6
4
0
0
0
0
0
0
0
0
0
0
0
0
0
0
0
0
0
0
2
1
12
0
0
0
0
0
0
0
0
0
0
0
0
0
0
0
0
0
0
6
10
0
0
0
0
0
0
0
0
0
0
0
0
0
0
0
0
0
0
0
8
5
0
0
0
0
0
0
0
0
0
0
0
0
0
0
0
0
0
0
0
5
10
0
0
0
0
0
0
0
0
0
0
0
0
0
0
0
0
0
0
1
1
10
0
0
0
0
0
0
0
0
0
0
0
0
0
0
0
0
0
0
2
7
0
0
0
0
0
0
0
0
0
0
0
0
0
0
0
0
0
0
0
2
5
0
0
0
0
0
0
0
0
0
0
0
0
0
0
0
0
0
0
3
2
7
0
0
0
0
0
0
0
0
0
0
0
0
0
0
0
0
0
0
0
3
9
0
0
0
0
0
0
0
0
0
0
0
0
0
0
0
0
0
0
1
8
0
0
0
0
0
0
0
0
0
0
0
0
0
0
0
0
0
0
0
2
4
0
0
0
0
0
0
0
0
0
0
0
0
0
0
0
0
0
0
0
1
9
0
0
0
0
0
0
0
0
0
0
0
0
0
0
0
0
0
0
4
3
9
0
0
0
0
0
0
0
0
0
0
0
0
0
0
0
0
0
0
0
3
0
0
0
0
0
0
0
0
0
0
0
0
0
0
0
0
0
0
1
4
10
0
0
0
0
0
0
0
0
0
0
0
0
0
0
0
0
0
0
0
6
8
0
0
0
0
0
0
0
0
0
0
0
0
0
0
0
0
0
0
1
6
5
0
0
0
0
0
0
0
0
0
0
0
0
0
0
0
0
0
1
1
7
0
0
0
0
0
0
0
0
0
0
0
0
0
0
0
0
0
0
0
4
6
0
0
0
0
0
0
0
0
0
0
0
0
0
0
0
0
0
0
0
4
5
0
0
0
0
0
0
0
0
0
0
0
0
0
0
0
0
0
0
1
3
8
0
0
0
0
0
0
0
0
0
0
0
0
0
0
0
0
0
0
0
4
0
0
0
0
0
0
0
0
0
0
0
0
0
0
0
0
0
0
0
6
8
0
0
0
0
0
0
0
0
0
0
0
0
0
0
0
0
0
0
2
2
6
0
0
0
0
0
0
0
0
0
0
0
0
0
0
0
0
0
0
0
5
7
0
0
0
0
0
0
0
0
0
0
0
0
0
0
0
0
0
0
3
4
0
0
0
0
0
0
0
0
0
0
0
0
0
0
0
0
0
0
0
5
7
0
0
0
0
0
0
0
0
0
0
0
0
0
0
0
0
0
0
0
3
5
0
0
0
0
0
0
0
0
0
0
0
0
0
0
0
0
0
0
0
5
11
0
0
0
0
0
0
0
0
0
0
0
0
0
0
0
0
0
0
3
4
0
0
0
0
0
0
0
0
0
0
0
0
0
0
0
0
0
0
0
1
8
0
0
0
0
0
0
0
0
0
0
0
0
0
0
0
0
0
0
2
1
7
0
0
0
0
0
0
0
0
0
0
0
0
0
0
0
0
0
0
2
7
11
0
0
0
0
0
0
0
0
0
0
0
0
0
0
0
0
0
0
4
4
0
0
0
0
0
0
0
0
0
0
0
0
0
0
0
0
0
0
0
5
10
0
0
0
0
0
0
0
0
0
0
0
0
0
0
0
0
0
0
0
5
6
0
0
0
0
0
0
0
0
0
0
0
0
0
0
0
0
0
0
2
4
10
0
0
0
0
0
0
0
0
0
0
0
0
0
0
0
0
0
0
0
5
0
0
0
0
0
0
0
0
0
0
0
0
0
0
0
0
0
0
0
0
3
0
0
0
0
0
0
0
0
0
0
0
0
0
0
0
0
0
0
1
5
7
0
0
0
0
0
0
0
0
0
0
0
0
0
0
0
0
0
0
0
5
7
0
0
0
0
0
0
0
0
0
0
0
0
0
0
0
0
0
0
0
7
0
0
0
0
0
0
0
0
0
0
0
0
0
0
0
0
0
0
0
0
9
0
0
0
0
0
0
0
0
0
0
0
0
0
0
0
0
0
0
0
6
6
0
0
0
0
0
0
0
0
0
0
0
0
0
0
0
0
0
0
0
5
10
0
0
0
0
0
0
0
0
0
0
0
0
0
0
0
0
0
1
0
4
0
0
0
0
0
0
0
0
0
0
0
0
0
0
0
0
0
0
0
1
2
0
0
0
0
0
0
0
0
0
0
0
0
0
0
0
0
0
0
4
2
7
0
0
0
0
0
0
0
0
0
0
0
0
0
0
0
0
0
0
1
5
12
0
0
0
0
0
0
0
0
0
0
0
0
0
0
0
0
0
0
6
8
0
0
0
0
0
0
0
0
0
0
0
0
0
0
0
0
0
0
1
3
10
0
0
0
0
0
0
0
0
0
0
0
0
0
0
0
0
0
0
0
2
4
0
0
0
0
0
0
0
0
0
0
0
0
0
0
0
0
0
0
0
6
14
0
0
0
0
0
0
0
0
0
0
0
0
0
0
0
0
0
3
2
7
0
0
0
0
0
0
0
0
0
0
0
0
0
0
0
0
0
0
2
2
10
0
0
0
0
0
0
0
0
0
0
0
0
0
0
0
0
0
0
0
6
6
0
0
0
0
0
0
0
0
0
0
0
0
0
0
0
0
0
0
0
5
9
0
0
0
0
0
0
0
0
0
0
0
0
0
0
0
0
0
0
0
8
0
0
0
0
0
0
0
0
0
0
0
0
0
0
0
0
0
0
0
4
7
0
0
0
0
0
0
0
0
0
0
0
0
0
0
0
0
0
0
0
3
7
0
0
0
0
0
0
0
0
0
0
0
0
0
0
0
0
0
0
0
1
8
0
0
0
0
0
0
0
0
0
0
0
0
0
0
0
0
0
1
1
7
0
0
0
0
0
0
0
0
0
0
0
0
0
0
0
0
0
0
0
4
3
0
0
0
0
0
0
0
0
0
0
0
0
0
0
0
0
0
0
0
2
9
0
0
0
0
0
0
0
0
0
0
0
0
0
0
0
0
0
0
4
2
7
0
0
0
0
0
0
0
0
0
0
0
0
0
0
0
0
0
3
2
6
0
0
0
0
0
0
0
0
0
0
0
0
0
0
0
0
0
0
0
2
6
0
0
0
0
0
0
0
0
0
0
0
0
0
0
0
0
0
0
0
3
11
0
0
0
0
0
0
0
0
0
0
0
0
0
0
0
0
0
0
2
4
8
0
0
0
0
0
0
0
0
0
0
0
0
0
0
0
0
0
0
1
3
0
0
0
0
0
0
0
0
0
0
0
0
0
0
0
0
0
0
1
1
6
0
0
0
0
0
0
0
0
0
0
0
0
0
0
0
0
0
0
2
1
8
0
0
0
0
0
0
0
0
0
0
0
0
0
0
0
0
0
0
3
4
4
0
0
0
0
0
0
0
0
0
0
0
0
0
0
0
0
0
0
6
4
0
0
0
0
0
0
0
0
0
0
0
0
0
0
0
0
0
0
0
1
3
0
0
0
0
0
0
0
0
0
0
0
0
0
0
0
0
0
0
0
5
6
0
0
0
0
0
0
0
0
0
0
0
0
0
0
0
0
0
0
1
6
10
0
0
0
0
0
0
0
0
0
0
0
0
0
0
0
0
0
0
7
8
0
0
0
0
0
0
0
0
0
0
0
0
0
0
0
0
0
0
0
1
5
0
0
0
0
0
0
0
0
0
0
0
0
0
0
0
0
0
0
1
6
8
0
0
0
0
0
0
0
0
0
0
0
0
0
0
0
0
0
0
6
3
9
0
0
0
0
0
0
0
0
0
0
0
0
0
0
0
0
0
0
4
6
0
0
0
0
0
0
0
0
0
0
0
0
0
0
0
0
0
0
0
2
8
0
0
0
0
0
0
0
0
0
0
0
0
0
0
0
0
0
0
9
3
12
0
0
0
0
0
0
0
0
0
0
0
0
0
0
0
0
0
0
3
1
7
0
0
0
0
0
0
0
0
0
0
0
0
0
0
0
0
0
0
3
7
0
0
0
0
0
0
0
0
0
0
0
0
0
0
0
0
0
0
0
6
6
0
0
0
0
0
0
0
0
0
0
0
0
0
0
0
0
0
0
2
2
6
0
0
0
0
0
0
0
0
0
0
0
0
0
0
0
0
0
0
3
4
13
0
0
0
0
0
0
0
0
0
0
0
0
0
0
0
0
0
0
2
4
0
0
0
0
0
0
0
0
0
0
0
0
0
0
0
0
0
0
0
2
6
0
0
0
0
0
0
0
0
0
0
0
0
0
0
0
0
0
1
0
9
10
0
0
0
0
0
0
0
0
0
0
0
0
0
0
0
0
0
0
5
4
11
0
0
0
0
0
0
0
0
0
0
0
0
0
0
0
0
0
1
0
4
0
0
0
0
0
0
0
0
0
0
0
0
0
0
0
0
0
0
0
1
10
0
0
0
0
0
0
0
0
0
0
0
0
0
0
0
0
0
0
0
2
5
0
0
0
0
0
0
0
0
0
0
0
0
0
0
0
0
0
0
1
5
8
0
0
0
0
0
0
0
0
0
0
0
0
0
0
0
0
0
0
5
6
0
0
0
0
0
0
0
0
0
0
0
0
0
0
0
0
0
0
0
1
6
0
0
0
0
0
0
0
0
0
0
0
0
0
0
0
0
0
0
3
2
8
0
0
0
0
0
0
0
0
0
0
0
0
0
0
0
0
0
0
0
3
8
0
0
0
0
0
0
0
0
0
0
0
0
0
0
0
0
0
0
2
8
0
0
0
0
0
0
0
0
0
0
0
0
0
0
0
0
0
0
0
0
2
0
0
0
0
0
0
0
0
0
0
0
0
0
0
0
0
0
0
3
4
9
0
0
0
0
0
0
0
0
0
0
0
0
0
0
0
0
0
0
0
2
7
0
0
0
0
0
0
0
0
0
0
0
0
0
0
0
0
0
0
3
7
0
0
0
0
0
0
0
0
0
0
0
0
0
0
0
0
0
0
0
5
6
0
0
0
0
0
0
0
0
0
0
0
0
0
0
0
0
0
0
0
6
6
0
0
0
0
0
0
0
0
0
0
0
0
0
0
0
0
0
0
0
3
9
0
0
0
0
0
0
0
0
0
0
0
0
0
0
0
0
0
0
5
12
0
0
0
0
0
0
0
0
0
0
0
0
0
0
0
0
0
0
0
4
7
0
0
0
0
0
0
0
0
0
0
0
0
0
0
0
0
0
0
0
4
5
0
0
0
0
0
0
0
0
0
0
0
0
0
0
0
0
0
0
2
4
12
0
0
0
0
0
0
0
0
0
0
0
0
0
0
0
0
0
0
3
9
0
0
0
0
0
0
0
0
0
0
0
0
0
0
0
0
0
0
0
6
7
0
0
0
0
0
0
0
0
0
0
0
0
0
0
0
0
0
0
6
4
7
0
0
0
0
0
0
0
0
0
0
0
0
0
0
0
0
0
0
0
1
12
0
0
0
0
0
0
0
0
0
0
0
0
0
0
0
0
0
0
5
10
0
0
0
0
0
0
0
0
0
0
0
0
0
0
0
0
0
0
0
6
11
0
0
0
0
0
0
0
0
0
0
0
0
0
0
0
0
0
0
0
2
9
0
0
0
0
0
0
0
0
0
0
0
0
0
0
0
0
0
0
2
6
11
0
0
0
0
0
0
0
0
0
0
0
0
0
0
0
0
0
0
7
9
0
0
0
0
0
0
0
0
0
0
0
0
0
0
0
0
0
0
2
0
6
0
0
0
0
0
0
0
0
0
0
0
0
0
0
0
0
0
0
3
5
8
0
0
0
0
0
0
0
0
0
0
0
0
0
0
0
0
0
0
2
4
6
0
0
0
0
0
0
0
0
0
0
0
0
0
0
0
0
0
0
0
5
0
0
0
0
0
0
0
0
0
0
0
0
0
0
0
0
0
0
0
4
8
0
0
0
0
0
0
0
0
0
0
0
0
0
0
0
0
0
0
0
2
6
0
0
0
0
0
0
0
0
0
0
0
0
0
0
0
0
0
0
0
1
7
0
0
0
0
0
0
0
0
0
0
0
0
0
0
0
0
0
0
5
6
0
0
0
0
0
0
0
0
0
0
0
0
0
0
0
0
0
0
0
0
5
0
0
0
0
0
0
0
0
0
0
0
0
0
0
0
0
0
1
0
0
3
0
0
0
0
0
0
0
0
0
0
0
0
0
0
0
0
0
0
0
4
9
0
0
0
0
0
0
0
0
0
0
0
0
0
0
0
0
0
0
0
2
0
0
0
0
0
0
0
0
0
0
0
0
0
0
0
0
0
0
0
0
4
0
0
0
0
0
0
0
0
0
0
0
0
0
0
0
0
0
0
0
8
10
0
0
0
0
0
0
0
0
0
0
0
0
0
0
0
0
0
0
0
5
6
0
0
0
0
0
0
0
0
0
0
0
0
0
0
0
0
0
0
0
6
0
0
0
0
0
0
0
0
0
0
0
0
0
0
0
0
0
0
1
6
7
0
0
0
0
0
0
0
0
0
0
0
0
0
0
0
0
0
0
0
3
7
0
0
0
0
0
0
0
0
0
0
0
0
0
0
0
0
0
0
0
3
4
0
0
0
0
0
0
0
0
0
0
0
0
0
0
0
0
0
0
6
6
0
0
0
0
0
0
0
0
0
0
0
0
0
0
0
0
0
0
0
0
4
0
0
0
0
0
0
0
0
0
0
0
0
0
0
0
0
0
0
0
2
10
0
0
0
0
0
0
0
0
0
0
0
0
0
0
0
0
0
0
0
6
8
0
0
0
0
0
0
0
0
0
0
0
0
0
0
0
0
0
0
4
7
0
0
0
0
0
0
0
0
0
0
0
0
0
0
0
0
0
0
1
2
5
0
0
0
0
0
0
0
0
0
0
0
0
0
0
0
0
0
0
0
0
8
0
0
0
0
0
0
0
0
0
0
0
0
0
0
0
0
0
0
4
5
6
0
0
0
0
0
0
0
0
0
0
0
0
0
0
0
0
0
0
3
3
0
0
0
0
0
0
0
0
0
0
0
0
0
0
0
0
0
0
0
3
8
0
0
0
0
0
0
0
0
0
0
0
0
0
0
0
0
0
0
0
3
11
0
0
0
0
0
0
0
0
0
0
0
0
0
0
0
0
0
0
6
5
7
0
0
0
0
0
0
0
0
0
0
0
0
0
0
0
0
0
0
1
4
0
0
0
0
0
0
0
0
0
0
0
0
0
0
0
0
0
0
0
0
7
0
0
0
0
0
0
0
0
0
0
0
0
0
0
0
0
0
0
0
5
7
0
0
0
0
0
0
0
0
0
0
0
0
0
0
0
0
0
1
0
3
8
0
0
0
0
0
0
0
0
0
0
0
0
0
0
0
0
0
0
0
7
0
0
0
0
0
0
0
0
0
0
0
0
0
0
0
0
0
0
0
9
9
0
0
0
0
0
0
0
0
0
0
0
0
0
0
0
0
0
0
1
2
9
0
0
0
0
0
0
0
0
0
0
0
0
0
0
0
0
0
0
0
5
5
0
0
0
0
0
0
0
0
0
0
0
0
0
0
0
0
0
0
5
3
0
0
0
0
0
0
0
0
0
0
0
0
0
0
0
0
0
0
1
2
7
0
0
0
0
0
0
0
0
0
0
0
0
0
0
0
0
0
0
0
1
6
0
0
0
0
0
0
0
0
0
0
0
0
0
0
0
0
0
0
0
8
10
0
0
0
0
0
0
0
0
0
0
0
0
0
0
0
0
0
0
3
12
0
0
0
0
0
0
0
0
0
0
0
0
0
0
0
0
0
0
0
3
11
0
0
0
0
0
0
0
0
0
0
0
0
0
0
0
0
0
0
0
6
11
0
0
0
0
0
0
0
0
0
0
0
0
0
0
0
0
0
0
3
8
10
0
0
0
0
0
0
0
0
0
0
0
0
0
0
0
0
0
0
4
5
0
0
0
0
0
0
0
0
0
0
0
0
0
0
0
0
0
0
0
2
12
0
0
0
0
0
0
0
0
0
0
0
0
0
0
0
0
0
0
0
3
5
0
0
0
0
0
0
0
0
0
0
0
0
0
0
0
0
0
0
0
3
8
0
0
0
0
0
0
0
0
0
0
0
0
0
0
0
0
0
0
1
5
0
0
0
0
0
0
0
0
0
0
0
0
0
0
0
0
0
0
0
2
11
0
0
0
0
0
0
0
0
0
0
0
0
0
0
0
0
0
0
0
1
10
0
0
0
0
0
0
0
0
0
0
0
0
0
0
0
0
0
1
1
4
10
0
0
0
0
0
0
0
0
0
0
0
0
0
0
0
0
0
0
2
8
0
0
0
0
0
0
0
0
0
0
0
0
0
0
0
0
0
0
0
0
4
0
0
0
0
0
0
0
0
0
0
0
0
0
0
0
0
0
0
4
9
5
0
0
0
0
0
0
0
0
0
0
0
0
0
0
0
0
0
0
2
3
8
0
0
0
0
0
0
0
0
0
0
0
0
0
0
0
0
0
0
0
7
0
0
0
0
0
0
0
0
0
0
0
0
0
0
0
0
0
0
1
5
11
0
0
0
0
0
0
0
0
0
0
0
0
0
0
0
0
0
0
1
2
7
0
0
0
0
0
0
0
0
0
0
0
0
0
0
0
0
0
0
3
7
6
0
0
0
0
0
0
0
0
0
0
0
0
0
0
0
0
0
0
4
5
0
0
0
0
0
0
0
0
0
0
0
0
0
0
0
0
0
0
0
10
6
0
0
0
0
0
0
0
0
0
0
0
0
0
0
0
0
0
0
3
8
10
0
0
0
0
0
0
0
0
0
0
0
0
0
0
0
0
0
0
2
7
7
0
0
0
0
0
0
0
0
0
0
0
0
0
0
0
0
0
0
5
7
0
0
0
0
0
0
0
0
0
0
0
0
0
0
0
0
0
0
0
5
5
0
0
0
0
0
0
0
0
0
0
0
0
0
0
0
0
0
0
2
5
8
0
0
0
0
0
0
0
0
0
0
0
0
0
0
0
0
0
0
0
4
6
0
0
0
0
0
0
0
0
0
0
0
0
0
0
0
0
0
0
2
7
0
0
0
0
0
0
0
0
0
0
0
0
0
0
0
0
0
0
0
4
9
0
0
0
0
0
0
0
0
0
0
0
0
0
0
0
0
0
0
0
2
6
0
0
0
0
0
0
0
0
0
0
0
0
0
0
0
0
0
0
1
5
9
0
0
0
0
0
0
0
0
0
0
0
0
0
0
0
0
0
1
1
6
0
0
0
0
0
0
0
0
0
0
0
0
0
0
0
0
0
0
0
1
5
0
0
0
0
0
0
0
0
0
0
0
0
0
0
0
0
0
0
1
2
10
0
0
0
0
0
0
0
0
0
0
0
0
0
0
0
0
0
0
3
9
7
0
0
0
0
0
0
0
0
0
0
0
0
0
0
0
0
0
0
0
4
0
0
0
0
0
0
0
0
0
0
0
0
0
0
0
0
0
0
0
3
13
0
0
0
0
0
0
0
0
0
0
0
0
0
0
0
0
0
0
0
6
7
0
0
0
0
0
0
0
0
0
0
0
0
0
0
0
0
0
0
3
1
10
0
0
0
0
0
0
0
0
0
0
0
0
0
0
0
0
0
0
2
3
0
0
0
0
0
0
0
0
0
0
0
0
0
0
0
0
0
0
2
2
5
0
0
0
0
0
0
0
0
0
0
0
0
0
0
0
0
0
0
1
3
9
0
0
0
0
0
0
0
0
0
0
0
0
0
0
0
0
0
0
1
5
6
0
0
0
0
0
0
0
0
0
0
0
0
0
0
0
0
0
0
0
5
0
0
0
0
0
0
0
0
0
0
0
0
0
0
0
0
0
0
4
4
7
0
0
0
0
0
0
0
0
0
0
0
0
0
0
0
0
0
0
6
4
6
0
0
0
0
0
0
0
0
0
0
0
0
0
0
0
0
0
0
5
12
9
0
0
0
0
0
0
0
0
0
0
0
0
0
0
0
0
0
0
0
10
0
0
0
0
0
0
0
0
0
0
0
0
0
0
0
0
0
0
0
0
4
0
0
0
0
0
0
0
0
0
0
0
0
0
0
0
0
0
0
0
3
6
0
0
0
0
0
0
0
0
0
0
0
0
0
0
0
0
0
0
0
6
9
0
0
0
0
0
0
0
0
0
0
0
0
0
0
0
0
0
0
3
8
0
0
0
0
0
0
0
0
0
0
0
0
0
0
0
0
0
0
0
4
8
0
0
0
0
0
0
0
0
0
0
0
0
0
0
0
0
0
0
2
0
8
0
0
0
0
0
0
0
0
0
0
0
0
0
0
0
0
0
1
0
3
10
0
0
0
0
0
0
0
0
0
0
0
0
0
0
0
0
0
0
0
3
0
0
0
0
0
0
0
0
0
0
0
0
0
0
0
0
0
0
0
4
5
0
0
0
0
0
0
0
0
0
0
0
0
0
0
0
0
0
0
0
6
8
0
0
0
0
0
0
0
0
0
0
0
0
0
0
0
0
0
0
0
5
10
0
0
0
0
0
0
0
0
0
0
0
0
0
0
0
0
0
0
0
7
0
0
0
0
0
0
0
0
0
0
0
0
0
0
0
0
0
0
0
0
11
0
0
0
0
0
0
0
0
0
0
0
0
0
0
0
0
0
0
0
4
5
0
0
0
0
0
0
0
0
0
0
0
0
0
0
0
0
0
0
0
0
6
0
0
0
0
0
0
0
0
0
0
0
0
0
0
0
0
0
0
4
6
0
0
0
0
0
0
0
0
0
0
0
0
0
0
0
0
0
0
0
2
2
0
0
0
0
0
0
0
0
0
0
0
0
0
0
0
0
0
0
1
1
9
0
0
0
0
0
0
0
0
0
0
0
0
0
0
0
0
0
0
5
3
5
0
0
0
0
0
0
0
0
0
0
0
0
0
0
0
0
0
0
3
5
0
0
0
0
0
0
0
0
0
0
0
0
0
0
0
0
0
0
0
0
8
0
0
0
0
0
0
0
0
0
0
0
0
0
0
0
0
0
0
0
3
9
0
0
0
0
0
0
0
0
0
0
0
0
0
0
0
0
0
0
0
5
8
0
0
0
0
0
0
0
0
0
0
0
0
0
0
0
0
0
0
6
3
0
0
0
0
0
0
0
0
0
0
0
0
0
0
0
0
0
0
0
3
5
0
0
0
0
0
0
0
0
0
0
0
0
0
0
0
0
0
0
2
3
6
0
0
0
0
0
0
0
0
0
0
0
0
0
0
0
0
0
0
3
1
6
0
0
0
0
0
0
0
0
0
0
0
0
0
0
0
0
0
0
3
2
0
0
0
0
0
0
0
0
0
0
0
0
0
0
0
0
0
0
0
0
8
0
0
0
0
0
0
0
0
0
0
0
0
0
0
0
0
0
2
2
1
10
0
0
0
0
0
0
0
0
0
0
0
0
0
0
0
0
0
0
1
8
15
0
0
0
0
0
0
0
0
0
0
0
0
0
0
0
0
0
0
0
6
0
0
0
0
0
0
0
0
0
0
0
0
0
0
0
0
0
0
4
1
6
0
0
0
0
0
0
0
0
0
0
0
0
0
0
0
0
0
0
0
2
6
0
0
0
0
0
0
0
0
0
0
0
0
0
0
0
0
0
0
2
5
7
0
0
0
0
0
0
0
0
0
0
0
0
0
0
0
0
0
0
2
5
0
0
0
0
0
0
0
0
0
0
0
0
0
0
0
0
0
0
0
3
8
0
0
0
0
0
0
0
0
0
0
0
0
0
0
0
0
0
0
0
1
7
0
0
0
0
0
0
0
0
0
0
0
0
0
0
0
0
0
0
1
4
7
0
0
0
0
0
0
0
0
0
0
0
0
0
0
0
0
0
0
9
6
0
0
0
0
0
0
0
0
0
0
0
0
0
0
0
0
0
0
0
6
7
0
0
0
0
0
0
0
0
0
0
0
0
0
0
0
0
0
0
0
8
4
0
0
0
0
0
0
0
0
0
0
0
0
0
0
0
0
0
0
0
5
4
0
0
0
0
0
0
0
0
0
0
0
0
0
0
0
0
0
1
5
5
0
0
0
0
0
0
0
0
0
0
0
0
0
0
0
0
0
0
0
3
5
0
0
0
0
0
0
0
0
0
0
0
0
0
0
0
0
0
0
0
7
6
0
0
0
0
0
0
0
0
0
0
0
0
0
0
0
0
0
0
2
0
6
0
0
0
0
0
0
0
0
0
0
0
0
0
0
0
0
0
0
0
3
0
0
0
0
0
0
0
0
0
0
0
0
0
0
0
0
0
0
3
1
6
0
0
0
0
0
0
0
0
0
0
0
0
0
0
0
0
0
0
0
8
3
0
0
0
0
0
0
0
0
0
0
0
0
0
0
0
0
0
0
0
4
8
0
0
0
0
0
0
0
0
0
0
0
0
0
0
0
0
0
0
3
2
0
0
0
0
0
0
0
0
0
0
0
0
0
0
0
0
0
0
0
4
5
0
0
0
0
0
0
0
0
0
0
0
0
0
0
0
0
0
0
0
2
9
0
0
0
0
0
0
0
0
0
0
0
0
0
0
0
0
0
0
0
4
10
0
0
0
0
0
0
0
0
0
0
0
0
0
0
0
0
0
0
3
3
0
0
0
0
0
0
0
0
0
0
0
0
0
0
0
0
0
0
0
0
15
0
0
0
0
0
0
0
0
0
0
0
0
0
0
0
0
0
0
0
4
5
0
0
0
0
0
0
0
0
0
0
0
0
0
0
0
0
0
0
3
4
6
0
0
0
0
0
0
0
0
0
0
0
0
0
0
0
0
0
0
2
2
0
0
0
0
0
0
0
0
0
0
0
0
0
0
0
0
0
0
0
1
2
0
0
0
0
0
0
0
0
0
0
0
0
0
0
0
0
0
0
2
3
9
0
0
0
0
0
0
0
0
0
0
0
0
0
0
0
0
0
0
2
4
13
0
0
0
0
0
0
0
0
0
0
0
0
0
0
0
0
0
0
2
5
0
0
0
0
0
0
0
0
0
0
0
0
0
0
0
0
0
0
0
0
3
0
0
0
0
0
0
0
0
0
0
0
0
0
0
0
0
0
0
5
2
11
0
0
0
0
0
0
0
0
0
0
0
0
0
0
0
0
0
0
0
7
10
0
0
0
0
0
0
0
0
0
0
0
0
0
0
0
0
0
0
2
6
0
0
0
0
0
0
0
0
0
0
0
0
0
0
0
0
0
0
2
0
9
0
0
0
0
0
0
0
0
0
0
0
0
0
0
0
0
0
0
0
5
9
0
0
0
0
0
0
0
0
0
0
0
0
0
0
0
0
0
0
4
8
8
0
0
0
0
0
0
0
0
0
0
0
0
0
0
0
0
0
0
1
8
0
0
0
0
0
0
0
0
0
0
0
0
0
0
0
0
0
0
0
3
5
0
0
0
0
0
0
0
0
0
0
0
0
0
0
0
0
0
0
0
0
7
0
0
0
0
0
0
0
0
0
0
0
0
0
0
0
0
0
0
0
4
8
0
0
0
0
0
0
0
0
0
0
0
0
0
0
0
0
0
0
3
8
0
0
0
0
0
0
0
0
0
0
0
0
0
0
0
0
0
0
0
1
4
0
0
0
0
0
0
0
0
0
0
0
0
0
0
0
0
0
0
2
2
9
0
0
0
0
0
0
0
0
0
0
0
0
0
0
0
0
0
0
0
1
6
0
0
0
0
0
0
0
0
0
0
0
0
0
0
0
0
0
0
2
7
0
0
0
0
0
0
0
0
0
0
0
0
0
0
0
0
0
0
3
2
6
0
0
0
0
0
0
0
0
0
0
0
0
0
0
0
0
0
0
2
8
5
0
0
0
0
0
0
0
0
0
0
0
0
0
0
0
0
0
0
3
5
6
0
0
0
0
0
0
0
0
0
0
0
0
0
0
0
0
0
2
2
5
0
0
0
0
0
0
0
0
0
0
0
0
0
0
0
0
0
0
4
0
4
0
0
0
0
0
0
0
0
0
0
0
0
0
0
0
0
0
0
0
5
7
0
0
0
0
0
0
0
0
0
0
0
0
0
0
0
0
0
0
6
5
11
0
0
0
0
0
0
0
0
0
0
0
0
0
0
0
0
0
0
4
5
0
0
0
0
0
0
0
0
0
0
0
0
0
0
0
0
0
0
0
0
5
0
0
0
0
0
0
0
0
0
0
0
0
0
0
0
0
0
0
0
2
12
0
0
0
0
0
0
0
0
0
0
0
0
0
0
0
0
0
0
0
5
7
0
0
0
0
0
0
0
0
0
0
0
0
0
0
0
0
0
0
8
1
0
0
0
0
0
0
0
0
0
0
0
0
0
0
0
0
0
0
0
3
2
0
0
0
0
0
0
0
0
0
0
0
0
0
0
0
0
0
0
0
6
7
0
0
0
0
0
0
0
0
0
0
0
0
0
0
0
0
0
0
0
8
4
0
0
0
0
0
0
0
0
0
0
0
0
0
0
0
0
0
0
4
8
0
0
0
0
0
0
0
0
0
0
0
0
0
0
0
0
0
0
0
4
10
0
0
0
0
0
0
0
0
0
0
0
0
0
0
0
0
0
0
0
3
11
0
0
0
0
0
0
0
0
0
0
0
0
0
0
0
0
0
0
7
8
9
0
0
0
0
0
0
0
0
0
0
0
0
0
0
0
0
0
0
0
3
0
0
0
0
0
0
0
0
0
0
0
0
0
0
0
0
0
0
2
4
8
0
0
0
0
0
0
0
0
0
0
0
0
0
0
0
0
0
0
2
2
8
0
0
0
0
0
0
0
0
0
0
0
0
0
0
0
0
0
0
0
4
4
0
0
0
0
0
0
0
0
0
0
0
0
0
0
0
0
0
0
0
7
0
0
0
0
0
0
0
0
0
0
0
0
0
0
0
0
0
0
0
9
9
0
0
0
0
0
0
0
0
0
0
0
0
0
0
0
0
0
0
0
4
11
0
0
0
0
0
0
0
0
0
0
0
0
0
0
0
0
0
0
0
1
6
0
0
0
0
0
0
0
0
0
0
0
0
0
0
0
0
0
0
4
3
0
0
0
0
0
0
0
0
0
0
0
0
0
0
0
0
0
0
0
2
5
0
0
0
0
0
0
0
0
0
0
0
0
0
0
0
0
0
0
0
9
7
0
0
0
0
0
0
0
0
0
0
0
0
0
0
0
0
0
0
2
8
8
0
0
0
0
0
0
0
0
0
0
0
0
0
0
0
0
0
0
0
5
0
0
0
0
0
0
0
0
0
0
0
0
0
0
0
0
0
0
1
5
5
0
0
0
0
0
0
0
0
0
0
0
0
0
0
0
0
0
0
3
2
8
0
0
0
0
0
0
0
0
0
0
0
0
0
0
0
0
0
0
0
3
10
0
0
0
0
0
0
0
0
0
0
0
0
0
0
0
0
0
0
1
5
0
0
0
0
0
0
0
0
0
0
0
0
0
0
0
0
0
0
0
0
9
0
0
0
0
0
0
0
0
0
0
0
0
0
0
0
0
0
0
0
4
4
0
0
0
0
0
0
0
0
0
0
0
0
0
0
0
0
0
0
1
10
8
0
0
0
0
0
0
0
0
0
0
0
0
0
0
0
0
0
1
0
8
0
0
0
0
0
0
0
0
0
0
0
0
0
0
0
0
0
0
0
1
4
0
0
0
0
0
0
0
0
0
0
0
0
0
0
0
0
0
0
5
6
9
0
0
0
0
0
0
0
0
0
0
0
0
0
0
0
0
0
0
0
3
6
0
0
0
0
0
0
0
0
0
0
0
0
0
0
0
0
0
1
0
3
0
0
0
0
0
0
0
0
0
0
0
0
0
0
0
0
0
0
0
2
8
0
0
0
0
0
0
0
0
0
0
0
0
0
0
0
0
0
0
0
7
7
0
0
0
0
0
0
0
0
0
0
0
0
0
0
0
0
0
0
3
2
8
0
0
0
0
0
0
0
0
0
0
0
0
0
0
0
0
0
0
1
9
0
0
0
0
0
0
0
0
0
0
0
0
0
0
0
0
0
0
0
1
6
0
0
0
0
0
0
0
0
0
0
0
0
0
0
0
0
0
0
4
0
8
0
0
0
0
0
0
0
0
0
0
0
0
0
0
0
0
0
0
0
6
9
0
0
0
0
0
0
0
0
0
0
0
0
0
0
0
0
0
0
2
2
0
0
0
0
0
0
0
0
0
0
0
0
0
0
0
0
0
0
0
0
5
0
0
0
0
0
0
0
0
0
0
0
0
0
0
0
0
0
0
1
1
13
0
0
0
0
0
0
0
0
0
0
0
0
0
0
0
0
0
0
0
4
10
0
0
0
0
0
0
0
0
0
0
0
0
0
0
0
0
0
0
1
4
0
0
0
0
0
0
0
0
0
0
0
0
0
0
0
0
0
0
0
5
6
0
0
0
0
0
0
0
0
0
0
0
0
0
0
0
0
0
0
0
4
8
0
0
0
0
0
0
0
0
0
0
0
0
0
0
0
0
0
0
1
2
8
0
0
0
0
0
0
0
0
0
0
0
0
0
0
0
0
0
0
5
5
0
0
0
0
0
0
0
0
0
0
0
0
0
0
0
0
0
0
0
5
6
0
0
0
0
0
0
0
0
0
0
0
0
0
0
0
0
0
0
0
2
9
0
0
0
0
0
0
0
0
0
0
0
0
0
0
0
0
0
0
0
5
11
0
0
0
0
0
0
0
0
0
0
0
0
0
0
0
0
0
0
1
0
0
0
0
0
0
0
0
0
0
0
0
0
0
0
0
0
0
0
1
0
5
0
0
0
0
0
0
0
0
0
0
0
0
0
0
0
0
0
0
3
4
6
0
0
0
0
0
0
0
0
0
0
0
0
0
0
0
0
0
0
5
7
8
0
0
0
0
0
0
0
0
0
0
0
0
0
0
0
0
0
0
3
4
0
0
0
0
0
0
0
0
0
0
0
0
0
0
0
0
0
0
0
0
5
0
0
0
0
0
0
0
0
0
0
0
0
0
0
0
0
0
0
0
7
6
0
0
0
0
0
0
0
0
0
0
0
0
0
0
0
0
0
0
0
4
12
0
0
0
0
0
0
0
0
0
0
0
0
0
0
0
0
0
1
2
5
0
0
0
0
0
0
0
0
0
0
0
0
0
0
0
0
0
0
0
2
7
0
0
0
0
0
0
0
0
0
0
0
0
0
0
0
0
0
0
2
3
7
0
0
0
0
0
0
0
0
0
0
0
0
0
0
0
0
0
2
0
9
0
0
0
0
0
0
0
0
0
0
0
0
0
0
0
0
0
0
0
1
6
0
0
0
0
0
0
0
0
0
0
0
0
0
0
0
0
0
0
1
6
3
0
0
0
0
0
0
0
0
0
0
0
0
0
0
0
0
0
0
0
8
5
0
0
0
0
0
0
0
0
0
0
0
0
0
0
0
0
0
0
0
5
8
0
0
0
0
0
0
0
0
0
0
0
0
0
0
0
0
0
3
3
6
0
0
0
0
0
0
0
0
0
0
0
0
0
0
0
0
0
0
0
5
7
0
0
0
0
0
0
0
0
0
0
0
0
0
0
0
0
0
0
1
3
9
0
0
0
0
0
0
0
0
0
0
0
0
0
0
0
0
0
0
0
8
12
0
0
0
0
0
0
0
0
0
0
0
0
0
0
0
0
0
0
2
3
0
0
0
0
0
0
0
0
0
0
0
0
0
0
0
0
0
0
3
0
7
0
0
0
0
0
0
0
0
0
0
0
0
0
0
0
0
0
0
0
3
4
0
0
0
0
0
0
0
0
0
0
0
0
0
0
0
0
0
0
0
9
8
0
0
0
0
0
0
0
0
0
0
0
0
0
0
0
0
0
0
5
7
0
0
0
0
0
0
0
0
0
0
0
0
0
0
0
0
0
0
0
4
4
0
0
0
0
0
0
0
0
0
0
0
0
0
0
0
0
0
0
6
2
6
0
0
0
0
0
0
0
0
0
0
0
0
0
0
0
0
0
0
2
2
5
0
0
0
0
0
0
0
0
0
0
0
0
0
0
0
0
0
0
4
7
0
0
0
0
0
0
0
0
0
0
0
0
0
0
0
0
0
0
0
5
9
0
0
0
0
0
0
0
0
0
0
0
0
0
0
0
0
0
0
0
3
9
0
0
0
0
0
0
0
0
0
0
0
0
0
0
0
0
0
0
4
4
9
0
0
0
0
0
0
0
0
0
0
0
0
0
0
0
0
0
0
4
8
0
0
0
0
0
0
0
0
0
0
0
0
0
0
0
0
0
0
0
4
5
0
0
0
0
0
0
0
0
0
0
0
0
0
0
0
0
0
0
7
4
6
0
0
0
0
0
0
0
0
0
0
0
0
0
0
0
0
0
0
0
7
12
0
0
0
0
0
0
0
0
0
0
0
0
0
0
0
0
0
0
0
7
0
0
0
0
0
0
0
0
0
0
0
0
0
0
0
0
0
0
2
0
4
0
0
0
0
0
0
0
0
0
0
0
0
0
0
0
0
0
0
0
8
7
0
0
0
0
0
0
0
0
0
0
0
0
0
0
0
0
0
0
1
9
9
0
0
0
0
0
0
0
0
0
0
0
0
0
0
0
0
0
0
1
4
0
0
0
0
0
0
0
0
0
0
0
0
0
0
0
0
0
0
0
1
5
0
0
0
0
0
0
0
0
0
0
0
0
0
0
0
0
0
0
3
0
7
0
0
0
0
0
0
0
0
0
0
0
0
0
0
0
0
0
0
0
5
9
0
0
0
0
0
0
0
0
0
0
0
0
0
0
0
0
0
0
0
2
0
0
0
0
0
0
0
0
0
0
0
0
0
0
0
0
0
0
1
0
6
0
0
0
0
0
0
0
0
0
0
0
0
0
0
0
0
0
0
0
3
5
0
0
0
0
0
0
0
0
0
0
0
0
0
0
0
0
0
0
3
3
7
0
0
0
0
0
0
0
0
0
0
0
0
0
0
0
0
0
0
3
8
0
0
0
0
0
0
0
0
0
0
0
0
0
0
0
0
0
0
0
4
7
0
0
0
0
0
0
0
0
0
0
0
0
0
0
0
0
0
0
2
3
8
0
0
0
0
0
0
0
0
0
0
0
0
0
0
0
0
0
0
0
6
10
0
0
0
0
0
0
0
0
0
0
0
0
0
0
0
0
0
0
0
10
0
0
0
0
0
0
0
0
0
0
0
0
0
0
0
0
0
0
0
1
3
0
0
0
0
0
0
0
0
0
0
0
0
0
0
0
0
0
0
3
6
9
0
0
0
0
0
0
0
0
0
0
0
0
0
0
0
0
0
0
0
6
9
0
0
0
0
0
0
0
0
0
0
0
0
0
0
0
0
0
0
1
4
0
0
0
0
0
0
0
0
0
0
0
0
0
0
0
0
0
0
0
4
3
0
0
0
0
0
0
0
0
0
0
0
0
0
0
0
0
0
0
0
5
9
0
0
0
0
0
0
0
0
0
0
0
0
0
0
0
0
0
0
1
8
8
0
0
0
0
0
0
0
0
0
0
0
0
0
0
0
0
0
0
2
9
0
0
0
0
0
0
0
0
0
0
0
0
0
0
0
0
0
0
0
1
7
0
0
0
0
0
0
0
0
0
0
0
0
0
0
0
0
0
0
2
6
6
0
0
0
0
0
0
0
0
0
0
0
0
0
0
0
0
0
0
0
6
9
0
0
0
0
0
0
0
0
0
0
0
0
0
0
0
0
0
0
1
2
0
0
0
0
0
0
0
0
0
0
0
0
0
0
0
0
0
0
1
2
9
0
0
0
0
0
0
0
0
0
0
0
0
0
0
0
0
0
0
3
6
8
0
0
0
0
0
0
0
0
0
0
0
0
0
0
0
0
0
0
0
3
9
0
0
0
0
0
0
0
0
0
0
0
0
0
0
0
0
0
0
1
6
0
0
0
0
0
0
0
0
0
0
0
0
0
0
0
0
0
0
0
2
9
0
0
0
0
0
0
0
0
0
0
0
0
0
0
0
0
0
0
0
5
8
0
0
0
0
0
0
0
0
0
0
0
0
0
0
0
0
0
0
5
2
6
0
0
0
0
0
0
0
0
0
0
0
0
0
0
0
0
0
0
0
5
0
0
0
0
0
0
0
0
0
0
0
0
0
0
0
0
0
0
0
1
4
0
0
0
0
0
0
0
0
0
0
0
0
0
0
0
0
0
0
1
0
5
0
0
0
0
0
0
0
0
0
0
0
0
0
0
0
0
0
0
0
6
9
0
0
0
0
0
0
0
0
0
0
0
0
0
0
0
0
0
0
1
9
0
0
0
0
0
0
0
0
0
0
0
0
0
0
0
0
0
0
0
2
4
0
0
0
0
0
0
0
0
0
0
0
0
0
0
0
0
0
0
0
5
10
0
0
0
0
0
0
0
0
0
0
0
0
0
0
0
0
0
0
5
8
10
0
0
0
0
0
0
0
0
0
0
0
0
0
0
0
0
0
0
3
3
0
0
0
0
0
0
0
0
0
0
0
0
0
0
0
0
0
0
1
6
10
0
0
0
0
0
0
0
0
0
0
0
0
0
0
0
0
0
0
0
4
8
0
0
0
0
0
0
0
0
0
0
0
0
0
0
0
0
0
0
1
7
12
0
0
0
0
0
0
0
0
0
0
0
0
0
0
0
0
0
0
3
7
0
0
0
0
0
0
0
0
0
0
0
0
0
0
0
0
0
0
1
1
5
0
0
0
0
0
0
0
0
0
0
0
0
0
0
0
0
0
0
2
3
5
0
0
0
0
0
0
0
0
0
0
0
0
0
0
0
0
0
0
0
3
13
0
0
0
0
0
0
0
0
0
0
0
0
0
0
0
0
0
0
2
4
0
0
0
0
0
0
0
0
0
0
0
0
0
0
0
0
0
0
0
7
9
0
0
0
0
0
0
0
0
0
0
0
0
0
0
0
0
0
0
0
7
4
0
0
0
0
0
0
0
0
0
0
0
0
0
0
0
0
0
0
4
4
11
0
0
0
0
0
0
0
0
0
0
0
0
0
0
0
0
0
0
0
4
0
0
0
0
0
0
0
0
0
0
0
0
0
0
0
0
0
0
0
1
8
0
0
0
0
0
0
0
0
0
0
0
0
0
0
0
0
0
0
0
0
5
0
0
0
0
0
0
0
0
0
0
0
0
0
0
0
0
0
0
8
4
12
0
0
0
0
0
0
0
0
0
0
0
0
0
0
0
0
0
0
5
9
0
0
0
0
0
0
0
0
0
0
0
0
0
0
0
0
0
0
0
9
8
0
0
0
0
0
0
0
0
0
0
0
0
0
0
0
0
0
0
0
2
7
0
0
0
0
0
0
0
0
0
0
0
0
0
0
0
0
0
0
2
7
7
0
0
0
0
0
0
0
0
0
0
0
0
0
0
0
0
0
0
2
2
0
0
0
0
0
0
0
0
0
0
0
0
0
0
0
0
0
0
0
0
8
0
0
0
0
0
0
0
0
0
0
0
0
0
0
0
0
0
0
0
6
5
0
0
0
0
0
0
0
0
0
0
0
0
0
0
0
0
0
0
0
7
6
0
0
0
0
0
0
0
0
0
0
0
0
0
0
0
0
0
0
0
8
0
0
0
0
0
0
0
0
0
0
0
0
0
0
0
0
0
0
0
0
8
0
0
0
0
0
0
0
0
0
0
0
0
0
0
0
0
0
0
0
3
7
0
0
0
0
0
0
0
0
0
0
0
0
0
0
0
0
0
0
5
7
6
0
0
0
0
0
0
0
0
0
0
0
0
0
0
0
0
0
3
3
5
0
0
0
0
0
0
0
0
0
0
0
0
0
0
0
0
0
0
0
6
6
0
0
0
0
0
0
0
0
0
0
0
0
0
0
0
0
0
0
0
3
6
0
0
0
0
0
0
0
0
0
0
0
0
0
0
0
0
1
0
2
2
6
0
0
0
0
0
0
0
0
0
0
0
0
0
0
0
0
0
0
2
3
0
0
0
0
0
0
0
0
0
0
0
0
0
0
0
0
0
0
0
0
8
0
0
0
0
0
0
0
0
0
0
0
0
0
0
0
0
0
0
3
2
13
0
0
0
0
0
0
0
0
0
0
0
0
0
0
0
0
0
0
1
6
7
0
0
0
0
0
0
0
0
0
0
0
0
0
0
0
0
0
0
2
8
0
0
0
0
0
0
0
0
0
0
0
0
0
0
0
0
0
0
0
7
6
0
0
0
0
0
0
0
0
0
0
0
0
0
0
0
0
0
0
0
6
4
0
0
0
0
0
0
0
0
0
0
0
0
0
0
0
0
0
0
1
3
9
0
0
0
0
0
0
0
0
0
0
0
0
0
0
0
0
0
0
0
3
0
0
0
0
0
0
0
0
0
0
0
0
0
0
0
0
0
0
0
0
12
0
0
0
0
0
0
0
0
0
0
0
0
0
0
0
0
0
0
2
5
6
0
0
0
0
0
0
0
0
0
0
0
0
0
0
0
0
0
0
1
2
10
0
0
0
0
0
0
0
0
0
0
0
0
0
0
0
0
0
0
0
3
0
0
0
0
0
0
0
0
0
0
0
0
0
0
0
0
0
0
0
2
5
0
0
0
0
0
0
0
0
0
0
0
0
0
0
0
0
0
5
0
3
10
0
0
0
0
0
0
0
0
0
0
0
0
0
0
0
0
0
1
1
5
12
0
0
0
0
0
0
0
0
0
0
0
0
0
0
0
0
0
0
1
4
0
0
0
0
0
0
0
0
0
0
0
0
0
0
0
0
0
0
0
5
3
0
0
0
0
0
0
0
0
0
0
0
0
0
0
0
0
0
0
2
8
8
0
0
0
0
0
0
0
0
0
0
0
0
0
0
0
0
0
0
1
4
4
0
0
0
0
0
0
0
0
0
0
0
0
0
0
0
0
0
3
9
10
0
0
0
0
0
0
0
0
0
0
0
0
0
0
0
0
0
0
2
3
8
0
0
0
0
0
0
0
0
0
0
0
0
0
0
0
0
0
0
2
2
7
0
0
0
0
0
0
0
0
0
0
0
0
0
0
0
0
0
0
2
6
10
0
0
0
0
0
0
0
0
0
0
0
0
0
0
0
0
0
0
3
3
0
0
0
0
0
0
0
0
0
0
0
0
0
0
0
0
0
0
0
6
6
0
0
0
0
0
0
0
0
0
0
0
0
0
0
0
0
0
0
0
2
11
0
0
0
0
0
0
0
0
0
0
0
0
0
0
0
0
0
0
1
6
8
0
0
0
0
0
0
0
0
0
0
0
0
0
0
0
0
0
0
3
6
0
0
0
0
0
0
0
0
0
0
0
0
0
0
0
0
0
0
0
0
5
0
0
0
0
0
0
0
0
0
0
0
0
0
0
0
0
0
0
0
4
8
0
0
0
0
0
0
0
0
0
0
0
0
0
0
0
0
0
4
2
5
14
0
0
0
0
0
0
0
0
0
0
0
0
0
0
0
0
0
0
5
5
0
0
0
0
0
0
0
0
0
0
0
0
0
0
0
0
0
0
1
4
5
0
0
0
0
0
0
0
0
0
0
0
0
0
0
0
0
0
0
0
5
8
0
0
0
0
0
0
0
0
0
0
0
0
0
0
0
0
0
0
4
5
10
0
0
0
0
0
0
0
0
0
0
0
0
0
0
0
0
0
0
0
4
0
0
0
0
0
0
0
0
0
0
0
0
0
0
0
0
0
0
3
7
10
0
0
0
0
0
0
0
0
0
0
0
0
0
0
0
0
0
0
2
1
7
0
0
0
0
0
0
0
0
0
0
0
0
0
0
0
0
0
0
1
2
7
0
0
0
0
0
0
0
0
0
0
0
0
0
0
0
0
0
0
0
8
0
0
0
0
0
0
0
0
0
0
0
0
0
0
0
0
0
0
1
0
7
0
0
0
0
0
0
0
0
0
0
0
0
0
0
0
0
0
0
0
5
6
0
0
0
0
0
0
0
0
0
0
0
0
0
0
0
0
0
0
3
5
9
0
0
0
0
0
0
0
0
0
0
0
0
0
0
0
0
0
0
5
6
0
0
0
0
0
0
0
0
0
0
0
0
0
0
0
0
0
0
0
2
8
0
0
0
0
0
0
0
0
0
0
0
0
0
0
0
0
0
0
0
8
8
0
0
0
0
0
0
0
0
0
0
0
0
0
0
0
0
0
0
0
8
10
0
0
0
0
0
0
0
0
0
0
0
0
0
0
0
0
0
0
7
3
0
0
0
0
0
0
0
0
0
0
0
0
0
0
0
0
0
0
0
0
8
0
0
0
0
0
0
0
0
0
0
0
0
0
0
0
0
0
0
0
3
10
0
0
0
0
0
0
0
0
0
0
0
0
0
0
0
0
0
0
0
7
5
0
0
0
0
0
0
0
0
0
0
0
0
0
0
0
0
0
0
3
4
0
0
0
0
0
0
0
0
0
0
0
0
0
0
0
0
0
0
0
1
6
0
0
0
0
0
0
0
0
0
0
0
0
0
0
0
0
0
0
0
5
5
0
0
0
0
0
0
0
0
0
0
0
0
0
0
0
0
0
0
0
4
11
0
0
0
0
0
0
0
0
0
0
0
0
0
0
0
0
0
0
3
9
0
0
0
0
0
0
0
0
0
0
0
0
0
0
0
0
0
0
0
5
6
0
0
0
0
0
0
0
0
0
0
0
0
0
0
0
0
0
0
0
3
5
0
0
0
0
0
0
0
0
0
0
0
0
0
0
0
0
0
0
0
3
8
0
0
0
0
0
0
0
0
0
0
0
0
0
0
0
0
0
0
2
12
0
0
0
0
0
0
0
0
0
0
0
0
0
0
0
0
0
0
0
0
6
0
0
0
0
0
0
0
0
0
0
0
0
0
0
0
0
0
0
0
0
9
0
0
0
0
0
0
0
0
0
0
0
0
0
0
0
0
0
0
0
8
8
0
0
0
0
0
0
0
0
0
0
0
0
0
0
0
0
0
0
3
7
0
0
0
0
0
0
0
0
0
0
0
0
0
0
0
0
0
0
0
6
5
0
0
0
0
0
0
0
0
0
0
0
0
0
0
0
0
0
0
0
8
9
0
0
0
0
0
0
0
0
0
0
0
0
0
0
0
0
0
2
7
6
10
0
0
0
0
0
0
0
0
0
0
0
0
0
0
0
0
0
0
0
8
0
0
0
0
0
0
0
0
0
0
0
0
0
0
0
0
0
0
1
7
4
0
0
0
0
0
0
0
0
0
0
0
0
0
0
0
0
0
0
0
11
6
0
0
0
0
0
0
0
0
0
0
0
0
0
0
0
0
0
0
0
2
9
0
0
0
0
0
0
0
0
0
0
0
0
0
0
0
0
0
0
0
4
0
0
0
0
0
0
0
0
0
0
0
0
0
0
0
0
0
0
4
2
10
0
0
0
0
0
0
0
0
0
0
0
0
0
0
0
0
0
0
0
2
8
0
0
0
0
0
0
0
0
0
0
0
0
0
0
0
0
0
0
3
6
11
0
0
0
0
0
0
0
0
0
0
0
0
0
0
0
0
0
4
3
7
0
0
0
0
0
0
0
0
0
0
0
0
0
0
0
0
0
0
2
0
5
0
0
0
0
0
0
0
0
0
0
0
0
0
0
0
0
0
0
0
2
6
0
0
0
0
0
0
0
0
0
0
0
0
0
0
0
0
0
0
2
2
11
0
0
0
0
0
0
0
0
0
0
0
0
0
0
0
0
0
0
1
5
0
0
0
0
0
0
0
0
0
0
0
0
0
0
0
0
0
0
0
6
6
0
0
0
0
0
0
0
0
0
0
0
0
0
0
0
0
0
0
3
4
12
0
0
0
0
0
0
0
0
0
0
0
0
0
0
0
0
0
0
5
6
9
0
0
0
0
0
0
0
0
0
0
0
0
0
0
0
0
0
0
0
4
0
0
0
0
0
0
0
0
0
0
0
0
0
0
0
0
0
0
0
8
5
0
0
0
0
0
0
0
0
0
0
0
0
0
0
0
0
0
0
3
0
5
0
0
0
0
0
0
0
0
0
0
0
0
0
0
0
0
0
0
0
9
9
0
0
0
0
0
0
0
0
0
0
0
0
0
0
0
0
0
0
1
11
0
0
0
0
0
0
0
0
0
0
0
0
0
0
0
0
0
0
0
2
8
0
0
0
0
0
0
0
0
0
0
0
0
0
0
0
0
0
0
0
6
16
0
0
0
0
0
0
0
0
0
0
0
0
0
0
0
0
0
3
3
7
12
0
0
0
0
0
0
0
0
0
0
0
0
0
0
0
0
0
0
2
7
0
0
0
0
0
0
0
0
0
0
0
0
0
0
0
0
0
0
0
3
5
0
0
0
0
0
0
0
0
0
0
0
0
0
0
0
0
0
0
0
6
7
0
0
0
0
0
0
0
0
0
0
0
0
0
0
0
0
0
0
0
7
7
0
0
0
0
0
0
0
0
0
0
0
0
0
0
0
0
0
0
0
9
0
0
0
0
0
0
0
0
0
0
0
0
0
0
0
0
0
0
0
5
12
0
0
0
0
0
0
0
0
0
0
0
0
0
0
0
0
0
0
0
3
4
0
0
0
0
0
0
0
0
0
0
0
0
0
0
0
0
0
3
0
6
11
0
0
0
0
0
0
0
0
0
0
0
0
0
0
0
0
0
0
3
10
0
0
0
0
0
0
0
0
0
0
0
0
0
0
0
0
0
0
0
3
7
0
0
0
0
0
0
0
0
0
0
0
0
0
0
0
0
0
0
0
2
6
0
0
0
0
0
0
0
0
0
0
0
0
0
0
0
0
0
0
3
8
9
0
0
0
0
0
0
0
0
0
0
0
0
0
0
0
0
0
1
0
7
0
0
0
0
0
0
0
0
0
0
0
0
0
0
0
0
0
0
0
2
7
0
0
0
0
0
0
0
0
0
0
0
0
0
0
0
0
0
0
0
1
4
0
0
0
0
0
0
0
0
0
0
0
0
0
0
0
0
0
0
2
2
9
0
0
0
0
0
0
0
0
0
0
0
0
0
0
0
0
0
0
0
4
0
0
0
0
0
0
0
0
0
0
0
0
0
0
0
0
0
0
0
3
3
0
0
0
0
0
0
0
0
0
0
0
0
0
0
0
0
0
0
2
1
6
0
0
0
0
0
0
0
0
0
0
0
0
0
0
0
0
0
0
6
5
12
0
0
0
0
0
0
0
0
0
0
0
0
0
0
0
0
0
0
1
2
0
0
0
0
0
0
0
0
0
0
0
0
0
0
0
0
0
0
0
2
10
0
0
0
0
0
0
0
0
0
0
0
0
0
0
0
0
0
0
0
5
9
0
0
0
0
0
0
0
0
0
0
0
0
0
0
0
0
0
0
0
4
10
0
0
0
0
0
0
0
0
0
0
0
0
0
0
0
0
0
0
1
5
0
0
0
0
0
0
0
0
0
0
0
0
0
0
0
0
0
0
0
2
8
0
0
0
0
0
0
0
0
0
0
0
0
0
0
0
0
0
0
1
2
8
0
0
0
0
0
0
0
0
0
0
0
0
0
0
0
0
0
0
4
1
8
0
0
0
0
0
0
0
0
0
0
0
0
0
0
0
0
0
0
3
3
0
0
0
0
0
0
0
0
0
0
0
0
0
0
0
0
0
0
0
2
3
0
0
0
0
0
0
0
0
0
0
0
0
0
0
0
0
0
1
0
3
6
0
0
0
0
0
0
0
0
0
0
0
0
0
0
0
0
0
4
2
4
6
0
0
0
0
0
0
0
0
0
0
0
0
0
0
0
0
0
0
0
5
0
0
0
0
0
0
0
0
0
0
0
0
0
0
0
0
0
0
1
4
3
0
0
0
0
0
0
0
0
0
0
0
0
0
0
0
0
0
0
0
5
7
0
0
0
0
0
0
0
0
0
0
0
0
0
0
0
0
0
0
4
5
9
0
0
0
0
0
0
0
0
0
0
0
0
0
0
0
0
0
4
6
9
0
0
0
0
0
0
0
0
0
0
0
0
0
0
0
0
0
0
5
0
6
0
0
0
0
0
0
0
0
0
0
0
0
0
0
0
0
0
0
0
3
9
0
0
0
0
0
0
0
0
0
0
0
0
0
0
0
0
0
0
0
4
10
0
0
0
0
0
0
0
0
0
0
0
0
0
0
0
0
0
0
0
5
0
0
0
0
0
0
0
0
0
0
0
0
0
0
0
0
0
0
0
6
5
0
0
0
0
0
0
0
0
0
0
0
0
0
0
0
0
0
0
3
5
8
0
0
0
0
0
0
0
0
0
0
0
0
0
0
0
0
0
0
2
6
10
0
0
0
0
0
0
0
0
0
0
0
0
0
0
0
0
0
0
5
4
0
0
0
0
0
0
0
0
0
0
0
0
0
0
0
0
0
0
0
3
6
0
0
0
0
0
0
0
0
0
0
0
0
0
0
0
0
0
0
0
2
9
0
0
0
0
0
0
0
0
0
0
0
0
0
0
0
0
0
0
0
7
9
0
0
0
0
0
0
0
0
0
0
0
0
0
0
0
0
0
3
2
3
0
0
0
0
0
0
0
0
0
0
0
0
0
0
0
0
0
0
0
2
10
0
0
0
0
0
0
0
0
0
0
0
0
0
0
0
0
0
0
0
4
12
0
0
0
0
0
0
0
0
0
0
0
0
0
0
0
0
0
0
0
9
7
0
0
0
0
0
0
0
0
0
0
0
0
0
0
0
0
0
0
6
3
0
0
0
0
0
0
0
0
0
0
0
0
0
0
0
0
0
0
1
3
7
0
0
0
0
0
0
0
0
0
0
0
0
0
0
0
0
0
0
1
10
5
0
0
0
0
0
0
0
0
0
0
0
0
0
0
0
0
0
0
1
5
8
0
0
0
0
0
0
0
0
0
0
0
0
0
0
0
0
0
0
0
6
0
0
0
0
0
0
0
0
0
0
0
0
0
0
0
0
0
0
0
0
11
0
0
0
0
0
0
0
0
0
0
0
0
0
0
0
0
0
0
0
1
8
0
0
0
0
0
0
0
0
0
0
0
0
0
0
0
0
0
0
0
5
12
0
0
0
0
0
0
0
0
0
0
0
0
0
0
0
0
0
0
0
7
0
0
0
0
0
0
0
0
0
0
0
0
0
0
0
0
0
0
0
2
4
0
0
0
0
0
0
0
0
0
0
0
0
0
0
0
0
0
0
0
3
5
0
0
0
0
0
0
0
0
0
0
0
0
0
0
0
0
0
0
0
10
10
0
0
0
0
0
0
0
0
0
0
0
0
0
0
0
0
0
0
5
6
0
0
0
0
0
0
0
0
0
0
0
0
0
0
0
0
0
0
0
5
11
0
0
0
0
0
0
0
0
0
0
0
0
0
0
0
0
0
0
0
3
10
0
0
0
0
0
0
0
0
0
0
0
0
0
0
0
0
0
0
9
7
11
0
0
0
0
0
0
0
0
0
0
0
0
0
0
0
0
0
0
2
7
0
0
0
0
0
0
0
0
0
0
0
0
0
0
0
0
0
0
0
6
8
0
0
0
0
0
0
0
0
0
0
0
0
0
0
0
0
0
0
0
5
4
0
0
0
0
0
0
0
0
0
0
0
0
0
0
0
0
0
0
3
4
8
0
0
0
0
0
0
0
0
0
0
0
0
0
0
0
0
0
0
1
7
0
0
0
0
0
0
0
0
0
0
0
0
0
0
0
0
0
0
0
5
5
0
0
0
0
0
0
0
0
0
0
0
0
0
0
0
0
0
0
0
2
5
0
0
0
0
0
0
0
0
0
0
0
0
0
0
0
0
0
0
0
2
9
0
0
0
0
0
0
0
0
0
0
0
0
0
0
0
0
0
0
4
4
0
0
0
0
0
0
0
0
0
0
0
0
0
0
0
0
0
0
0
4
7
0
0
0
0
0
0
0
0
0
0
0
0
0
0
0
0
0
0
0
8
8
0
0
0
0
0
0
0
0
0
0
0
0
0
0
0
0
0
0
2
2
10
0
0
0
0
0
0
0
0
0
0
0
0
0
0
0
0
0
2
1
10
0
0
0
0
0
0
0
0
0
0
0
0
0
0
0
0
0
0
0
3
4
0
0
0
0
0
0
0
0
0
0
0
0
0
0
0
0
0
0
0
1
7
0
0
0
0
0
0
0
0
0
0
0
0
0
0
0
0
0
0
4
4
9
0
0
0
0
0
0
0
0
0
0
0
0
0
0
0
0
0
0
5
3
0
0
0
0
0
0
0
0
0
0
0
0
0
0
0
0
0
0
1
0
7
0
0
0
0
0
0
0
0
0
0
0
0
0
0
0
0
0
0
0
2
7
0
0
0
0
0
0
0
0
0
0
0
0
0
0
0
0
0
0
3
6
11
0
0
0
0
0
0
0
0
0
0
0
0
0
0
0
0
0
0
4
9
0
0
0
0
0
0
0
0
0
0
0
0
0
0
0
0
0
0
2
4
3
0
0
0
0
0
0
0
0
0
0
0
0
0
0
0
0
0
0
0
8
5
0
0
0
0
0
0
0
0
0
0
0
0
0
0
0
0
0
0
0
6
12
0
0
0
0
0
0
0
0
0
0
0
0
0
0
0
0
0
0
0
7
0
0
0
0
0
0
0
0
0
0
0
0
0
0
0
0
0
0
0
3
7
0
0
0
0
0
0
0
0
0
0
0
0
0
0
0
0
0
0
0
7
6
0
0
0
0
0
0
0
0
0
0
0
0
0
0
0
0
0
0
3
2
9
0
0
0
0
0
0
0
0
0
0
0
0
0
0
0
0
0
0
1
7
0
0
0
0
0
0
0
0
0
0
0
0
0
0
0
0
0
0
0
4
8
0
0
0
0
0
0
0
0
0
0
0
0
0
0
0
0
0
0
0
5
7
0
0
0
0
0
0
0
0
0
0
0
0
0
0
0
0
0
0
0
6
8
0
0
0
0
0
0
0
0
0
0
0
0
0
0
0
0
0
0
2
5
0
0
0
0
0
0
0
0
0
0
0
0
0
0
0
0
0
0
0
0
7
0
0
0
0
0
0
0
0
0
0
0
0
0
0
0
0
0
0
0
4
7
0
0
0
0
0
0
0
0
0
0
0
0
0
0
0
0
0
0
1
8
7
0
0
0
0
0
0
0
0
0
0
0
0
0
0
0
0
0
2
1
7
0
0
0
0
0
0
0
0
0
0
0
0
0
0
0
0
0
0
0
5
6
0
0
0
0
0
0
0
0
0
0
0
0
0
0
0
0
0
0
0
2
11
0
0
0
0
0
0
0
0
0
0
0
0
0
0
0
0
0
0
1
5
7
0
0
0
0
0
0
0
0
0
0
0
0
0
0
0
0
0
0
0
4
0
0
0
0
0
0
0
0
0
0
0
0
0
0
0
0
0
0
1
3
11
0
0
0
0
0
0
0
0
0
0
0
0
0
0
0
0
0
0
0
5
9
0
0
0
0
0
0
0
0
0
0
0
0
0
0
0
0
0
0
1
2
6
0
0
0
0
0
0
0
0
0
0
0
0
0
0
0
0
0
0
2
4
0
0
0
0
0
0
0
0
0
0
0
0
0
0
0
0
0
0
2
5
7
0
0
0
0
0
0
0
0
0
0
0
0
0
0
0
0
0
0
4
7
4
0
0
0
0
0
0
0
0
0
0
0
0
0
0
0
0
0
0
5
1
10
0
0
0
0
0
0
0
0
0
0
0
0
0
0
0
0
0
0
0
5
0
0
0
0
0
0
0
0
0
0
0
0
0
0
0
0
0
0
0
3
9
0
0
0
0
0
0
0
0
0
0
0
0
0
0
0
0
0
0
0
1
8
0
0
0
0
0
0
0
0
0
0
0
0
0
0
0
0
0
0
2
5
6
0
0
0
0
0
0
0
0
0
0
0
0
0
0
0
0
0
0
0
8
0
0
0
0
0
0
0
0
0
0
0
0
0
0
0
0
0
0
0
1
4
0
0
0
0
0
0
0
0
0
0
0
0
0
0
0
0
0
0
0
0
7
0
0
0
0
0
0
0
0
0
0
0
0
0
0
0
0
0
0
1
6
15
0
0
0
0
0
0
0
0
0
0
0
0
0
0
0
0
0
0
1
5
0
0
0
0
0
0
0
0
0
0
0
0
0
0
0
0
0
0
0
3
8
0
0
0
0
0
0
0
0
0
0
0
0
0
0
0
0
0
0
1
6
5
0
0
0
0
0
0
0
0
0
0
0
0
0
0
0
0
0
0
1
2
7
0
0
0
0
0
0
0
0
0
0
0
0
0
0
0
0
0
0
4
5
0
0
0
0
0
0
0
0
0
0
0
0
0
0
0
0
0
1
0
7
9
0
0
0
0
0
0
0
0
0
0
0
0
0
0
0
0
0
0
0
8
4
0
0
0
0
0
0
0
0
0
0
0
0
0
0
0
0
0
0
0
1
10
0
0
0
0
0
0
0
0
0
0
0
0
0
0
0
0
0
1
0
7
0
0
0
0
0
0
0
0
0
0
0
0
0
0
0
0
0
0
1
4
6
0
0
0
0
0
0
0
0
0
0
0
0
0
0
0
0
0
0
2
6
7
0
0
0
0
0
0
0
0
0
0
0
0
0
0
0
0
0
0
2
4
7
0
0
0
0
0
0
0
0
0
0
0
0
0
0
0
0
0
0
3
7
0
0
0
0
0
0
0
0
0
0
0
0
0
0
0
0
0
0
0
3
7
0
0
0
0
0
0
0
0
0
0
0
0
0
0
0
0
0
0
7
3
12
0
0
0
0
0
0
0
0
0
0
0
0
0
0
0
0
0
0
0
7
9
0
0
0
0
0
0
0
0
0
0
0
0
0
0
0
0
0
0
3
6
0
0
0
0
0
0
0
0
0
0
0
0
0
0
0
0
0
0
0
0
9
0
0
0
0
0
0
0
0
0
0
0
0
0
0
0
0
0
0
3
0
6
0
0
0
0
0
0
0
0
0
0
0
0
0
0
0
0
0
0
0
5
6
0
0
0
0
0
0
0
0
0
0
0
0
0
0
0
0
0
0
3
3
0
0
0
0
0
0
0
0
0
0
0
0
0
0
0
0
0
0
0
5
6
0
0
0
0
0
0
0
0
0
0
0
0
0
0
0
0
0
0
2
5
5
0
0
0
0
0
0
0
0
0
0
0
0
0
0
0
0
0
0
3
5
8
0
0
0
0
0
0
0
0
0
0
0
0
0
0
0
0
0
0
0
11
0
0
0
0
0
0
0
0
0
0
0
0
0
0
0
0
0
0
0
3
3
0
0
0
0
0
0
0
0
0
0
0
0
0
0
0
0
0
0
3
6
8
0
0
0
0
0
0
0
0
0
0
0
0
0
0
0
0
0
0
0
1
8
0
0
0
0
0
0
0
0
0
0
0
0
0
0
0
0
0
0
0
6
0
0
0
0
0
0
0
0
0
0
0
0
0
0
0
0
0
0
0
6
10
0
0
0
0
0
0
0
0
0
0
0
0
0
0
0
0
0
0
0
3
6
0
0
0
0
0
0
0
0
0
0
0
0
0
0
0
0
0
0
3
2
10
0
0
0
0
0
0
0
0
0
0
0
0
0
0
0
0
0
1
2
8
0
0
0
0
0
0
0
0
0
0
0
0
0
0
0
0
0
0
0
4
4
0
0
0
0
0
0
0
0
0
0
0
0
0
0
0
0
0
0
2
0
9
0
0
0
0
0
0
0
0
0
0
0
0
0
0
0
0
0
0
4
4
10
0
0
0
0
0
0
0
0
0
0
0
0
0
0
0
0
0
0
1
12
0
0
0
0
0
0
0
0
0
0
0
0
0
0
0
0
0
0
0
0
10
0
0
0
0
0
0
0
0
0
0
0
0
0
0
0
0
0
0
2
7
13
0
0
0
0
0
0
0
0
0
0
0
0
0
0
0
0
0
0
0
3
7
0
0
0
0
0
0
0
0
0
0
0
0
0
0
0
0
0
0
4
6
0
0
0
0
0
0
0
0
0
0
0
0
0
0
0
0
0
0
0
4
6
0
0
0
0
0
0
0
0
0
0
0
0
0
0
0
0
0
0
0
2
4
0
0
0
0
0
0
0
0
0
0
0
0
0
0
0
0
0
0
0
4
7
0
0
0
0
0
0
0
0
0
0
0
0
0
0
0
0
0
0
3
5
0
0
0
0
0
0
0
0
0
0
0
0
0
0
0
0
0
0
1
3
10
0
0
0
0
0
0
0
0
0
0
0
0
0
0
0
0
0
0
0
4
3
0
0
0
0
0
0
0
0
0
0
0
0
0
0
0
0
0
0
7
6
9
0
0
0
0
0
0
0
0
0
0
0
0
0
0
0
0
0
0
3
5
0
0
0
0
0
0
0
0
0
0
0
0
0
0
0
0
0
0
0
4
8
0
0
0
0
0
0
0
0
0
0
0
0
0
0
0
0
0
0
0
5
9
0
0
0
0
0
0
0
0
0
0
0
0
0
0
0
0
0
0
4
11
9
0
0
0
0
0
0
0
0
0
0
0
0
0
0
0
0
0
0
2
5
0
0
0
0
0
0
0
0
0
0
0
0
0
0
0
0
0
0
1
1
6
0
0
0
0
0
0
0
0
0
0
0
0
0
0
0
0
0
0
0
5
7
0
0
0
0
0
0
0
0
0
0
0
0
0
0
0
0
0
0
1
8
6
0
0
0
0
0
0
0
0
0
0
0
0
0
0
0
0
0
0
1
6
0
0
0
0
0
0
0
0
0
0
0
0
0
0
0
0
0
0
0
0
8
0
0
0
0
0
0
0
0
0
0
0
0
0
0
0
0
0
0
0
4
10
0
0
0
0
0
0
0
0
0
0
0
0
0
0
0
0
0
0
2
7
7
0
0
0
0
0
0
0
0
0
0
0
0
0
0
0
0
0
0
2
2
0
0
0
0
0
0
0
0
0
0
0
0
0
0
0
0
0
0
0
3
12
0
0
0
0
0
0
0
0
0
0
0
0
0
0
0
0
0
0
0
4
7
0
0
0
0
0
0
0
0
0
0
0
0
0
0
0
0
0
0
0
6
8
0
0
0
0
0
0
0
0
0
0
0
0
0
0
0
0
0
0
4
11
0
0
0
0
0
0
0
0
0
0
0
0
0
0
0
0
0
0
0
4
7
0
0
0
0
0
0
0
0
0
0
0
0
0
0
0
0
0
0
0
2
7
0
0
0
0
0
0
0
0
0
0
0
0
0
0
0
0
0
0
0
9
9
0
0
0
0
0
0
0
0
0
0
0
0
0
0
0
0
0
1
3
8
0
0
0
0
0
0
0
0
0
0
0
0
0
0
0
0
0
0
0
3
0
0
0
0
0
0
0
0
0
0
0
0
0
0
0
0
0
0
0
4
4
12
0
0
0
0
0
0
0
0
0
0
0
0
0
0
0
0
0
0
0
2
7
0
0
0
0
0
0
0
0
0
0
0
0
0
0
0
0
0
1
3
4
0
0
0
0
0
0
0
0
0
0
0
0
0
0
0
0
0
0
0
3
8
0
0
0
0
0
0
0
0
0
0
0
0
0
0
0
0
0
2
0
0
5
0
0
0
0
0
0
0
0
0
0
0
0
0
0
0
0
0
0
1
5
8
0
0
0
0
0
0
0
0
0
0
0
0
0
0
0
0
0
0
5
5
0
0
0
0
0
0
0
0
0
0
0
0
0
0
0
0
0
0
0
5
4
0
0
0
0
0
0
0
0
0
0
0
0
0
0
0
0
0
0
0
3
8
0
0
0
0
0
0
0
0
0
0
0
0
0
0
0
0
0
1
4
6
18
0
0
0
0
0
0
0
0
0
0
0
0
0
0
0
0
0
0
0
7
0
0
0
0
0
0
0
0
0
0
0
0
0
0
0
0
0
0
0
6
5
0
0
0
0
0
0
0
0
0
0
0
0
0
0
0
0
0
0
3
5
13
0
0
0
0
0
0
0
0
0
0
0
0
0
0
0
0
0
0
6
2
8
0
0
0
0
0
0
0
0
0
0
0
0
0
0
0
0
0
0
3
8
0
0
0
0
0
0
0
0
0
0
0
0
0
0
0
0
0
0
0
2
10
0
0
0
0
0
0
0
0
0
0
0
0
0
0
0
0
0
0
0
3
6
0
0
0
0
0
0
0
0
0
0
0
0
0
0
0
0
0
0
0
8
13
0
0
0
0
0
0
0
0
0
0
0
0
0
0
0
0
0
0
1
8
0
0
0
0
0
0
0
0
0
0
0
0
0
0
0
0
0
0
0
0
6
0
0
0
0
0
0
0
0
0
0
0
0
0
0
0
0
0
0
4
0
5
0
0
0
0
0
0
0
0
0
0
0
0
0
0
0
0
0
0
1
9
10
0
0
0
0
0
0
0
0
0
0
0
0
0
0
0
0
0
0
5
4
0
0
0
0
0
0
0
0
0
0
0
0
0
0
0
0
0
0
0
6
6
0
0
0
0
0
0
0
0
0
0
0
0
0
0
0
0
0
0
0
4
9
0
0
0
0
0
0
0
0
0
0
0
0
0
0
0
0
0
0
3
5
7
0
0
0
0
0
0
0
0
0
0
0
0
0
0
0
0
0
0
3
6
0
0
0
0
0
0
0
0
0
0
0
0
0
0
0
0
0
0
0
0
5
0
0
0
0
0
0
0
0
0
0
0
0
0
0
0
0
0
0
0
2
8
0
0
0
0
0
0
0
0
0
0
0
0
0
0
0
0
0
0
0
7
9
0
0
0
0
0
0
0
0
0
0
0
0
0
0
0
0
0
0
2
9
0
0
0
0
0
0
0
0
0
0
0
0
0
0
0
0
0
0
0
5
5
0
0
0
0
0
0
0
0
0
0
0
0
0
0
0
0
0
0
0
2
7
0
0
0
0
0
0
0
0
0
0
0
0
0
0
0
0
0
0
0
3
12
0
0
0
0
0
0
0
0
0
0
0
0
0
0
0
0
0
0
1
4
0
0
0
0
0
0
0
0
0
0
0
0
0
0
0
0
0
0
2
2
5
0
0
0
0
0
0
0
0
0
0
0
0
0
0
0
0
0
0
0
1
8
0
0
0
0
0
0
0
0
0
0
0
0
0
0
0
0
0
0
2
4
4
0
0
0
0
0
0
0
0
0
0
0
0
0
0
0
0
0
0
1
5
0
0
0
0
0
0
0
0
0
0
0
0
0
0
0
0
0
0
0
11
10
0
0
0
0
0
0
0
0
0
0
0
0
0
0
0
0
0
0
1
4
7
0
0
0
0
0
0
0
0
0
0
0
0
0
0
0
0
0
0
2
5
10
0
0
0
0
0
0
0
0
0
0
0
0
0
0
0
0
0
0
3
5
0
0
0
0
0
0
0
0
0
0
0
0
0
0
0
0
0
0
0
3
6
0
0
0
0
0
0
0
0
0
0
0
0
0
0
0
0
0
1
0
7
9
0
0
0
0
0
0
0
0
0
0
0
0
0
0
0
0
0
0
0
5
6
0
0
0
0
0
0
0
0
0
0
0
0
0
0
0
0
0
0
6
0
0
0
0
0
0
0
0
0
0
0
0
0
0
0
0
0
0
0
0
1
7
0
0
0
0
0
0
0
0
0
0
0
0
0
0
0
0
0
0
2
5
5
0
0
0
0
0
0
0
0
0
0
0
0
0
0
0
0
0
0
1
1
11
0
0
0
0
0
0
0
0
0
0
0
0
0
0
0
0
0
0
0
7
0
0
0
0
0
0
0
0
0
0
0
0
0
0
0
0
0
0
0
2
8
0
0
0
0
0
0
0
0
0
0
0
0
0
0
0
0
0
0
2
9
7
0
0
0
0
0
0
0
0
0
0
0
0
0
0
0
0
0
0
0
6
9
0
0
0
0
0
0
0
0
0
0
0
0
0
0
0
0
0
0
2
5
0
0
0
0
0
0
0
0
0
0
0
0
0
0
0
0
0
0
0
1
8
0
0
0
0
0
0
0
0
0
0
0
0
0
0
0
0
0
0
0
3
8
0
0
0
0
0
0
0
0
0
0
0
0
0
0
0
0
0
0
0
6
12
0
0
0
0
0
0
0
0
0
0
0
0
0
0
0
0
0
0
0
3
0
0
0
0
0
0
0
0
0
0
0
0
0
0
0
0
0
0
0
4
10
0
0
0
0
0
0
0
0
0
0
0
0
0
0
0
0
0
0
0
7
10
0
0
0
0
0
0
0
0
0
0
0
0
0
0
0
0
0
0
0
6
9
0
0
0
0
0
0
0
0
0
0
0
0
0
0
0
0
0
0
0
8
0
0
0
0
0
0
0
0
0
0
0
0
0
0
0
0
0
0
0
3
6
0
0
0
0
0
0
0
0
0
0
0
0
0
0
0
0
0
0
0
5
9
0
0
0
0
0
0
0
0
0
0
0
0
0
0
0
0
0
0
3
2
8
0
0
0
0
0
0
0
0
0
0
0
0
0
0
0
0
0
0
0
3
0
0
0
0
0
0
0
0
0
0
0
0
0
0
0
0
0
0
0
2
5
0
0
0
0
0
0
0
0
0
0
0
0
0
0
0
0
0
0
0
2
7
0
0
0
0
0
0
0
0
0
0
0
0
0
0
0
0
0
0
0
7
11
0
0
0
0
0
0
0
0
0
0
0
0
0
0
0
0
0
0
9
4
0
0
0
0
0
0
0
0
0
0
0
0
0
0
0
0
0
0
0
6
7
0
0
0
0
0
0
0
0
0
0
0
0
0
0
0
0
0
0
0
9
6
0
0
0
0
0
0
0
0
0
0
0
0
0
0
0
0
0
0
6
5
9
0
0
0
0
0
0
0
0
0
0
0
0
0
0
0
0
0
0
1
3
0
0
0
0
0
0
0
0
0
0
0
0
0
0
0
0
0
0
0
0
6
0
0
0
0
0
0
0
0
0
0
0
0
0
0
0
0
0
0
1
5
5
0
0
0
0
0
0
0
0
0
0
0
0
0
0
0
0
1
0
2
4
8
0
0
0
0
0
0
0
0
0
0
0
0
0
0
0
0
0
3
0
4
0
0
0
0
0
0
0
0
0
0
0
0
0
0
0
0
0
0
0
3
5
0
0
0
0
0
0
0
0
0
0
0
0
0
0
0
0
0
0
2
8
5
0
0
0
0
0
0
0
0
0
0
0
0
0
0
0
0
0
0
0
2
6
0
0
0
0
0
0
0
0
0
0
0
0
0
0
0
0
0
0
1
6
0
0
0
0
0
0
0
0
0
0
0
0
0
0
0
0
0
0
0
2
5
0
0
0
0
0
0
0
0
0
0
0
0
0
0
0
0
0
0
3
1
8
0
0
0
0
0
0
0
0
0
0
0
0
0
0
0
0
0
0
0
3
5
0
0
0
0
0
0
0
0
0
0
0
0
0
0
0
0
0
0
5
6
0
0
0
0
0
0
0
0
0
0
0
0
0
0
0
0
0
0
0
1
5
0
0
0
0
0
0
0
0
0
0
0
0
0
0
0
0
0
0
0
5
7
0
0
0
0
0
0
0
0
0
0
0
0
0
0
0
0
0
0
4
2
8
0
0
0
0
0
0
0
0
0
0
0
0
0
0
0
0
0
0
4
7
0
0
0
0
0
0
0
0
0
0
0
0
0
0
0
0
0
0
4
6
4
0
0
0
0
0
0
0
0
0
0
0
0
0
0
0
0
0
0
1
2
7
0
0
0
0
0
0
0
0
0
0
0
0
0
0
0
0
0
0
0
4
7
0
0
0
0
0
0
0
0
0
0
0
0
0
0
0
0
0
0
0
9
0
0
0
0
0
0
0
0
0
0
0
0
0
0
0
0
0
0
1
6
9
0
0
0
0
0
0
0
0
0
0
0
0
0
0
0
0
0
1
0
4
9
0
0
0
0
0
0
0
0
0
0
0
0
0
0
0
0
0
0
2
4
9
0
0
0
0
0
0
0
0
0
0
0
0
0
0
0
0
0
0
1
4
0
0
0
0
0
0
0
0
0
0
0
0
0
0
0
0
0
0
0
5
8
0
0
0
0
0
0
0
0
0
0
0
0
0
0
0
0
0
0
0
5
8
0
0
0
0
0
0
0
0
0
0
0
0
0
0
0
0
0
0
2
3
8
0
0
0
0
0
0
0
0
0
0
0
0
0
0
0
0
0
2
4
6
0
0
0
0
0
0
0
0
0
0
0
0
0
0
0
0
0
0
0
1
12
0
0
0
0
0
0
0
0
0
0
0
0
0
0
0
0
0
0
0
7
4
0
0
0
0
0
0
0
0
0
0
0
0
0
0
0
0
0
0
5
2
11
0
0
0
0
0
0
0
0
0
0
0
0
0
0
0
0
0
2
1
4
0
0
0
0
0
0
0
0
0
0
0
0
0
0
0
0
0
0
0
1
9
0
0
0
0
0
0
0
0
0
0
0
0
0
0
0
0
0
3
0
4
11
0
0
0
0
0
0
0
0
0
0
0
0
0
0
0
0
0
0
0
3
8
0
0
0
0
0
0
0
0
0
0
0
0
0
0
0
0
0
0
0
5
0
0
0
0
0
0
0
0
0
0
0
0
0
0
0
0
0
0
0
3
4
0
0
0
0
0
0
0
0
0
0
0
0
0
0
0
0
0
2
0
7
8
0
0
0
0
0
0
0
0
0
0
0
0
0
0
0
0
0
0
4
5
6
0
0
0
0
0
0
0
0
0
0
0
0
0
0
0
0
0
0
0
5
0
0
0
0
0
0
0
0
0
0
0
0
0
0
0
0
0
0
0
2
6
0
0
0
0
0
0
0
0
0
0
0
0
0
0
0
0
0
0
0
0
5
0
0
0
0
0
0
0
0
0
0
0
0
0
0
0
0
0
0
6
3
11
0
0
0
0
0
0
0
0
0
0
0
0
0
0
0
0
0
3
3
7
0
0
0
0
0
0
0
0
0
0
0
0
0
0
0
0
0
0
0
2
4
0
0
0
0
0
0
0
0
0
0
0
0
0
0
0
0
0
0
0
8
6
0
0
0
0
0
0
0
0
0
0
0
0
0
0
0
0
0
0
0
6
9
0
0
0
0
0
0
0
0
0
0
0
0
0
0
0
0
0
0
4
5
0
0
0
0
0
0
0
0
0
0
0
0
0
0
0
0
0
0
0
3
8
0
0
0
0
0
0
0
0
0
0
0
0
0
0
0
0
0
0
0
5
7
0
0
0
0
0
0
0
0
0
0
0
0
0
0
0
0
0
0
1
5
10
0
0
0
0
0
0
0
0
0
0
0
0
0
0
0
0
0
0
3
2
0
0
0
0
0
0
0
0
0
0
0
0
0
0
0
0
0
0
0
4
3
0
0
0
0
0
0
0
0
0
0
0
0
0
0
0
0
0
0
1
5
6
0
0
0
0
0
0
0
0
0
0
0
0
0
0
0
0
0
0
4
5
13
0
0
0
0
0
0
0
0
0
0
0
0
0
0
0
0
0
0
0
4
0
0
0
0
0
0
0
0
0
0
0
0
0
0
0
0
0
0
0
4
7
0
0
0
0
0
0
0
0
0
0
0
0
0
0
0
0
0
0
0
5
10
0
0
0
0
0
0
0
0
0
0
0
0
0
0
0
0
0
0
0
5
7
0
0
0
0
0
0
0
0
0
0
0
0
0
0
0
0
0
0
0
10
0
0
0
0
0
0
0
0
0
0
0
0
0
0
0
0
0
0
0
2
11
0
0
0
0
0
0
0
0
0
0
0
0
0
0
0
0
0
0
0
3
9
0
0
0
0
0
0
0
0
0
0
0
0
0
0
0
0
0
0
2
0
6
0
0
0
0
0
0
0
0
0
0
0
0
0
0
0
0
0
0
3
5
0
0
0
0
0
0
0
0
0
0
0
0
0
0
0
0
0
0
0
3
7
0
0
0
0
0
0
0
0
0
0
0
0
0
0
0
0
0
0
0
1
7
0
0
0
0
0
0
0
0
0
0
0
0
0
0
0
0
0
0
2
3
10
0
0
0
0
0
0
0
0
0
0
0
0
0
0
0
0
0
4
1
4
0
0
0
0
0
0
0
0
0
0
0
0
0
0
0
0
0
0
0
1
4
0
0
0
0
0
0
0
0
0
0
0
0
0
0
0
0
0
0
0
4
8
0
0
0
0
0
0
0
0
0
0
0
0
0
0
0
0
0
1
1
4
8
0
0
0
0
0
0
0
0
0
0
0
0
0
0
0
0
0
0
5
5
0
0
0
0
0
0
0
0
0
0
0
0
0
0
0
0
0
0
6
2
8
0
0
0
0
0
0
0
0
0
0
0
0
0
0
0
0
0
0
0
2
8
0
0
0
0
0
0
0
0
0
0
0
0
0
0
0
0
0
0
2
2
7
0
0
0
0
0
0
0
0
0
0
0
0
0
0
0
0
0
0
1
7
0
0
0
0
0
0
0
0
0
0
0
0
0
0
0
0
0
0
0
4
7
0
0
0
0
0
0
0
0
0
0
0
0
0
0
0
0
0
0
0
3
6
0
0
0
0
0
0
0
0
0
0
0
0
0
0
0
0
0
0
1
5
13
0
0
0
0
0
0
0
0
0
0
0
0
0
0
0
0
0
2
2
9
0
0
0
0
0
0
0
0
0
0
0
0
0
0
0
0
0
0
0
3
9
0
0
0
0
0
0
0
0
0
0
0
0
0
0
0
0
0
0
3
5
12
0
0
0
0
0
0
0
0
0
0
0
0
0
0
0
0
0
0
2
2
9
0
0
0
0
0
0
0
0
0
0
0
0
0
0
0
0
0
0
2
8
0
0
0
0
0
0
0
0
0
0
0
0
0
0
0
0
0
0
2
3
4
0
0
0
0
0
0
0
0
0
0
0
0
0
0
0
0
0
0
1
6
11
0
0
0
0
0
0
0
0
0
0
0
0
0
0
0
0
0
0
2
5
12
0
0
0
0
0
0
0
0
0
0
0
0
0
0
0
0
0
2
0
3
0
0
0
0
0
0
0
0
0
0
0
0
0
0
0
0
0
0
0
0
7
0
0
0
0
0
0
0
0
0
0
0
0
0
0
0
0
0
0
0
6
7
0
0
0
0
0
0
0
0
0
0
0
0
0
0
0
0
0
0
3
3
8
0
0
0
0
0
0
0
0
0
0
0
0
0
0
0
0
0
0
3
3
0
0
0
0
0
0
0
0
0
0
0
0
0
0
0
0
0
0
0
3
6
0
0
0
0
0
0
0
0
0
0
0
0
0
0
0
0
0
0
0
5
7
0
0
0
0
0
0
0
0
0
0
0
0
0
0
0
0
0
0
3
6
9
0
0
0
0
0
0
0
0
0
0
0
0
0
0
0
0
0
0
2
5
0
0
0
0
0
0
0
0
0
0
0
0
0
0
0
0
0
0
1
3
10
0
0
0
0
0
0
0
0
0
0
0
0
0
0
0
0
0
0
0
9
6
0
0
0
0
0
0
0
0
0
0
0
0
0
0
0
0
0
0
2
3
9
0
0
0
0
0
0
0
0
0
0
0
0
0
0
0
0
0
0
2
9
0
0
0
0
0
0
0
0
0
0
0
0
0
0
0
0
0
0
0
4
6
0
0
0
0
0
0
0
0
0
0
0
0
0
0
0
0
0
0
0
5
5
0
0
0
0
0
0
0
0
0
0
0
0
0
0
0
0
0
0
2
6
9
0
0
0
0
0
0
0
0
0
0
0
0
0
0
0
0
0
0
1
5
0
0
0
0
0
0
0
0
0
0
0
0
0
0
0
0
0
2
0
1
5
0
0
0
0
0
0
0
0
0
0
0
0
0
0
0
0
0
0
5
1
5
0
0
0
0
0
0
0
0
0
0
0
0
0
0
0
0
2
0
4
5
9
0
0
0
0
0
0
0
0
0
0
0
0
0
0
0
0
0
0
0
7
0
0
0
0
0
0
0
0
0
0
0
0
0
0
0
0
0
0
0
2
9
0
0
0
0
0
0
0
0
0
0
0
0
0
0
0
0
0
0
2
5
8
0
0
0
0
0
0
0
0
0
0
0
0
0
0
0
0
0
0
0
7
9
0
0
0
0
0
0
0
0
0
0
0
0
0
0
0
0
0
0
2
10
0
0
0
0
0
0
0
0
0
0
0
0
0
0
0
0
0
0
1
1
7
0
0
0
0
0
0
0
0
0
0
0
0
0
0
0
0
0
0
0
4
3
0
0
0
0
0
0
0
0
0
0
0
0
0
0
0
0
0
0
1
6
5
0
0
0
0
0
0
0
0
0
0
0
0
0
0
0
0
0
0
3
3
0
0
0
0
0
0
0
0
0
0
0
0
0
0
0
0
0
0
0
7
5
0
0
0
0
0
0
0
0
0
0
0
0
0
0
0
0
0
0
1
7
9
0
0
0
0
0
0
0
0
0
0
0
0
0
0
0
0
0
0
1
6
12
0
0
0
0
0
0
0
0
0
0
0
0
0
0
0
0
0
2
4
11
0
0
0
0
0
0
0
0
0
0
0
0
0
0
0
0
0
0
0
2
7
0
0
0
0
0
0
0
0
0
0
0
0
0
0
0
0
0
0
3
5
6
0
0
0
0
0
0
0
0
0
0
0
0
0
0
0
0
0
0
2
4
11
0
0
0
0
0
0
0
0
0
0
0
0
0
0
0
0
0
0
0
8
0
0
0
0
0
0
0
0
0
0
0
0
0
0
0
0
0
0
0
5
10
0
0
0
0
0
0
0
0
0
0
0
0
0
0
0
0
0
0
6
0
4
0
0
0
0
0
0
0
0
0
0
0
0
0
0
0
0
0
0
3
6
12
0
0
0
0
0
0
0
0
0
0
0
0
0
0
0
0
0
0
4
5
0
0
0
0
0
0
0
0
0
0
0
0
0
0
0
0
0
0
1
5
9
0
0
0
0
0
0
0
0
0
0
0
0
0
0
0
0
0
0
3
3
6
0
0
0
0
0
0
0
0
0
0
0
0
0
0
0
0
0
0
6
4
9
0
0
0
0
0
0
0
0
0
0
0
0
0
0
0
0
0
0
5
13
0
0
0
0
0
0
0
0
0
0
0
0
0
0
0
0
0
0
0
2
3
0
0
0
0
0
0
0
0
0
0
0
0
0
0
0
0
0
0
6
4
10
0
0
0
0
0
0
0
0
0
0
0
0
0
0
0
0
0
0
1
5
10
0
0
0
0
0
0
0
0
0
0
0
0
0
0
0
0
0
0
2
7
0
0
0
0
0
0
0
0
0
0
0
0
0
0
0
0
0
0
0
2
8
0
0
0
0
0
0
0
0
0
0
0
0
0
0
0
0
0
0
0
5
10
0
0
0
0
0
0
0
0
0
0
0
0
0
0
0
0
0
0
4
6
12
0
0
0
0
0
0
0
0
0
0
0
0
0
0
0
0
0
0
0
2
0
0
0
0
0
0
0
0
0
0
0
0
0
0
0
0
0
0
0
6
8
0
0
0
0
0
0
0
0
0
0
0
0
0
0
0
0
0
0
0
3
4
0
0
0
0
0
0
0
0
0
0
0
0
0
0
0
0
0
0
1
5
9
0
0
0
0
0
0
0
0
0
0
0
0
0
0
0
0
0
0
0
6
0
0
0
0
0
0
0
0
0
0
0
0
0
0
0
0
0
0
0
0
5
0
0
0
0
0
0
0
0
0
0
0
0
0
0
0
0
0
0
3
3
10
0
0
0
0
0
0
0
0
0
0
0
0
0
0
0
0
0
0
1
3
13
0
0
0
0
0
0
0
0
0
0
0
0
0
0
0
0
0
0
0
4
0
0
0
0
0
0
0
0
0
0
0
0
0
0
0
0
0
0
0
4
12
0
0
0
0
0
0
0
0
0
0
0
0
0
0
0
0
0
0
0
3
6
0
0
0
0
0
0
0
0
0
0
0
0
0
0
0
0
0
0
1
9
8
0
0
0
0
0
0
0
0
0
0
0
0
0
0
0
0
0
0
2
4
0
0
0
0
0
0
0
0
0
0
0
0
0
0
0
0
0
0
0
6
8
0
0
0
0
0
0
0
0
0
0
0
0
0
0
0
0
2
0
6
1
10
0
0
0
0
0
0
0
0
0
0
0
0
0
0
0
0
0
0
0
7
9
0
0
0
0
0
0
0
0
0
0
0
0
0
0
0
0
0
0
0
8
0
0
0
0
0
0
0
0
0
0
0
0
0
0
0
0
0
0
0
3
8
0
0
0
0
0
0
0
0
0
0
0
0
0
0
0
0
0
0
5
4
9
0
0
0
0
0
0
0
0
0
0
0
0
0
0
0
0
0
0
0
7
9
0
0
0
0
0
0
0
0
0
0
0
0
0
0
0
0
0
0
1
6
0
0
0
0
0
0
0
0
0
0
0
0
0
0
0
0
0
0
0
3
6
0
0
0
0
0
0
0
0
0
0
0
0
0
0
0
0
0
0
0
1
6
0
0
0
0
0
0
0
0
0
0
0
0
0
0
0
0
0
0
0
6
7
0
0
0
0
0
0
0
0
0
0
0
0
0
0
0
0
0
0
0
10
0
0
0
0
0
0
0
0
0
0
0
0
0
0
0
0
0
0
0
3
3
0
0
0
0
0
0
0
0
0
0
0
0
0
0
0
0
0
0
5
4
6
0
0
0
0
0
0
0
0
0
0
0
0
0
0
0
0
0
1
1
5
6
0
0
0
0
0
0
0
0
0
0
0
0
0
0
0
0
0
0
4
3
0
0
0
0
0
0
0
0
0
0
0
0
0
0
0
0
0
0
0
3
7
0
0
0
0
0
0
0
0
0
0
0
0
0
0
0
0
0
0
0
1
6
0
0
0
0
0
0
0
0
0
0
0
0
0
0
0
0
0
0
0
3
8
0
0
0
0
0
0
0
0
0
0
0
0
0
0
0
0
0
0
0
7
0
0
0
0
0
0
0
0
0
0
0
0
0
0
0
0
0
0
0
5
10
0
0
0
0
0
0
0
0
0
0
0
0
0
0
0
0
0
0
2
2
8
0
0
0
0
0
0
0
0
0
0
0
0
0
0
0
0
0
0
0
4
7
0
0
0
0
0
0
0
0
0
0
0
0
0
0
0
0
0
0
2
4
0
0
0
0
0
0
0
0
0
0
0
0
0
0
0
0
0
0
0
1
7
0
0
0
0
0
0
0
0
0
0
0
0
0
0
0
0
0
0
0
2
7
0
0
0
0
0
0
0
0
0
0
0
0
0
0
0
0
0
0
0
2
7
0
0
0
0
0
0
0
0
0
0
0
0
0
0
0
0
0
0
0
6
0
0
0
0
0
0
0
0
0
0
0
0
0
0
0
0
0
0
0
7
5
0
0
0
0
0
0
0
0
0
0
0
0
0
0
0
0
0
0
0
2
8
0
0
0
0
0
0
0
0
0
0
0
0
0
0
0
0
0
0
1
2
12
0
0
0
0
0
0
0
0
0
0
0
0
0
0
0
0
0
0
1
7
0
0
0
0
0
0
0
0
0
0
0
0
0
0
0
0
0
0
0
1
9
0
0
0
0
0
0
0
0
0
0
0
0
0
0
0
0
0
0
0
6
7
0
0
0
0
0
0
0
0
0
0
0
0
0
0
0
0
0
0
1
4
10
0
0
0
0
0
0
0
0
0
0
0
0
0
0
0
0
0
0
0
1
0
0
0
0
0
0
0
0
0
0
0
0
0
0
0
0
0
0
0
0
3
0
0
0
0
0
0
0
0
0
0
0
0
0
0
0
0
0
0
0
2
10
0
0
0
0
0
0
0
0
0
0
0
0
0
0
0
0
0
0
0
5
5
0
0
0
0
0
0
0
0
0
0
0
0
0
0
0
0
0
0
5
4
0
0
0
0
0
0
0
0
0
0
0
0
0
0
0
0
0
0
1
3
8
0
0
0
0
0
0
0
0
0
0
0
0
0
0
0
0
0
0
0
0
7
0
0
0
0
0
0
0
0
0
0
0
0
0
0
0
0
0
0
1
5
14
0
0
0
0
0
0
0
0
0
0
0
0
0
0
0
0
0
0
1
6
0
0
0
0
0
0
0
0
0
0
0
0
0
0
0
0
0
0
3
3
8
0
0
0
0
0
0
0
0
0
0
0
0
0
0
0
0
0
0
2
6
5
0
0
0
0
0
0
0
0
0
0
0
0
0
0
0
0
0
0
0
2
11
0
0
0
0
0
0
0
0
0
0
0
0
0
0
0
0
0
0
7
3
0
0
0
0
0
0
0
0
0
0
0
0
0
0
0
0
0
0
3
4
0
0
0
0
0
0
0
0
0
0
0
0
0
0
0
0
0
0
0
2
0
3
0
0
0
0
0
0
0
0
0
0
0
0
0
0
0
0
0
0
0
7
7
0
0
0
0
0
0
0
0
0
0
0
0
0
0
0
0
0
0
0
9
0
0
0
0
0
0
0
0
0
0
0
0
0
0
0
0
0
0
0
4
7
0
0
0
0
0
0
0
0
0
0
0
0
0
0
0
0
0
0
0
4
6
0
0
0
0
0
0
0
0
0
0
0
0
0
0
0
0
0
0
0
7
7
0
0
0
0
0
0
0
0
0
0
0
0
0
0
0
0
0
0
0
6
0
0
0
0
0
0
0
0
0
0
0
0
0
0
0
0
0
0
2
3
7
0
0
0
0
0
0
0
0
0
0
0
0
0
0
0
0
0
0
0
1
10
0
0
0
0
0
0
0
0
0
0
0
0
0
0
0
0
0
0
2
7
8
0
0
0
0
0
0
0
0
0
0
0
0
0
0
0
0
0
0
0
6
0
0
0
0
0
0
0
0
0
0
0
0
0
0
0
0
0
0
0
1
10
0
0
0
0
0
0
0
0
0
0
0
0
0
0
0
0
0
0
0
2
6
0
0
0
0
0
0
0
0
0
0
0
0
0
0
0
0
0
0
0
5
9
0
0
0
0
0
0
0
0
0
0
0
0
0
0
0
0
0
3
3
6
0
0
0
0
0
0
0
0
0
0
0
0
0
0
0
0
0
0
0
1
9
0
0
0
0
0
0
0
0
0
0
0
0
0
0
0
0
0
0
0
2
7
0
0
0
0
0
0
0
0
0
0
0
0
0
0
0
0
0
0
2
9
5
0
0
0
0
0
0
0
0
0
0
0
0
0
0
0
0
0
0
2
3
0
0
0
0
0
0
0
0
0
0
0
0
0
0
0
0
0
0
0
4
7
0
0
0
0
0
0
0
0
0
0
0
0
0
0
0
0
0
0
2
2
7
0
0
0
0
0
0
0
0
0
0
0
0
0
0
0
0
0
0
2
2
11
0
0
0
0
0
0
0
0
0
0
0
0
0
0
0
0
0
0
1
8
0
0
0
0
0
0
0
0
0
0
0
0
0
0
0
0
0
0
3
5
12
0
0
0
0
0
0
0
0
0
0
0
0
0
0
0
0
0
0
4
4
9
0
0
0
0
0
0
0
0
0
0
0
0
0
0
0
0
0
0
1
6
9
0
0
0
0
0
0
0
0
0
0
0
0
0
0
0
0
0
0
0
2
0
0
0
0
0
0
0
0
0
0
0
0
0
0
0
0
0
0
0
5
6
0
0
0
0
0
0
0
0
0
0
0
0
0
0
0
0
0
0
3
2
8
0
0
0
0
0
0
0
0
0
0
0
0
0
0
0
0
0
0
0
4
12
0
0
0
0
0
0
0
0
0
0
0
0
0
0
0
0
0
0
0
11
0
0
0
0
0
0
0
0
0
0
0
0
0
0
0
0
0
0
0
1
8
0
0
0
0
0
0
0
0
0
0
0
0
0
0
0
0
0
1
1
4
5
0
0
0
0
0
0
0
0
0
0
0
0
0
0
0
0
0
1
0
7
6
0
0
0
0
0
0
0
0
0
0
0
0
0
0
0
0
0
1
8
4
0
0
0
0
0
0
0
0
0
0
0
0
0
0
0
0
0
0
0
1
5
0
0
0
0
0
0
0
0
0
0
0
0
0
0
0
0
0
0
0
2
6
0
0
0
0
0
0
0
0
0
0
0
0
0
0
0
0
0
0
1
2
7
0
0
0
0
0
0
0
0
0
0
0
0
0
0
0
0
0
0
3
4
0
0
0
0
0
0
0
0
0
0
0
0
0
0
0
0
0
0
0
5
5
0
0
0
0
0
0
0
0
0
0
0
0
0
0
0
0
0
0
2
2
8
0
0
0
0
0
0
0
0
0
0
0
0
0
0
0
0
0
0
2
5
6
0
0
0
0
0
0
0
0
0
0
0
0
0
0
0
0
0
0
0
9
0
0
0
0
0
0
0
0
0
0
0
0
0
0
0
0
0
0
4
0
13
0
0
0
0
0
0
0
0
0
0
0
0
0
0
0
0
0
0
0
3
9
0
0
0
0
0
0
0
0
0
0
0
0
0
0
0
0
0
0
0
9
12
0
0
0
0
0
0
0
0
0
0
0
0
0
0
0
0
0
0
7
6
0
0
0
0
0
0
0
0
0
0
0
0
0
0
0
0
0
0
0
3
4
0
0
0
0
0
0
0
0
0
0
0
0
0
0
0
0
0
0
3
1
6
0
0
0
0
0
0
0
0
0
0
0
0
0
0
0
0
0
0
1
7
11
0
0
0
0
0
0
0
0
0
0
0
0
0
0
0
0
0
0
1
9
0
0
0
0
0
0
0
0
0
0
0
0
0
0
0
0
0
0
0
5
4
0
0
0
0
0
0
0
0
0
0
0
0
0
0
0
0
0
0
0
5
11
0
0
0
0
0
0
0
0
0
0
0
0
0
0
0
0
0
0
2
2
8
0
0
0
0
0
0
0
0
0
0
0
0
0
0
0
0
0
2
0
9
0
0
0
0
0
0
0
0
0
0
0
0
0
0
0
0
0
0
0
1
9
0
0
0
0
0
0
0
0
0
0
0
0
0
0
0
0
0
0
0
3
8
0
0
0
0
0
0
0
0
0
0
0
0
0
0
0
0
0
0
0
6
7
0
0
0
0
0
0
0
0
0
0
0
0
0
0
0
0
0
0
2
5
0
0
0
0
0
0
0
0
0
0
0
0
0
0
0
0
0
0
0
0
11
0
0
0
0
0
0
0
0
0
0
0
0
0
0
0
0
0
0
0
8
6
0
0
0
0
0
0
0
0
0
0
0
0
0
0
0
0
0
0
2
3
12
0
0
0
0
0
0
0
0
0
0
0
0
0
0
0
0
0
0
3
3
0
0
0
0
0
0
0
0
0
0
0
0
0
0
0
0
0
0
0
0
5
0
0
0
0
0
0
0
0
0
0
0
0
0
0
0
0
0
0
3
4
10
0
0
0
0
0
0
0
0
0
0
0
0
0
0
0
0
0
0
3
5
13
0
0
0
0
0
0
0
0
0
0
0
0
0
0
0
0
0
1
5
7
0
0
0
0
0
0
0
0
0
0
0
0
0
0
0
0
0
0
0
5
9
0
0
0
0
0
0
0
0
0
0
0
0
0
0
0
0
0
0
0
0
5
0
0
0
0
0
0
0
0
0
0
0
0
0
0
0
0
0
0
1
6
8
0
0
0
0
0
0
0
0
0
0
0
0
0
0
0
0
0
0
0
5
0
0
0
0
0
0
0
0
0
0
0
0
0
0
0
0
0
0
0
0
14
0
0
0
0
0
0
0
0
0
0
0
0
0
0
0
0
0
0
0
7
8
0
0
0
0
0
0
0
0
0
0
0
0
0
0
0
0
0
0
7
8
9
0
0
0
0
0
0
0
0
0
0
0
0
0
0
0
0
0
0
0
7
0
0
0
0
0
0
0
0
0
0
0
0
0
0
0
0
0
0
0
3
9
0
0
0
0
0
0
0
0
0
0
0
0
0
0
0
0
0
0
0
6
11
0
0
0
0
0
0
0
0
0
0
0
0
0
0
0
0
0
0
3
2
8
0
0
0
0
0
0
0
0
0
0
0
0
0
0
0
0
0
0
3
6
0
0
0
0
0
0
0
0
0
0
0
0
0
0
0
0
0
0
2
2
10
0
0
0
0
0
0
0
0
0
0
0
0
0
0
0
0
0
0
0
2
8
0
0
0
0
0
0
0
0
0
0
0
0
0
0
0
0
0
0
0
5
6
0
0
0
0
0
0
0
0
0
0
0
0
0
0
0
0
0
0
3
9
0
0
0
0
0
0
0
0
0
0
0
0
0
0
0
0
0
0
0
2
5
0
0
0
0
0
0
0
0
0
0
0
0
0
0
0
0
0
0
0
4
8
0
0
0
0
0
0
0
0
0
0
0
0
0
0
0
0
0
0
3
0
6
0
0
0
0
0
0
0
0
0
0
0
0
0
0
0
0
0
0
0
12
0
0
0
0
0
0
0
0
0
0
0
0
0
0
0
0
0
0
0
1
2
0
0
0
0
0
0
0
0
0
0
0
0
0
0
0
0
0
0
0
2
6
0
0
0
0
0
0
0
0
0
0
0
0
0
0
0
0
0
0
0
4
10
0
0
0
0
0
0
0
0
0
0
0
0
0
0
0
0
0
0
1
8
0
0
0
0
0
0
0
0
0
0
0
0
0
0
0
0
0
0
1
2
9
0
0
0
0
0
0
0
0
0
0
0
0
0
0
0
0
0
0
0
1
3
0
0
0
0
0
0
0
0
0
0
0
0
0
0
0
0
0
0
0
4
10
0
0
0
0
0
0
0
0
0
0
0
0
0
0
0
0
0
0
4
6
0
0
0
0
0
0
0
0
0
0
0
0
0
0
0
0
0
0
0
3
6
0
0
0
0
0
0
0
0
0
0
0
0
0
0
0
0
0
0
1
3
7
0
0
0
0
0
0
0
0
0
0
0
0
0
0
0
0
0
0
3
4
7
0
0
0
0
0
0
0
0
0
0
0
0
0
0
0
0
0
0
4
6
0
0
0
0
0
0
0
0
0
0
0
0
0
0
0
0
0
0
0
5
11
0
0
0
0
0
0
0
0
0
0
0
0
0
0
0
0
0
0
0
3
4
0
0
0
0
0
0
0
0
0
0
0
0
0
0
0
0
0
0
3
1
0
0
0
0
0
0
0
0
0
0
0
0
0
0
0
0
0
0
0
3
3
0
0
0
0
0
0
0
0
0
0
0
0
0
0
0
0
0
0
0
4
6
0
0
0
0
0
0
0
0
0
0
0
0
0
0
0
0
0
0
1
1
9
0
0
0
0
0
0
0
0
0
0
0
0
0
0
0
0
0
0
0
7
14
0
0
0
0
0
0
0
0
0
0
0
0
0
0
0
0
0
0
1
5
0
0
0
0
0
0
0
0
0
0
0
0
0
0
0
0
0
0
0
4
10
0
0
0
0
0
0
0
0
0
0
0
0
0
0
0
0
0
0
2
5
12
0
0
0
0
0
0
0
0
0
0
0
0
0
0
0
0
0
0
0
2
9
0
0
0
0
0
0
0
0
0
0
0
0
0
0
0
0
0
0
0
5
0
0
0
0
0
0
0
0
0
0
0
0
0
0
0
0
0
2
2
3
10
0
0
0
0
0
0
0
0
0
0
0
0
0
0
0
0
0
0
4
6
9
0
0
0
0
0
0
0
0
0
0
0
0
0
0
0
0
0
0
1
5
6
0
0
0
0
0
0
0
0
0
0
0
0
0
0
0
0
0
0
0
8
0
0
0
0
0
0
0
0
0
0
0
0
0
0
0
0
0
0
0
6
3
0
0
0
0
0
0
0
0
0
0
0
0
0
0
0
0
0
0
1
4
7
0
0
0
0
0
0
0
0
0
0
0
0
0
0
0
0
0
0
0
5
8
0
0
0
0
0
0
0
0
0
0
0
0
0
0
0
0
0
0
4
3
0
0
0
0
0
0
0
0
0
0
0
0
0
0
0
0
0
0
0
0
5
0
0
0
0
0
0
0
0
0
0
0
0
0
0
0
0
0
0
2
7
7
0
0
0
0
0
0
0
0
0
0
0
0
0
0
0
0
0
0
0
6
9
0
0
0
0
0
0
0
0
0
0
0
0
0
0
0
0
0
4
3
11
0
0
0
0
0
0
0
0
0
0
0
0
0
0
0
0
0
0
0
0
8
0
0
0
0
0
0
0
0
0
0
0
0
0
0
0
0
0
0
1
5
6
0
0
0
0
0
0
0
0
0
0
0
0
0
0
0
0
0
0
3
6
9
0
0
0
0
0
0
0
0
0
0
0
0
0
0
0
0
0
0
3
4
0
0
0
0
0
0
0
0
0
0
0
0
0
0
0
0
0
0
0
4
3
0
0
0
0
0
0
0
0
0
0
0
0
0
0
0
0
0
0
1
2
8
0
0
0
0
0
0
0
0
0
0
0
0
0
0
0
0
0
0
3
4
8
0
0
0
0
0
0
0
0
0
0
0
0
0
0
0
0
0
0
1
7
0
0
0
0
0
0
0
0
0
0
0
0
0
0
0
0
0
0
0
5
9
0
0
0
0
0
0
0
0
0
0
0
0
0
0
0
0
0
0
0
4
9
0
0
0
0
0
0
0
0
0
0
0
0
0
0
0
0
0
0
0
2
5
0
0
0
0
0
0
0
0
0
0
0
0
0
0
0
0
0
1
0
2
0
0
0
0
0
0
0
0
0
0
0
0
0
0
0
0
0
0
0
2
14
0
0
0
0
0
0
0
0
0
0
0
0
0
0
0
0
0
0
0
3
10
0
0
0
0
0
0
0
0
0
0
0
0
0
0
0
0
0
0
1
7
9
0
0
0
0
0
0
0
0
0
0
0
0
0
0
0
0
0
0
6
8
0
0
0
0
0
0
0
0
0
0
0
0
0
0
0
0
0
0
0
2
4
0
0
0
0
0
0
0
0
0
0
0
0
0
0
0
0
0
0
0
5
9
0
0
0
0
0
0
0
0
0
0
0
0
0
0
0
0
0
0
1
6
9
0
0
0
0
0
0
0
0
0
0
0
0
0
0
0
0
0
0
0
9
0
0
0
0
0
0
0
0
0
0
0
0
0
0
0
0
0
0
0
4
6
0
0
0
0
0
0
0
0
0
0
0
0
0
0
0
0
0
0
0
2
5
0
0
0
0
0
0
0
0
0
0
0
0
0
0
0
0
0
0
1
6
8
0
0
0
0
0
0
0
0
0
0
0
0
0
0
0
0
0
0
1
5
0
0
0
0
0
0
0
0
0
0
0
0
0
0
0
0
0
0
3
2
6
0
0
0
0
0
0
0
0
0
0
0
0
0
0
0
0
0
0
0
2
5
0
0
0
0
0
0
0
0
0
0
0
0
0
0
0
0
0
0
0
6
7
0
0
0
0
0
0
0
0
0
0
0
0
0
0
0
0
0
1
2
4
0
0
0
0
0
0
0
0
0
0
0
0
0
0
0
0
0
0
0
1
6
0
0
0
0
0
0
0
0
0
0
0
0
0
0
0
0
0
0
1
8
9
0
0
0
0
0
0
0
0
0
0
0
0
0
0
0
0
0
0
8
0
8
0
0
0
0
0
0
0
0
0
0
0
0
0
0
0
0
0
0
4
6
0
0
0
0
0
0
0
0
0
0
0
0
0
0
0
0
0
0
0
2
7
0
0
0
0
0
0
0
0
0
0
0
0
0
0
0
0
0
0
2
9
7
0
0
0
0
0
0
0
0
0
0
0
0
0
0
0
0
0
0
0
4
7
0
0
0
0
0
0
0
0
0
0
0
0
0
0
0
0
0
0
4
7
0
0
0
0
0
0
0
0
0
0
0
0
0
0
0
0
0
0
0
2
8
0
0
0
0
0
0
0
0
0
0
0
0
0
0
0
0
0
0
2
5
4
0
0
0
0
0
0
0
0
0
0
0
0
0
0
0
0
0
0
3
11
10
0
0
0
0
0
0
0
0
0
0
0
0
0
0
0
0
0
0
6
9
0
0
0
0
0
0
0
0
0
0
0
0
0
0
0
0
0
0
0
2
4
0
0
0
0
0
0
0
0
0
0
0
0
0
0
0
0
0
0
0
1
5
0
0
0
0
0
0
0
0
0
0
0
0
0
0
0
0
0
0
0
8
13
0
0
0
0
0
0
0
0
0
0
0
0
0
0
0
0
0
0
0
7
0
0
0
0
0
0
0
0
0
0
0
0
0
0
0
0
0
0
3
0
5
0
0
0
0
0
0
0
0
0
0
0
0
0
0
0
0
0
0
1
5
7
0
0
0
0
0
0
0
0
0
0
0
0
0
0
0
0
0
0
2
6
10
0
0
0
0
0
0
0
0
0
0
0
0
0
0
0
0
0
0
0
4
0
0
0
0
0
0
0
0
0
0
0
0
0
0
0
0
0
0
4
1
6
0
0
0
0
0
0
0
0
0
0
0
0
0
0
0
0
0
0
0
5
5
0
0
0
0
0
0
0
0
0
0
0
0
0
0
0
0
0
0
2
2
8
0
0
0
0
0
0
0
0
0
0
0
0
0
0
0
0
0
2
0
6
0
0
0
0
0
0
0
0
0
0
0
0
0
0
0
0
0
0
0
1
8
0
0
0
0
0
0
0
0
0
0
0
0
0
0
0
0
0
0
0
0
9
0
0
0
0
0
0
0
0
0
0
0
0
0
0
0
0
0
0
0
4
8
0
0
0
0
0
0
0
0
0
0
0
0
0
0
0
0
0
0
1
6
0
0
0
0
0
0
0
0
0
0
0
0
0
0
0
0
0
0
2
3
9
0
0
0
0
0
0
0
0
0
0
0
0
0
0
0
0
0
0
1
3
8
0
0
0
0
0
0
0
0
0
0
0
0
0
0
0
0
0
0
0
6
11
0
0
0
0
0
0
0
0
0
0
0
0
0
0
0
0
0
0
2
5
0
0
0
0
0
0
0
0
0
0
0
0
0
0
0
0
0
0
0
6
10
0
0
0
0
0
0
0
0
0
0
0
0
0
0
0
0
0
0
0
2
14
0
0
0
0
0
0
0
0
0
0
0
0
0
0
0
0
0
0
0
6
10
0
0
0
0
0
0
0
0
0
0
0
0
0
0
0
0
0
0
3
2
0
0
0
0
0
0
0
0
0
0
0
0
0
0
0
0
0
0
0
1
10
0
0
0
0
0
0
0
0
0
0
0
0
0
0
0
0
0
0
0
3
6
0
0
0
0
0
0
0
0
0
0
0
0
0
0
0
0
0
0
0
3
11
0
0
0
0
0
0
0
0
0
0
0
0
0
0
0
0
0
1
3
8
0
0
0
0
0
0
0
0
0
0
0
0
0
0
0
0
0
0
0
5
4
0
0
0
0
0
0
0
0
0
0
0
0
0
0
0
0
0
0
0
7
4
0
0
0
0
0
0
0
0
0
0
0
0
0
0
0
0
0
0
1
3
10
0
0
0
0
0
0
0
0
0
0
0
0
0
0
0
0
0
0
0
3
0
0
0
0
0
0
0
0
0
0
0
0
0
0
0
0
0
0
0
0
5
0
0
0
0
0
0
0
0
0
0
0
0
0
0
0
0
0
0
0
2
9
0
0
0
0
0
0
0
0
0
0
0
0
0
0
0
0
0
0
1
5
6
0
0
0
0
0
0
0
0
0
0
0
0
0
0
0
0
0
0
4
9
0
0
0
0
0
0
0
0
0
0
0
0
0
0
0
0
0
0
0
3
7
0
0
0
0
0
0
0
0
0
0
0
0
0
0
0
0
0
0
0
4
10
0
0
0
0
0
0
0
0
0
0
0
0
0
0
0
0
0
0
1
7
8
0
0
0
0
0
0
0
0
0
0
0
0
0
0
0
0
0
0
4
4
0
0
0
0
0
0
0
0
0
0
0
0
0
0
0
0
0
0
0
2
11
0
0
0
0
0
0
0
0
0
0
0
0
0
0
0
0
0
0
0
3
7
0
0
0
0
0
0
0
0
0
0
0
0
0
0
0
0
0
0
0
3
6
0
0
0
0
0
0
0
0
0
0
0
0
0
0
0
0
2
0
6
11
0
0
0
0
0
0
0
0
0
0
0
0
0
0
0
0
0
0
0
1
8
0
0
0
0
0
0
0
0
0
0
0
0
0
0
0
0
0
0
0
4
11
0
0
0
0
0
0
0
0
0
0
0
0
0
0
0
0
0
0
0
2
6
0
0
0
0
0
0
0
0
0
0
0
0
0
0
0
0
0
1
4
9
0
0
0
0
0
0
0
0
0
0
0
0
0
0
0
0
0
0
3
1
6
0
0
0
0
0
0
0
0
0
0
0
0
0
0
0
0
0
0
0
7
4
0
0
0
0
0
0
0
0
0
0
0
0
0
0
0
0
0
0
3
1
5
0
0
0
0
0
0
0
0
0
0
0
0
0
0
0
0
0
0
4
4
0
0
0
0
0
0
0
0
0
0
0
0
0
0
0
0
0
0
0
2
4
0
0
0
0
0
0
0
0
0
0
0
0
0
0
0
0
0
0
0
6
10
0
0
0
0
0
0
0
0
0
0
0
0
0
0
0
0
0
0
0
9
11
0
0
0
0
0
0
0
0
0
0
0
0
0
0
0
0
0
0
1
5
0
0
0
0
0
0
0
0
0
0
0
0
0
0
0
0
0
0
0
0
4
0
0
0
0
0
0
0
0
0
0
0
0
0
0
0
0
0
0
3
5
8
0
0
0
0
0
0
0
0
0
0
0
0
0
0
0
0
0
0
4
9
9
0
0
0
0
0
0
0
0
0
0
0
0
0
0
0
0
0
0
0
4
0
0
0
0
0
0
0
0
0
0
0
0
0
0
0
0
0
0
0
4
10
0
0
0
0
0
0
0
0
0
0
0
0
0
0
0
0
0
0
0
2
6
0
0
0
0
0
0
0
0
0
0
0
0
0
0
0
0
0
0
7
4
11
0
0
0
0
0
0
0
0
0
0
0
0
0
0
0
0
0
0
1
7
0
0
0
0
0
0
0
0
0
0
0
0
0
0
0
0
0
0
1
3
9
0
0
0
0
0
0
0
0
0
0
0
0
0
0
0
0
0
0
8
0
7
0
0
0
0
0
0
0
0
0
0
0
0
0
0
0
0
0
0
4
4
12
0
0
0
0
0
0
0
0
0
0
0
0
0
0
0
0
0
0
2
3
0
0
0
0
0
0
0
0
0
0
0
0
0
0
0
0
0
0
0
7
4
0
0
0
0
0
0
0
0
0
0
0
0
0
0
0
0
0
0
0
5
16
0
0
0
0
0
0
0
0
0
0
0
0
0
0
0
0
0
0
0
3
6
0
0
0
0
0
0
0
0
0
0
0
0
0
0
0
0
0
0
2
5
0
0
0
0
0
0
0
0
0
0
0
0
0
0
0
0
0
0
0
7
10
0
0
0
0
0
0
0
0
0
0
0
0
0
0
0
0
0
0
2
7
13
0
0
0
0
0
0
0
0
0
0
0
0
0
0
0
0
0
0
0
1
4
0
0
0
0
0
0
0
0
0
0
0
0
0
0
0
0
0
0
0
6
0
0
0
0
0
0
0
0
0
0
0
0
0
0
0
0
0
0
0
0
5
0
0
0
0
0
0
0
0
0
0
0
0
0
0
0
0
0
0
0
5
8
0
0
0
0
0
0
0
0
0
0
0
0
0
0
0
0
0
0
0
4
6
0
0
0
0
0
0
0
0
0
0
0
0
0
0
0
0
0
0
0
5
0
0
0
0
0
0
0
0
0
0
0
0
0
0
0
0
0
0
0
3
7
0
0
0
0
0
0
0
0
0
0
0
0
0
0
0
0
0
0
0
6
11
0
0
0
0
0
0
0
0
0
0
0
0
0
0
0
0
0
0
0
6
12
0
0
0
0
0
0
0
0
0
0
0
0
0
0
0
0
0
0
5
5
0
0
0
0
0
0
0
0
0
0
0
0
0
0
0
0
0
0
3
3
6
0
0
0
0
0
0
0
0
0
0
0
0
0
0
0
0
0
0
1
3
9
0
0
0
0
0
0
0
0
0
0
0
0
0
0
0
0
0
0
3
5
10
0
0
0
0
0
0
0
0
0
0
0
0
0
0
0
0
0
0
3
5
0
0
0
0
0
0
0
0
0
0
0
0
0
0
0
0
0
0
0
6
3
0
0
0
0
0
0
0
0
0
0
0
0
0
0
0
0
0
0
0
6
5
0
0
0
0
0
0
0
0
0
0
0
0
0
0
0
0
0
0
0
6
11
0
0
0
0
0
0
0
0
0
0
0
0
0
0
0
0
0
0
4
6
0
0
0
0
0
0
0
0
0
0
0
0
0
0
0
0
0
0
0
4
8
0
0
0
0
0
0
0
0
0
0
0
0
0
0
0
0
0
0
0
7
9
0
0
0
0
0
0
0
0
0
0
0
0
0
0
0
0
0
0
0
6
6
0
0
0
0
0
0
0
0
0
0
0
0
0
0
0
0
0
0
4
6
0
0
0
0
0
0
0
0
0
0
0
0
0
0
0
0
0
0
0
8
3
0
0
0
0
0
0
0
0
0
0
0
0
0
0
0
0
0
0
1
4
8
0
0
0
0
0
0
0
0
0
0
0
0
0
0
0
0
0
0
0
1
8
0
0
0
0
0
0
0
0
0
0
0
0
0
0
0
0
0
0
2
5
0
0
0
0
0
0
0
0
0
0
0
0
0
0
0
0
0
0
2
1
5
0
0
0
0
0
0
0
0
0
0
0
0
0
0
0
0
0
2
0
5
10
0
0
0
0
0
0
0
0
0
0
0
0
0
0
0
0
0
0
0
4
5
0
0
0
0
0
0
0
0
0
0
0
0
0
0
0
0
0
0
0
8
0
0
0
0
0
0
0
0
0
0
0
0
0
0
0
0
0
0
3
1
5
0
0
0
0
0
0
0
0
0
0
0
0
0
0
0
0
0
0
0
2
3
0
0
0
0
0
0
0
0
0
0
0
0
0
0
0
0
0
0
2
2
7
0
0
0
0
0
0
0
0
0
0
0
0
0
0
0
0
0
1
4
2
0
0
0
0
0
0
0
0
0
0
0
0
0
0
0
0
0
0
0
6
7
0
0
0
0
0
0
0
0
0
0
0
0
0
0
0
0
0
0
3
1
11
0
0
0
0
0
0
0
0
0
0
0
0
0
0
0
0
0
0
0
4
12
0
0
0
0
0
0
0
0
0
0
0
0
0
0
0
0
0
0
0
4
0
0
0
0
0
0
0
0
0
0
0
0
0
0
0
0
0
0
0
5
6
0
0
0
0
0
0
0
0
0
0
0
0
0
0
0
0
0
0
2
5
10
0
0
0
0
0
0
0
0
0
0
0
0
0
0
0
0
0
0
0
7
9
0
0
0
0
0
0
0
0
0
0
0
0
0
0
0
0
0
0
3
5
0
0
0
0
0
0
0
0
0
0
0
0
0
0
0
0
0
0
1
1
6
0
0
0
0
0
0
0
0
0
0
0
0
0
0
0
0
0
0
0
6
7
0
0
0
0
0
0
0
0
0
0
0
0
0
0
0
0
0
0
1
5
11
0
0
0
0
0
0
0
0
0
0
0
0
0
0
0
0
0
0
1
5
0
0
0
0
0
0
0
0
0
0
0
0
0
0
0
0
0
0
0
6
11
0
0
0
0
0
0
0
0
0
0
0
0
0
0
0
0
0
0
0
7
8
0
0
0
0
0
0
0
0
0
0
0
0
0
0
0
0
0
0
2
2
9
0
0
0
0
0
0
0
0
0
0
0
0
0
0
0
0
0
0
7
5
0
0
0
0
0
0
0
0
0
0
0
0
0
0
0
0
0
0
0
2
7
0
0
0
0
0
0
0
0
0
0
0
0
0
0
0
0
0
0
2
0
6
0
0
0
0
0
0
0
0
0
0
0
0
0
0
0
0
0
1
2
9
8
0
0
0
0
0
0
0
0
0
0
0
0
0
0
0
0
0
2
2
7
0
0
0
0
0
0
0
0
0
0
0
0
0
0
0
0
0
0
0
2
7
0
0
0
0
0
0
0
0
0
0
0
0
0
0
0
0
0
0
2
4
7
0
0
0
0
0
0
0
0
0
0
0
0
0
0
0
0
0
0
1
4
9
0
0
0
0
0
0
0
0
0
0
0
0
0
0
0
0
0
0
0
1
0
0
0
0
0
0
0
0
0
0
0
0
0
0
0
0
0
0
0
4
2
0
0
0
0
0
0
0
0
0
0
0
0
0
0
0
0
0
0
0
0
11
0
0
0
0
0
0
0
0
0
0
0
0
0
0
0
0
0
0
0
4
8
0
0
0
0
0
0
0
0
0
0
0
0
0
0
0
0
0
0
2
7
0
0
0
0
0
0
0
0
0
0
0
0
0
0
0
0
0
0
6
5
14
0
0
0
0
0
0
0
0
0
0
0
0
0
0
0
0
0
0
0
3
10
0
0
0
0
0
0
0
0
0
0
0
0
0
0
0
0
0
0
3
7
8
0
0
0
0
0
0
0
0
0
0
0
0
0
0
0
0
0
0
9
4
0
0
0
0
0
0
0
0
0
0
0
0
0
0
0
0
0
1
0
0
8
0
0
0
0
0
0
0
0
0
0
0
0
0
0
0
0
0
0
0
2
9
0
0
0
0
0
0
0
0
0
0
0
0
0
0
0
0
0
2
3
6
8
0
0
0
0
0
0
0
0
0
0
0
0
0
0
0
0
0
1
0
9
0
0
0
0
0
0
0
0
0
0
0
0
0
0
0
0
0
0
0
0
6
0
0
0
0
0
0
0
0
0
0
0
0
0
0
0
0
0
0
2
7
8
0
0
0
0
0
0
0
0
0
0
0
0
0
0
0
0
0
0
2
8
15
0
0
0
0
0
0
0
0
0
0
0
0
0
0
0
0
0
0
0
3
0
0
0
0
0
0
0
0
0
0
0
0
0
0
0
0
0
0
4
3
12
0
0
0
0
0
0
0
0
0
0
0
0
0
0
0
0
0
0
0
6
9
0
0
0
0
0
0
0
0
0
0
0
0
0
0
0
0
0
0
0
4
11
0
0
0
0
0
0
0
0
0
0
0
0
0
0
0
0
0
1
2
7
0
0
0
0
0
0
0
0
0
0
0
0
0
0
0
0
0
0
0
3
9
0
0
0
0
0
0
0
0
0
0
0
0
0
0
0
0
0
0
2
2
9
0
0
0
0
0
0
0
0
0
0
0
0
0
0
0
0
0
0
0
2
5
0
0
0
0
0
0
0
0
0
0
0
0
0
0
0
0
0
2
1
11
0
0
0
0
0
0
0
0
0
0
0
0
0
0
0
0
0
0
0
0
7
0
0
0
0
0
0
0
0
0
0
0
0
0
0
0
0
0
0
2
3
6
0
0
0
0
0
0
0
0
0
0
0
0
0
0
0
0
0
0
0
8
12
0
0
0
0
0
0
0
0
0
0
0
0
0
0
0
0
0
0
1
4
0
0
0
0
0
0
0
0
0
0
0
0
0
0
0
0
0
0
0
1
6
0
0
0
0
0
0
0
0
0
0
0
0
0
0
0
0
0
0
0
5
10
0
0
0
0
0
0
0
0
0
0
0
0
0
0
0
0
0
0
0
7
12
0
0
0
0
0
0
0
0
0
0
0
0
0
0
0
0
0
0
3
5
0
0
0
0
0
0
0
0
0
0
0
0
0
0
0
0
0
0
3
4
6
0
0
0
0
0
0
0
0
0
0
0
0
0
0
0
0
0
0
0
8
11
0
0
0
0
0
0
0
0
0
0
0
0
0
0
0
0
0
0
0
2
8
0
0
0
0
0
0
0
0
0
0
0
0
0
0
0
0
0
0
1
9
0
0
0
0
0
0
0
0
0
0
0
0
0
0
0
0
0
0
0
6
8
0
0
0
0
0
0
0
0
0
0
0
0
0
0
0
0
0
0
0
4
7
0
0
0
0
0
0
0
0
0
0
0
0
0
0
0
0
0
0
2
5
8
0
0
0
0
0
0
0
0
0
0
0
0
0
0
0
0
0
0
0
5
0
0
0
0
0
0
0
0
0
0
0
0
0
0
0
0
0
0
2
0
9
0
0
0
0
0
0
0
0
0
0
0
0
0
0
0
0
0
0
0
7
10
0
0
0
0
0
0
0
0
0
0
0
0
0
0
0
0
0
0
1
2
9
0
0
0
0
0
0
0
0
0
0
0
0
0
0
0
0
0
0
0
7
0
0
0
0
0
0
0
0
0
0
0
0
0
0
0
0
0
0
0
2
4
0
0
0
0
0
0
0
0
0
0
0
0
0
0
0
0
0
1
0
7
4
0
0
0
0
0
0
0
0
0
0
0
0
0
0
0
0
0
0
0
3
11
0
0
0
0
0
0
0
0
0
0
0
0
0
0
0
0
0
0
5
6
0
0
0
0
0
0
0
0
0
0
0
0
0
0
0
0
0
0
0
4
6
0
0
0
0
0
0
0
0
0
0
0
0
0
0
0
0
0
0
0
3
7
0
0
0
0
0
0
0
0
0
0
0
0
0
0
0
0
0
0
4
8
11
0
0
0
0
0
0
0
0
0
0
0
0
0
0
0
0
0
0
3
5
0
0
0
0
0
0
0
0
0
0
0
0
0
0
0
0
0
0
0
5
10
0
0
0
0
0
0
0
0
0
0
0
0
0
0
0
0
0
0
0
11
8
0
0
0
0
0
0
0
0
0
0
0
0
0
0
0
0
0
0
3
5
12
0
0
0
0
0
0
0
0
0
0
0
0
0
0
0
0
0
0
2
3
0
0
0
0
0
0
0
0
0
0
0
0
0
0
0
0
0
0
0
0
4
0
0
0
0
0
0
0
0
0
0
0
0
0
0
0
0
0
0
0
5
9
0
0
0
0
0
0
0
0
0
0
0
0
0
0
0
0
0
0
2
3
10
0
0
0
0
0
0
0
0
0
0
0
0
0
0
0
0
0
1
0
6
0
0
0
0
0
0
0
0
0
0
0
0
0
0
0
0
0
0
0
3
7
0
0
0
0
0
0
0
0
0
0
0
0
0
0
0
0
0
0
0
5
11
0
0
0
0
0
0
0
0
0
0
0
0
0
0
0
0
0
0
0
9
7
0
0
0
0
0
0
0
0
0
0
0
0
0
0
0
0
0
0
1
7
0
0
0
0
0
0
0
0
0
0
0
0
0
0
0
0
0
0
0
3
3
0
0
0
0
0
0
0
0
0
0
0
0
0
0
0
0
0
0
0
4
9
0
0
0
0
0
0
0
0
0
0
0
0
0
0
0
0
0
0
0
5
12
0
0
0
0
0
0
0
0
0
0
0
0
0
0
0
0
0
0
7
4
0
0
0
0
0
0
0
0
0
0
0
0
0
0
0
0
0
1
0
3
5
0
0
0
0
0
0
0
0
0
0
0
0
0
0
0
0
0
0
0
3
6
0
0
0
0
0
0
0
0
0
0
0
0
0
0
0
0
0
0
1
6
10
0
0
0
0
0
0
0
0
0
0
0
0
0
0
0
0
0
0
1
8
0
0
0
0
0
0
0
0
0
0
0
0
0
0
0
0
0
1
0
3
7
0
0
0
0
0
0
0
0
0
0
0
0
0
0
0
0
0
0
0
1
9
0
0
0
0
0
0
0
0
0
0
0
0
0
0
0
0
0
0
2
4
6
0
0
0
0
0
0
0
0
0
0
0
0
0
0
0
0
0
0
2
3
0
0
0
0
0
0
0
0
0
0
0
0
0
0
0
0
0
0
3
5
4
0
0
0
0
0
0
0
0
0
0
0
0
0
0
0
0
0
0
0
6
10
0
0
0
0
0
0
0
0
0
0
0
0
0
0
0
0
0
0
0
1
9
0
0
0
0
0
0
0
0
0
0
0
0
0
0
0
0
0
3
2
5
0
0
0
0
0
0
0
0
0
0
0
0
0
0
0
0
0
0
1
1
5
0
0
0
0
0
0
0
0
0
0
0
0
0
0
0
0
0
0
0
2
8
0
0
0
0
0
0
0
0
0
0
0
0
0
0
0
0
0
0
1
7
8
0
0
0
0
0
0
0
0
0
0
0
0
0
0
0
0
0
0
0
7
0
0
0
0
0
0
0
0
0
0
0
0
0
0
0
0
0
0
0
1
8
0
0
0
0
0
0
0
0
0
0
0
0
0
0
0
0
0
0
1
3
9
0
0
0
0
0
0
0
0
0
0
0
0
0
0
0
0
0
0
0
2
6
0
0
0
0
0
0
0
0
0
0
0
0
0
0
0
0
0
0
0
3
0
0
0
0
0
0
0
0
0
0
0
0
0
0
0
0
0
0
0
1
9
0
0
0
0
0
0
0
0
0
0
0
0
0
0
0
0
0
0
0
3
6
0
0
0
0
0
0
0
0
0
0
0
0
0
0
0
0
0
0
3
3
10
0
0
0
0
0
0
0
0
0
0
0
0
0
0
0
0
0
1
3
7
0
0
0
0
0
0
0
0
0
0
0
0
0
0
0
0
0
0
0
0
7
0
0
0
0
0
0
0
0
0
0
0
0
0
0
0
0
0
0
0
5
5
0
0
0
0
0
0
0
0
0
0
0
0
0
0
0
0
0
0
2
3
13
0
0
0
0
0
0
0
0
0
0
0
0
0
0
0
0
0
0
2
7
0
0
0
0
0
0
0
0
0
0
0
0
0
0
0
0
0
0
4
3
6
0
0
0
0
0
0
0
0
0
0
0
0
0
0
0
0
0
0
0
5
11
0
0
0
0
0
0
0
0
0
0
0
0
0
0
0
0
0
0
0
1
6
0
0
0
0
0
0
0
0
0
0
0
0
0
0
0
0
0
0
2
5
0
0
0
0
0
0
0
0
0
0
0
0
0
0
0
0
0
0
0
5
8
0
0
0
0
0
0
0
0
0
0
0
0
0
0
0
0
0
0
0
6
9
0
0
0
0
0
0
0
0
0
0
0
0
0
0
0
0
0
0
5
1
8
0
0
0
0
0
0
0
0
0
0
0
0
0
0
0
0
0
4
0
2
0
0
0
0
0
0
0
0
0
0
0
0
0
0
0
0
0
0
4
3
6
0
0
0
0
0
0
0
0
0
0
0
0
0
0
0
0
0
0
0
1
9
0
0
0
0
0
0
0
0
0
0
0
0
0
0
0
0
0
0
0
3
6
0
0
0
0
0
0
0
0
0
0
0
0
0
0
0
0
0
0
0
7
0
0
0
0
0
0
0
0
0
0
0
0
0
0
0
0
0
0
0
7
6
0
0
0
0
0
0
0
0
0
0
0
0
0
0
0
0
0
0
0
2
6
0
0
0
0
0
0
0
0
0
0
0
0
0
0
0
0
0
0
2
2
6
0
0
0
0
0
0
0
0
0
0
0
0
0
0
0
0
0
0
0
4
0
0
0
0
0
0
0
0
0
0
0
0
0
0
0
0
0
0
0
1
4
0
0
0
0
0
0
0
0
0
0
0
0
0
0
0
0
0
0
0
6
6
0
0
0
0
0
0
0
0
0
0
0
0
0
0
0
0
0
0
0
3
9
0
0
0
0
0
0
0
0
0
0
0
0
0
0
0
0
0
0
5
8
0
0
0
0
0
0
0
0
0
0
0
0
0
0
0
0
0
0
0
0
4
0
0
0
0
0
0
0
0
0
0
0
0
0
0
0
0
0
0
0
4
5
0
0
0
0
0
0
0
0
0
0
0
0
0
0
0
0
0
0
0
4
12
0
0
0
0
0
0
0
0
0
0
0
0
0
0
0
0
0
0
3
5
0
0
0
0
0
0
0
0
0
0
0
0
0
0
0
0
0
0
0
5
4
0
0
0
0
0
0
0
0
0
0
0
0
0
0
0
0
0
0
0
3
0
0
0
0
0
0
0
0
0
0
0
0
0
0
0
0
0
0
1
4
4
13
0
0
0
0
0
0
0
0
0
0
0
0
0
0
0
0
0
1
4
7
0
0
0
0
0
0
0
0
0
0
0
0
0
0
0
0
0
0
0
0
6
0
0
0
0
0
0
0
0
0
0
0
0
0
0
0
0
0
0
1
5
10
0
0
0
0
0
0
0
0
0
0
0
0
0
0
0
0
0
0
3
8
11
0
0
0
0
0
0
0
0
0
0
0
0
0
0
0
0
0
0
2
8
0
0
0
0
0
0
0
0
0
0
0
0
0
0
0
0
0
0
0
1
8
0
0
0
0
0
0
0
0
0
0
0
0
0
0
0
0
0
0
0
1
10
0
0
0
0
0
0
0
0
0
0
0
0
0
0
0
0
0
0
0
4
9
0
0
0
0
0
0
0
0
0
0
0
0
0
0
0
0
0
0
1
9
0
0
0
0
0
0
0
0
0
0
0
0
0
0
0
0
0
0
0
1
6
0
0
0
0
0
0
0
0
0
0
0
0
0
0
0
0
0
0
1
0
6
0
0
0
0
0
0
0
0
0
0
0
0
0
0
0
0
0
0
3
6
7
0
0
0
0
0
0
0
0
0
0
0
0
0
0
0
0
0
1
3
5
0
0
0
0
0
0
0
0
0
0
0
0
0
0
0
0
0
0
0
5
8
0
0
0
0
0
0
0
0
0
0
0
0
0
0
0
0
0
0
0
2
6
0
0
0
0
0
0
0
0
0
0
0
0
0
0
0
0
0
0
0
10
15
0
0
0
0
0
0
0
0
0
0
0
0
0
0
0
0
0
0
4
8
0
0
0
0
0
0
0
0
0
0
0
0
0
0
0
0
0
0
0
5
6
0
0
0
0
0
0
0
0
0
0
0
0
0
0
0
0
0
0
0
9
10
0
0
0
0
0
0
0
0
0
0
0
0
0
0
0
0
0
0
0
10
7
0
0
0
0
0
0
0
0
0
0
0
0
0
0
0
0
0
0
3
5
0
0
0
0
0
0
0
0
0
0
0
0
0
0
0
0
0
0
2
6
6
0
0
0
0
0
0
0
0
0
0
0
0
0
0
0
0
0
0
0
6
14
0
0
0
0
0
0
0
0
0
0
0
0
0
0
0
0
0
0
3
4
8
0
0
0
0
0
0
0
0
0
0
0
0
0
0
0
0
0
0
2
4
0
0
0
0
0
0
0
0
0
0
0
0
0
0
0
0
0
0
0
5
5
0
0
0
0
0
0
0
0
0
0
0
0
0
0
0
0
0
2
0
0
4
0
0
0
0
0
0
0
0
0
0
0
0
0
0
0
0
0
0
0
4
12
0
0
0
0
0
0
0
0
0
0
0
0
0
0
0
0
0
1
0
7
0
0
0
0
0
0
0
0
0
0
0
0
0
0
0
0
0
0
5
2
5
0
0
0
0
0
0
0
0
0
0
0
0
0
0
0
0
0
0
0
3
6
0
0
0
0
0
0
0
0
0
0
0
0
0
0
0
0
0
0
1
2
7
0
0
0
0
0
0
0
0
0
0
0
0
0
0
0
0
0
0
1
7
0
0
0
0
0
0
0
0
0
0
0
0
0
0
0
0
0
0
3
1
6
0
0
0
0
0
0
0
0
0
0
0
0
0
0
0
0
0
0
4
7
8
0
0
0
0
0
0
0
0
0
0
0
0
0
0
0
0
0
0
0
9
10
0
0
0
0
0
0
0
0
0
0
0
0
0
0
0
0
0
0
4
5
0
0
0
0
0
0
0
0
0
0
0
0
0
0
0
0
0
0
0
1
9
0
0
0
0
0
0
0
0
0
0
0
0
0
0
0
0
0
0
0
5
8
0
0
0
0
0
0
0
0
0
0
0
0
0
0
0
0
0
1
3
5
8
0
0
0
0
0
0
0
0
0
0
0
0
0
0
0
0
0
0
4
8
0
0
0
0
0
0
0
0
0
0
0
0
0
0
0
0
0
0
1
2
4
0
0
0
0
0
0
0
0
0
0
0
0
0
0
0
0
0
0
1
2
5
0
0
0
0
0
0
0
0
0
0
0
0
0
0
0
0
0
0
0
3
7
0
0
0
0
0
0
0
0
0
0
0
0
0
0
0
0
0
0
2
7
0
0
0
0
0
0
0
0
0
0
0
0
0
0
0
0
0
0
0
0
7
0
0
0
0
0
0
0
0
0
0
0
0
0
0
0
0
0
0
0
4
7
0
0
0
0
0
0
0
0
0
0
0
0
0
0
0
0
0
0
2
10
4
0
0
0
0
0
0
0
0
0
0
0
0
0
0
0
0
0
0
0
10
0
0
0
0
0
0
0
0
0
0
0
0
0
0
0
0
0
0
2
1
4
0
0
0
0
0
0
0
0
0
0
0
0
0
0
0
0
0
0
0
5
6
0
0
0
0
0
0
0
0
0
0
0
0
0
0
0
0
0
0
0
6
16
0
0
0
0
0
0
0
0
0
0
0
0
0
0
0
0
0
0
2
7
0
0
0
0
0
0
0
0
0
0
0
0
0
0
0
0
0
0
0
2
11
0
0
0
0
0
0
0
0
0
0
0
0
0
0
0
0
0
0
5
1
10
0
0
0
0
0
0
0
0
0
0
0
0
0
0
0
0
0
0
3
6
8
0
0
0
0
0
0
0
0
0
0
0
0
0
0
0
0
0
1
1
4
0
0
0
0
0
0
0
0
0
0
0
0
0
0
0
0
0
0
1
1
6
0
0
0
0
0
0
0
0
0
0
0
0
0
0
0
0
0
0
0
3
6
0
0
0
0
0
0
0
0
0
0
0
0
0
0
0
0
0
0
0
5
6
0
0
0
0
0
0
0
0
0
0
0
0
0
0
0
0
0
0
3
4
0
0
0
0
0
0
0
0
0
0
0
0
0
0
0
0
0
0
0
4
5
0
0
0
0
0
0
0
0
0
0
0
0
0
0
0
0
0
0
2
2
9
0
0
0
0
0
0
0
0
0
0
0
0
0
0
0
0
0
0
4
6
7
0
0
0
0
0
0
0
0
0
0
0
0
0
0
0
0
0
0
2
7
0
0
0
0
0
0
0
0
0
0
0
0
0
0
0
0
0
0
0
4
6
0
0
0
0
0
0
0
0
0
0
0
0
0
0
0
0
0
0
3
4
10
0
0
0
0
0
0
0
0
0
0
0
0
0
0
0
0
0
0
0
7
12
0
0
0
0
0
0
0
0
0
0
0
0
0
0
0
0
0
2
0
1
0
0
0
0
0
0
0
0
0
0
0
0
0
0
0
0
0
0
0
4
3
0
0
0
0
0
0
0
0
0
0
0
0
0
0
0
0
0
0
0
2
9
0
0
0
0
0
0
0
0
0
0
0
0
0
0
0
0
0
1
0
5
13
0
0
0
0
0
0
0
0
0
0
0
0
0
0
0
0
0
0
1
4
0
0
0
0
0
0
0
0
0
0
0
0
0
0
0
0
0
0
4
5
7
0
0
0
0
0
0
0
0
0
0
0
0
0
0
0
0
0
0
0
8
12
0
0
0
0
0
0
0
0
0
0
0
0
0
0
0
0
0
1
4
5
10
0
0
0
0
0
0
0
0
0
0
0
0
0
0
0
0
0
0
2
5
0
0
0
0
0
0
0
0
0
0
0
0
0
0
0
0
0
0
0
4
6
0
0
0
0
0
0
0
0
0
0
0
0
0
0
0
0
0
0
0
6
4
0
0
0
0
0
0
0
0
0
0
0
0
0
0
0
0
0
0
1
4
7
0
0
0
0
0
0
0
0
0
0
0
0
0
0
0
0
0
0
3
3
0
0
0
0
0
0
0
0
0
0
0
0
0
0
0
0
0
0
0
2
5
0
0
0
0
0
0
0
0
0
0
0
0
0
0
0
0
0
0
0
9
6
0
0
0
0
0
0
0
0
0
0
0
0
0
0
0
0
0
0
3
5
9
0
0
0
0
0
0
0
0
0
0
0
0
0
0
0
0
0
0
7
8
0
0
0
0
0
0
0
0
0
0
0
0
0
0
0
0
0
0
0
3
11
0
0
0
0
0
0
0
0
0
0
0
0
0
0
0
0
0
0
0
5
7
0
0
0
0
0
0
0
0
0
0
0
0
0
0
0
0
0
0
4
4
4
0
0
0
0
0
0
0
0
0
0
0
0
0
0
0
0
0
0
1
1
0
0
0
0
0
0
0
0
0
0
0
0
0
0
0
0
0
0
0
2
3
0
0
0
0
0
0
0
0
0
0
0
0
0
0
0
0
0
0
0
2
7
0
0
0
0
0
0
0
0
0
0
0
0
0
0
0
0
0
0
2
2
8
0
0
0
0
0
0
0
0
0
0
0
0
0
0
0
0
0
0
4
6
0
0
0
0
0
0
0
0
0
0
0
0
0
0
0
0
0
0
0
3
6
0
0
0
0
0
0
0
0
0
0
0
0
0
0
0
0
0
0
0
4
8
0
0
0
0
0
0
0
0
0
0
0
0
0
0
0
0
0
0
1
5
9
0
0
0
0
0
0
0
0
0
0
0
0
0
0
0
0
0
0
1
4
0
0
0
0
0
0
0
0
0
0
0
0
0
0
0
0
0
0
2
4
11
0
0
0
0
0
0
0
0
0
0
0
0
0
0
0
0
0
0
0
4
10
0
0
0
0
0
0
0
0
0
0
0
0
0
0
0
0
0
0
4
4
7
0
0
0
0
0
0
0
0
0
0
0
0
0
0
0
0
0
0
0
9
0
0
0
0
0
0
0
0
0
0
0
0
0
0
0
0
0
0
0
5
9
0
0
0
0
0
0
0
0
0
0
0
0
0
0
0
0
0
0
3
0
8
0
0
0
0
0
0
0
0
0
0
0
0
0
0
0
0
0
5
1
5
7
0
0
0
0
0
0
0
0
0
0
0
0
0
0
0
0
0
0
4
4
0
0
0
0
0
0
0
0
0
0
0
0
0
0
0
0
0
0
0
3
6
0
0
0
0
0
0
0
0
0
0
0
0
0
0
0
0
0
0
0
1
8
0
0
0
0
0
0
0
0
0
0
0
0
0
0
0
0
0
0
1
6
9
0
0
0
0
0
0
0
0
0
0
0
0
0
0
0
0
0
0
5
7
0
0
0
0
0
0
0
0
0
0
0
0
0
0
0
0
0
0
2
2
9
0
0
0
0
0
0
0
0
0
0
0
0
0
0
0
0
0
0
0
4
7
0
0
0
0
0
0
0
0
0
0
0
0
0
0
0
0
0
0
1
4
9
0
0
0
0
0
0
0
0
0
0
0
0
0
0
0
0
0
0
2
7
0
0
0
0
0
0
0
0
0
0
0
0
0
0
0
0
0
0
0
8
6
0
0
0
0
0
0
0
0
0
0
0
0
0
0
0
0
0
0
0
10
10
0
0
0
0
0
0
0
0
0
0
0
0
0
0
0
0
0
0
0
1
7
0
0
0
0
0
0
0
0
0
0
0
0
0
0
0
0
0
0
0
7
0
0
0
0
0
0
0
0
0
0
0
0
0
0
0
0
0
0
0
3
9
0
0
0
0
0
0
0
0
0
0
0
0
0
0
0
0
0
1
3
2
8
0
0
0
0
0
0
0
0
0
0
0
0
0
0
0
0
0
0
3
7
7
0
0
0
0
0
0
0
0
0
0
0
0
0
0
0
0
0
0
5
10
0
0
0
0
0
0
0
0
0
0
0
0
0
0
0
0
0
0
0
4
7
0
0
0
0
0
0
0
0
0
0
0
0
0
0
0
0
0
0
0
1
6
0
0
0
0
0
0
0
0
0
0
0
0
0
0
0
0
0
0
0
5
10
0
0
0
0
0
0
0
0
0
0
0
0
0
0
0
0
0
2
1
8
0
0
0
0
0
0
0
0
0
0
0
0
0
0
0
0
0
0
0
6
3
0
0
0
0
0
0
0
0
0
0
0
0
0
0
0
0
0
0
3
5
11
0
0
0
0
0
0
0
0
0
0
0
0
0
0
0
0
0
0
3
6
6
0
0
0
0
0
0
0
0
0
0
0
0
0
0
0
0
0
0
1
11
0
0
0
0
0
0
0
0
0
0
0
0
0
0
0
0
0
0
0
4
8
0
0
0
0
0
0
0
0
0
0
0
0
0
0
0
0
0
0
0
6
12
0
0
0
0
0
0
0
0
0
0
0
0
0
0
0
0
0
4
0
8
7
0
0
0
0
0
0
0
0
0
0
0
0
0
0
0
0
0
0
4
5
0
0
0
0
0
0
0
0
0
0
0
0
0
0
0
0
0
0
0
6
8
0
0
0
0
0
0
0
0
0
0
0
0
0
0
0
0
0
0
0
2
8
0
0
0
0
0
0
0
0
0
0
0
0
0
0
0
0
0
2
2
2
10
0
0
0
0
0
0
0
0
0
0
0
0
0
0
0
0
0
0
2
7
0
0
0
0
0
0
0
0
0
0
0
0
0
0
0
0
0
0
0
3
5
0
0
0
0
0
0
0
0
0
0
0
0
0
0
0
0
0
0
0
0
8
0
0
0
0
0
0
0
0
0
0
0
0
0
0
0
0
0
0
0
4
7
0
0
0
0
0
0
0
0
0
0
0
0
0
0
0
0
0
0
1
3
0
0
0
0
0
0
0
0
0
0
0
0
0
0
0
0
0
0
0
3
6
0
0
0
0
0
0
0
0
0
0
0
0
0
0
0
0
0
0
0
7
6
0
0
0
0
0
0
0
0
0
0
0
0
0
0
0
0
0
0
2
7
11
0
0
0
0
0
0
0
0
0
0
0
0
0
0
0
0
0
0
0
6
0
0
0
0
0
0
0
0
0
0
0
0
0
0
0
0
0
0
0
4
11
0
0
0
0
0
0
0
0
0
0
0
0
0
0
0
0
0
0
0
9
7
0
0
0
0
0
0
0
0
0
0
0
0
0
0
0
0
0
0
1
3
14
0
0
0
0
0
0
0
0
0
0
0
0
0
0
0
0
0
0
3
6
0
0
0
0
0
0
0
0
0
0
0
0
0
0
0
0
0
0
1
1
10
0
0
0
0
0
0
0
0
0
0
0
0
0
0
0
0
0
0
2
5
9
0
0
0
0
0
0
0
0
0
0
0
0
0
0
0
0
0
0
0
5
9
0
0
0
0
0
0
0
0
0
0
0
0
0
0
0
0
0
0
7
3
0
0
0
0
0
0
0
0
0
0
0
0
0
0
0
0
0
0
0
5
5
0
0
0
0
0
0
0
0
0
0
0
0
0
0
0
0
0
0
0
4
4
0
0
0
0
0
0
0
0
0
0
0
0
0
0
0
0
0
0
1
4
9
0
0
0
0
0
0
0
0
0
0
0
0
0
0
0
0
0
0
0
8
0
0
0
0
0
0
0
0
0
0
0
0
0
0
0
0
0
0
0
1
6
0
0
0
0
0
0
0
0
0
0
0
0
0
0
0
0
0
0
0
6
6
0
0
0
0
0
0
0
0
0
0
0
0
0
0
0
0
0
0
0
1
6
0
0
0
0
0
0
0
0
0
0
0
0
0
0
0
0
0
0
1
5
0
0
0
0
0
0
0
0
0
0
0
0
0
0
0
0
0
0
0
2
8
0
0
0
0
0
0
0
0
0
0
0
0
0
0
0
0
0
0
0
6
5
0
0
0
0
0
0
0
0
0
0
0
0
0
0
0
0
0
0
2
2
7
0
0
0
0
0
0
0
0
0
0
0
0
0
0
0
0
0
0
0
4
0
0
0
0
0
0
0
0
0
0
0
0
0
0
0
0
0
0
0
2
3
0
0
0
0
0
0
0
0
0
0
0
0
0
0
0
0
0
0
0
2
12
0
0
0
0
0
0
0
0
0
0
0
0
0
0
0
0
0
0
0
7
11
0
0
0
0
0
0
0
0
0
0
0
0
0
0
0
0
0
0
2
10
0
0
0
0
0
0
0
0
0
0
0
0
0
0
0
0
0
0
0
2
5
0
0
0
0
0
0
0
0
0
0
0
0
0
0
0
0
0
0
1
2
9
0
0
0
0
0
0
0
0
0
0
0
0
0
0
0
0
0
0
0
2
9
0
0
0
0
0
0
0
0
0
0
0
0
0
0
0
0
0
0
4
5
0
0
0
0
0
0
0
0
0
0
0
0
0
0
0
0
0
0
0
3
10
0
0
0
0
0
0
0
0
0
0
0
0
0
0
0
0
0
0
0
6
10
0
0
0
0
0
0
0
0
0
0
0
0
0
0
0
0
0
0
0
10
6
0
0
0
0
0
0
0
0
0
0
0
0
0
0
0
0
0
0
0
5
0
0
0
0
0
0
0
0
0
0
0
0
0
0
0
0
0
0
0
1
5
0
0
0
0
0
0
0
0
0
0
0
0
0
0
0
0
0
0
2
11
12
0
0
0
0
0
0
0
0
0
0
0
0
0
0
0
0
0
0
0
5
5
0
0
0
0
0
0
0
0
0
0
0
0
0
0
0
0
0
0
0
10
0
0
0
0
0
0
0
0
0
0
0
0
0
0
0
0
0
0
2
1
10
0
0
0
0
0
0
0
0
0
0
0
0
0
0
0
0
0
0
1
2
3
0
0
0
0
0
0
0
0
0
0
0
0
0
0
0
0
0
0
1
3
14
0
0
0
0
0
0
0
0
0
0
0
0
0
0
0
0
0
0
6
6
0
0
0
0
0
0
0
0
0
0
0
0
0
0
0
0
0
0
0
2
2
0
0
0
0
0
0
0
0
0
0
0
0
0
0
0
0
0
0
1
0
7
0
0
0
0
0
0
0
0
0
0
0
0
0
0
0
0
0
0
0
4
7
0
0
0
0
0
0
0
0
0
0
0
0
0
0
0
0
0
0
0
9
0
0
0
0
0
0
0
0
0
0
0
0
0
0
0
0
0
0
2
3
7
0
0
0
0
0
0
0
0
0
0
0
0
0
0
0
0
0
0
0
6
3
0
0
0
0
0
0
0
0
0
0
0
0
0
0
0
0
0
1
0
4
8
0
0
0
0
0
0
0
0
0
0
0
0
0
0
0
0
0
0
1
4
0
0
0
0
0
0
0
0
0
0
0
0
0
0
0
0
0
0
0
6
5
0
0
0
0
0
0
0
0
0
0
0
0
0
0
0
0
0
0
1
2
5
0
0
0
0
0
0
0
0
0
0
0
0
0
0
0
0
0
0
1
2
9
0
0
0
0
0
0
0
0
0
0
0
0
0
0
0
0
0
0
0
5
0
0
0
0
0
0
0
0
0
0
0
0
0
0
0
0
0
0
0
6
2
0
0
0
0
0
0
0
0
0
0
0
0
0
0
0
0
0
2
0
8
6
0
0
0
0
0
0
0
0
0
0
0
0
0
0
0
0
0
0
0
2
8
0
0
0
0
0
0
0
0
0
0
0
0
0
0
0
0
0
0
0
3
0
0
0
0
0
0
0
0
0
0
0
0
0
0
0
0
0
0
1
5
9
0
0
0
0
0
0
0
0
0
0
0
0
0
0
0
0
0
0
0
0
10
0
0
0
0
0
0
0
0
0
0
0
0
0
0
0
0
0
0
1
1
10
0
0
0
0
0
0
0
0
0
0
0
0
0
0
0
0
0
0
2
8
0
0
0
0
0
0
0
0
0
0
0
0
0
0
0
0
0
0
0
1
5
0
0
0
0
0
0
0
0
0
0
0
0
0
0
0
0
0
0
7
2
9
0
0
0
0
0
0
0
0
0
0
0
0
0
0
0
0
0
0
1
6
5
0
0
0
0
0
0
0
0
0
0
0
0
0
0
0
0
0
0
7
2
0
0
0
0
0
0
0
0
0
0
0
0
0
0
0
0
0
0
0
9
13
0
0
0
0
0
0
0
0
0
0
0
0
0
0
0
0
0
0
0
3
5
0
0
0
0
0
0
0
0
0
0
0
0
0
0
0
0
0
0
0
6
9
0
0
0
0
0
0
0
0
0
0
0
0
0
0
0
0
0
0
5
7
0
0
0
0
0
0
0
0
0
0
0
0
0
0
0
0
0
0
0
4
6
0
0
0
0
0
0
0
0
0
0
0
0
0
0
0
0
0
0
0
7
9
0
0
0
0
0
0
0
0
0
0
0
0
0
0
0
0
0
0
2
9
12
0
0
0
0
0
0
0
0
0
0
0
0
0
0
0
0
0
0
1
1
0
0
0
0
0
0
0
0
0
0
0
0
0
0
0
0
0
0
0
0
7
0
0
0
0
0
0
0
0
0
0
0
0
0
0
0
0
0
1
0
5
6
0
0
0
0
0
0
0
0
0
0
0
0
0
0
0
0
0
0
2
5
7
0
0
0
0
0
0
0
0
0
0
0
0
0
0
0
0
0
0
0
7
0
0
0
0
0
0
0
0
0
0
0
0
0
0
0
0
0
0
0
3
7
0
0
0
0
0
0
0
0
0
0
0
0
0
0
0
0
0
0
0
4
10
0
0
0
0
0
0
0
0
0
0
0
0
0
0
0
0
0
0
3
4
8
0
0
0
0
0
0
0
0
0
0
0
0
0
0
0
0
0
0
4
6
0
0
0
0
0
0
0
0
0
0
0
0
0
0
0
0
0
0
0
2
4
0
0
0
0
0
0
0
0
0
0
0
0
0
0
0
0
0
0
0
6
7
0
0
0
0
0
0
0
0
0
0
0
0
0
0
0
0
0
0
1
6
9
0
0
0
0
0
0
0
0
0
0
0
0
0
0
0
0
0
0
6
4
0
0
0
0
0
0
0
0
0
0
0
0
0
0
0
0
0
0
7
3
6
0
0
0
0
0
0
0
0
0
0
0
0
0
0
0
0
0
0
0
6
8
0
0
0
0
0
0
0
0
0
0
0
0
0
0
0
0
0
0
0
4
9
0
0
0
0
0
0
0
0
0
0
0
0
0
0
0
0
0
0
0
2
0
0
0
0
0
0
0
0
0
0
0
0
0
0
0
0
0
0
1
5
6
0
0
0
0
0
0
0
0
0
0
0
0
0
0
0
0
0
0
0
0
6
0
0
0
0
0
0
0
0
0
0
0
0
0
0
0
0
0
0
2
5
16
0
0
0
0
0
0
0
0
0
0
0
0
0
0
0
0
0
0
1
6
0
0
0
0
0
0
0
0
0
0
0
0
0
0
0
0
0
0
0
6
7
0
0
0
0
0
0
0
0
0
0
0
0
0
0
0
0
0
0
0
4
11
0
0
0
0
0
0
0
0
0
0
0
0
0
0
0
0
0
0
3
6
9
0
0
0
0
0
0
0
0
0
0
0
0
0
0
0
0
0
0
0
5
0
0
0
0
0
0
0
0
0
0
0
0
0
0
0
0
0
0
0
1
6
0
0
0
0
0
0
0
0
0
0
0
0
0
0
0
0
0
0
1
2
4
0
0
0
0
0
0
0
0
0
0
0
0
0
0
0
0
0
0
0
4
9
0
0
0
0
0
0
0
0
0
0
0
0
0
0
0
0
0
3
1
7
0
0
0
0
0
0
0
0
0
0
0
0
0
0
0
0
0
0
0
2
6
0
0
0
0
0
0
0
0
0
0
0
0
0
0
0
0
0
0
1
4
12
0
0
0
0
0
0
0
0
0
0
0
0
0
0
0
0
0
0
1
1
6
0
0
0
0
0
0
0
0
0
0
0
0
0
0
0
0
0
0
1
10
0
0
0
0
0
0
0
0
0
0
0
0
0
0
0
0
0
0
3
3
5
0
0
0
0
0
0
0
0
0
0
0
0
0
0
0
0
0
0
2
7
13
0
0
0
0
0
0
0
0
0
0
0
0
0
0
0
0
0
0
2
0
6
0
0
0
0
0
0
0
0
0
0
0
0
0
0
0
0
0
0
3
8
0
0
0
0
0
0
0
0
0
0
0
0
0
0
0
0
0
0
0
7
7
0
0
0
0
0
0
0
0
0
0
0
0
0
0
0
0
0
0
3
5
5
0
0
0
0
0
0
0
0
0
0
0
0
0
0
0
0
0
0
3
4
11
0
0
0
0
0
0
0
0
0
0
0
0
0
0
0
0
0
0
1
8
0
0
0
0
0
0
0
0
0
0
0
0
0
0
0
0
0
0
1
0
5
0
0
0
0
0
0
0
0
0
0
0
0
0
0
0
0
0
0
1
6
6
0
0
0
0
0
0
0
0
0
0
0
0
0
0
0
0
0
0
0
