3.5945
2.88
3.12
2.88
3.36
3.2
3.25333
3.68
2.56
2.72
2.24
3.68
3.84
4.16
1.92
3.2
2.88
3.04
2.24
2.56
2.56
2.88
4.32
2.88
2.72
4.32
2.88
4.24
3.52
2.72
3.52
3.52
3.2
2.88
2.72
5.12
3.2
4
1.76
4
3.04
3.04
2.4
2.24
3.2
3.2
3.84
2.72
4.48
2.56
4.16
3.04
4.64
2.72
3.68
3.36
4
3.2
4.48
3.52
3.84
2.4
4.32
5.12
4.96
4.32
5.28
5.76
5.76
3.04
3.52
4.96
5.76
4.96
3.04
4.8
5.6
4.48
3.84
3.68
4.8
2.24
5.12
4.48
6.72
5.28
3.04
5.44
5.76
6.08
3.36
6.4
3.84
3.36
4
4.8
5.12
6.56
5.12
4.96
1.92
5.28
5.76
4
4.16
3.68
4.8
5.6
3.52
4.8
4.96
4.32
6.08
3.04
6.4
6.4
4.64
3.36
3.2
5.12
1.44
4.64
5.76
3.36
5.92
5.12
3.2
7.52
3.68
5.6
3.68
4.32
4
5.76
5.6
6.56
4.48
2.88
5.12
3.04
3.04
5.6
5.92
4.16
5.44
3.36
7.36
3.52
5.44
3.84
5.92
2.56
5.44
4
4.16
6.72
3.04
3.68
4
3.04
4.8
6.08
3.68
5.28
5.44
4.8
3.84
3.2
5.28
3.68
8.8
3.12
8.8
4.32
3.2
5.92
6.56
1.44
5.76
4.16
5.6
3.2
5.12
5.92
6.56
4.32
3.52
5.12
6.08
3.68
4.16
4
5.04
5.76
3.04
5.12
4
6.4
4
3.68
7.52
5.12
4.48
4.96
4.8
6.08
4
5.6
6.4
3.68
4.16
7.52
3.68
4.64
5.6
2.08
6.4
3.52
3.52
6.4
5.12
3.36
5.28
6.08
4.64
4.96
3.36
4.8
6.24
5.6
3.52
7.52
4
4.16
3.52
4.16
7.52
4.64
3.04
6.4
3.2
6.24
3.04
3.52
5.12
4.8
5.28
4.48
5.92
5.44
3.04
7.52
5.12
3.68
4.64
6.08
3.36
7.84
4.16
3.36
8
4.8
3.2
9.76
3.2
6.4
6.88
3.68
6.08
4
5.12
6.24
4
2.4
5.28
5.92
3.52
3.68
7.68
4.96
5.12
2.72
7.52
3.36
5.92
5.76
3.52
4.48
5.44
5.28
4.8
4
5.12
2.08
4
3.68
3.36
4
3.36
3.2
4.96
3.04
4
2.72
4.32
4
4.16
3.52
4.16
3.04
4.48
5.12
4.16
2.72
4.8
4
4.32
4
4.32
4
5.12
4.96
4.16
3.84
4.64
4.32
4.32
4.32
5.6
5.12
3.52
2.72
2.4
3.36
3.04
3.52
2.88
3.04
3.52
4.64
3.2
3.52
4
4.96
2.72
4.16
2.72
4.48
3.04
3.04
3.04
2.56
2.24
3.04
3.84
2.4
3.36
3.84
3.52
2.56
2.72
3.84
2.56
3.68
3.04
2.72
3.36
2.4
2.72
2.4
1.44
2.56
1.12
1.6
1.12
1.12
1.28
0.64
0.8
0.64
1.12
2.4
1.12
1.28
1.28
0.8
1.28
0.64
0.96
0.96
1.44
1.92
1.28
0.96
0.8
0.96
1.28
0.64
1.12
0.8
1.28
1.28
0.32
0.48
0.48
0.96
0.96
0.64
1.44
0.8
0.96
0.64
1.44
0.48
0.64
1.12
1.28
0.8
2.88
0.16
1.92
0.96
1.12
2.08
1.12
1.92
2.72
1.44
2.24
1.6
0.96
2.08
0.64
1.6
1.44
1.28
1.76
1.12
0.8
1.44
2.08
1.6
1.76
1.76
1.28
1.28
0.8
0.8
1.6
0.96
1.12
1.92
0.96
2.56
1.6
1.12
1.76
1.28
2.24
2.08
1.76
3.2
1.76
0.96
2.08
0
1.68
2.56
1.12
1.6
1.6
1.76
1.6
1.12
2.72
1.12
3.04
1.12
1.12
1.44
1.92
1.92
0.72
2.24
1.44
1.92
1.6
1.76
1.92
2.08
1.76
2.08
2.24
1.28
2.08
1.6
1.6
1.76
0.96
1.76
1.12
1.76
2.24
1.44
1.6
1.92
2.08
1.6
1.92
1.28
1.92
1.92
1.76
2.4
1.92
1.6
2.24
1.92
1.92
2.24
1.76
1.44
2.08
1.6
1.44
1.92
1.12
1.28
1.12
1.76
1.28
2.24
2.24
1.6
1.44
1.76
1.6
1.44
1.6
1.28
1.92
0.48
1.92
0.96
0.48
1.12
1.28
1.6
0.48
2.4
1.76
1.44
0.96
1.12
2.08
1.12
0.8
1.44
1.44
0.32
1.92
0.96
1.12
1.44
1.92
1.76
1.6
0.32
2.08
1.12
0.96
0.8
2.4
0.96
1.28
0.96
2.08
2.08
1.44
1.44
1.92
1.6
2.24
1.44
1.6
1.76
2.08
1.76
1.6
1.92
1.12
0.96
1.28
1.12
1.92
1.44
1.92
2.08
1.44
1.44
1.76
1.44
1.28
1.44
1.44
2.24
1.76
2.56
1.6
1.92
2.4
1.76
1.92
2.08
2.4
1.28
1.76
1.6
0.16
2.4
2.24
1.92
1.92
1.76
0.16
1.92
1.92
2.08
1.76
1.6
1.28
1.92
1.76
1.12
1.12
2.4
2.72
0.8
3.36
1.28
1.12
2.08
1.12
1.28
0.64
0.96
1.6
1.6
2.24
1.6
1.92
1.76
2.24
1.44
1.92
1.92
1.12
1.76
2.08
2.24
1.6
1.92
1.92
1.12
1.44
1.44
1.76
1.6
0.8
1.44
1.6
1.92
1.44
2.08
1.44
1.28
1.44
1.44
1.44
1.6
2.4
1.76
0.8
1.52
1.28
1.12
1.92
0.32
1.44
2.08
1.28
0.96
1.76
1.12
1.28
1.76
1.76
1.6
1.6
1.92
2.08
1.6
1.12
0.96
1.76
1.6
1.44
0.48
1.44
1.6
1.6
1.44
1.44
1.44
1.6
1.28
1.44
1.92
1.76
0.8
1.6
1.44
1.12
1.28
1.44
1.76
1.92
1.44
0.64
1.28
0.96
1.28
0.8
0.96
0.8
1.28
0.96
0.8
1.76
1.12
1.6
1.44
0.48
1.12
1.12
1.28
1.12
0.16
1.12
0.64
0.64
0.96
0.56
0.96
0.64
0.64
0.8
0.8
0.8
0.8
0.8
1.12
0.64
1.12
0.48
0.48
0.48
0.96
1.12
0
1.28
0.64
0.32
1.12
0.96
0.64
0.64
0.8
0.64
0.32
1.12
0.96
0.32
0.8
0.48
1.12
0.64
0.32
0.48
0.64
0.8
0.64
0.8
1.44
0.64
0.64
1.12
0.48
0.48
0.96
0.48
1.44
1.12
0.96
0.48
0.64
0.4
0.64
0.64
0.48
0.8
0.8
0.48
0.64
0.48
0.32
0.56
0.96
0.8
0.48
0.64
0.24
0.8
0.48
0.48
0.48
0.32
0
0.24
0.64
0
0.64
0.48
0.32
0.32
0.32
0.48
0.96
0.32
0.96
0.16
0.48
0.32
0
0.96
0.48
0.32
0.32
0.4
0.16
0.8
0.32
0.8
0.16
0.64
0.16
0.16
0.48
0.0533333
0.48
0.64
0.16
0.16
0.64
0.16
0.213333
0.08
0.48
0
0.64
0.24
0.16
0.16
0.48
0.32
0.24
0.24
0.32
0.08
0.08
0.16
0
0.32
0.16
0.32
0.16
0.373333
0.48
0.08
0.64
0.16
0.08
0.48
0.08
0.32
0.32
0.4
0.32
0.106667
0.16
0.48
0.24
0.266667
0.08
0.16
0.32
0.24
0.106667
0
0.16
0.16
0.08
0.24
0.16
0.16
0.48
0
0.08
0.16
0.32
0.32
0.16
0.16
0.16
0.213333
0.08
0.24
0.16
0.32
0.266667
0.16
0.16
0
0
0.16
0.32
0.24
0.0533333
0.0533333
0.16
0.24
0.106667
0.106667
0.16
0
0
0
0.16
0.16
0.32
0.24
0
0.2
0.16
0
0.32
0
0.32
0.08
0.32
0
0
0.16
0.32
0.32
0.08
0.16
0.08
0.16
0.08
0
0.16
0.48
0.16
0.32
0.24
0.266667
0.16
0.0533333
0.08
0
0.106667
0.106667
0.16
0.0533333
0.32
0.08
0.0533333
0.0533333
0.16
0.04
0
0
0.106667
0.0533333
0.16
0.16
0.16
0
0.56
0.213333
0.16
0
0.16
0.16
0.04
0.0533333
0.0533333
0.08
0.08
0
0.08
0.16
0.24
0.08
0
0.16
0
0
0
0.106667
0.106667
0.08
0.106667
0.0533333
0.24
0.0533333
0.16
0.08
0.08
0
0.16
0.0533333
0.24
0.106667
0.24
0.08
0.32
0.08
0.16
0.16
0
0.266667
0.16
0
0.213333
0.08
0.133333
0
0.16
0.16
0.16
0.24
0
0.08
0
0.16
0.16
0.08
0
0.16
0.213333
0.16
0.08
0.213333
0.4
0.213333
0
0.08
0.16
0
0
0
1.12
0.8
0.8
0.96
1.12
0.8
0.8
0.96
0.96
0.48
0.64
1.28
0.96
0.64
0.96
1.12
0.64
0.96
0.48
0.48
0.8
0.48
0.48
0.24
0.08
0
0.48
0.8
0.48
1.28
1.28
0.96
1.28
1.12
0.96
0.16
0.64
0.16
0.64
0.48
0.96
0.16
0.64
0.16
0
0
0.16
0.64
1.44
1.28
1.44
1.28
0.8
1.12
0.48
0.32
0.32
0.16
0
0.16
0.16
0.64
0
0.16
0
0
0.16
0.16
1.12
0.96
0.64
1.28
1.28
0.8
1.28
0.96
0.64
1.12
1.44
1.12
1.92
1.76
1.44
1.44
1.92
0.64
1.44
1.6
0.48
0.16
0.8
0.48
0.64
2.08
1.44
1.76
1.28
1.6
2.4
2.72
2.72
2.88
1.76
3.68
0.96
1.92
1.12
0.64
0.48
0.48
1.6
1.92
1.92
1.12
1.6
2.24
2.24
4.16
2.72
3.36
3.36
2.24
2.4
2.24
3.2
3.36
1.12
4
2.72
2.56
2.56
2.88
5.28
5.12
3.2
8.16
11.68
6.24
5.92
5.12
4.64
3.2
5.76
4.16
4.32
5.6
5.28
4.64
6.08
6.24
4.16
4.96
4.48
4.16
3.36
4
3.2
4
4.96
4.32
5.12
4
6.24
2.4
2.56
2.56
3.68
3.36
4.48
4.48
3.2
4.48
2.72
4.64
3.36
3.2
6.08
6.24
4.48
4.48
2.08
4.48
5.44
3.2
4.48
5.6
3.36
4.16
4.48
3.52
4.8
6.72
4.64
3.04
4.16
4.48
3.04
3.68
3.84
3.04
2.08
4.64
3.68
4.64
3.84
4.64
10.08
11.52
12.96
11.84
8.96
4.96
3.36
4.32
3.84
4.16
3.36
3.36
4.48
2.24
4.16
5.12
5.44
5.76
5.44
5.12
4.96
6.24
4.64
6.56
9.44
6.56
7.68
9.92
10.88
11.68
10.56
8.32
10.56
6.08
11.68
4.48
4
4.8
5.76
7.84
5.44
6.88
7.68
5.28
7.68
7.84
7.04
9.44
8.96
8.8
7.52
6.08
3.52
8.8
7.84
9.28
4.64
4.16
5.76
11.2
8.32
8.32
7.36
7.2
7.68
6.4
4.48
4.48
4.16
4.8
3.68
2.08
2.88
3.04
3.68
4.32
3.2
3.36
6.4
4.96
3.68
4.64
7.2
5.28
4.8
5.76
6.72
4.96
7.04
9.76
12.48
8.96
15.68
13.6
10.56
10.88
10.88
7.52
9.92
9.12
6.4
6.56
10.72
11.36
10.4
10.24
8.8
8
8.16
9.76
9.6
9.28
11.68
11.52
8.64
7.2
6.88
8
5.92
4.96
6.08
6.56
8.48
6.56
8
8.16
7.68
6.4
8.96
9.12
3.52
9.6
7.36
8.8
6.56
8.48
6.24
9.12
9.12
6.72
10.88
8.96
9.28
5.28
3.84
6.56
5.6
6.24
8.16
7.68
4.48
7.52
7.84
7.84
6.88
9.76
9.44
7.2
8.8
8.32
8.16
7.2
7.84
9.76
9.12
6.4
4.16
4.64
5.76
3.52
7.68
6.88
5.76
8.32
9.6
9.28
11.2
7.2
7.36
6.88
5.6
4.8
6.88
6.24
8.48
6.88
6.72
5.76
7.36
8.16
12
9.12
9.12
9.92
9.92
5.6
9.76
8.8
9.12
8
7.52
8.96
11.68
8.64
11.36
10.4
9.6
9.6
4.96
11.52
8.8
8.96
8.64
10.72
10.72
11.84
9.76
9.28
10.56
9.76
12
11.68
8.48
8.32
6.4
10.24
11.2
11.52
6.88
9.6
9.44
5.92
7.84
6.72
6.24
6.24
8.8
7.36
6.88
8
5.92
8
8
8.16
8.8
6.72
8.16
3.68
7.04
7.2
9.12
6.4
9.12
7.52
11.36
7.84
9.6
10.88
11.68
10.24
10.24
10.56
10.72
10.24
10.72
10.88
9.76
6.88
10.88
8.32
8.8
8.96
10.88
9.6
9.76
10.56
11.36
9.28
12.64
9.44
10.88
11.52
12.32
6.72
10.56
11.68
5.92
12.32
12.48
11.52
11.52
10.88
12.96
11.36
9.6
12.96
13.6
12.32
11.84
10.24
12.8
11.04
12.32
10.56
9.28
7.52
6.4
9.76
10.72
11.04
11.52
9.6
10.88
10.72
12.64
11.36
12.8
13.44
11.2
13.12
10.08
8.96
8.64
9.92
12.64
5.92
15.04
9.76
9.6
10.4
9.28
12.32
13.12
12.32
9.92
12.64
11.68
12.48
10.24
9.92
11.2
10.56
11.68
12.48
8.48
6.56
7.68
10.88
10.08
8.8
10.08
9.12
9.6
12.64
9.92
12
10.4
9.76
11.04
9.6
10.56
8.48
12
12.48
5.28
13.28
6.56
10.88
10.08
9.12
10.72
12.8
10.72
12.8
10.56
7.52
6.24
5.76
6.24
6.88
6.72
9.6
5.6
7.04
2.56
6.08
4.96
18.4
14.56
8.8
6.24
5.44
6.08
5.92
6.24
6.56
7.04
5.76
4.32
6.24
5.12
4.64
2.4
2.08
2.4
1.44
1.6
1.12
1.76
2.56
1.44
1.92
1.44
0.96
2.56
2.4
2.72
1.76
1.28
1.92
1.44
0.96
2.56
0.96
0.8
2.4
2.56
1.76
0.8
2.56
1.44
2.24
2.08
1.44
1.44
1.44
1.12
1.44
1.92
1.44
2.08
1.28
2.08
1.6
1.92
1.76
1.76
1.12
1.84
0.96
1.28
0.8
1.12
0.96
1.92
1.12
0.96
0.64
0.8
1.28
0.32
0.8
1.12
1.6
0.8
0.64
0.32
1.12
1.6
1.6
1.6
0.64
0.96
1.6
1.44
1.76
1.28
1.12
1.6
0.96
0.64
1.28
0.48
0.96
0.48
2.08
1.52
1.76
1.28
1.44
1.12
0.96
0.8
1.28
0.64
1.28
0.64
0.96
0.96
1.12
1.28
1.12
0.96
0.8
0.96
0.8
0.8
0.48
1.44
1.12
0.32
0.64
0.64
0.48
0.8
1.12
1.44
1.76
0.48
1.28
0.96
1.44
0.64
1.6
1.44
0.96
1.28
1.6
1.12
1.6
1.44
1.28
1.36
0.96
0.96
1.6
2.4
0.96
1.44
1.28
0.32
1.12
1.6
0.48
1.2
0.64
0.96
0.64
1.28
0.8
0.8
1.12
1.12
0.64
0.32
1.76
1.12
0.96
1.28
1.44
0.8
1.44
1.76
0.64
1.28
1.28
0.64
0.8
1.28
0.64
0.96
0.8
0.96
0.64
1.28
1.12
1.44
1.12
1.76
1.44
1.6
1.12
0.96
1.12
1.52
2.24
1.6
0.8
1.28
1.28
2.4
1.44
1.12
0.8
1.44
1.12
1.44
0.96
0.88
1.28
1.2
1.12
1.76
1.12
1.76
1.52
1.12
0.64
1.6
1.28
0.64
1.76
2.08
1.76
0.64
0.8
1.6
1.44
0.8
0.96
0.48
0.64
0.48
1.6
1.28
1.6
1.28
1.12
1.44
2.56
1.44
1.28
1.12
1.6
1.28
1.92
1.12
0.64
0.48
1.28
0.8
0.8
1.76
1.76
1.12
1.28
1.76
0.64
0.64
1.92
1.44
0.8
0.96
0.8
0.48
1.12
0.8
1.92
1.44
1.92
0.96
