3.59277
3.36
3.456
3.52
3.2
3.25333
2.64
3.2
3.36
4
3.36
3.36
3.2
3.04
2.56
4.16
2.72
3.36
3.68
2.72
3.36
3.84
4
1.68
3.84
3.36
3.2
2.56
2.56
3.36
2.72
4.48
3.2
3.68
2.56
5.12
3.2
3.68
3.2
4.8
2.72
1.76
3.68
3.2
2.56
5.92
3.04
3.36
3.04
3.52
3.68
4.16
3.36
3.04
2.72
3.84
3.68
4.8
4
2.88
3.04
4.64
4.96
5.44
3.2
4.8
4.8
3.84
7.68
3.68
6.08
3.84
3.68
3.2
2.88
6.72
3.36
3.68
4.96
4.32
2.24
6.72
5.28
4.32
3.36
4
4.96
8.16
3.2
4.96
7.04
4.32
4
7.2
3.68
5.92
3.84
5.44
4.64
1.6
4.64
4
5.12
5.28
3.84
5.6
4.96
4.96
2.88
5.28
6.72
3.84
4
5.44
6.08
4.64
3.52
3.2
5.92
1.76
6.72
5.28
5.6
2.88
4
3.68
5.28
3.52
4.96
5.6
7.52
3.84
4.96
6.24
4.48
4.96
3.84
5.12
3.04
4
4.16
5.92
4.64
5.76
4.64
4.96
2.56
5.92
2.88
4.48
3.84
5.6
5.6
4.32
6.08
3.2
5.28
5.6
1.92
4.96
3.52
2.88
4.32
6.72
4.64
3.84
6.08
3.68
5.28
6.56
5.6
3.52
2.72
5.76
7.2
3.68
1.76
5.76
3.36
5.44
5.28
4.64
5.92
4.8
4.64
3.68
3.36
7.2
4.32
4.96
4
6.24
3.36
6.24
6.4
2.24
3.68
3.36
6.72
3.84
4
4.16
5.44
6.88
6.08
3.68
5.28
5.76
3.68
5.76
6.24
4.8
3.52
5.12
3.2
5.76
4.16
3.04
5.28
7.04
3.04
3.36
4.64
6.56
4.8
4.96
5.28
5.6
6.24
4
6.08
3.52
4.96
3.84
1.6
6.4
4.32
6.4
4.16
3.04
7.36
5.44
4.16
5.12
6.08
3.84
4.32
7.04
5.76
3.36
8.48
3.2
3.2
3.68
7.68
3.84
5.76
6.4
4.16
6.88
5.28
3.68
8.96
2.88
8.16
5.6
3.04
7.36
3.68
2.4
7.84
3.84
3.36
4
7.52
3.84
3.04
7.68
5.76
4.8
5.92
3.84
3.84
5.92
5.92
2.88
5.28
6.08
3.52
4.48
3.68
3.68
2.4
4.64
2.88
3.52
4.32
3.52
4.16
4.16
3.68
4.32
3.52
4.32
2.88
5.92
3.84
3.36
2.88
4
5.6
4
1.76
5.44
4.16
3.52
3.68
3.84
4.8
4.48
4.48
4
4
4.48
4.64
4.96
4.32
4.8
4.96
3.52
4.96
2.4
4.64
2.56
3.84
2.4
2.88
3.84
3.04
5.12
3.04
4.16
3.36
4.32
3.04
3.04
3.68
2.88
3.2
2.88
3.36
2.08
3.52
2.88
4
3.52
3.2
3.52
4
2.4
3.68
3.2
3.2
3.36
3.52
2.4
2.24
2.88
1.92
2
2.24
0.64
1.92
1.44
1.44
1.44
1.12
0.96
1.28
0.96
1.28
1.44
1.44
1.12
1.12
1.44
0.64
1.12
1.28
0.8
1.44
1.44
0.96
0.96
0.48
1.12
0.32
0.64
1.12
0.32
0.16
0.16
0.64
0.16
0.8
0.8
1.12
1.76
0.8
1.12
0.96
1.76
1.28
0.96
1.44
1.28
0.8
2.08
0.8
1.6
0.32
1.6
1.6
2.24
1.92
2.24
0.8
1.6
0.96
0.96
1.12
1.44
1.28
1.44
0.96
1.44
1.92
1.6
0.8
1.28
0.96
1.28
0.96
0.96
0.64
1.28
0.96
1.28
1.6
0.96
2.08
1.92
1.92
1.12
1.92
1.6
2.24
2.24
1.84
4
1.76
1.28
2.88
1.12
2.56
2.08
1.28
1.44
1.92
2.4
1.44
1.92
2.72
1.28
2.56
1.44
1.44
1.92
1.76
1.92
0.96
1.12
1.6
2.4
2.24
1.28
1.92
1.76
1.92
2.08
1.6
2.4
1.44
2.08
1.6
1.76
1.6
1.28
2.24
2.24
1.6
1.28
1.92
1.92
2.56
1.28
2.56
1.12
2.08
2.08
2.08
2.08
1.12
1.76
2.08
2.24
1.44
2.72
2.24
1.6
1.6
1.76
1.28
1.92
1.76
1.6
1.28
1.44
2.08
1.76
2.4
2.08
1.28
1.92
1.92
1.92
1.6
1.6
0.96
2.24
0.96
0.96
1.28
1.44
0.8
1.12
1.76
2.08
1.28
1.36
0.96
1.28
2.08
1.92
1.6
1.6
0.96
0.96
0.64
1.92
1.36
1.76
1.92
0.48
1.76
1.12
1.28
1.68
2.08
0.96
1.28
1.44
1.12
1.44
1.28
0.8
1.44
1.6
1.76
1.44
0.8
1.76
1.92
1.92
2.08
1.6
0.96
1.28
1.6
0.96
1.44
1.12
0.96
1.76
1.12
1.6
1.44
2.08
1.12
2.4
1.6
1.92
1.76
2.56
1.28
1.92
1.44
2.08
0.96
1.6
1.92
0.96
2.4
2.24
0.64
2.4
2.56
3.04
2.4
1.12
0.16
1.44
2.08
1.92
2.08
1.76
0.96
2.08
2.08
1.76
1.6
1.92
2.56
0.8
2.88
1.6
1.68
2.4
1.28
2.56
1.28
1.28
2.72
1.28
1.44
2.08
1.76
1.76
1.44
1.12
1.6
1.92
0.8
2.08
1.6
1.92
2.08
2.08
1.76
1.28
1.6
1.92
0.96
1.6
0.96
1.6
2.08
1.6
1.76
1.92
0.8
1.6
1.6
1.44
2.08
1.12
1.92
0.96
1.44
1.84
1.6
1.92
1.84
1.44
1.28
1.76
1.28
1.92
1.76
1.6
0.96
0.96
1.44
1.28
2.08
1.76
0.8
0.64
0.96
1.12
0.64
1.76
1.12
1.44
0.96
1.44
0.8
0.96
1.44
1.92
0.32
1.6
0.8
0.8
0.96
1.12
1.6
2.24
1.28
1.44
0.8
1.92
0.8
0.96
1.28
1.12
1.44
1.76
0.96
1.44
1.6
0.96
1.44
1.28
1.28
1.12
1.44
1.28
0.64
0.8
1.28
0.32
0.32
1.12
0.48
0.96
1.12
0.56
0.64
1.12
0.64
1.44
0.8
0.8
0.96
0.8
0.96
0.72
1.12
0.64
0.64
0.16
0.8
0.8
0.64
0.8
0.8
0.48
0.64
0.96
0.8
0.96
1.12
0.96
0.16
0.8
0.64
0.8
0.8
0.8
0.64
0.8
0.8
0.64
0.32
0.4
0.64
1.12
0.48
0.8
0.16
0.8
0.8
0.8
0.16
0.32
1.12
0.48
0.32
1.28
0.16
0.96
1.44
0.16
0.32
0.48
0.64
0.8
0.32
1.12
0.48
0.64
1.44
0.32
0.16
0.48
0.16
0.32
0.16
0.4
0.64
1.12
0.32
0.4
0.64
0.32
0.48
0.32
0.48
0.32
0.16
0.16
0.32
0.64
0.64
0.48
0.32
0.32
0.48
0.64
0.64
0.96
0.16
0.48
0.8
0.32
0.16
0.8
0.64
0
0.32
0.32
0.213333
0.24
0.4
0.32
0.16
0.16
0.64
0.32
0.16
0.64
0.48
0.24
0.32
0.32
0.16
0.32
0.16
0.48
0.32
0.48
0.32
0.16
0
0.32
0.106667
0
0.48
0
0.24
0.32
0.48
0.32
0.64
0.16
0
0.4
0
0.16
0.288
0.64
0
0.16
0.16
0.12
0.24
0
0
0.16
0
0.16
0.32
0.32
0.08
0.4
0.32
0.48
0.08
0.16
0.16
0.16
0.16
0.16
0.24
0.16
0.32
0.16
0.266667
0.16
0.48
0.213333
0.24
0
0.08
0.16
0
0.24
0
0.16
0.32
0.08
0.16
0.16
0.32
0.16
0.373333
0.08
0
0.16
0
0.16
0.24
0.0533333
0
0.0533333
0.16
0.213333
0.16
0.213333
0.0533333
0.24
0
0
0
0.16
0.106667
0
0.16
0.16
0.0533333
0
0.16
0.32
0.0533333
0.16
0.16
0.16
0
0
0.08
0
0.16
0.16
0.24
0.08
0.08
0.32
0
0.16
0.48
0
0.266667
0
0.16
0.16
0
0
0.4
0.32
0.16
0.24
0.4
0
0
0
0.08
0.08
0.213333
0
0
0.08
0
0.04
0.24
0
0.0533333
0.16
0.08
0.08
0.266667
0.106667
0
0.08
0.08
0
0.48
0.16
0
0.48
0.16
0
0
0.16
0
0.08
0.16
0.16
0.08
0.16
0.16
0.213333
0.32
0.16
0.213333
0.08
0.08
0.16
0.16
0
0.08
0.16
0.16
0.106667
0.64
0.16
0.16
0.0533333
0
0.16
0.08
0.16
0.32
0.106667
0.16
0.16
0.106667
0
0.32
0
0
0.106667
0.08
0.16
0
0.0533333
0.32
0.24
0.16
0
0.0533333
0
0.96
1.44
0.48
0.8
0.96
0.48
0.96
0.96
0.8
0.48
0.48
0.8
1.12
0.64
0.96
0.96
0.64
1.28
0.48
0.32
0.8
0.32
0.32
0.96
0.16
0.106667
0
0.48
0.96
0.8
0.8
1.28
0.96
1.28
1.44
0.64
0.32
0.96
0.32
0.96
0.64
0.4
0.48
0
0
0
0.16
1.12
1.28
1.44
1.6
1.6
0.64
1.44
0.48
0.48
0
0
0
0.48
0.16
0.16
0
0
0.16
0
0.16
0.16
0.8
1.6
0.96
1.12
1.44
0.32
1.6
0.64
0.32
0.96
1.28
0.64
2.08
1.12
2.24
1.28
1.44
1.92
0.96
1.12
0.48
0.64
0.16
1.44
1.12
1.92
1.44
0.96
1.6
1.44
3.04
3.2
3.36
2.72
2.24
4.64
2.4
2.56
1.28
0.64
0.48
0.48
1.28
2.4
1.76
0.96
2.24
2.72
3.04
2.88
4.16
3.04
4
3.04
2.24
1.92
3.52
3.84
1.6
4.16
2.24
2.4
2.24
3.04
5.28
5.6
3.36
7.04
10.88
8.48
5.92
5.12
5.28
4
5.92
3.2
5.44
6.24
5.6
5.92
5.76
5.12
3.52
5.76
5.12
3.68
3.52
4
2.88
4.48
6.24
4.48
5.28
4.64
5.76
3.2
2.4
3.52
3.2
3.84
3.2
4.64
3.68
2.88
2.4
4
3.04
2.56
5.12
5.6
3.84
4.96
2.56
5.12
4.48
4.16
4.64
3.84
3.68
3.52
5.28
4.96
3.84
6.56
0.8
3.52
3.36
4.48
2.88
2.4
3.2
4.16
1.76
3.68
2.88
5.44
3.68
5.92
14.4
12.48
9.76
9.44
4.96
4.64
4.16
3.68
3.04
3.36
4
4
4.16
2.56
3.04
4.96
4
4.96
4.32
4.8
4.64
3.84
6.08
5.6
6.56
11.2
6.4
10.56
10.56
13.92
11.84
8.8
9.76
5.92
10.24
8.8
4.96
3.68
6.56
7.68
5.76
6.4
5.12
8.16
8
8.48
8.48
7.36
9.92
8.96
7.2
6.24
4
6.24
7.36
7.84
11.04
5.76
6.24
8.16
11.04
7.2
7.52
7.52
6.88
6.72
4.32
4.48
4.32
4.48
4.16
1.44
2.4
2.24
3.52
2.72
2.4
3.2
6.72
5.6
3.68
6.88
6.08
4.16
5.6
7.36
6.88
7.2
9.6
8.32
8.8
7.04
13.6
11.2
11.36
10.56
11.2
8.64
10.08
9.28
7.68
6.88
9.76
10.88
10.24
9.92
10.08
8.48
10.08
9.76
11.2
6.72
10.4
12.32
8
6.4
7.36
8
6.56
5.92
6.56
7.2
7.68
6.56
8
7.36
8.32
8.64
8.16
8.48
4.8
8.8
8.32
8
5.92
8.48
6.56
7.84
7.68
7.2
10.08
9.12
6.72
5.44
3.84
6.24
6.56
6.56
6.88
7.84
5.28
6.56
6.72
7.84
6.4
9.28
8.96
9.12
8.32
8.64
8.16
6.88
8.48
7.68
8.32
7.36
5.6
4.64
5.92
3.68
8.16
7.04
4.64
8.64
10.24
10.72
11.2
8.32
7.36
8
4.64
7.36
6.56
6.24
7.36
7.84
6.72
5.76
8.8
8
12.64
8.48
10.24
10.88
10.4
8.16
7.68
7.68
8.8
8.64
6.08
10.4
10.72
9.92
12.16
8.64
10.88
10.08
4.16
9.28
10.24
9.12
9.6
11.84
11.52
10.56
10.24
8.8
10.56
10.08
8.64
12.16
10.08
8.16
6.72
10.56
9.92
9.28
6.88
11.68
9.92
8
12
7.52
6.24
6.72
8.32
7.36
6.72
8.48
7.2
7.84
7.2
6.4
7.04
7.52
6.72
3.2
7.68
7.2
10.08
8
7.84
6.88
9.92
11.04
7.36
8.64
9.12
9.92
8.64
10.24
10.72
10.08
10.08
10.24
8.16
7.36
9.92
8.64
8.96
9.12
9.28
10.24
8.48
9.76
10.72
9.12
12.32
10.08
10.4
8.96
11.68
8.32
11.52
12.32
6.56
11.52
11.84
12.48
10.4
11.52
11.52
11.68
10.88
13.28
12.64
13.6
11.68
10.88
11.84
11.68
14.56
11.84
9.12
8.64
6.88
10.72
10.56
12.16
11.68
10.72
12.16
10.88
11.52
12.48
12.48
12
12.64
11.2
13.6
9.28
8.64
10.4
13.28
5.28
12.64
8
12
10.88
10.72
11.68
11.84
13.44
11.2
12.32
10.88
12.48
12
12.32
10.72
11.68
11.52
11.04
9.92
6.88
9.76
11.52
12.32
10.4
9.12
9.76
8.48
11.04
9.76
10.72
9.92
10.08
9.28
9.44
12
11.36
10.4
11.36
4.32
12.16
11.68
12.32
11.36
9.28
10.4
11.04
9.44
12.96
10.24
7.52
5.28
6.4
8.64
7.04
7.2
8.16
6.56
6.08
4.48
4.64
6.08
18.88
11.2
5.92
7.2
7.52
6.08
6.72
5.44
7.68
6.88
4.96
5.76
5.12
4.48
3.84
3.68
1.92
2.24
2.72
1.76
2.4
2.4
2.24
1.92
1.76
2.08
1.44
2.08
1.44
1.76
1.6
1.6
2.56
1.92
2.88
1.44
1.28
1.6
1.6
1.6
1.92
1.28
2.08
1.6
1.92
1.44
1.76
1.76
2.08
2.56
1.76
2.08
1.76
2.56
1.92
0.96
1.2
0.8
2.4
1.6
1.12
1.6
1.12
2.08
1.12
1.76
0.48
1.12
0.96
1.28
0.8
1.12
1.12
0.64
0.32
2.24
0.32
2.08
1.44
0.96
1.44
1.12
0.8
0.96
1.28
1.12
1.76
0.96
1.44
0.32
1.44
0.96
1.44
0.64
1.92
1.28
1.28
0.64
0.48
1.44
1.12
1.04
1.28
1.28
1.44
1.6
1.28
0.96
1.76
0.8
1.6
0.64
1.12
1.44
1.44
1.12
0.8
1.28
2.24
1.44
1.12
1.44
1.76
1.28
1.92
1.76
0.8
1.44
0.64
0.64
1.76
0.96
1.12
0.8
1.6
0.96
1.44
0.8
1.28
1.6
0.32
0.8
0.96
1.12
2.24
1.44
0.88
0.64
0.8
0.64
0.8
0.96
1.12
1.12
2.4
1.6
1.28
0.96
1.04
0.48
0.96
1.44
1.6
1.12
0.64
0.48
0.64
0.32
1.28
0.48
0.8
1.6
0.64
1.44
1.44
1.12
0.48
0.8
1.44
1.92
0.64
1.28
1.12
0.64
0.48
1.92
1.44
1.76
0.96
1.28
0.64
0.96
1.12
1.28
2.4
0.96
1.44
1.76
0.8
0.8
1.12
1.28
1.28
1.28
1.12
0.64
1.12
0.64
1.17333
0.48
0.48
0.8
0.8
0.64
0.96
0.8
0.56
1.28
0.16
2.08
0.8
0.16
1.12
1.28
0.48
1.28
0.32
0.96
0.96
1.44
1.12
0.64
0.8
1.12
1.44
0.48
0.64
0.32
0.96
1.12
1.28
1.6
0.8
0.8
2.56
1.12
0.32
1.92
1.6
1.12
1.28
0.8
1.28
1.44
0.96
0.48
0.64
1.6
1.6
0.64
1.12
0.8
0.8
1.44
1.76
0.8
0.8
1.28
1.44
1.28
0.96
1.44
0.48
1.12
0.96
0.96
0.48
