0
52000
0
0
0
0
1000
0
0
0
0
1006
491
197
0
126
1181
0
0
0
0
999
0
1004
0
0
577
1420
0
0
999
0
649
357
0
995
0
0
1001
0
1001
0
368
632
1
0
997
0
0
0
1002
0
0
1999
0
0
0
998
0
0
0
0
0
1003
0
0
778
228
0
993
0
999
0
0
0
989
17
211
795
561
997
1003
1002
995
1001
1000
999
2003
0
0
380
627
150
723
122
999
47
1001
1001
209
790
501
880
2001
0
999
1002
0
999
1004
1001
999
997
1998
157
844
1001
1004
997
1997
1000
1001
1001
0
999
1002
2291
706
1000
445
27
1002
999
0
1000
1000
263
998
839
299
1003
0
998
1002
999
1003
996
2999
0
1000
274
727
183
1001
0
916
168
1
1002
999
999
1000
1002
999
505
84
1000
1999
1000
1001
0
1001
1001
2997
0
271
732
1088
0
2003
997
380
621
1
999
1000
1000
1004
0
2912
0
1085
998
1001
0
1002
2000
1998
999
1000
1000
925
1
1074
1000
1003
0
541
183
993
1002
656
984
1003
998
6370
2189
439
0
0
881
121
999
0
0
1000
0
1001
999
264
1336
819
179
826
1004
0
1387
3609
930
0
70
1001
0
1001
1001
1001
0
635
1006
0
998
997
4999
0
710
291
0
712
291
2000
1000
0
1000
1001
0
1000
1003
998
999
1001
1001
1001
1001
999
350
1000
1001
999
1
1002
0
1001
853
1182
0
1002
999
0
1005
0
998
2997
1000
1000
0
411
1589
1000
1001
0
1002
998
2002
997
1000
1002
0
1000
1001
1001
998
1000
1000
216
1005
0
999
999
998
1001
0
2290
0
934
1
482
413
1009
5000
0
1000
2001
0
999
0
0
1002
0
0
799
840
809
197
995
1000
971
30
1001
0
529
718
402
602
1002
238
1000
1003
0
998
1001
999
1004
998
999
999
2000
1000
0
856
1144
1000
580
1156
1000
1003
0
1002
257
1005
0
999
1002
463
455
709
996
1004
1000
1001
1001
1000
1000
999
1000
998
675
1006
0
40
1004
0
1003
1000
521
465
642
1006
0
1000
845
1005
0
1001
1001
1000
998
1000
999
1001
1000
448
993
1003
1001
999
1000
1015
1019
966
1001
999
1001
1033
967
998
1000
1034
966
1035
1013
1007
0
1031
1000
968
1032
1000
967
1032
969
998
1000
1071
929
220
332
89
998
1038
1043
1146
646
927
1149
702
1038
999
1001
1250
750
999
963
2512
0
1390
0
1000
1002
1002
999
1359
0
922
543
256
953
838
502
944
824
1000
679
977
671
883
1774
0
1263
0
840
996
1008
1033
963
999
1001
1030
970
999
1034
996
1000
1000
1004
1071
1234
823
837
780
1306
1045
692
1047
520
618
849
925
2222
0
0
929
894
997
1000
1069
1244
1128
911
1021
877
883
931
925
1038
968
999
1001
995
1036
964
1004
997
1037
1317
852
791
996
1005
996
1037
964
1003
1001
1001
994
1001
1003
970
999
1001
1030
970
999
1001
1001
999
999
1000
999
998
999
999
1002
1000
1000
999
1002
999
1001
1029
972
1032
1033
926
2161
0
845
1001
1033
968
1740
1771
0
1169
322
44
997
1000
1004
1002
998
1001
999
1001
998
1002
999
1000
999
1002
999
1000
999
1002
999
1000
999
1002
999
1000
999
1002
999
1000
999
1002
999
1030
969
1002
999
1000
999
1002
999
1000
999
1002
999
1000
999
1002
999
1000
999
1002
999
1000
999
1002
999
1001
999
1001
999
1000
999
1002
998
1001
999
1002
998
1001
998
1001
999
1000
1000
1001
999
1000
1000
1001
999
1001
999
1002
998
1001
999
1002
998
1001
1001
1001
999
1000
1001
1000
997
684
992
1006
999
1000
1000
1001
999
999
1000
1001
999
1000
1000
691
820
995
1005
999
1000
1001
1000
999
1000
1000
1000
999
1001
1000
1000
999
1001
999
1000
1000
1000
1001
1000
1000
1000
1000
1000
1000
1000
1000
1000
1000
1000
1000
1000
1001
1000
1000
1000
1000
1000
1000
1000
1000
1000
1000
1000
1000
1000
1000
1000
1000
1000
1000
1000
1000
1000
1000
1000
1000
1000
1000
1000
1000
1000
1000
1000
1000
1000
1000
1000
1000
1000
1000
1000
1000
1000
1000
1000
1000
1000
1000
1000
1000
1000
1000
1000
1000
1000
1000
1000
1000
1000
1000
1000
1000
1000
1000
1000
1000
1000
1000
1000
1000
1000
1000
1000
1000
1000
1000
1000
1000
1000
1000
1000
1179
0
995
1005
1000
1002
998
1000
1001
1001
998
1000
1001
1001
998
1001
1000
1002
998
1000
1000
1002
998
1000
1000
144
990
1074
0
996
1005
1001
1000
1000
999
1001
1000
1001
999
1001
1000
1000
1000
1000
1030
970
1000
1000
1000
1000
1000
1031
969
1000
1034
996
1001
969
1034
997
1416
629
228
787
804
577
251
987
1038
1003
1043
378
959
1005
1000
1002
1019
981
998
1068
929
1004
996
1030
970
1002
1066
966
967
1000
1029
1000
1004
1226
739
277
241
997
999
1007
1028
1000
1000
972
999
1029
971
1032
996
970
575
515
731
992
1010
999
999
998
1036
968
998
998
1030
974
1000
149
1011
0
1000
997
1034
969
1026
972
1028
974
1002
995
1141
903
1070
953
1548
419
1030
1050
0
992
1261
709
1031
958
1009
1003
996
1033
968
2181
0
0
1257
1197
1404
0
1042
0
999
996
1003
1003
1031
1138
1398
1293
1162
0
1396
0
782
867
1880
0
1266
0
990
1008
1030
1067
1023
1631
1273
0
1118
0
990
1436
0
1295
2672
0
0
1526
1114
0
1041
0
1043
1222
697
1793
1244
0
1
1578
422
514
2868
0
0
1171
0
1042
0
1036
982
1030
2460
0
0
1019
672
368
1126
0
928
1866
1210
0
922
892
525
2447
0
0
1038
0
1110
1397
1337
1686
0
1174
916
342
2402
0
1023
908
738
1746
1177
0
3044
0
0
1097
0
961
1478
1137
1496
0
837
915
179
989
940
2175
0
0
1082
779
1003
1708
1883
0
1125
0
1047
0
964
1069
957
1111
1285
1119
792
462
1002
2683
0
0
995
1413
0
1111
0
1203
353
1475
1276
0
819
1239
762
1384
0
1144
1031
1411
0
2052
0
1777
1715
0
1015
1229
0
956
1075
1003
921
230
3408
0
0
1162
504
926
1083
1580
1373
0
963
1037
1041
960
1148
889
1008
993
924
1166
983
1848
0
1228
0
1043
0
1003
991
1037
1140
796
1362
954
647
1366
900
315
1611
1298
0
990
1042
1004
999
992
999
1112
897
1155
1143
1132
290
995
961
1139
862
1000
1000
4207
0
0
0
800
1000
1032
1033
1004
931
1000
999
1003
997
1002
999
1069
922
2489
0
917
1144
1319
163
1008
0
1002
998
1006
998
1034
992
971
1029
971
999
1001
1029
1036
1369
1038
1159
1306
85
1290
0
1010
0
1030
970
1001
1001
1016
982
1000
1000
1000
1028
1001
999
972
1029
1036
1000
977
989
1033
1589
2022
0
1327
0
990
1010
999
1002
1000
999
999
1001
1000
999
1000
1001
999
999
1000
1002
999
999
999
1003
998
1000
999
1003
998
1002
998
1004
996
1002
998
1004
996
1002
998
1004
996
1002
998
1004
996
1002
998
1004
996
1002
998
1004
997
1001
998
1004
996
1002
998
1004
996
1002
997
1000
998
1000
1000
1001
999
1000
1000
1001
999
1000
1000
1210
0
998
1005
1001
1000
999
1000
1001
1000
1000
1000
1001
999
999
1000
1001
999
1001
1000
1000
999
1000
1001
1002
998
1000
1000
1001
998
1000
1000
1002
999
999
1000
1002
999
1000
1000
1000
998
1001
999
1001
1001
999
1000
1000
1000
1000
1001
999
1000
1000
1001
999
1000
1001
1001
998
1000
1000
1001
999
1001
999
1001
999
1001
1000
1001
999
999
1001
1000
999
999
1001
1069
0
996
1005
1000
999
999
1002
999
1000
999
1002
999
1000
999
1002
999
1000
999
1001
999
1000
1000
1001
999
1000
1000
1001
999
999
55
995
1001
1001
1001
1001
999
1000
1001
1001
998
1000
1000
1002
998
1000
1000
1001
999
1000
1000
1001
1000
1000
999
1000
1000
999
1001
1000
1000
999
1001
1000
1000
999
1001
1002
998
999
1002
999
1000
1000
1001
1000
999
1000
1002
999
999
1000
1001
1000
1000
1000
1034
0
1002
1001
1000
1001
999
999
1000
1001
999
1000
1000
1001
999
1000
1000
1001
999
1000
1001
1000
999
1000
1001
1000
999
1000
1001
1001
998
1000
1001
1000
999
1000
1000
1001
1000
999
1000
145
1132
0
999
1003
999
1000
1000
1001
999
1001
1001
999
999
446
305
999
1000
1001
1000
1000
999
319
998
1002
1001
1000
998
1001
999
1000
1001
1001
835
43
999
1000
1000
999
1002
1000
999
1000
999
1001
1001
1000
999
1001
998
1001
1001
999
1000
1000
1000
1000
1001
999
1000
1001
1000
545
1047
0
1000
1001
1000
1000
473
704
1000
1001
1000
1001
998
1002
998
1001
1000
1001
999
1000
999
1001
999
1000
1000
1001
999
1000
1001
1001
998
1001
1000
1000
1000
1000
1000
1000
1000
1000
1000
1000
1000
1000
1000
1000
1000
1000
1000
1000
1000
1000
1000
1001
1000
999
1000
1001
1000
1001
999
1000
1000
999
1000
1002
999
999
1001
1000
1001
998
1000
1002
999
999
1001
1001
999
999
1000
1002
999
999
1001
1000
1000
999
999
1000
1001
999
1000
1000
1001
999
1000
1000
1001
999
1000
1000
1001
999
1000
1000
1001
999
1000
1000
1001
999
1000
1000
1001
999
1000
1000
1001
999
1000
1000
1001
999
1000
1000
1001
999
1000
1000
1001
999
1000
1000
1001
999
1000
1000
1001
999
1000
1000
1001
999
1000
1000
1001
999
1000
1000
1001
999
1028
1001
999
1000
275000
1000
1001
999
1001
999
1001
999
1001
999
1001
999
1001
999
1001
999
1001
999
1001
999
1001
999
268
733
0
1000
0
1001
0
999
0
1001
0
1000
0
1000
0
999
0
1001
0
1001
0
999
0
150
851
0
0
997
0
0
1004
0
0
999
0
0
1000
0
0
1000
0
0
1001
0
0
999
0
0
1000
0
0
1000
0
0
1001
0
0
999
0
0
1000
0
0
854
0
0
1146
0
0
997
0
0
1003
0
0
1002
0
0
999
0
0
607
395
0
0
531
352
115
0
271
730
0
0
0
995
0
0
0
1005
0
0
0
999
0
0
0
999
0
0
0
1001
0
0
0
1000
0
0
0
1000
0
0
0
999
0
0
0
1001
0
0
0
1000
0
0
0
1000
0
0
0
999
0
0
0
1001
0
0
0
1000
0
0
0
1000
0
0
0
999
0
0
0
1001
0
0
0
1000
0
0
0
1000
0
0
0
999
0
0
0
1000
0
0
0
1001
0
0
0
1000
0
0
0
999
0
0
0
1000
0
0
0
1001
0
0
0
1000
0
0
0
999
0
0
0
1000
0
0
0
1001
0
0
0
1000
0
0
0
999
0
0
0
1000
0
0
0
791
75
139
0
863
74
57
0
999
0
0
0
1000
0
0
0
1004
0
0
0
999
0
0
0
999
0
0
0
1000
0
0
0
1001
0
0
0
1000
0
0
0
999
0
0
0
1000
0
0
0
1001
0
0
0
1000
0
0
0
999
0
0
0
1000
0
0
0
1001
0
0
0
1000
0
0
0
999
0
0
0
1000
0
0
0
1001
0
0
0
1000
0
0
0
999
0
0
0
1000
0
0
0
1002
0
0
0
999
0
0
0
999
0
0
0
1000
0
0
0
693
0
1
0
1305
0
0
0
998
0
0
0
855
1
0
1
1145
0
0
0
998
0
0
0
1003
0
0
0
1001
0
0
0
1000
0
0
0
1000
0
0
0
1000
0
1000
1001
1000
999
1000
1001
1000
999
999
1001
1002
999
999
1001
1000
1001
999
999
1000
1001
999
1000
191
124
997
1003
6
1002
998
1000
1000
1001
1000
999
1000
1001
999
1000
1000
33
991
1005
999
1001
999
1000
1000
1001
999
1000
1000
1001
999
1000
1000
1001
999
1000
1000
1001
999
1000
1000
1001
999
1000
24
991
1002
1147
0
996
1171
0
997
1005
999
1001
999
1001
999
1001
1000
1000
999
1000
1000
1001
1000
999
1001
1000
999
999
1002
1000
999
1000
1001
999
1001
32
991
1004
1001
1000
1000
999
1001
999
1001
999
1001
1000
1000
999
1001
1000
1000
999
1001
1000
1000
999
1001
1000
1000
999
1001
120
136
1002
996
1005
1001
998
1001
1000
1000
999
1001
1000
1000
999
1002
999
1000
999
1002
999
1000
999
1002
999
1000
999
1002
999
1000
999
222
993
996
1004
1003
998
1000
999
1002
49
1075
0
995
1161
0
997
1006
999
1000
999
1002
999
26
409
177
999
1001
1001
1002
10
1000
30
990
1001
1004
999
67
988
1005
999
1002
999
1000
999
1001
1000
1000
999
1001
1000
1000
999
1001
1000
1000
999
1001
999
1000
1101
0
996
1004
1000
1000
1000
1000
1000
1000
1000
1001
999
1000
1001
1001
999
999
1001
1000
1000
999
1002
999
1000
999
1002
998
1001
998
1001
1000
999
999
1001
999
1000
1000
1001
999
1000
1000
1001
999
1000
1000
1001
999
1000
1000
1001
999
999
1001
1000
1000
999
1001
1000
1000
999
1001
1000
1000
999
999
1001
999
1000
1000
1001
999
1000
1000
1001
999
1000
1000
1001
999
1000
1000
1001
0
0
0
793
41
1085
1020
3758
3693
3628
3563
550
0
0
7121
7056
6991
6926
6861
6796
6731
6666
725
670
5492
5427
5362
5297
5232
5167
482
514
4219
4154
4089
4024
3959
799
546
1886
1821
3327
3262
3197
3132
1706
1641
0
3717
3652
3587
3522
912
311
0
4241
4176
4111
4046
3981
396
0
4609
4544
4479
4414
4349
252
243
2458
2393
2328
2708
2643
2578
664
0
0
3662
3597
3532
3467
3067
3002
2937
2872
130
4549
4484
4419
4354
4289
193
0
2912
2847
2782
2375
2310
2245
0
2897
2832
2767
1713
1648
0
765
589
0
2404
2339
2274
0
5727
5662
5597
5532
5467
5402
0
1900
1835
837
159
240
351
760
15
2897
2832
2767
0
5901
5836
5771
5706
5641
5576
3692
2132
0
2968
2903
2838
8211
8146
8081
8016
7951
7886
18
0
7708
7643
7578
7513
7448
7383
7318
7253
115
379
0
6943
6878
6813
6748
6683
6618
6553
4268
0
668
1219
1154
7692
7627
7562
7497
7432
7367
7302
7237
475
0
4364
4299
4234
4169
4104
4234
4169
4104
4039
3974
0
2237
2172
2107
9543
9478
9413
9348
9283
9218
9153
9088
9023
8958
120
1010
945
0
6152
6087
6022
5957
5892
5827
5762
0
6930
6865
6800
6735
6670
6605
6540
7482
7417
7352
7287
0
479
5859
5794
5729
5664
5599
5534
2462
2397
2332
1887
1822
2747
2682
2617
788
631
395
1765
1700
3194
3129
3064
2999
0
2842
2777
2712
5748
5683
5618
5553
5488
5423
0
12511
12446
12381
12316
12251
12186
12121
12056
11991
11926
11861
11796
11731
6732
6667
6602
6537
6472
6407
6342
1904
1839
653
48
5857
5792
5727
5662
5597
5532
1822
1757
1857
1792
3750
3685
3620
3555
3938
3873
3808
3743
3469
3404
622
0
5663
5598
5533
5468
5403
5338
1338
1273
0
9282
9217
9152
9087
9022
8957
8892
8827
8762
8697
5832
5767
5702
5637
5572
5507
448
2102
2037
1972
3589
3524
3459
3394
1820
1755
0
3185
3120
3055
2990
9927
9862
9797
9732
9667
9602
9537
9472
9407
9342
6405
0
5734
5669
5604
5539
5474
5409
910
1251
1186
2920
2855
2790
2615
0
1969
1904
734
5780
5715
5650
5585
5520
5455
65
668
937
1925
1860
935
113
492
937
747
778
112
0
1662
1597
715
37
0
0
0
0
0
0
0
0
4
0
0
0
21
2761
2696
2631
680
292
815
827
0
2699
2634
2569
2659
2594
2529
1771
1706
1416
1351
0
4499
4434
4369
4304
4239
2809
2744
2679
2178
2113
2048
4589
4524
4459
4394
4329
1544
1479
1362
1297
2168
2103
2038
0
15686
15621
15556
15491
15426
15361
15296
15231
15166
15101
15036
14971
14906
14841
14776
14711
0
5318
5253
5188
5123
5058
4993
7817
7752
7687
7622
7557
7492
7427
7362
7335
7270
7205
7140
7075
7010
6945
6880
3600
3535
3470
3405
6952
6887
6822
6757
6692
6627
6562
4872
4992
4927
4862
4797
4732
10237
10172
10107
10042
9977
9912
2079
2014
1949
13231
13166
13101
13036
12971
12906
12841
12776
12711
12646
12581
12516
12451
12386
3824
3759
3694
3629
3852
3787
3722
3657
823
513
2914
2849
2784
2892
2827
2762
2933
2868
2803
1799
1734
739
2762
2697
2632
1888
1823
832
936
1269
1204
3767
3702
3637
3572
2245
2180
2115
1879
1814
5028
4963
4898
4833
4768
4703
0
6308
6243
6178
6113
6048
5983
5918
6835
6770
6705
6640
6575
6510
6445
23
675
6635
6570
6505
6440
6375
6310
6245
3867
3802
3737
3672
298
578
2291
2226
2161
4626
4561
4496
4431
4366
0
0
4658
4593
4528
4463
4398
4
1637
1572
1552
1487
26
0
0
0
0
0
0
0
9
0
0
0
0
0
0
0
0
341
266
594
309
334
0
0
0
0
0
1
9
0
0
0
0
0
3
0
0
0
0
0
0
7
0
0
0
0
0
2
0
0
0
0
0
0
3
0
0
0
0
0
0
8
0
0
0
0
0
0
0
0
0
0
0
0
6
0
0
222
450
53
0
0
0
0
0
0
0
2
0
0
0
421
347
294
0
637
73
1713
1648
1228
1163
265
2253
2188
2123
544
274
184
0
0
0
0
0
0
0
0
0
0
0
0
1
0
0
0
0
0
0
8
0
0
0
0
0
1
0
0
0
0
0
0
3
0
0
0
0
0
0
0
0
0
0
0
0
0
0
0
0
0
0
0
10
0
0
0
0
0
0
0
0
0
0
0
0
4
0
0
0
96
225
625
129
823
409
195
1166
1101
97
0
0
0
0
0
0
6
0
0
0
0
0
4
0
0
0
200
497
408
782
480
193
758
394
477
535
304
171
525
238
15
0
1
0
0
0
35
62
28
140
668
13
477
177
44
179
0
0
0
0
0
0
6
0
0
0
0
0
2
0
0
0
0
0
0
0
0
0
0
0
0
0
0
0
0
0
0
0
0
0
0
0
0
0
0
10
0
0
0
0
0
1
0
0
0
0
0
0
7
0
0
0
0
0
0
0
0
0
0
0
0
2
0
0
0
0
0
0
6
0
0
0
0
0
0
0
0
0
0
0
0
5
0
0
0
0
0
0
0
0
0
0
0
0
2
0
0
0
0
0
0
8
0
0
0
0
0
0
0
0
0
0
0
0
2
0
0
0
0
0
0
0
0
0
0
0
0
2
0
0
0
0
0
0
8
0
0
0
0
0
0
0
0
0
0
0
0
3
0
0
0
0
0
0
0
0
0
0
0
0
1
0
0
0
0
0
0
2
0
0
0
0
0
0
0
0
0
0
0
0
5
0
0
0
0
0
0
0
0
0
0
0
0
2
0
0
0
0
0
0
6
0
0
0
0
0
1
0
0
0
0
0
0
5
0
0
0
0
0
0
0
0
0
0
0
0
1
0
0
0
0
0
0
5
0
0
0
0
0
2
0
0
0
0
0
0
4
0
0
0
0
0
0
0
0
0
0
0
0
3
0
0
0
0
0
0
4
0
0
0
0
0
2
0
0
0
0
0
0
6
0
0
0
0
0
0
0
0
0
0
0
0
2
0
0
0
0
0
0
5
0
0
0
0
0
0
0
0
0
0
0
0
6
0
0
0
0
0
0
0
0
0
0
0
0
0
0
0
0
0
0
0
0
0
0
0
0
0
0
0
0
0
0
0
0
5
0
0
0
0
0
0
0
0
0
0
0
0
0
0
0
0
0
0
0
2
0
0
0
0
0
0
0
0
0
0
0
0
1
0
0
0
0
0
0
0
0
0
0
0
0
3
0
0
0
0
0
0
5
0
0
0
0
0
0
0
0
0
0
0
0
1
0
0
0
0
0
0
0
0
0
0
0
0
1
0
0
0
0
0
0
4
0
0
0
0
0
0
0
0
0
0
0
0
3
0
0
0
0
0
0
0
0
0
0
0
0
2
0
0
0
0
0
0
5
0
0
0
0
0
0
0
0
0
0
0
0
2
0
0
0
0
0
0
0
0
0
0
0
0
3
0
0
0
0
0
0
3
0
0
0
0
0
0
0
0
0
0
0
0
7
0
0
0
0
0
0
0
0
0
0
0
0
3
0
0
0
0
0
0
8
0
0
32
119
357
251
261
341
427
424
756
715
278
641
1625
1560
763
0
918
0
3287
3222
3157
3092
1261
1196
0
0
0
4736
4671
4606
4541
4476
0
373
1539
1474
0
531
0
0
0
0
0
3
0
0
0
0
0
0
0
0
0
0
0
0
0
0
0
0
0
0
0
5
0
0
0
0
0
2
0
0
0
0
0
0
4
0
0
0
0
0
0
0
0
0
0
0
0
2
0
0
0
0
0
0
7
0
0
0
0
0
0
0
0
0
0
198
194
2
0
0
0
0
0
0
0
0
0
0
0
0
2
0
0
0
0
0
0
10
0
0
0
0
0
5
0
0
0
0
0
0
3
0
0
0
0
0
0
0
0
0
0
0
0
0
0
0
0
0
0
0
7
0
0
0
0
0
3
0
0
0
0
0
0
5
0
0
0
0
0
0
0
0
0
0
0
0
2
0
0
0
0
0
0
7
0
0
0
0
0
4
0
0
0
0
0
0
2
0
0
0
0
0
0
0
0
0
0
0
0
3
0
0
0
0
0
0
5
0
0
0
0
0
0
0
0
0
0
0
0
5
0
0
0
0
0
0
0
0
0
0
0
0
0
0
0
0
0
0
0
7
0
0
0
0
0
0
0
0
0
0
0
0
2
0
0
0
0
0
0
0
0
0
0
0
0
1
0
0
0
0
0
0
11
0
0
0
0
0
1
0
0
0
0
0
0
4
0
0
0
0
0
0
0
0
0
0
0
0
5
0
0
0
0
0
0
8
0
0
0
0
0
0
0
0
0
0
0
0
3
0
0
0
0
0
0
0
0
0
0
0
0
4
0
0
0
0
0
0
8
0
0
0
0
0
2
0
0
0
0
0
0
6
0
0
0
0
0
0
0
0
0
0
0
0
4
0
0
0
0
0
0
4
0
0
0
0
0
0
0
0
0
0
0
0
4
0
0
0
0
0
0
0
0
0
0
0
0
4
0
0
0
0
0
0
5
0
0
0
0
0
2
0
0
0
0
0
0
7
0
0
0
0
0
0
0
0
0
0
0
0
3
0
0
0
0
0
0
5
0
0
0
0
0
0
0
0
0
0
0
0
3
0
0
0
0
0
0
0
0
0
0
0
0
6
0
0
0
0
0
0
4
0
0
0
0
0
0
0
0
0
0
0
0
7
0
0
0
0
0
0
0
0
0
0
0
0
2
0
0
0
0
0
0
7
0
0
0
0
0
0
0
0
0
0
0
0
5
0
0
0
0
0
0
0
0
0
0
0
0
4
0
0
0
0
0
0
6
0
0
0
0
0
0
0
0
0
0
0
0
6
0
0
0
0
0
0
0
0
0
0
0
0
3
0
0
0
0
0
0
4
0
0
0
0
0
0
0
0
0
0
0
0
6
0
0
0
0
0
0
0
0
0
0
0
0
1
0
0
0
0
0
0
4
0
0
0
0
0
0
0
0
0
0
0
0
5
0
0
0
0
0
0
0
0
0
0
0
0
1
0
0
0
0
0
0
9
0
0
0
0
0
1
0
0
0
0
0
0
5
0
0
0
0
0
0
0
0
0
0
0
0
3
0
0
0
0
0
0
7
0
0
0
0
0
0
0
0
0
0
0
0
2
0
0
0
0
0
0
0
0
0
0
0
0
1
0
0
0
0
0
0
9
0
0
0
0
0
0
0
0
0
0
0
0
6
0
0
0
0
0
0
0
0
0
0
0
0
1
0
0
0
0
0
0
5
0
0
0
0
0
2
0
0
0
0
0
0
2
0
0
0
0
0
0
0
0
0
0
0
0
0
0
0
0
0
0
0
6
0
0
0
0
0
1
0
0
0
0
0
0
4
0
0
0
0
0
0
0
0
0
0
0
0
2
0
0
0
0
0
0
7
0
0
0
0
0
1
0
0
0
0
0
0
3
0
0
0
0
0
0
0
0
0
0
0
0
0
0
0
0
0
0
0
6
0
0
0
0
0
0
0
0
0
0
0
0
3
0
0
0
0
0
0
0
0
0
0
0
0
6
0
0
0
0
0
0
7
0
0
0
0
0
0
0
0
0
0
0
0
4
0
0
0
0
0
0
0
0
0
0
0
0
2
0
0
0
0
0
0
7
0
0
0
0
0
1
0
0
0
0
0
0
4
0
0
0
0
0
2
0
0
0
0
0
0
3
0
0
0
0
0
0
4
0
0
0
0
0
1
0
0
0
0
0
0
3
0
0
0
0
0
0
0
0
0
0
0
0
0
0
0
0
0
0
0
6
0
0
0
0
0
0
0
0
0
0
0
0
9
0
0
0
0
442
1442
2442
3376
4376
5376
6376
7376
8376
9376
10376
11376
12376
13376
14376
15376
16376
17376
18376
19376
0
875
2692
2627
2562
2497
2432
2367
