0
55000
798
204
0
0
0
0
1923
586
489
1001
0
0
1000
0
0
1002
0
0
156
0
766
81
0
0
826
171
0
997
0
299
1310
392
0
0
0
700
1
0
33
1266
0
0
1
998
0
0
0
0
96
913
0
0
0
991
0
0
0
1004
0
0
1000
0
808
1
0
0
1
575
276
340
0
0
821
176
0
999
1630
286
1084
0
1
1004
42
877
127
997
1000
885
996
1006
357
1
1002
999
1001
1000
391
989
1004
1002
0
1001
999
1001
815
652
93
1296
0
240
1004
0
1000
670
1002
0
999
1002
998
1000
1002
1998
0
694
310
1071
0
1005
0
998
999
1002
1002
0
1056
1151
1001
0
1002
1001
1001
999
1000
998
999
1001
0
1000
1001
998
60
41
1003
1001
407
1
707
2999
702
0
1298
0
1006
0
1002
0
1000
1001
1000
1001
1002
0
2001
0
999
1002
998
411
1528
1060
0
1010
1995
0
1000
2004
0
886
1112
0
1003
2997
0
0
1000
1006
0
996
1999
0
1001
0
582
772
1000
999
242
308
49
466
1214
1000
1001
0
1481
1108
177
400
602
999
1000
1002
1001
997
1001
0
1002
0
2252
746
1000
1002
765
236
1001
1
1001
0
53
620
406
284
1002
0
1001
1003
1002
0
1001
1004
994
1001
999
2999
0
1000
459
544
997
1000
1003
999
2000
462
1153
0
1005
0
998
244
1000
1001
38
1000
2002
1998
1000
1000
0
242
760
0
643
2000
1000
0
1000
956
55
182
1004
0
1001
1000
0
1002
0
1003
997
477
616
1000
1000
1004
0
999
999
190
1000
352
1052
0
664
339
1001
0
1002
1000
1000
1001
730
2003
0
0
886
998
1506
366
1000
510
1440
1002
999
2000
0
1789
212
0
411
356
805
1303
1696
999
1000
1003
0
1003
667
968
39
1003
0
1001
999
1000
999
1003
998
1001
998
952
1004
0
1001
1000
1000
1001
1000
1001
1001
999
601
892
1011
0
993
1000
1002
999
998
1000
1001
1000
1000
81
994
49
1006
0
1002
1000
1000
1000
1001
1000
627
1012
0
996
905
1005
0
1003
999
1000
1000
1002
999
998
999
1002
1001
999
999
1002
1001
998
999
1002
1002
998
728
982
1009
1001
1000
1001
1001
998
999
1003
997
999
1002
1027
972
999
999
1004
998
999
999
1005
998
999
999
1028
974
999
999
1004
998
999
999
1004
998
999
999
1030
971
999
1000
1035
966
1029
970
1028
973
999
1000
1003
998
999
1000
1003
998
999
1000
1003
998
999
1000
1003
998
999
1000
1003
998
999
1000
1003
998
999
1000
1003
998
999
1000
1003
996
999
1001
1002
999
1000
999
1002
997
1001
1001
1001
997
999
1000
1001
999
1000
1000
1001
999
1000
999
1001
999
1001
1002
998
999
1000
1000
1001
1001
998
1000
1002
1000
998
1000
1002
1000
998
998
1002
999
999
1001
1001
999
1001
1000
1000
999
1002
998
1001
999
1000
1000
1003
998
999
1001
1000
1000
999
1004
997
1000
999
1001
1000
1000
999
1005
996
1000
1033
967
999
1031
1038
1000
931
1644
427
926
1004
0
1034
968
998
1001
999
2047
0
0
958
1000
999
1001
1000
1000
999
1001
1000
1000
999
1001
1001
999
999
1002
999
1000
1001
999
1001
853
1006
0
998
1001
1001
999
1000
1035
967
999
1000
1000
1001
999
1034
997
970
1030
1003
997
1003
966
1001
1003
998
1033
1000
999
1003
969
1033
969
997
1033
997
1003
992
1004
996
972
999
1029
971
1001
1033
107
1008
0
1002
1000
999
1001
1002
998
1001
1000
1000
999
999
1002
999
1000
999
1001
1001
999
1001
999
1001
998
1001
1001
1000
998
1002
1000
1001
1000
998
1000
1001
1000
998
1000
1002
998
1000
1000
1003
998
1001
999
1001
998
1000
1000
1001
999
1000
1000
1001
1000
999
1000
1001
1000
1031
1000
1001
971
999
1028
1000
973
1031
996
1076
925
1056
1234
1075
1123
510
3670
0
0
0
1072
1114
920
1291
1227
0
993
1010
1000
1000
997
1001
1002
998
999
1000
1002
1000
998
1000
1003
999
998
1000
1004
998
1028
970
1002
1029
969
1069
1490
1473
0
1037
0
1001
971
1029
969
1031
1003
975
992
1030
970
1068
1074
888
1036
1004
1063
1033
1193
1103
1592
0
1392
1305
0
1076
0
965
1001
1047
1288
1086
650
1339
1371
1173
0
580
611
967
2455
0
0
1378
210
965
995
1037
1009
989
1039
962
1041
1004
993
1036
381
3862
0
0
0
1144
0
1007
0
1001
999
1000
1000
1034
997
1037
1111
855
996
1005
866
1427
0
1227
0
1038
0
1000
1075
2946
0
0
1094
0
1037
0
1075
929
1033
964
1037
1791
647
719
629
489
718
1042
0
886
1534
0
2074
0
1249
1258
0
1473
1378
1153
0
1008
0
999
1002
1030
967
1105
2107
0
0
973
968
993
1000
568
3381
0
0
1056
0
1006
0
1040
995
965
1000
1001
999
1031
1001
1001
1495
1465
1000
2980
0
0
1021
1005
0
1003
999
1031
999
971
1066
1174
581
666
2460
0
1144
315
941
1393
0
964
977
1113
985
906
2518
0
0
1062
0
989
1074
966
290
2159
0
1122
518
1044
2035
0
0
1038
963
1074
961
1000
1000
890
4329
0
0
0
0
789
1000
1000
999
1001
1000
1000
450
514
512
1227
0
1008
0
1000
999
1000
1001
1000
999
1000
1001
1000
999
1000
1035
967
999
1000
1002
998
999
1001
1002
998
999
1001
1002
998
999
1001
1002
998
999
1002
1001
999
998
1002
1001
999
998
1002
1001
997
999
1002
1000
999
999
1032
970
999
999
1003
1023
1006
1002
1000
500
2313
0
0
1008
0
999
999
1000
1002
999
999
1000
1003
1028
969
1036
996
970
1068
963
1003
966
999
1011
1021
1036
322
958
1006
1000
1031
1132
867
969
667
987
517
853
1156
0
1038
0
1004
996
1003
1070
927
969
1002
1000
998
1000
1002
1001
997
1000
1002
1000
998
1000
1006
996
998
1000
1002
1000
999
999
1001
1002
998
999
1001
1001
999
1000
1002
999
999
1000
1000
1001
999
1001
998
1002
998
1001
999
1002
997
1002
1000
1001
997
1002
999
1002
997
1002
999
1002
997
1031
1001
977
991
1032
999
971
998
1001
1000
1001
998
1001
1000
1030
969
1001
1000
1001
998
1004
997
1002
999
999
1001
1001
1028
998
972
1003
998
1000
999
1003
998
1000
1002
1002
996
1000
999
1006
995
1000
998
1003
999
1000
998
1003
999
1000
998
1003
998
1001
997
1003
999
1001
997
1002
1000
999
999
1001
1000
1002
997
1001
1000
1000
999
1001
1001
999
999
1001
232
1006
0
1001
1000
1000
999
1000
1000
1002
999
999
1000
1002
999
1000
1000
1000
1000
1000
1000
998
1001
1000
1002
997
1001
1000
1001
1000
999
1000
1001
1000
1000
999
1001
1002
998
1000
1000
1000
999
1001
1002
999
999
1000
1000
1000
1000
1001
999
1000
1000
1001
999
1002
999
1000
1000
1000
1000
999
1000
1000
1000
1000
1000
1000
999
1001
1000
1000
1001
999
999
1002
1000
998
1000
1002
1000
999
1001
1000
998
1000
1000
1001
1001
998
999
1002
999
1000
998
1002
999
1000
999
1002
999
999
1000
1001
1000
998
1001
1002
998
1002
998
1001
999
999
1003
1000
998
999
1002
1000
999
999
1000
1003
998
999
1000
1001
999
1000
1000
1001
1000
1000
999
1001
1002
997
1000
1001
999
1001
0
1002
999
1002
0
1000
999
1001
1001
0
1001
999
1001
999
1000
1002
0
1211
998
1002
1000
1000
1000
1000
1000
1000
1000
1000
828
14
1001
1001
1000
1000
1000
1000
1000
1000
1000
1003
0
1000
1000
1000
1000
1000
1000
1000
1000
1000
1000
1001
0
1000
1001
0
1002
1001
0
1000
1001
999
1000
1001
0
1001
1000
1002
0
1001
0
1000
1000
1001
0
1000
1002
0
1000
1000
1000
1001
0
943
60
998
1002
1000
1000
1000
1001
0
1000
999
1000
1000
1001
999
1000
1000
1001
999
1000
1000
1001
999
1000
1000
1001
999
1000
1000
1001
999
1000
1000
1001
1001
0
1000
1002
0
1000
1001
1000
1001
0
1003
0
1000
1001
999
1000
1000
1000
1001
999
1002
0
1001
1000
999
1001
1001
0
1001
1000
1000
1002
0
999
1001
1001
0
1002
0
1000
999
1002
0
1000
1000
999
1002
0
999
1001
1001
997
1000
1000
1000
1000
1000
1000
1000
1000
1000
1000
1000
1000
1000
1000
1000
1000
1000
1000
1000
1000
1000
1000
1000
1000
1000
1000
1000
1000
1000
1000
1000
1000
1000
1000
1000
1000
1000
1000
1000
1000
1000
1000
1000
1000
1000
1000
1000
1000
1000
1000
1000
979
1021
1000
1000
1000
1000
1000
1000
1001
999
1000
1000
1000
1000
1000
1000
1000
1000
1000
1000
1000
1000
1000
1000
1000
1000
1000
1000
1000
1000
1000
1000
1000
1000
1000
1000
1000
1000
1000
1000
1000
1000
1000
1000
1002
999
1000
1000
1001
999
1000
1000
1001
999
1001
1000
1000
999
1002
0
1002
0
1000
919
1074
1005
1001
1001
1000
999
1001
1000
1001
0
1001
0
1001
1001
0
1000
1001
999
1000
1000
1001
999
1000
1001
1001
0
1004
0
1001
0
1001
0
1001
0
1000
1000
1001
999
1001
0
1000
1001
0
1001
1001
0
1000
1000
1001
0
1001
1001
0
999
1002
0
1000
999
1002
0
1000
1000
1003
0
999
999
1002
0
999
1000
1000
1000
1000
1001
1001
0
1002
998
1001
0
1001
999
1002
0
1000
999
1002
0
999
1000
1000
1000
1000
1001
1001
0
1000
1000
1000
1001
999
1000
1001
0
1000
1000
1000
1000
1000
1001
1002
0
1001
1000
1001
0
1000
1001
999
1000
1001
1001
0
1001
0
1000
1003
0
998
1000
1001
0
1000
1000
1001
1000
999
1000
1002
0
999
1000
1001
0
1001
999
1000
1002
998
1000
1002
0
999
1000
1002
0
1001
998
1002
0
999
1000
986
1011
1002
1000
1003
0
998
1000
1001
0
1002
998
1002
0
999
1000
1002
0
999
1000
1000
1002
998
1000
1001
0
1001
999
1002
0
1000
999
1001
0
1000
1000
1000
1000
1000
1000
1001
0
1000
1000
1000
1000
1000
1000
1002
0
999
1000
1001
0
1000
1000
1000
1001
1000
999
1001
0
1000
1000
1001
0
1001
999
1001
0
1000
1000
1000
1001
999
1000
1000
1000
1000
35
1002
1001
0
1000
1001
0
1000
1000
1000
1002
998
1000
1001
0
1000
1000
1001
0
1001
1002
0
999
1000
1000
1001
0
1001
1000
1002
0
1000
1000
1000
1001
0
1000
1001
0
1001
1000
1001
0
1000
140
1002
1001
0
1000
1000
1000
1002
1000
1001
0
1001
1000
1003
0
998
1002
0
999
1001
1000
1000
999
1002
999
1000
999
1001
999
1001
999
1001
247
1004
0
255
1000
1001
0
1002
999
1001
1000
999
999
1001
999
1001
999
1001
999
1002
998
1001
999
1052
999
1003
0
1001
1000
1002
997
1001
1000
1000
999
1001
999
1001
1000
1001
999
1000
1000
1000
1000
1000
1001
999
1000
1000
1001
999
1000
1000
1000
1000
1000
1000
1000
1000
1000
999
1001
999
1002
998
166
1002
1002
0
1000
1000
1000
1001
998
1001
999
1003
997
1002
998
1001
999
1001
999
1001
999
1001
999
1001
999
1001
999
1001
999
1001
999
1001
999
1001
999
1001
1001
999
999
1001
1000
63
999
1002
0
1001
999
1002
999
1000
999
163
995
1003
0
1001
1000
1000
1000
1000
999
1001
999
1001
999
1001
999
1001
999
1001
999
1003
998
1000
1000
1001
998
1001
999
1001
1000
1000
999
164
988
1011
1004
0
999
1001
999
1001
999
1001
999
1001
999
1001
999
1001
1000
1002
998
1000
1000
1000
1000
1001
999
1000
1000
1000
1000
1000
1000
1000
1000
1000
1000
1000
1000
1000
1000
999
1001
0
1000
1000
1001
0
1001
19
1003
0
1001
1001
998
1000
1000
1000
1001
0
1000
1000
1000
1000
1000
1000
1001
0
1000
1000
1000
1000
1000
1000
1001
0
1000
1000
1001
0
1000
1000
1001
0
1000
1001
1001
0
1000
1000
1001
0
1000
963
44
1000
1002
0
1000
1001
1001
998
1002
0
999
1000
1003
0
998
1000
1001
0
1000
1000
1001
0
1001
999
1000
1002
998
1000
1004
0
997
1000
1001
0
1000
1000
1001
0
1001
999
1000
1000
1000
1000
868
138
1002
1000
1001
0
1000
155
283
998
1002
1000
1001
0
1000
1000
1000
1000
1000
1000
1001
0
1000
1000
1001
0
1000
1000
1000
1000
1000
1000
1001
0
1001
0
1001
0
1000
1000
1001
0
1000
1000
1000
1000
1000
1000
1001
0
1000
1000
1001
0
1000
1000
1001
0
1000
1000
998
1000
1001
999
1000
1001
1000
999
1000
1000
1001
1000
999
1000
1001
999
1001
999
636
1364
1000
1000
1002
998
1000
1000
1001
999
927
1075
998
1000
875
1126
999
0
6
6
6
538
575
40
1953
1904
627
689
465
1741
1692
234
663
1
304
0
0
0
0
0
0
0
0
0
0
938
1142
538
1641
1592
0
4564
4515
4466
4417
4368
0
1938
1889
1453
578
133
107
32
405
244
231
133
0
0
0
5
3
7
1
3
3
2
3
2
3
2
6
6
5
5
7
1
1
1
1
3
4
8
4
2
4
6
5
8
5
5
2
6
5
3
3
5
2
1
2
0
0
6
5
4
3
5
2
3
1
3
4
6
8
5
6
7
2
6
2
1
4
5
4
4
7
6
5
7
6
5
5
6
5
8
7
6
5
4
0
2
1
0
2
2
2
2
1
3
2
2
6
4
5
8
7
6
5
5
6
4
4
3
1
5
5
5
4
2
6
7
3
7
6
7
7
7
4
9
1
3
2
0
0
2
2
7
8
6
8
4
2
5
3
8
3
3
2
4
3
3
0
1
7
4
5
7
10
6
6
5
7
3
5
3
3
2
2
3
1
3
0
2
0
3
1
3
6
5
5
4
5
4
2
4
5
6
8
4
4
2
0
0
2
3
4
2
2
4
2
7
6
3
1
4
7
3
4
3
3
7
5
4
3
0
2
5
7
3
6
6
5
5
5
7
2
3
4
3
3
4
3
1
4
5
9
2
3
4
3
4
0
8
3
1
7
3
3
1
4
8
6
5
0
1
2
5
4
2
2
2
3
7
5
1
2
3
6
6
8
4
3
3
5
2
2
0
4
2
3
3
4
4
6
6
2
4
3
5
3
3
1
4
4
7
4
3
4
2
2
2
6
3
3
6
7
5
2
3
2
7
4
2
1
1
1
2
4
5
4
3
2
4
9
4
5
5
3
3
4
5
8
8
3
2
0
0
5
1
3
2
3
2
3
6
5
1
2
3
5
3
4
4
3
593
639
327
736
423
615
158
272
326
3
4
4
7
5
7
5
9
3
3
4
3
4
0
1
8
3
3
5
4
1
0
3
3
5
7
3
7
45
459
35
126
5
0
0
2
5
4
3
3
3
5
2
2
3
4
1
5
5
2
3
2
3
4
0
2
2
2
2
3
5
4
3
5
5
2
3
4
4
5
2
5
2
3
1
0
4
4
2
1
3
2
3
3
5
2
5
2
6
3
3
0
2
4
9
193
63
635
269
84
388
156
4
5
7
5
4
5
7
6
6
6
8
5
5
7
6
7
7
7
5
6
4
5
253
6
6
3
6
6
183
0
0
255
344
0
0
0
0
0
0
0
0
0
0
0
0
0
0
0
0
0
0
0
0
0
0
0
0
0
0
0
0
0
0
0
0
0
0
0
0
0
0
0
0
0
0
0
0
0
0
0
0
0
0
0
0
0
0
0
0
0
0
0
0
0
0
0
0
0
0
0
0
0
0
0
0
0
0
0
0
0
0
0
0
0
0
0
0
0
0
0
0
0
0
0
0
0
0
0
0
0
0
0
0
0
0
0
0
0
0
0
0
0
0
0
0
0
0
0
0
0
0
0
0
0
0
0
0
0
0
0
0
0
0
0
0
0
0
0
0
0
0
0
0
0
0
0
0
0
0
0
0
0
0
0
0
0
0
0
0
0
0
0
0
0
0
0
0
0
0
0
0
0
0
0
0
0
0
0
0
0
0
0
0
0
0
0
0
0
0
0
0
0
0
0
0
0
0
0
0
0
0
0
0
0
0
0
0
0
0
0
0
0
0
0
0
0
0
0
0
0
0
0
0
0
0
0
0
0
0
0
0
0
0
0
0
0
0
0
0
0
0
0
0
0
0
0
0
0
0
0
0
0
0
0
0
0
0
0
0
0
0
0
0
0
0
0
0
0
0
0
0
0
0
0
0
0
0
0
0
0
0
0
0
0
0
0
0
0
0
0
0
0
0
0
0
0
0
0
0
0
0
0
0
0
0
0
0
0
0
0
0
0
0
0
0
0
0
0
0
0
0
0
0
0
0
0
0
0
0
0
0
0
0
0
0
0
0
0
0
0
0
0
0
0
0
0
0
0
0
0
0
0
0
0
0
0
0
0
0
0
0
0
0
0
0
0
0
0
0
0
0
0
0
0
0
0
0
0
0
0
0
0
0
0
0
0
0
0
0
0
0
0
0
0
0
0
0
0
0
0
0
0
0
0
0
0
0
0
0
0
0
0
0
0
0
0
0
0
0
0
0
0
0
0
0
0
0
0
0
0
0
0
0
0
0
0
0
0
0
0
0
0
0
0
0
0
0
0
0
0
0
0
0
0
0
0
0
0
0
0
0
0
0
0
0
0
0
0
0
0
0
0
0
0
0
0
0
0
0
0
0
0
0
0
0
0
0
0
0
0
0
0
0
0
0
0
0
0
0
0
0
0
0
0
0
0
0
0
0
0
0
0
0
0
0
0
0
0
0
0
0
0
0
0
0
0
0
0
0
0
0
0
0
0
0
0
0
0
0
0
0
0
0
0
0
0
0
0
0
0
0
0
0
0
0
0
0
0
0
0
0
0
0
0
0
0
0
0
0
0
0
0
0
0
0
0
0
0
0
0
0
0
0
0
0
0
0
0
0
0
0
0
0
0
0
0
0
0
0
0
0
0
0
0
0
0
0
0
0
0
0
0
0
0
0
0
0
0
0
0
0
0
0
0
0
0
0
0
0
0
0
0
0
0
0
0
0
0
0
0
0
0
0
0
0
0
0
0
0
0
0
0
0
0
0
0
0
0
0
0
0
0
0
0
0
0
0
0
0
0
0
0
0
0
0
0
0
0
0
0
0
0
0
0
0
0
0
0
0
0
0
0
0
0
0
0
0
0
0
0
0
0
0
0
0
0
0
0
0
0
0
0
0
0
0
0
0
0
0
0
0
0
0
0
0
0
0
0
0
0
0
0
0
0
0
0
0
0
0
0
0
0
0
0
0
0
0
0
0
0
0
0
0
0
0
0
0
0
0
0
0
0
0
0
0
0
0
0
0
0
0
0
0
0
0
0
0
0
0
0
0
0
0
0
0
0
0
0
0
0
0
0
0
0
0
0
0
0
0
0
0
0
0
0
0
0
0
0
0
0
0
0
0
0
0
0
0
0
0
0
0
0
0
0
0
0
0
0
0
0
0
0
0
0
0
0
0
0
0
0
0
0
0
0
0
0
0
0
0
0
0
0
0
0
0
0
0
0
0
0
0
0
0
0
0
0
0
0
0
0
0
0
0
0
0
0
0
0
0
0
0
0
0
0
0
0
0
0
0
0
0
0
0
0
0
0
0
0
0
0
0
0
0
0
0
0
0
0
0
0
0
0
0
0
0
0
0
0
0
0
0
0
0
0
0
0
0
0
0
0
0
0
0
0
0
0
0
0
0
0
0
0
0
0
0
0
0
0
0
0
0
0
0
0
0
0
0
0
0
0
0
0
0
0
0
0
0
0
0
0
0
0
0
0
0
0
0
0
0
0
0
0
0
0
0
0
0
0
0
0
0
0
0
0
0
0
0
0
0
0
0
0
0
0
0
0
0
0
0
0
0
0
0
0
0
0
0
0
0
0
0
0
0
0
0
0
0
0
0
0
0
0
0
0
0
0
0
0
0
0
0
0
0
0
0
0
0
0
0
0
0
0
0
0
0
0
0
0
0
0
0
0
0
0
0
0
0
0
0
0
0
0
0
0
0
0
0
0
0
0
0
0
0
0
0
0
0
0
0
0
0
0
0
0
0
0
0
0
0
0
0
0
0
0
0
0
0
0
0
0
0
0
0
0
0
0
0
0
0
0
0
0
0
0
0
0
0
0
0
0
0
0
0
0
0
0
0
0
0
0
0
0
0
0
0
0
0
0
0
0
0
0
0
0
0
0
0
0
0
0
0
0
0
0
0
0
0
0
0
0
0
0
0
0
0
0
0
0
0
0
0
0
0
0
0
0
0
0
0
0
0
0
0
0
0
0
0
0
0
0
0
0
0
0
0
0
0
0
0
0
0
0
0
0
0
0
0
0
0
0
0
0
0
0
0
0
0
0
0
0
0
0
0
0
0
0
0
0
0
0
0
0
0
0
0
0
0
0
0
0
0
0
0
0
0
0
0
0
0
0
0
0
0
0
0
0
0
0
0
0
0
0
0
0
0
0
0
0
0
0
0
0
0
0
0
0
0
0
0
0
0
0
0
0
0
0
0
0
0
0
0
0
0
0
0
0
0
0
0
0
0
0
0
0
0
0
0
0
0
0
0
0
0
0
0
0
0
0
0
0
0
0
0
0
0
0
0
0
0
0
0
0
0
0
0
0
0
0
0
0
0
0
0
0
0
0
0
0
0
0
0
0
0
0
0
0
0
0
0
0
0
0
0
0
0
0
0
0
0
0
0
0
0
0
0
0
0
0
0
0
0
0
0
0
0
0
0
0
0
0
0
0
0
0
0
0
0
0
0
0
0
0
0
0
0
0
0
0
0
0
0
0
0
0
0
0
0
0
0
0
0
0
0
0
0
0
0
0
0
0
0
0
0
0
0
0
0
0
0
0
0
0
0
0
0
0
0
0
0
0
0
0
0
0
0
0
0
0
0
0
0
0
0
0
0
0
0
0
0
0
0
0
0
0
0
0
0
0
0
0
0
0
0
0
0
0
0
0
0
0
0
0
0
0
0
0
0
0
0
0
0
0
0
0
0
0
0
0
0
0
0
0
0
0
0
0
0
0
0
0
0
0
0
0
0
0
0
0
0
0
0
0
0
0
0
0
0
0
0
0
0
0
0
0
0
0
0
0
0
0
0
0
0
0
0
0
0
0
0
0
0
0
0
0
0
0
0
0
0
0
0
0
0
0
0
0
0
0
0
0
0
0
0
0
0
0
0
0
0
0
0
0
0
0
0
0
0
0
0
0
0
0
0
0
0
0
0
0
0
0
0
0
0
0
0
0
0
0
0
0
0
0
0
0
0
0
0
0
0
0
0
0
0
0
0
0
0
0
0
0
0
0
0
0
0
0
0
0
0
0
0
0
0
0
0
0
0
0
0
0
0
0
0
0
0
0
0
0
0
0
0
0
0
0
0
0
0
0
0
0
0
0
0
0
0
0
0
0
0
0
0
0
0
0
0
0
0
0
0
0
0
0
0
0
0
0
0
0
0
0
0
0
0
0
0
0
0
0
0
0
0
0
0
0
0
0
0
0
0
0
0
0
0
0
0
0
0
0
0
0
0
0
0
0
0
0
0
0
0
0
0
0
0
0
0
0
0
0
0
0
0
0
0
0
0
0
0
0
0
0
0
0
0
0
0
0
0
0
0
0
0
0
0
0
0
0
0
0
0
0
0
0
0
0
0
0
0
0
0
0
0
0
0
0
0
0
0
0
0
0
0
0
0
0
0
0
0
0
0
0
0
0
0
0
0
0
0
0
0
0
0
0
0
0
0
0
0
0
0
0
0
0
0
0
0
0
0
0
0
0
0
0
0
0
0
0
0
0
0
0
0
0
0
0
0
0
0
0
0
0
0
0
0
0
0
0
0
0
0
0
0
0
0
0
0
0
0
0
0
0
0
0
0
0
0
0
0
0
0
0
0
0
0
0
0
0
0
0
0
0
0
0
0
0
0
0
0
0
0
0
0
0
0
0
0
0
0
0
0
0
0
0
0
0
0
0
0
0
0
0
0
0
0
0
0
0
0
0
0
0
0
0
0
0
0
0
0
0
0
0
0
0
0
0
0
0
0
0
0
0
0
0
0
0
0
0
0
0
0
0
0
0
0
0
0
0
0
0
0
0
0
0
0
0
0
0
0
0
0
0
0
0
0
0
0
0
0
0
0
0
0
0
0
0
0
0
0
0
0
0
0
0
0
0
0
0
0
0
0
0
0
0
0
0
0
0
0
0
0
0
0
0
0
0
0
0
0
0
0
0
0
0
0
0
0
0
0
0
0
0
0
0
0
0
0
0
0
0
0
0
0
0
0
0
0
0
0
0
0
0
0
0
0
0
0
0
0
0
0
0
0
0
0
0
0
0
0
0
0
0
0
0
0
0
0
0
0
0
0
0
0
0
0
0
0
0
0
0
0
0
0
0
0
0
0
0
0
0
0
0
0
0
0
0
0
0
0
0
0
0
0
0
0
0
0
0
0
0
0
0
0
0
0
0
0
0
0
0
0
0
0
0
0
0
0
0
0
0
0
0
0
0
0
0
0
0
0
0
0
0
0
0
0
0
0
0
0
0
0
0
0
0
0
0
0
0
0
0
0
0
0
0
0
0
0
0
0
0
0
0
0
0
0
0
0
0
0
0
0
0
0
0
0
0
0
0
0
0
0
0
0
0
0
0
0
0
0
0
0
0
0
0
0
0
0
0
0
0
0
0
0
0
0
0
0
0
0
0
0
0
0
0
0
0
0
0
0
0
0
0
0
0
0
0
0
0
0
0
0
0
0
0
0
0
0
0
0
0
0
0
0
0
0
0
0
0
0
0
0
0
0
0
0
0
0
0
0
0
0
0
0
0
0
0
0
0
0
0
0
0
0
0
0
0
0
0
0
0
0
0
0
0
0
0
0
0
0
0
0
0
0
0
0
0
0
0
0
0
0
0
0
0
0
0
0
0
0
0
0
0
0
0
0
0
0
0
0
0
0
0
0
0
0
0
0
0
0
0
0
0
0
0
0
0
0
0
0
0
0
0
0
0
0
0
0
0
0
0
0
0
0
0
0
0
0
0
0
0
0
0
0
0
0
0
0
0
0
0
0
0
0
0
0
0
0
0
0
0
0
0
0
0
0
0
0
0
0
0
0
0
0
0
0
0
0
0
0
0
0
0
0
0
0
0
0
0
0
0
0
0
0
0
0
0
0
0
0
0
0
0
0
0
0
0
0
0
0
0
0
0
0
0
0
0
0
0
0
0
0
0
0
0
0
0
0
0
0
0
0
0
0
0
0
0
0
0
0
0
0
0
0
0
0
0
0
0
0
0
0
0
0
0
0
0
0
0
0
0
0
0
0
0
0
0
0
0
0
0
0
0
0
0
0
0
0
0
0
0
0
0
0
0
0
0
0
0
0
0
0
0
0
0
0
0
0
0
0
0
0
0
0
0
0
0
0
0
0
0
0
0
0
0
0
0
0
0
0
0
0
0
0
0
0
0
0
0
0
0
0
0
0
0
0
0
0
0
0
0
0
0
0
0
0
0
0
0
0
0
0
0
0
0
0
0
0
0
0
0
0
0
0
0
0
0
0
0
0
0
0
0
0
0
0
0
0
0
0
0
0
0
0
0
0
0
0
0
0
0
0
0
0
0
0
0
0
0
0
0
0
0
0
0
0
0
0
0
0
0
0
0
0
0
0
0
0
0
0
0
0
0
0
0
0
0
0
0
0
0
0
0
0
0
0
0
0
0
0
0
0
0
0
0
0
0
0
0
0
0
0
0
0
0
0
0
0
0
0
0
0
0
0
0
0
0
0
0
0
0
0
0
0
0
0
0
0
0
0
0
0
0
0
0
0
0
0
0
0
0
0
0
0
0
0
0
0
0
0
0
0
0
0
0
0
0
0
0
0
0
0
0
0
0
0
0
0
0
0
0
0
0
0
0
0
0
0
0
0
0
0
0
0
0
0
0
0
0
0
0
0
0
0
0
0
0
0
0
0
0
0
0
0
0
0
0
0
0
0
0
0
0
0
0
0
0
0
0
0
0
0
0
0
0
0
0
0
0
0
0
0
0
0
0
0
0
0
0
0
0
0
0
0
0
0
0
0
0
0
0
0
0
0
0
0
0
0
0
0
0
0
0
0
0
0
0
0
0
0
0
0
0
0
0
0
0
0
0
0
0
0
0
0
0
0
0
0
0
0
0
0
0
0
0
0
0
0
0
0
0
0
0
0
0
0
0
0
0
0
0
0
0
0
0
0
0
0
0
0
0
0
0
0
0
0
0
0
0
0
0
0
0
0
0
0
0
0
0
0
0
0
0
0
0
0
0
0
0
0
0
0
0
0
0
0
0
0
0
0
0
0
0
0
0
0
0
0
0
0
0
0
0
0
0
0
0
0
0
0
0
0
0
0
0
0
0
0
0
0
0
0
0
0
0
0
0
0
0
0
0
0
0
0
0
0
0
0
0
0
0
0
0
0
0
0
0
0
0
0
0
0
0
0
0
0
0
0
0
0
0
0
0
0
0
0
0
0
0
0
0
0
0
0
0
0
0
0
0
0
0
0
0
0
0
0
0
0
0
0
0
0
0
0
0
0
0
0
0
0
0
0
0
0
0
0
0
0
0
0
0
0
0
0
0
0
0
0
0
0
0
0
0
0
0
0
0
0
0
0
0
0
0
0
0
0
0
0
0
0
0
0
0
0
0
0
0
0
0
0
0
0
0
0
0
0
0
0
0
0
0
0
0
0
0
0
0
0
0
0
0
0
0
0
0
0
0
0
0
0
0
0
0
0
0
0
0
0
0
0
0
0
0
0
0
0
0
0
0
0
0
0
0
0
0
0
0
0
0
0
0
0
0
0
0
0
0
0
0
0
0
0
0
0
0
0
0
0
0
0
0
0
0
0
0
0
0
0
0
0
0
0
0
0
0
0
0
0
0
0
0
0
0
0
0
0
0
0
0
0
0
0
0
0
0
0
0
0
0
0
0
0
0
0
0
0
0
0
0
0
0
0
0
0
0
0
0
0
0
0
0
0
0
0
0
0
0
0
0
0
0
0
0
0
0
0
0
0
0
0
0
0
0
0
0
0
0
0
0
0
0
0
0
0
0
0
0
0
0
0
0
0
0
0
0
0
0
0
0
0
0
0
0
0
0
0
0
0
0
0
0
0
0
0
0
0
0
0
0
0
0
0
0
0
0
0
0
0
0
0
0
0
0
0
0
0
0
0
0
0
0
0
0
0
0
0
0
0
0
0
0
0
0
0
0
0
0
0
0
0
0
0
0
0
0
0
0
0
0
0
0
0
0
0
0
0
0
0
0
0
0
0
0
0
0
0
0
0
0
0
0
0
0
0
0
0
0
0
0
0
0
0
0
0
0
0
0
0
0
0
0
0
0
0
0
0
0
0
0
0
0
0
0
0
0
0
0
0
0
0
0
0
0
0
0
0
0
0
0
0
0
0
0
0
0
0
0
0
0
0
0
0
0
0
0
0
0
0
0
0
0
0
0
0
0
0
0
0
0
0
0
0
0
0
0
0
0
0
0
0
0
0
0
0
0
0
0
0
0
0
0
0
0
0
0
0
0
0
0
0
0
0
0
0
0
0
0
0
0
0
0
0
0
0
0
0
0
0
0
0
0
0
0
0
0
0
0
0
0
0
0
0
0
0
0
0
0
0
0
0
0
0
0
0
0
0
0
0
0
0
0
0
0
0
0
0
0
0
0
0
0
0
0
0
0
0
0
0
0
0
0
0
0
0
0
0
0
0
0
0
0
0
0
0
0
0
0
0
0
0
0
0
0
0
0
0
0
0
0
0
0
0
0
0
0
0
0
0
0
0
0
0
0
0
0
0
0
0
0
0
0
0
0
0
0
0
0
0
0
0
0
0
0
0
0
0
0
0
0
0
0
0
0
0
0
0
0
0
0
0
0
0
0
0
0
0
0
0
0
0
0
0
0
0
0
0
0
0
0
0
0
0
0
0
0
0
0
0
0
0
0
0
0
0
0
0
0
0
0
0
0
0
0
0
0
0
0
0
0
0
0
0
0
0
0
0
0
0
0
0
0
0
0
0
0
0
0
0
0
0
0
0
0
0
0
0
0
0
0
0
0
0
0
0
0
0
0
0
0
0
0
0
0
0
0
0
0
0
0
0
0
0
0
0
0
0
0
0
0
0
0
0
0
0
0
0
0
0
0
0
0
0
0
0
0
0
0
0
0
0
0
0
0
0
0
0
0
0
0
0
0
0
0
0
0
0
0
0
0
0
0
0
0
0
0
0
0
0
0
0
0
0
0
0
0
0
0
0
0
0
0
0
0
0
0
0
0
0
0
0
0
0
0
0
0
0
0
0
0
0
0
0
0
0
0
0
0
0
0
0
0
0
0
0
0
0
0
0
0
0
0
0
0
0
0
0
0
0
0
0
0
0
0
0
0
0
0
0
0
0
0
0
0
0
0
0
0
0
0
0
0
0
0
0
0
0
0
0
0
0
0
0
0
0
0
0
0
0
0
0
0
0
0
0
0
0
0
0
0
0
0
0
0
0
0
0
0
0
0
0
0
0
0
0
0
0
0
0
0
0
0
0
0
0
0
0
0
0
0
0
0
0
0
0
0
0
0
0
0
0
0
0
0
0
0
0
0
0
0
0
0
0
0
0
0
0
0
0
0
0
0
0
0
0
0
0
0
0
0
0
0
0
0
0
0
0
0
0
0
0
0
0
0
0
0
0
0
0
0
0
0
0
0
0
0
0
0
0
0
0
0
0
0
0
0
0
0
0
0
0
0
0
0
0
0
0
0
0
0
0
0
0
0
0
0
0
0
0
0
0
0
0
0
0
0
0
0
0
0
0
0
0
0
0
0
0
0
0
0
0
0
0
0
0
0
0
0
0
0
0
0
0
0
0
0
0
0
0
0
0
0
0
0
0
0
0
0
0
0
0
0
0
0
0
0
0
0
0
0
0
0
0
0
0
0
0
0
0
0
0
0
0
0
0
0
0
0
0
0
0
0
0
0
0
0
0
0
0
0
0
0
0
0
0
0
0
0
0
0
0
0
0
0
0
0
0
0
0
0
0
0
0
0
0
0
0
0
0
0
0
0
0
0
0
0
0
0
0
0
0
0
0
0
0
0
0
0
0
0
0
0
0
0
0
0
0
0
0
0
0
0
0
0
0
0
0
0
0
0
0
0
0
0
0
0
0
0
0
0
0
0
0
0
0
0
0
0
0
0
0
0
0
0
0
0
0
0
0
0
0
0
0
0
0
0
0
0
0
0
0
0
0
0
0
0
0
0
0
0
0
0
0
0
0
0
0
0
0
0
0
0
0
0
0
0
0
0
0
0
0
0
0
0
0
0
0
0
0
0
0
0
0
0
0
0
0
0
0
0
0
0
0
0
0
0
0
0
0
0
0
0
0
0
0
0
0
0
0
0
0
0
0
0
0
0
0
0
0
0
0
0
0
0
0
0
0
0
0
0
0
0
0
0
0
0
0
0
0
0
0
0
0
0
0
0
0
0
0
0
0
0
0
0
0
0
0
0
0
0
0
0
0
0
0
0
0
0
0
0
0
0
0
0
0
0
0
0
0
0
0
0
0
0
0
0
0
0
0
0
0
0
0
0
0
0
0
0
0
0
0
0
0
0
0
0
0
0
0
0
0
0
0
0
0
0
0
0
0
0
0
0
0
0
0
0
0
0
0
0
0
0
0
0
0
0
0
0
0
0
0
0
0
0
0
0
0
0
0
0
0
0
0
0
0
0
0
0
0
0
0
0
0
0
0
0
0
0
0
0
0
0
0
0
0
0
0
0
0
0
0
0
0
0
0
0
0
0
0
0
0
0
0
0
0
0
0
0
0
0
0
0
0
0
0
0
0
0
0
0
0
0
0
0
0
0
0
0
0
0
0
0
0
0
0
0
0
0
0
0
0
0
702
1701
2701
3701
4701
5701
6701
7701
8701
410
3
0
3
2
4
4
4
4
3
3
4
