3.70319
3.04
1.6
0.96
3.36
3.36
2.56
3.52
4.96
4.96
4
3.04
3.76
3.52
4.16
2.72
2.88
2.56
1.28
2.24
4
2.24
2.4
3.04
3.84
3.84
2.24
2.4
3.2
4.48
3.04
3.52
3.36
3.2
3.84
2.56
4
1.6
2.72
5.92
4.48
3.52
2.88
4.16
2.08
3.36
5.76
3.68
2.72
4.16
5.28
3.68
3.2
2.88
3.52
2.72
1.76
4.32
3.36
4.48
3.2
3.2
4.64
3.68
4
3.36
4.16
4.32
3.36
4.96
3.68
3.84
3.52
3.36
3.2
2.56
3.36
4.64
3.84
4.48
4
4
4.48
5.44
3.84
4
3.52
2.72
4.16
3.52
4.64
4.32
3.36
4.8
2.56
3.04
4.8
4.96
2.72
3.84
6.08
4.46815
4.65778
2.72
4.96
4.32
3.68
4
4.48
5.92
4.96
3.68
6.4
3.52
4
5.12
4
4.48
3.76
4.48
7.68
3.52
4.8
5.28
4.56
3.36
5.04
5.28
2.56
3.2
4.32
3.2
4.48
4.8
3.84
4.8
4.8
5.76
4.32
4.8
3.68
3.04
3.52
4.48
5.44
4.48
3.68
4.48
4.8
4.16
4.16
2.24
3.84
4
4.16
4.32
5.12
3.52
3.68
3.84
4
3.52
5.12
3.2
4.64
3.52
5.12
3.84
4
5.28
2.88
4.48
4.8
4.96
4.32
4
4
3.2
3.52
4.8
4.96
3.84
4.32
3.36
5.28
3.36
4
3.68
4.48
3.36
1.6
3.68
3.84
4.64
4.32
4
5.44
5.12
5.12
4.96
3.2
5.01333
3.36
4.48
3.52
3.36
5.44
5.12
5.04
6.56
3.62667
5.6
4.8
7.04
4.48
3.46667
6.08
4.84
5.44
4.32
3.36
6.24
7.84
3.52
3.84
6.08
3.2
5.6
4.48
3.36
5.28
3.04
3.84
4.96
3.68
5.12
3.2
4.4
9.28
4.32
3.36
7.52
3.52
5.12
4.8
6.08
3.36
4.32
4.8
4.8
4.48
6.56
5.6
5.76
5.28
4.16
6.4
3.04
4
4.96
6.08
4.16
5.92
3.84
4.48
5.28
2.24
6.24
2.88
6.56
3.2
4.96
3.52
5.6
4.8
4.96
3.84
3.36
5.28
5.28
8.16
4.32
3.68
7.84
5.12
4.16
2.08
5.12
4.8
5.28
4
3.36
4.48
4.48
5.44
7.52
3.84
7.84
3.04
5.28
3.36
3.68
4.8
4.96
1.6
4.32
4.64
4.32
4.48
4.32
4.32
4.96
2.88
4.8
6.24
4.32
4.8
5.28
4.48
7.2
3.04
3.84
4
6.4
3.04
6.24
4.16
3.84
8.48
3.68
5.44
5.28
4.16
5.44
3.84
5.92
4.64
6.24
4
5.76
4.8
4.64
6.88
4.32
2.88
4.64
3.68
4.8
4.16
5.28
4.96
6.4
3.68
3.2
2.72
6.08
4.16
4
4.32
6.24
3.04
5.76
2.88
3.84
4.48
5.28
4.8
4
6.4
4.16
3.52
6.88
4.96
2.88
5.6
4
5.76
4.32
4.64
6.56
4.8
5.12
3.36
4
3.2
4.8
4.16
3.84
4.48
5.6
3.84
4.32
3.2
4.48
3.68
4.96
3.68
4.32
4.64
4
6.72
3.68
4.48
3.36
4
4.8
4
5.6
5.44
4.96
3.68
4.8
6.24
4.16
4.16
5.76
5.28
4.64
6.88
4.48
7.2
2.72
5.28
5.12
4.64
3.68
5.12
4.96
4.96
6.56
4.16
4.48
5.76
4.16
4.48
3.04
5.12
4.64
2.4
4.8
5.92
2.24
4.48
5.92
4
6.72
5.12
4.32
5.92
2.88
4.96
3.2
3.84
6.4
4.48
4.32
3.68
3.84
4
5.6
1.92
4.16
3.36
4
4.32
2.4
3.68
5.44
2.4
4.48
4
5.76
3.52
3.36
4
3.68
3.04
4.16
5.12
4.16
3.52
4.8
3.68
4.16
6.24
3.68
4.96
4.48
4.96
4.8
4
5.28
4.64
6.4
4.16
5.44
4.64
4
5.6
1.6
5.12
4.64
4.96
4.32
3.84
5.76
4.96
4.64
3.68
5.12
6.72
4.16
3.04
4.96
4.64
4.48
3.68
4.96
4.8
3.2
3.04
6.88
4.8
5.12
3.04
4.16
4.96
4.48
4.48
4.48
6.72
4.16
2.88
4
4
3.04
3.68
5.12
3.52
4.16
4.48
3.84
3.84
4.48
3.84
5.6
4.16
4.48
4.16
3.04
6.56
4.8
3.52
4.96
4
2.72
3.68
5.12
3.04
4.32
5.12
4.32
2.56
3.52
2.56
3.52
4.16
3.2
3.04
3.36
2.56
3.52
3.04
3.36
3.52
3.04
4.16
2.56
2.88
3.2
3.2
2.24
2.56
2.24
2.4
2.4
2.72
2.72
3.84
3.2
2.88
4
3.36
4.48
3.04
2.24
3.36
1.44
2.56
2.56
1.44
2.72
2.24
2.88
1.92
2.08
2.72
2.72
2.72
3.52
1.76
2.56
3.52
1.6
2.4
1.44
1.76
2.4
1.12
3.2
2.88
2.08
2.4
2.08
1.92
3.52
2.56
2.4
3.2
2.72
2.4
2.72
2.4
1.92
3.04
3.36
2.4
4.16
3.36
2.24
2.24
3.52
1.44
1.92
3.52
3.2
2.24
3.36
2.24
2.24
4.8
2.24
1.28
2.72
0.96
2.08
3.36
3.04
1.6
0.96
2.4
2.08
3.04
2.56
1.76
2.72
2.88
2.24
3.2
3.2
1.92
0.8
2.56
1.92
2.24
1.12
2.56
2.24
2.56
3.04
1.6
3.52
2.56
2.56
2.4
2.08
3.52
0.96
1.76
1.6
1.44
2.24
0.96
2.72
1.28
1.76
1.44
2.08
3.04
1.28
2.24
1.6
2.88
1.28
2.4
1.12
1.28
2.08
2.24
1.44
2.08
2.4
2.4
2.88
2.88
1.92
3.52
1.76
2.24
1.76
2.56
1.92
0.8
2.08
0.96
3.04
2.72
2.24
1.76
2.72
4.48
2.4
3.36
2.56
2.24
1.92
3.04
2.24
0.48
0.8
1.6
1.44
1.44
1.6
1.12
3.04
4
2.24
2.24
2.24
2.4
2.4
1.76
2.4
0.96
2.4
0.8
1.12
1.44
1.6
2.24
2.4
2.24
1.76
3.04
2.24
3.52
2.08
2.4
1.28
1.92
2.4
1.12
0.96
0.64
1.28
1.12
1.28
1.76
1.28
3.04
1.6
3.52
2.08
2.4
2.88
2.88
1.92
1.76
1.6
0.96
0.8
0.48
0.48
1.76
1.6
2.88
2.4
2.4
3.04
2.08
1.6
1.44
2.4
1.76
2.56
1.28
1.76
1.12
0.8
1.44
1.44
1.92
3.04
2.08
4.48
1.44
3.84
1.12
2.4
3.2
1.44
2.24
2.08
1.44
1.92
1.12
2.4
1.44
3.04
2.4
3.04
1.76
3.84
2.4
2.72
1.76
2.24
1.6
2.4
1.6
1.28
1.6
2.56
1.92
2.08
3.2
2.72
3.52
2.56
2.24
1.92
2.4
3.04
3.36
1.76
1.44
1.12
0.96
2.24
2.24
1.76
3.04
1.92
3.2
2.56
2.56
1.6
1.44
1.92
1.28
0.96
0.8
1.12
1.12
1.28
2.08
0.96
2.88
1.92
2.72
2.72
3.2
1.44
1.28
1.6
0.8
1.28
1.44
0.8
0.96
1.44
1.92
2.4
2.08
2.08
2.72
3.36
2.08
1.44
1.12
0.96
0.48
1.28
0.8
1.44
0.8
1.44
0.96
1.76
1.92
2.4
1.28
2.24
2.88
2.24
1.92
1.6
0.48
1.28
0
1.6
1.28
1.76
1.44
1.92
2.24
2.08
1.6
2.08
0.48
1.76
2.56
2.08
1.28
2.08
1.12
1.76
0.8
2.24
0.8
1.92
2.4
2.08
2.56
2.4
1.44
2.24
2.08
1.44
1.6
1.76
0.48
1.44
0.8
2.4
0.8
2.24
1.44
1.76
1.92
2.88
3.04
2.24
1.44
1.12
0.64
1.12
1.12
1.12
0.96
1.76
2.24
2.08
2.4
2.4
2.08
2.56
2.56
1.6
2.56
1.92
1.44
1.76
1.04
0.64
1.76
1.12
2.24
0.64
2.4
2.56
1.92
1.44
1.12
0.64
1.6
0.32
1.28
0.32
0.64
1.92
1.28
1.12
1.12
1.44
1.76
1.92
2.08
2.88
1.28
1.12
1.28
2.24
1.28
1.6
1.12
1.28
1.44
2.56
1.28
1.92
1.28
1.6
1.76
2.88
1.44
2.08
1.76
1.28
0.8
2.56
1.44
0.8
1.6
1.28
1.12
1.6
1.28
1.12
1.44
1.76
1.92
2.4
2.08
2.24
1.44
1.12
2.08
2.4
1.44
1.28
1.44
1.76
1.12
1.76
1.92
2.56
1.6
2.56
1.44
3.2
3.04
1.44
3.36
1.76
1.76
1.44
1.6
1.76
1.12
1.28
1.92
3.04
0.48
3.68
1.76
2.88
1.44
1.6
2.88
1.44
2.24
0.64
1.76
1.44
1.76
1.6
1.76
2.4
1.92
2.24
1.44
2.72
1.12
2.56
2.24
1.6
1.76
1.12
0.8
2.24
1.12
2.08
1.44
2.08
2.24
2.08
2.88
2.08
1.76
2.88
1.92
1.44
0.96
0.32
0.96
0.96
1.28
1.44
1.12
2.24
1.12
2.4
0.64
2.4
2.08
2.08
1.12
0.8
1.28
0.32
1.6
0.8
2.08
0.64
1.28
1.76
1.44
1.92
1.12
1.44
1.28
1.6
1.28
0.96
1.6
0.96
2.4
0.96
2.88
1.6
2.08
0.48
2.88
0.64
1.28
1.28
1.44
1.92
2.4
1.6
1.92
2.08
3.52
1.76
2.56
1.92
1.92
1.76
2.4
2.08
0.48
1.44
3.2
0.96
2.08
1.6
2.24
2.56
2.56
1.44
3.68
1.92
2.4
2.24
2.08
2.4
1.92
1.76
1.76
3.04
1.76
2.4
2.56
2.08
2.72
1.6
2.24
2.88
2.24
1.44
2.56
2.4
1.28
1.92
1.92
0.96
1.76
2.24
2.4
1.28
2.4
2.4
2.4
2.72
2.72
1.44
2.24
1.28
1.28
2.08
1.76
1.6
1.28
1.76
1.12
1.92
1.76
1.92
1.76
1.92
3.36
1.76
1.76
2.4
1.92
1.44
1.92
1.6
0.96
1.6
0.8
1.76
1.12
1.44
1.12
1.92
2.72
2.24
1.6
1.92
1.28
1.76
1.12
1.28
0.32
0.96
0.8
1.92
1.44
1.6
0.8
2.4
1.44
1.6
1.76
1.28
1.76
0.8
0.8
1.76
0.8
1.44
0.48
2.08
0.8
1.44
1.12
2.24
1.28
1.12
0.96
2.24
0.64
0.96
1.12
0.8
0.8
0.64
1.44
0.8
0.96
0.96
0.64
1.6
0.48
2.08
1.44
1.44
1.28
1.12
1.6
1.28
1.44
1.44
1.12
0.64
1.12
0.8
0.8
0.8
0.32
1.76
0.32
1.44
0.64
0.8
1.44
1.44
1.6
1.44
1.28
1.6
0.96
1.92
1.12
0.96
1.28
0.8
0.8
1.44
1.92
1.28
2.4
1.6
2.08
0.64
1.92
1.6
1.6
1.92
0.48
0.48
1.12
1.44
1.28
1.6
1.12
0.96
1.28
2.08
1.76
1.76
1.76
0.64
0.16
0.48
1.12
0.8
0.8
0.96
0.96
1.12
1.6
1.92
1.76
1.12
1.44
1.12
1.28
0.64
0.48
0.64
0.48
0.32
0.16
0
0.32
0.64
1.12
0.32
1.76
0.64
0.48
1.28
1.12
0
1.28
0.48
0.64
0.32
0.32
0.8
0.64
2.08
0.96
1.6
0.48
1.44
0.48
0.8
0.48
0.8
0.32
0.8
0.8
0.8
0.48
0.8
0.16
0.96
0.16
1.76
0.48
0.8
0.32
0.48
0.48
0.64
0.48
0.96
0.64
1.44
0.48
0.64
0.32
0.8
0.16
0.96
0.32
1.6
0.32
0.96
0.64
0.96
0.64
0.96
0.48
0.8
1.28
0.48
0.16
0.64
0.32
0.64
0.32
0.64
0.8
0.64
2.08
2.72
2.72
2.24
1.76
1.92
2.88
3.36
2.56
1.28
1.12
0.32
0.48
2.24
1.44
1.76
1.44
1.6
1.92
1.76
1.92
2.56
1.92
1.6
2.72
2.4
2.72
4.16
4
4.48
5.76
5.6
5.12
3.84
5.76
5.76
6.08
4.48
7.04
4.48
8.64
4.8
4.96
1.6
3.68
2.4
2.4
2.56
1.6
1.92
6.88
6.08
6.88
5.12
7.36
7.52
5.6
5.44
5.76
7.84
7.52
9.28
4.32
6.4
6.88
6.56
4.16
5.12
5.44
6.08
5.12
2.72
5.6
5.28
4.64
6.56
4
4
5.28
6.08
6.56
5.28
4.96
4.96
5.44
4.48
4.48
1.28
3.2
4
4.96
3.04
1.76
2.08
2.56
4
3.04
3.36
5.28
5.44
3.2
1.76
4.32
3.36
4.48
5.6
5.76
6.88
6.4
5.12
5.28
4.64
4.16
4
4
5.12
2.56
3.68
2.88
3.04
2.4
3.2
1.12
6.08
4.16
3.52
3.04
3.52
7.52
3.2
2.88
6.4
5.92
3.52
3.2
3.52
4
4.48
2.56
2.56
2.4
4.96
1.92
3.84
4.48
3.52
6.56
4.16
3.2
3.04
2.08
2.72
1.76
0.48
1.44
1.6
0.96
2.24
2.24
1.12
2.08
1.12
0.8
0.64
2.08
1.92
2.24
3.68
2.24
2.24
2.08
1.28
1.28
1.6
1.28
1.12
0.48
0.8
0
0.32
0.64
0.96
2.08
3.2
1.76
3.36
2.08
0.96
1.6
0.8
1.12
2.24
0.48
1.76
3.36
0.8
1.44
2.24
0.88
0
0
0.8
0.48
2.56
2.24
3.2
2.72
2.4
0.64
0.8
0.16
0.8
1.92
3.2
2.4
1.92
2.08
1.44
0.96
1.76
0.32
0.48
0.56
0.64
0.8
2.88
0.64
0.32
1.76
1.28
1.12
0.32
1.12
1.6
1.76
1.12
1.92
2.24
1.28
0.48
1.12
1.92
0.8
0.16
0.48
1.44
0.8
0.64
1.44
0.8
1.28
1.28
1.76
0.8
1.92
0.64
0.48
0.64
0.32
0.96
0.64
1.12
0.64
0.8
0.96
0.64
0.32
0.32
1.92
1.12
3.52
1.44
4
4.32
5.12
1.12
0.8
1.12
1.6
4
3.2
1.44
0.96
0.96
3.36
0.96
3.68
6.88
2.4
1.76
1.92
1.76
2.08
2.24
2.24
1.44
1.44
1.28
1.92
7.2
5.92
3.52
4.96
3.52
4.16
2.08
4
1.76
1.44
1.92
2.24
2.4
2.88
3.36
2.72
1.76
5.28
4.48
3.36
3.04
4
4.16
3.84
1.6
2.4
2.08
5.44
6.88
4.32
4.8
3.68
6.72
1.44
1.44
3.04
1.92
5.12
5.92
6.56
2.08
6.72
5.76
6.4
4.16
2.4
3.2
3.36
5.76
6.72
6.72
2.24
2.72
2.56
1.92
2.4
2.88
3.84
5.28
3.52
9.12
11.2
7.2
9.12
6.4
5.28
3.84
4.96
4.16
4
2.88
4.16
5.28
2.72
4.16
4.64
4.16
7.68
6.88
4.48
6.08
4.16
5.76
4.64
4.32
5.12
4.48
2.88
0.96
1.12
5.28
2.08
1.92
3.52
3.84
7.84
5.12
4.32
4
3.84
9.44
8.48
7.84
8.96
7.68
8.16
7.52
7.36
6.56
3.68
6.88
4.8
4
3.68
8.64
4.96
5.76
5.76
5.12
4.96
4.16
5.6
5.28
8.8
11.04
10.24
7.04
6.56
5.28
3.52
8
5.44
6.72
6.08
6.08
4.32
4
4.64
5.6
9.28
8.48
5.76
3.04
2.88
6.08
8.96
4.32
4.8
2.08
5.76
4.16
5.44
5.12
1.76
1.12
4.96
6.4
6.72
5.92
4.8
3.2
1.6
4
4.64
2.56
2.72
2.88
4
2.24
2.24
1.44
6.24
4.8
2.24
4.32
1.44
5.44
5.6
5.12
6.4
5.92
5.92
3.36
1.28
6.56
9.12
4.8
3.2
5.44
2.4
3.2
1.92
3.36
5.76
2.72
3.84
8
7.04
7.36
8.16
6.72
5.44
8.32
8.32
8.64
14.88
8.32
5.92
10.24
12
12.8
10.08
8
7.68
13.28
9.6
6.72
7.36
6.08
8.8
7.84
7.84
6.88
7.52
8.16
7.52
4.32
10.08
8.96
11.84
8.96
11.68
12.16
9.6
12.96
9.28
8.48
9.12
8.48
8.32
8.32
13.44
10.4
12.48
9.6
7.84
7.2
10.88
12.64
10.56
9.12
11.04
13.12
10.56
11.2
11.68
13.92
12.48
9.44
8.8
9.44
10.72
8
8
10.4
4.16
10.72
10.08
12.8
7.84
9.76
8.64
9.76
7.2
8.96
14.24
11.52
10.88
10.4
11.52
12.8
12.64
12.48
13.44
11.68
7.36
14.4
11.68
13.28
13.92
12.64
13.12
13.76
9.92
14.4
11.52
11.04
7.52
13.12
10.88
12.96
9.44
14.08
14.08
6.4
10.56
5.92
10.72
13.12
14.08
14.56
12.8
8.32
10.4
9.92
8.16
8.8
11.52
12
12.16
13.12
10.88
13.92
12.48
6.88
12.96
10.88
12.32
14.08
11.84
7.84
8.32
8.48
8.96
10.72
11.36
14.4
9.44
10.56
10.72
10.08
10.88
14.4
7.04
14.72
10.56
7.84
10.72
9.44
10.88
17.28
14.56
16.32
14.08
14.24
13.92
13.28
13.76
15.68
11.2
13.44
15.68
8.48
5.28
9.28
8.96
8.8
11.68
11.04
9.76
9.44
9.12
9.6
11.68
11.52
14.08
13.6
14.08
13.76
15.68
12.64
10.88
7.52
12.96
14.24
12.32
13.6
13.44
8.64
8.8
13.12
14.08
13.76
13.92
12.48
12.96
13.76
12.64
13.6
11.04
12
12.16
7.2
13.76
11.84
10.72
11.84
12
10.56
7.84
10.88
9.44
11.52
11.68
10.24
11.52
14.24
14.08
12.16
12
8
6.08
12.32
12
12.32
12.8
10.88
12
13.76
10.4
14.24
14.08
11.36
16
15.68
11.36
10.08
12.96
13.76
14.24
13.92
7.68
13.6
8
12.64
12.32
11.04
13.92
13.92
12
11.84
14.08
13.28
12.48
15.84
11.2
14.88
15.2
10.08
7.36
5.92
12.32
10.88
12.48
15.04
14.24
16.48
14.88
13.92
13.44
12.8
13.92
12.64
13.44
12.32
11.68
11.04
13.6
11.2
13.44
6.24
9.6
14.88
11.04
13.76
17.44
14.56
14.56
14.08
15.36
16.16
13.12
15.52
11.52
10.72
14.08
16
14.4
15.52
7.84
14.72
13.76
10.56
12.48
10.56
14.56
15.2
14.72
14.56
13.76
15.2
15.68
16.48
14.72
16.16
15.84
17.12
14.88
13.44
8.64
15.68
12.64
9.76
9.28
11.68
9.44
8.8
9.76
15.04
10.88
16
16.64
13.44
13.44
16
13.28
17.44
13.92
7.84
16.8
17.6
15.36
16.32
15.2
16.48
17.28
14.88
15.52
14.88
14.08
15.68
15.04
10.56
16.16
12.32
8.8
11.84
12.64
8.48
16.16
10.56
10.08
15.36
11.84
16.64
10.08
14.88
15.2
16.64
16
16.32
16.48
12.48
16.48
15.84
17.28
15.04
6.72
15.68
14.08
17.6
17.12
14.88
16.32
16.64
16.8
16.8
15.36
15.84
13.6
14.88
13.44
15.2
8.96
12
14.56
10.56
8.16
16.64
16.48
11.52
8.96
8.16
12.16
16.48
15.52
17.44
14.08
15.2
15.2
18.24
15.84
16.8
13.6
16.32
15.36
8.48
14.88
16
16
13.28
13.76
14.56
16
15.04
15.68
15.2
15.2
18.4
12.64
17.44
14.24
15.04
15.84
13.76
14.88
8.16
16.48
13.6
16.64
14.72
11.68
11.04
13.76
12.8
17.28
14.56
8
9.28
13.44
12.8
16
17.44
13.28
18.08
8.8
18.08
13.92
14.4
14.72
15.04
16
17.28
17.76
15.2
14.56
11.04
16.8
14.72
13.76
13.92
15.2
16.8
16.96
15.04
8.96
16
14.56
16.48
14.24
15.04
14.56
13.12
15.84
11.68
14.24
18.24
16.64
14.88
17.12
15.52
15.2
15.52
15.52
6.72
14.24
16.8
13.76
14.88
14.24
12.48
15.2
14.88
16.96
8.8
12.48
11.84
15.84
16.8
14.72
13.44
12.64
14.56
15.52
9.44
15.84
15.84
16.64
13.6
16.96
15.04
14.08
16.64
18.08
16.8
16.64
15.84
13.76
15.68
16.64
17.12
14.08
6.08
11.68
14.56
17.28
15.68
15.36
15.52
11.36
8.8
8.48
16.48
18.24
17.12
16
16.48
16.48
17.12
14.56
14.88
16.48
7.68
18.4
13.12
14.24
12.48
17.28
15.04
16
12.96
11.84
14.88
13.92
17.6
16.8
16.16
12.8
14.56
15.04
15.36
8.64
12.64
16
11.36
18.24
15.36
15.2
15.84
13.6
17.44
17.6
15.52
15.52
10.08
12.32
16.16
16.32
16.32
18.72
15.36
9.12
12.48
16.32
16.8
16.32
16.16
17.76
18.08
16.64
16.16
17.28
8
13.92
13.44
16.48
16.48
17.44
16.64
10.88
9.6
16.48
17.6
17.68
16.64
16
18.4
16.64
12
18.4
18.4
11.52
18.88
15.68
15.84
15.36
14.24
16.64
9.12
8.48
13.44
14.24
18.72
16
14.4
14.56
13.44
16.48
16.48
16.48
16
15.36
16.32
16.16
15.36
16.32
16.64
16.8
7.84
17.28
15.52
14.24
13.44
14.72
16.16
17.28
14.08
16.96
15.84
15.52
14.88
17.76
15.84
14.72
14.56
12.8
15.36
16
9.28
15.84
15.2
15.04
12.32
14.88
16.64
16.96
15.84
16.96
14.64
14.08
15.2
18.08
14.88
17.76
13.76
12.8
9.6
10.4
17.92
15.68
17.44
14.4
16.16
15.84
15.84
9.12
16.96
15.36
7.84
8.64
8
6.88
6.72
17.44
7.52
2.4
1.92
3.04
7.36
15.52
17.76
18.56
8.64
2.72
1.6
1.12
0.48
0.96
2.08
2.4
1.76
0.96
1.92
1.6
0.64
0.8
1.12
1.12
1.44
1.44
1.12
0.8
1.44
0.96
1.28
1.44
2.4
0.8
1.44
1.12
0.96
0.96
1.6
0.8
0.96
1.12
1.44
1.28
1.28
2.08
1.28
0.96
1.12
1.12
1.44
1.6
1.28
0.96
0.48
1.92
1.44
2.08
0.96
1.12
0.64
1.44
1.28
0.32
0.96
0.64
0.64
0.96
1.12
0.96
0.8
1.12
0.32
0.48
1.12
1.44
1.28
0.48
0.48
1.12
0.64
1.12
0.96
0.8
0.64
0.4
0.32
0.32
0.16
0.96
0.32
0.96
0.16
0.32
0.48
0
0.8
0
0.48
0.64
0.32
0.32
0.48
0.48
0.48
0.8
0.32
0.32
0.64
0.32
0.48
0
0.96
0.48
0.32
0.32
0.32
0.64
0.48
0.8
0.16
0.48
0.32
0.8
0.48
0.24
0.48
0
0.64
0.8
0.96
0.32
0
0.48
0.32
0.48
0.64
0.32
0.16
0.24
0.24
0.16
0.8
0.32
0.48
0.64
0.32
0.16
0.32
0.16
0.64
0.48
0.64
0.48
0.32
0.48
0.16
0.16
0.64
0.16
0.48
0
1.12
0.32
0
0.4
0.8
0.8
0.48
0.48
0.48
0
0.16
0.32
0.48
0.8
0.16
0.16
1.28
0.32
0.8
0.32
0.32
0.48
0.64
0.32
0.8
0.8
0.96
0.64
0.32
0.48
0.8
0.48
0
0.16
0.32
0.96
0.8
0.32
0.32
0.48
0
0.64
0
0.48
0.64
0.48
0
0.32
0.96
0.32
0.16
0.8
0.32
0.32
0
0.32
0.32
0.16
0
0.32
0
0.32
0
0.16
0.48
0.8
0.8
0.32
0.8
0.8
0.32
0.56
0.32
0.32
0.32
0.16
0.32
0.32
0.32
1.12
0.32
0.48
0.16
0.8
0.16
0.4
0.16
0.8
0.56
0
0.48
0.48
0.16
0.32
0.32
0.48
0.56
0.64
0.48
0.16
0.48
0.16
0.48
0.32
0
0
0.8
0.48
0.16
0.64
0
0.48
0.32
0.48
0.48
0.08
0.16
1.28
0.64
0.32
0.48
0.32
0.16
0.16
0.16
0.64
