0
42000
0
0
196
806
171
828
0
0
0
999
0
1004
0
997
0
0
0
0
0
1
999
0
0
0
0
0
0
685
323
0
0
511
482
0
0
203
659
140
0
0
0
911
89
0
996
0
0
1001
0
0
0
0
0
2671
328
1000
1001
0
896
488
496
998
1000
1001
366
380
998
1999
1000
1001
84
917
402
1000
1004
0
1001
998
212
999
1002
2997
1
999
1000
1002
0
1001
0
505
138
1002
0
218
1003
0
689
238
999
1002
0
999
1002
335
669
1003
1000
998
0
1000
1000
1002
1003
126
875
1001
0
1003
998
1001
999
999
1198
802
2000
0
1001
0
601
1004
0
997
383
193
1005
0
998
999
999
2999
0
1000
1001
0
1000
209
663
339
998
538
595
394
609
298
776
234
991
2999
0
1000
480
522
44
1998
998
170
1001
1000
999
1000
1
1006
0
998
1000
658
1000
1005
0
1000
1138
859
3000
0
0
1000
1
63
276
728
471
1004
997
1001
0
1
1002
1001
998
999
481
996
2999
0
1000
1002
999
0
1000
1001
999
1001
2712
1
0
575
425
1000
1002
1001
0
1000
2001
0
692
313
1008
997
995
5
1002
0
1004
2749
245
1000
1006
1994
1000
0
2834
1166
0
0
1000
1005
0
1392
0
295
716
1004
0
1
1000
1003
3996
0
0
1000
1905
98
998
0
2001
0
999
4000
0
0
0
1000
1007
708
289
1001
0
885
482
217
1001
0
1001
1000
999
1003
1000
189
999
2000
4
414
589
391
434
545
801
203
1000
1001
0
1000
1003
997
629
1004
0
837
1006
0
999
999
188
1005
0
999
1001
744
1007
0
1000
1001
996
999
999
1001
1000
1000
1001
1002
999
998
997
1004
1000
1000
1000
1003
998
999
1000
1000
1001
997
1001
999
999
490
254
1006
0
1000
1000
1000
999
1000
999
437
84
1003
0
1000
1000
1000
1000
122
1004
0
1001
1002
998
1002
607
1005
0
1001
1002
1000
999
999
999
1000
1001
1001
1000
999
1002
1001
999
1002
1000
999
999
1000
1001
1000
999
1002
1000
999
999
1001
1006
997
997
1002
999
999
999
1001
1001
999
1000
1000
1000
1000
998
1001
1001
1002
998
999
1001
1000
998
1000
1000
1001
998
1003
999
1002
998
74
979
1008
999
1002
1002
998
999
1063
0
1010
0
1168
0
1008
0
1003
1000
1063
0
1011
0
1004
998
998
222
521
34
630
316
995
995
1009
1000
1005
995
998
1007
998
996
1002
1002
1000
996
1002
1001
1001
996
1002
1139
0
940
84
987
1009
0
1004
1000
1001
996
1006
996
1000
999
1002
1001
997
1002
1029
1007
0
1004
1001
999
998
1002
1000
1000
997
1003
1000
1000
997
1049
0
1009
0
1005
998
997
1000
1002
1001
998
999
1002
1001
998
999
1002
1000
999
1000
1001
1000
999
1001
170
978
1008
1000
1004
999
997
1000
1132
0
1009
0
1004
1002
994
1238
0
1009
0
1001
1002
999
998
1000
1004
998
998
1204
0
1009
0
1001
1000
999
1000
999
1003
1075
0
1009
0
1001
1002
996
1001
1000
1000
999
1002
999
1000
999
1001
999
1002
1000
1000
999
1124
0
1009
0
1001
1000
1000
1001
1000
1001
1000
999
1001
997
1001
1000
1002
997
1001
999
1001
999
1002
998
1001
999
713
424
991
1007
1001
1002
999
998
1003
1001
998
1000
1002
1000
1000
998
999
1002
714
379
1009
0
1001
1001
999
1002
999
998
1001
1002
1000
999
1000
999
1122
0
1010
0
1002
581
1013
0
997
1001
1000
1000
999
1000
1000
1001
999
1002
1000
999
1001
998
1000
1001
1001
999
1001
999
173
1148
962
48
1009
0
1028
1007
0
1003
1000
1001
999
12
998
449
602
637
487
389
993
1007
1002
999
1000
1002
1000
998
1000
1028
1008
0
1001
1001
1001
116
989
997
1007
1000
1000
1000
1000
1000
999
1000
1001
1000
999
1000
1001
1001
998
1000
1001
1000
999
1000
1001
1000
999
1000
1001
1000
999
1000
1003
999
1000
998
1000
1001
1002
998
1001
1001
998
53
1003
0
1007
1000
999
1001
1000
213
1143
1068
0
1013
0
107
1011
0
998
1002
1000
998
1001
1002
998
999
1000
1184
0
1009
0
1004
998
998
1001
1003
996
1000
1000
1002
999
999
1000
1002
999
999
1001
1001
998
1002
998
1002
999
1001
998
1002
1000
1000
999
1004
996
1000
999
1002
999
1000
1000
1001
998
1049
0
1009
0
1002
1000
1003
1200
0
1012
0
999
1000
11
1002
999
1000
1001
1001
1001
997
11
1003
996
1000
1001
1002
998
999
1001
1001
999
999
1001
1001
999
999
1002
1001
998
1050
0
989
1021
0
998
1002
1088
0
1014
0
1001
999
1000
1000
998
1003
999
1000
998
1003
1057
0
934
1075
0
1118
0
1011
0
1000
1000
1001
1001
997
1000
1002
998
1000
998
1004
999
1001
996
1004
1054
0
1012
0
1002
997
997
1004
998
999
999
1004
999
1002
995
1004
999
999
1000
1002
999
998
999
1004
999
1000
999
1002
998
999
999
1004
1000
998
1000
1002
1000
999
997
1004
999
1001
999
1000
998
1002
998
1002
998
1002
998
1002
999
1034
1010
0
1000
1001
998
1002
999
1001
1000
1000
999
1002
1057
0
1078
0
1011
0
999
1004
997
1000
1001
1002
997
1000
999
1003
1000
1000
999
1000
999
1000
999
1002
999
999
51
1000
1009
0
1129
0
1009
0
1002
1000
1021
1008
0
1003
999
999
1003
999
999
999
1004
998
1000
998
1002
999
1002
997
1003
872
919
1141
0
1012
0
998
1003
997
1002
997
1003
998
1002
997
1003
998
1002
997
1005
996
1002
997
1003
998
1002
997
1003
998
1003
998
1001
998
1002
998
1002
998
1002
998
1187
0
1009
0
1004
999
1000
999
1001
1001
998
999
999
1000
1001
1000
1000
1060
0
1009
0
1002
1000
998
1000
1000
1002
998
1001
1000
999
1000
1003
1024
1008
0
1003
1000
999
999
1002
1000
999
999
1003
999
999
1002
1002
999
998
1000
1000
1000
999
1099
0
1010
0
1002
999
1000
998
1001
360
1308
0
1012
0
999
1000
999
1000
1002
587
1008
0
1002
1001
1000
1104
0
1010
0
1004
999
996
1002
1002
80
987
51
987
1009
999
1002
1002
1001
997
1000
1002
999
997
1003
1002
998
997
1002
1002
999
997
1002
1003
998
997
1002
1002
999
997
130
977
1010
999
1001
1002
1000
996
1002
1002
999
997
1002
1002
999
997
1002
1002
997
1001
999
1007
996
996
1001
1003
998
999
1001
1002
998
999
999
1002
999
1000
999
1002
998
1001
999
1000
1000
1002
998
1000
1000
1000
1000
1000
999
83
443
730
1055
0
1008
0
1000
1002
998
1000
1000
1002
997
107
986
1001
1004
1001
1000
1000
999
999
1000
1003
997
1000
1004
997
999
1000
1001
1000
999
268
1002
0
1001
1004
998
1000
1000
1001
1000
999
61
1003
0
1001
999
1002
999
1000
998
1001
999
1001
1324
0
1005
877
1122
0
1003
0
999
1001
999
1001
999
1001
999
1001
999
1001
270
997
1002
0
24
117
1001
0
1001
1000
1000
1000
999
1000
1000
1000
1000
1000
1000
1000
1000
1000
1000
1000
1000
1000
1000
1000
1000
1000
1000
1000
1000
1001
999
1000
1000
1001
999
1000
1000
1001
999
1000
1000
1001
999
1000
1000
1001
999
1000
0
0
0
0
5
0
0
0
2
0
0
0
0
4
0
0
0
5
0
0
0
0
0
0
0
0
6
0
0
0
12
0
0
0
0
0
0
0
2
14
0
0
0
9
0
0
0
0
0
0
0
3
11
0
0
0
6
0
0
0
7
0
0
0
0
7
0
0
0
0
0
0
0
1
0
0
0
4
8
0
0
0
10
0
0
0
0
0
0
0
0
6
0
0
0
2
0
0
0
2
0
0
0
0
2
0
0
0
4
0
0
0
1
0
0
0
6
9
0
0
0
6
0
0
0
4
0
0
0
0
10
0
0
0
6
0
0
0
2
0
0
0
0
7
0
0
0
6
0
0
0
1
0
0
0
0
6
0
0
0
9
0
0
0
4
0
0
0
0
13
0
0
0
5
0
0
0
0
0
0
0
0
12
0
0
0
3
0
0
0
0
0
0
0
0
10
0
0
0
6
0
0
0
5
0
0
0
0
13
0
0
0
4
0
0
0
3
0
0
0
0
7
0
0
0
8
0
0
0
4
0
0
0
0
10
0
0
0
9
0
0
0
0
0
0
0
0
11
0
0
0
6
0
0
0
2
0
0
0
1
11
0
0
0
3
0
0
0
0
0
0
0
3
8
0
0
0
6
0
0
0
2
0
0
0
0
6
0
0
0
8
0
0
0
8
0
0
0
0
8
0
0
0
2
0
0
0
0
0
0
0
0
12
0
0
0
9
0
0
0
2
0
0
0
0
8
0
0
0
9
0
0
0
0
0
0
0
0
10
0
0
0
7
0
0
0
1
0
0
0
0
10
0
0
0
6
0
0
0
0
0
0
0
2
6
0
0
0
3
0
0
0
0
0
0
0
0
8
0
0
0
7
0
0
0
5
0
0
0
0
12
0
0
0
10
0
0
0
0
0
0
0
0
14
0
0
0
7
0
0
0
0
0
0
0
0
15
0
0
0
9
0
0
0
4
0
0
0
0
13
0
0
0
7
0
0
0
0
0
0
0
0
8
0
0
0
10
0
0
0
3
0
0
0
0
14
0
0
0
6
0
0
0
0
0
0
0
0
9
0
0
0
8
0
0
0
1
0
0
0
0
13
0
0
0
10
0
0
0
0
0
0
0
0
8
0
0
0
6
0
0
0
2
0
0
0
0
14
0
0
0
10
0
0
0
1
0
0
0
0
6
0
0
0
7
0
0
0
0
0
0
0
0
6
0
0
0
1
0
0
0
2
0
0
0
0
8
0
0
0
2
0
0
0
0
0
0
0
0
11
0
0
0
9
0
0
0
1
0
0
0
0
12
0
0
0
2
0
0
0
0
0
0
0
0
8
0
0
0
3
0
0
0
1
0
0
0
0
9
0
0
0
10
0
0
0
0
0
0
0
0
8
0
0
0
7
0
0
0
4
0
0
0
0
8
0
0
0
4
0
0
0
0
0
0
0
0
9
0
0
0
10
0
0
0
0
0
0
0
0
11
0
0
0
5
0
0
0
6
0
0
0
0
11
0
0
0
5
0
0
0
1
0
0
0
0
8
0
0
0
5
0
0
0
1
0
0
0
0
12
0
0
0
6
0
0
0
0
0
0
0
0
13
0
0
0
4
0
0
0
5
0
0
0
0
7
0
0
0
4
0
0
0
5
0
0
0
0
6
0
0
0
9
0
0
0
2
0
0
0
2
14
0
0
0
10
0
0
0
3
0
0
0
0
8
0
0
0
7
0
0
0
3
0
0
0
0
8
0
0
0
10
0
0
0
0
0
0
0
0
3
0
0
0
4
0
0
0
5
0
0
0
0
10
0
0
0
2
0
0
0
0
0
0
0
0
13
0
0
0
15
0
0
0
8
0
0
0
0
5
0
0
0
7
0
0
0
0
0
0
0
0
9
0
0
0
9
0
0
0
2
0
0
0
0
11
0
0
0
5
0
0
0
6
0
0
0
0
5
0
0
0
5
0
0
0
6
0
0
0
1
10
0
0
0
5
0
0
0
0
0
0
0
0
8
0
0
0
7
0
0
0
0
0
0
0
0
11
0
0
0
6
0
0
0
1
0
0
0
0
14
0
0
0
9
0
0
0
3
0
0
0
0
17
0
0
0
13
0
0
0
0
0
0
0
1
8
0
0
0
5
0
0
0
3
0
0
0
0
9
0
0
0
6
0
0
0
5
0
0
0
1
14
0
0
0
4
0
0
0
2
0
0
0
0
8
0
0
0
7
0
0
0
4
0
0
0
0
8
0
0
0
1
0
0
0
1
0
0
0
1
14
0
0
0
8
0
0
0
1
0
0
0
0
16
0
0
0
3
0
0
0
2
0
0
0
0
14
0
0
0
5
0
0
0
3
0
0
0
0
11
0
0
0
3
0
0
0
2
0
0
0
0
7
0
0
0
11
0
0
0
5
0
0
0
0
10
0
0
0
8
0
0
0
1
0
0
0
0
13
0
0
0
8
0
0
0
2
0
0
0
1
5
0
0
0
3
0
0
0
0
0
0
0
0
6
0
0
0
6
0
0
0
4
0
0
0
0
8
0
0
0
2
0
0
0
0
0
0
0
0
10
0
0
0
7
0
0
0
6
0
0
0
0
12
0
0
0
5
0
0
0
0
0
0
0
0
7
0
0
0
10
0
0
0
2
0
0
0
0
8
0
0
0
0
0
0
0
3
0
0
0
1
13
0
0
0
7
0
0
0
8
0
0
0
0
6
0
0
0
3
0
0
0
2
0
0
0
5
6
0
0
0
4
0
0
0
5
0
0
0
3
13
0
0
3
10
0
0
0
7
0
0
0
0
8
0
0
0
4
0
0
0
6
0
0
0
0
11
0
0
0
5
0
0
0
3
0
0
0
0
8
0
0
0
8
0
0
0
0
0
0
0
0
10
0
0
0
6
0
0
0
0
0
0
0
0
6
0
0
0
8
0
0
0
0
0
0
0
0
8
0
0
0
6
0
0
0
2
0
0
0
0
13
0
0
0
3
0
0
0
0
0
0
0
0
12
0
0
0
8
0
0
0
7
0
0
0
0
7
0
0
0
4
0
0
0
3
0
0
0
2
17
0
0
0
6
0
0
0
2
0
0
0
0
8
0
0
0
5
0
0
0
4
0
0
0
0
8
0
0
0
2
0
0
0
0
0
0
0
0
10
0
0
0
6
0
0
0
3
0
0
0
0
9
0
0
0
8
0
0
0
5
0
0
0
0
17
0
0
0
7
0
0
0
3
0
0
0
0
5
0
0
0
9
0
0
0
6
0
0
0
1
11
0
0
0
7
0
0
0
0
0
0
0
0
6
0
0
0
11
0
0
0
1
0
0
0
0
10
0
0
0
2
0
0
0
1
0
0
0
0
10
0
0
0
8
0
0
0
1
0
0
0
0
10
0
0
0
9
0
0
0
0
0
0
0
0
12
0
0
0
9
0
0
0
5
0
0
0
0
7
0
0
0
4
0
0
0
0
0
0
0
0
7
0
0
0
6
0
0
0
0
0
0
0
0
11
0
0
0
9
0
0
0
9
0
0
0
0
10
0
0
0
6
0
0
0
0
0
0
0
0
11
0
0
0
12
0
0
0
7
0
0
0
0
7
0
0
0
5
0
0
0
6
0
0
0
0
17
0
0
0
6
0
0
0
5
0
0
0
0
9
0
0
0
8
0
0
0
2
0
0
0
2
13
0
0
0
6
0
0
0
0
0
0
0
0
13
0
0
0
0
0
0
0
0
0
0
0
0
7
0
0
0
7
0
0
0
1
0
0
0
2
18
0
0
0
3
0
0
0
3
0
0
0
0
11
0
0
0
8
0
0
0
5
0
0
0
0
3
0
0
0
1
0
0
0
0
0
0
0
0
12
0
0
0
8
0
0
0
0
0
0
0
0
10
0
0
0
5
0
0
0
0
0
0
0
1
12
0
0
0
5
0
0
0
0
0
0
0
0
16
0
0
0
7
0
0
0
1
0
0
0
0
8
0
0
0
5
0
0
0
3
0
0
0
0
9
0
0
0
5
0
0
0
0
0
0
0
0
10
0
0
0
9
0
0
0
7
0
0
0
0
7
0
0
0
3
0
0
0
4
0
0
0
2
12
0
0
0
6
0
0
0
3
0
0
0
0
10
0
0
0
5
0
0
0
0
0
0
0
0
5
0
0
0
7
0
0
0
3
0
0
0
0
12
0
0
0
2
0
0
0
0
0
0
0
0
6
0
0
0
9
0
0
0
2
0
0
0
0
11
0
0
0
4
0
0
0
3
0
0
0
0
7
0
0
0
10
0
0
0
1
0
0
0
0
7
0
0
0
7
0
0
0
9
0
0
0
0
9
0
0
0
1
0
0
0
7
0
0
0
0
14
0
0
0
2
0
0
0
0
0
0
0
0
9
0
0
0
5
0
0
0
0
0
0
0
0
14
0
0
0
10
0
0
0
2
0
0
0
0
9
0
0
0
6
0
0
0
0
0
0
0
0
13
0
0
0
5
0
0
0
0
0
0
0
1
18
0
0
0
5
0
0
0
0
0
0
0
0
5
0
0
0
7
0
0
0
2
0
0
0
0
8
0
0
0
6
0
0
0
1
0
0
0
0
8
0
0
0
5
0
0
0
1
0
0
0
0
7
0
0
0
3
0
0
0
3
0
0
0
0
5
0
0
0
8
0
0
0
0
0
0
0
0
3
133
926
0
1963
1912
1173
687
504
528
359
2717
2666
2615
649
201
1359
1308
706
409
283
0
117
0
0
0
0
0
0
0
2
0
0
0
0
0
0
0
0
0
0
322
521
8
598
111
1
4
474
0
0
0
7
0
0
0
0
0
0
0
0
0
0
0
0
9
0
0
0
5
0
0
0
0
0
0
0
0
1
0
0
0
0
0
0
0
0
0
0
0
0
8
0
0
0
6
0
0
0
0
0
0
0
0
7
0
0
0
8
0
0
0
2
0
0
0
0
9
0
0
0
0
0
0
0
0
0
0
0
0
11
0
0
0
2
0
0
0
0
0
0
0
0
8
0
0
0
5
0
0
0
1
0
0
0
0
12
0
0
0
6
0
0
0
0
0
0
0
0
9
0
0
0
8
0
0
0
4
0
0
0
0
15
0
0
0
6
0
0
0
5
0
0
0
0
9
0
0
0
0
0
0
0
3
0
0
0
0
4
0
322
696
172
551
227
0
1
0
0
0
0
0
0
0
0
1
0
0
0
5
0
0
0
0
0
0
0
0
9
0
0
0
3
0
0
0
0
0
0
0
0
22
0
0
0
0
0
0
0
0
0
0
0
0
3
0
0
0
0
0
0
0
0
0
0
0
1
7
0
0
0
0
0
0
0
0
0
0
0
0
8
0
0
0
3
0
0
0
0
0
0
0
0
4
0
0
0
0
0
0
0
0
0
0
0
0
3
0
0
0
0
0
0
0
0
0
0
0
0
4
0
0
0
2
0
0
0
0
0
0
0
0
5
0
0
0
3
0
0
0
0
0
0
0
0
7
0
0
0
0
0
0
0
0
0
0
0
0
4
0
0
0
4
0
0
0
0
0
0
0
0
1
0
0
0
1
0
0
0
0
0
0
0
0
7
0
0
0
1
0
0
0
0
0
0
0
0
10
0
0
0
5
0
0
0
0
0
0
0
0
5
0
0
0
2
0
0
0
0
0
0
0
0
11
0
0
0
0
0
0
0
1
0
0
0
0
4
0
0
0
0
0
0
0
0
0
0
0
0
3
0
0
0
0
0
0
0
0
0
0
0
0
2
0
0
0
0
0
0
0
0
0
0
0
0
5
0
0
0
4
0
0
0
0
0
0
0
0
7
0
0
0
0
0
0
0
0
0
0
0
1
5
0
0
0
1
0
0
0
0
0
0
0
0
4
0
0
0
4
0
0
0
0
0
0
0
0
11
0
0
0
4
0
0
0
0
0
0
0
0
230
0
114
0
0
0
0
0
0
12
0
0
0
2
0
0
0
2
0
0
0
0
10
0
0
0
3
0
0
0
0
0
0
0
0
11
0
0
0
7
0
0
0
0
0
0
339
1339
2339
3339
4339
5339
6339
7339
8339
84
916
63
0
0
0
3
0
0
0
1
788
1787
2787
3787
4787
5787
6787
7787
8787
9787
140
804
442
