0
56000
0
1000
0
499
504
997
0
0
0
678
915
0
1
1407
0
0
0
0
357
206
0
1
369
0
573
0
0
1
0
0
0
0
309
1
937
1
0
0
1
1245
0
998
0
0
250
753
0
0
0
46
954
0
0
0
218
1
783
0
0
0
0
0
995
0
0
1004
0
0
1000
0
0
180
823
994
1003
1000
998
1001
1000
0
1000
1001
1000
999
1000
1001
1000
1001
1154
0
1003
0
1001
998
2117
1000
1754
246
0
1001
0
1001
1000
999
1000
1000
1001
1000
1001
1000
1001
997
86
3991
2670
1330
0
0
0
1000
0
1003
1002
1995
0
1000
1
514
276
996
1003
1002
1000
995
1002
1001
997
893
998
1003
998
999
2393
606
1000
1000
1001
1000
0
1002
999
0
1000
1000
920
856
146
999
468
535
590
996
1002
1998
0
453
884
133
1000
1001
1004
996
1998
584
418
193
4000
0
1000
0
0
3000
1000
0
328
673
0
999
1005
998
999
1000
1001
999
1000
998
3999
1000
0
0
1000
1003
0
999
1001
999
1002
997
1002
1002
0
1001
1001
997
174
3996
559
441
1001
999
165
835
1000
634
370
1003
0
999
1001
999
532
470
687
789
2003
997
0
1000
1003
998
1618
1381
0
1000
1002
1000
0
999
201
1002
0
499
1198
998
1001
0
1000
1001
2998
1000
0
1001
0
1000
1004
997
1001
1001
1000
1000
1424
1576
0
1000
1002
0
1002
0
233
322
999
107
1999
1000
1003
0
1003
0
1001
999
1496
502
1001
0
1003
998
269
1732
999
1000
1002
0
1000
1002
1996
1
873
132
996
1002
999
1002
1000
0
1336
0
1003
999
0
1001
0
1002
1000
545
457
708
1001
838
166
220
783
1998
999
894
107
1000
2005
995
778
222
515
487
551
191
1059
1000
20
509
493
1392
998
1000
1
1000
71
320
755
1246
0
1005
996
2979
20
1000
0
1001
0
823
2002
1998
1000
0
1001
0
0
1001
1001
998
1001
0
1002
0
999
1003
998
1000
1000
1000
999
1001
1002
997
999
999
2999
0
1000
1003
0
1000
1002
999
1001
1001
997
1001
1001
1171
0
1002
999
1000
999
874
128
1000
1033
1004
0
1000
1001
1002
996
1000
1000
1002
1002
1000
1000
233
1420
0
928
1
2157
0
1229
0
963
1038
1003
1037
1033
999
1711
1186
0
991
1009
1002
999
1034
965
1002
999
999
999
1003
1027
1036
1075
927
962
1004
1001
957
2688
0
1351
0
962
1011
1000
1030
967
1029
1001
1004
995
1003
1000
1037
922
2092
0
1536
0
904
1004
1000
996
1004
1001
1001
1028
968
1003
1070
1063
1606
1686
0
1379
1226
0
1111
0
1335
1258
1347
0
843
1010
998
1000
1028
1001
1003
968
1001
1001
998
1000
1002
1001
999
999
1002
1000
1000
998
1003
999
1001
997
1003
999
1001
997
1003
999
1001
997
1003
999
999
995
1003
996
1002
998
1002
998
1002
998
1002
998
1002
998
1002
998
1002
998
1002
998
1002
998
1002
998
1002
998
1001
998
1000
1000
1000
1000
1000
1000
1000
1000
1000
1000
1000
1000
1000
1000
1000
1000
1000
1000
1000
1000
1000
1000
1000
1000
1000
1000
1000
1000
1000
1000
1000
1000
1000
1000
1000
1000
1000
999
1001
1000
1000
999
1001
1000
998
1002
1000
1000
999
1001
1000
1000
999
1001
1000
1000
999
1001
1000
1000
999
1001
1000
999
999
1000
1001
1000
1000
1001
1000
999
1000
1001
1000
999
1000
1001
1000
999
1000
1001
1000
999
71
135
997
1001
1003
999
1000
1000
1001
999
1000
1000
1001
999
1000
1000
1001
999
1000
71
991
1004
1001
1000
1000
1000
1000
1000
1000
1000
1000
1000
1000
999
1000
1000
1001
999
1000
1000
1001
999
1000
1000
1002
999
1000
1001
1000
999
1000
1001
1000
227
992
1004
1002
999
1000
1000
1001
999
1000
1000
1000
1001
999
66
990
1005
1000
1000
1000
1001
999
1000
1000
1001
999
1000
1000
1001
999
1000
1000
1001
999
1000
1000
1001
1000
999
1000
1001
1000
999
1000
1001
1000
999
1000
1001
1000
999
1000
1001
1000
999
1000
743
987
1004
1002
1000
1001
998
1001
1000
1001
9
1070
0
994
1005
1001
1032
969
1294
0
999
1007
998
1071
114
946
1004
1003
1744
1112
1142
0
995
1007
1001
997
1139
863
1025
973
1001
1001
1000
1031
501
446
547
508
1827
0
668
784
991
1038
968
75
952
1000
1029
975
997
1002
1160
449
134
1726
1234
0
998
1009
999
1000
999
1003
18
1000
995
1006
999
1000
999
1002
999
1000
999
1001
1001
998
1002
999
1001
39
874
996
1010
998
1001
1000
1001
998
1001
1504
1524
0
962
1009
1032
1004
994
1003
997
1003
996
1129
909
933
1028
1005
996
1005
1876
1091
0
991
1038
922
918
1355
1324
1327
0
991
1010
1110
921
969
1027
971
1003
999
998
1032
1031
968
970
1028
1004
959
2383
0
747
874
1002
998
1000
1000
1001
999
1000
1001
1657
1339
0
997
1005
1510
1129
1360
0
996
1005
999
1000
1001
1000
999
1000
1001
1000
999
1000
1001
1156
840
1000
1159
1502
2162
0
1178
0
1097
0
909
999
1000
1074
1146
1188
1075
1319
0
996
1007
1123
876
1000
1209
1226
1022
1675
0
1296
102
994
189
956
1003
1002
1134
879
1068
1407
786
718
548
1842
1157
0
995
1169
1138
836
1467
1339
0
994
1003
1148
1062
734
990
1004
1003
1424
1341
1768
0
1274
1186
0
996
1005
1001
1000
1000
1000
1002
998
1000
999
1153
848
998
1398
1825
0
1006
0
1000
1000
1032
999
968
1032
968
1944
1058
0
994
1005
151
980
1005
1000
651
977
1007
1033
967
999
1001
999
1001
1029
971
1133
897
970
1033
1010
958
1028
1086
886
1001
1059
1007
941
993
999
999
1000
998
1001
999
1000
1000
1001
999
1000
1000
1001
999
1000
1000
1002
998
1001
1066
935
999
1000
1000
1001
999
1000
1000
1001
999
1001
999
1000
1003
999
997
1000
1002
998
1000
1000
1002
998
1000
1000
1002
998
1000
1000
1002
998
1000
1000
1002
998
1000
1000
1002
998
1000
1000
1002
998
1000
1000
1002
998
1000
1000
1000
1000
999
425
450
994
1003
1002
999
1002
998
1001
1000
1001
998
1001
1000
1001
998
1001
1000
1001
998
1000
999
1002
998
1001
999
1002
999
1000
999
1003
998
1001
1000
1001
998
1001
1000
1001
998
1001
1000
1001
922
992
1005
1000
999
1000
1000
1000
999
1001
999
1001
999
1001
1000
1002
998
1001
18
1001
994
1005
1001
999
1000
1000
1000
1000
1000
1000
1000
1000
219
992
1000
1003
1000
1000
1000
1000
1000
1000
1000
1000
1000
1000
1000
1000
1000
1000
1000
1000
1000
1000
1000
1000
1000
1000
1000
1000
1000
1000
1000
1000
1000
1000
1000
1000
1000
1000
1000
1000
1000
1000
1000
1000
1000
1000
1000
1000
1000
1000
1000
1000
1000
1001
999
1000
1000
1000
1001
1000
999
1000
1001
1000
999
1000
1001
1000
999
1000
1001
1000
999
1000
1001
1002
999
999
1000
1001
1000
999
1000
1001
1000
999
1000
1001
998
1000
1001
1000
999
1000
1001
1000
999
1000
1001
1000
999
1000
1001
1000
999
1002
999
1000
238
985
1001
1007
998
1000
1001
999
1000
1000
1000
1001
999
1000
1000
1001
717
310
997
1006
999
1001
1000
1001
998
1001
1000
1001
998
1001
999
1002
998
1001
999
1002
998
1002
998
1001
999
1000
1000
1001
999
1000
1000
1001
999
1000
1000
1001
999
1000
998
1001
999
1000
1000
999
1000
999
1001
1000
1000
999
1001
1000
1000
999
1001
1000
1000
999
1001
1000
1000
999
1001
1000
1000
999
1001
1000
1000
999
76
996
1000
1003
999
1000
1000
999
1001
1293
0
1000
1002
1001
999
1000
1000
1001
999
1000
1000
1001
999
1000
1001
1001
86
5
999
1002
1000
1001
1000
1001
998
1001
1000
1001
998
1001
1000
1001
998
1001
1000
1001
998
1001
1000
1000
999
1000
1001
999
1000
1000
1001
999
1000
1000
1001
999
1000
1000
1001
999
1000
1000
1001
999
1001
999
1001
999
1000
1000
1001
999
1000
1000
1001
999
1000
1000
1001
999
1000
1001
1001
999
1001
999
1001
999
1001
998
1002
999
1000
1000
1001
999
1001
999
1001
999
1000
1000
1001
999
1000
1000
1001
999
1000
1000
1001
999
1000
1000
1001
999
1000
1000
1001
999
1000
1000
1000
1000
1000
999
1001
1000
1000
999
1001
1000
1000
1000
1000
1000
1001
999
1000
1000
1000
1000
999
1001
1000
1000
1000
1000
1000
999
1001
1000
35
995
1003
1000
1000
999
1001
1000
1000
999
1001
1000
1000
999
1001
1000
1000
135
995
1002
1000
999
30
994
1000
1003
1001
1000
1000
998
1001
1000
1000
999
1001
1000
1000
999
1001
1000
1000
1000
1000
999
708
996
1002
1000
1000
1001
999
1000
1000
1001
999
1000
1000
1001
999
1000
1000
1001
999
999
1002
1000
15
995
1001
1003
999
999
96
994
1003
1000
1000
1000
1000
999
1001
1000
1000
999
1001
15
997
999
1001
1001
186
994
1003
1000
1000
999
278
993
1001
1003
999
999
1001
1002
998
1000
999
1000
1001
369
389
997
1002
999
1001
1000
1000
1000
1001
999
1000
999
1001
1001
999
999
1001
1001
999
1000
1000
1001
999
105
995
1003
1000
999
1004
997
177
995
1003
1000
1001
998
1000
787
995
1002
1001
999
1001
997
1001
1001
1000
999
1000
1003
997
1000
42
992
1003
1002
999
1000
1000
1000
999
1002
999
1163
0
979
1001
1004
998
652
1058
7
998
1003
620
88
997
462
31
998
1001
1004
185
625
555
632
318
996
1133
0
997
1004
1000
1001
1002
324
991
1001
1001
999
1001
332
294
55
1001
551
681
999
1002
572
995
1158
45
1002
265
877
999
1004
997
1003
997
1003
999
1000
550
997
1000
687
218
997
1005
121
109
130
1000
550
762
1279
0
269
997
1004
906
995
1004
997
96
1190
0
998
1003
998
1004
997
1003
998
171
994
1003
1001
353
997
1001
244
996
999
1003
1000
241
49
997
1004
1001
452
74
1000
1000
1003
999
589
244
998
1001
683
78
1230
0
1000
1004
1000
1000
998
22
993
1004
998
1001
1001
997
203
112
997
468
994
1001
1002
997
531
997
1002
494
995
1001
1004
999
998
1000
1004
287
1002
996
1005
998
998
999
1005
998
1003
1000
262
843
998
295
398
688
995
1003
1002
113
996
1003
429
336
1000
1001
1000
1001
1002
996
47
73
247
997
1001
1000
1002
998
999
1077
0
998
1004
996
12
994
1000
1002
997
217
996
830
159
997
158
196
1000
1003
997
1002
998
1002
292
997
137
325
1000
999
1005
729
23
547
595
295
996
2002
0
240
998
1005
142
443
193
199
1001
771
998
407
594
254
698
1000
393
997
1001
1004
999
274
997
1000
1002
1001
297
105
997
1013
1055
273
791
324
1109
0
996
81
998
1002
999
119
993
494
678
679
154
998
13
81
998
1001
1002
998
17
994
1002
999
1004
996
1129
0
916
998
457
997
1001
999
1000
1001
127
992
1003
1002
996
1003
999
999
1003
997
1001
1001
1000
993
150
305
999
175
266
998
1004
999
1001
997
36
994
552
710
998
1002
998
1000
1002
999
336
994
1001
1005
995
187
994
455
996
1003
1002
998
999
1002
997
38
994
1002
1002
999
559
998
1000
484
995
1003
999
1000
998
223
994
321
996
367
996
1002
380
989
1002
661
301
320
938
997
1005
1000
81
1000
11
215
998
1049
0
998
206
994
792
993
152
992
1002
46
994
582
729
997
434
637
169
999
2003
0
996
311
998
419
995
440
475
999
455
995
1000
671
995
1002
1001
998
1001
1002
1000
999
999
1000
1002
999
997
742
61
999
1001
611
501
276
1186
0
999
231
267
820
251
1000
999
1002
999
844
993
1003
25
996
1003
430
528
997
1004
425
273
999
1206
0
1000
1002
1120
0
1000
1004
999
1105
205
1000
71
607
397
998
1002
999
484
713
1000
1002
996
1003
1000
1000
148
996
1001
1004
348
998
999
524
997
1004
1001
404
998
1000
1003
11
995
1000
1002
212
995
1001
1003
998
87
995
1001
1002
744
467
502
615
439
476
229
1231
0
604
909
998
1003
450
995
288
640
545
22
998
1001
1000
1002
286
278
2000
0
998
1002
999
1001
1943
1057
0
998
1001
1002
329
999
999
1001
999
1001
999
1001
677
1216
0
999
17
551
1001
1039
1284
0
1351
1524
0
999
666
529
7
1109
0
1000
1002
999
1512
0
998
753
876
516
1000
999
615
740
60
1061
0
998
784
1328
266
998
803
842
280
370
260
919
1054
0
1000
1003
1388
611
471
1161
0
999
1004
997
1000
180
815
1000
1480
0
997
761
996
1002
999
998
1003
1001
999
349
538
302
999
999
1002
471
998
568
998
650
79
999
95
146
1001
1046
1269
1166
15
999
1002
1001
1000
1999
0
660
1014
340
542
781
999
216
193
998
664
635
1191
0
999
1003
1000
1001
1458
1378
0
999
1424
1400
0
1248
1055
368
996
1002
529
281
1000
1001
1000
999
1002
999
2002
0
996
1002
999
1001
1000
1001
997
1002
1000
1000
999
1001
1001
999
1001
498
545
1859
1137
0
1000
120
507
396
118
1001
586
1150
0
999
1003
1000
1000
240
999
553
999
360
716
1000
1003
1000
997
1001
1001
1000
441
998
1003
601
728
660
1062
975
226
998
292
998
1000
1004
999
1481
519
998
967
35
84
1000
283
997
1001
54
998
1000
999
1002
998
1464
1435
0
1000
166
783
1120
0
1409
1321
0
999
1003
1444
1556
0
997
1003
998
588
996
1000
1002
1501
292
998
999
1002
1001
1000
1000
1064
86
1000
999
58
996
1000
1003
998
1001
1000
999
999
1001
999
436
998
1001
999
1001
1001
1068
0
999
1003
1000
1294
0
998
1003
1000
1000
464
997
1000
1001
1000
938
999
299
62
380
1000
1507
403
997
999
1002
1000
1001
22
998
1001
1001
210
999
1001
999
1001
1000
1001
998
1001
1000
1000
2001
0
997
1001
1001
1000
1000
999
1001
2000
0
998
1001
1002
998
1001
999
1001
1000
998
1001
999
1002
1000
1000
999
1001
1000
1000
999
1001
1000
1000
999
1001
1000
1000
106
998
1000
1002
998
1002
999
1001
1000
1000
999
1000
1064
1000
1001
999
1001
999
1001
999
1001
999
1001
999
624
1377
999
1000
1001
999
1001
999
862
1139
999
1000
894
1107
999
1000
1001
999
0
0
0
0
0
0
0
0
0
0
0
0
5
0
0
0
0
0
0
0
0
0
0
2
5
0
0
0
0
0
0
194
170
922
327
635
0
1415
1345
1475
1405
609
0
1871
1801
0
4052
3982
3912
3842
3772
0
4795
4725
4655
4585
4515
2207
2137
2067
0
0
6152
6082
6012
5942
5872
5802
5732
0
4525
4455
4385
4315
4245
0
3607
3537
3467
3397
2333
2263
2193
482
0
1566
1496
3639
3569
3499
3429
249
1952
1882
984
1199
1120
1050
0
0
3520
3450
3380
3310
504
0
0
5127
5057
4987
4917
4847
4777
561
0
3906
3836
3766
3696
4239
4169
4099
4029
3959
443
956
937
5294
5224
5154
5084
5014
4944
357
0
8777
8707
8637
8567
8497
8427
8357
8287
8217
0
103
6550
6480
6410
6340
6270
6200
6130
2538
2468
2398
667
229
2805
2735
2665
0
2396
2326
2256
5466
5396
5326
5256
5186
5116
388
327
0
0
4250
4180
4110
4040
3970
5670
5600
5530
5460
5390
5320
913
390
896
598
1495
1425
0
7183
7113
7043
6973
6903
6833
6763
6693
675
54
3086
3016
2946
2876
1959
3111
3041
2971
699
0
2805
2735
2665
2222
2152
2082
158
1573
1503
1497
1427
2421
2351
2281
0
3227
3157
3087
3017
2947
2877
2807
2057
0
0
11904
11834
11764
11694
11624
11554
11484
11414
11344
11274
11204
11134
10434
720
578
857
837
905
3850
3780
3710
3640
1692
1622
1467
1397
715
0
0
9759
9689
9619
9549
9479
9409
9339
9269
9199
9129
2793
2723
2653
275
914
1855
1785
548
1510
1440
1267
1197
8878
8808
8738
8668
8598
8528
8458
8388
8318
4300
0
3764
3694
3624
3554
0
0
0
19467
19397
19327
19257
19187
19117
19047
18977
18907
18837
18767
18697
18627
18557
18487
18417
18347
18277
18207
18137
88
1939
1869
2778
2708
2638
7744
7674
7604
7534
7464
7394
7324
7254
0
1878
1808
624
4748
4678
4608
4538
4468
1209
1139
555
3561
3491
3421
3351
1355
1285
560
663
0
0
0
0
0
0
3
0
0
0
0
0
0
0
0
0
0
208
685
371
341
749
212
609
581
372
771
914
454
461
769
1240
1170
594
112
0
0
0
0
0
0
1
8
0
0
0
0
0
0
0
0
0
0
4
0
0
0
0
0
0
0
0
0
0
0
5
0
0
0
0
0
0
0
0
0
0
0
7
0
0
0
0
0
0
0
0
0
0
0
6
0
0
0
0
0
0
0
0
0
0
0
6
0
0
0
0
0
0
0
0
0
0
0
10
0
0
0
0
0
0
0
0
0
0
4
0
0
0
0
0
0
0
0
0
0
0
4
0
0
0
0
0
0
0
0
0
0
0
10
0
0
0
0
0
0
0
0
0
0
0
5
0
0
0
0
0
0
0
0
0
0
0
3
0
0
0
0
0
0
0
0
0
0
1
9
0
0
0
0
0
0
0
0
0
0
1
0
0
0
0
0
0
0
0
0
0
0
2
0
0
0
0
0
0
0
0
0
0
0
5
0
0
0
0
0
0
0
0
0
0
0
8
0
0
0
0
0
0
0
0
0
0
1
5
0
0
0
0
0
0
0
0
0
0
0
7
0
0
0
0
0
0
0
0
0
0
2
0
0
0
0
0
0
0
0
0
0
0
1
0
0
0
0
0
0
0
0
0
0
0
5
0
0
0
0
0
0
0
0
0
0
0
3
0
0
0
0
0
0
0
0
0
0
4
5
0
0
0
0
0
0
0
0
0
0
0
6
0
0
0
0
0
0
0
0
0
0
5
0
0
0
0
0
173
174
214
0
0
0
1
0
0
0
0
0
0
0
0
0
0
0
7
0
0
0
0
0
0
0
0
0
0
0
6
0
0
0
0
0
0
0
0
0
0
0
4
0
0
0
0
0
0
0
0
0
0
3
5
0
0
0
0
0
0
0
0
0
0
4
0
0
0
0
0
0
0
0
0
0
0
2
0
0
0
0
0
0
0
0
0
0
0
4
0
0
0
0
0
0
0
0
0
0
0
5
0
0
0
0
0
0
0
0
0
0
0
7
0
0
0
0
0
0
0
0
0
0
0
8
0
0
0
0
0
0
0
0
0
0
0
0
0
0
0
0
0
0
0
0
0
0
1
0
0
0
0
0
0
0
0
0
0
0
2
0
0
0
0
0
0
0
0
262
339
498
0
1513
1443
0
832
206
514
882
417
360
734
565
769
597
547
559
658
545
554
343
189
792
61
791
518
92
696
1405
1335
423
1015
945
2391
2321
2251
979
0
0
2953
2883
2813
2743
0
1191
1121
307
0
0
0
0
0
0
0
0
0
0
0
0
207
448
78
577
157
0
72
0
0
182
626
490
569
0
3175
3105
3035
2965
1583
1513
749
474
0
4747
4677
4607
4537
4467
1518
1448
427
1815
1745
2964
2894
2824
2054
1397
1327
2155
2085
2015
0
5354
5284
5214
5144
5074
5004
213
3212
3142
3072
3002
0
0
0
0
4512
4442
4372
4302
4232
198
1399
1329
1782
1712
0
919
1207
1137
120
1158
1088
506
0
0
291
75
157
0
0
0
3
0
0
0
0
0
0
0
0
0
0
0
4
0
0
0
0
0
0
0
0
0
0
5
0
0
0
0
0
0
0
0
86
686
167
489
0
882
374
399
0
1864
1794
0
0
2268
2198
2128
0
0
2876
2806
2736
0
0
0
3501
3431
3361
3291
203
0
0
0
3577
3507
3437
3367
0
1132
1062
0
1349
1279
356
258
0
0
0
0
0
0
0
5
0
0
0
0
0
0
0
0
0
0
0
8
0
0
0
0
0
0
0
0
0
0
8
0
0
0
0
0
0
0
0
0
0
0
3
0
0
0
0
0
0
0
0
0
0
0
4
0
0
0
0
0
0
0
0
0
0
1
6
0
0
0
0
0
0
0
0
0
0
1
4
0
0
0
0
0
0
0
0
0
0
4
8
0
0
0
0
0
0
0
0
0
0
3
0
0
0
0
0
0
0
0
423
338
83
1339
1269
0
761
265
0
1664
1594
511
0
2898
2828
2758
152
0
0
0
0
5461
5391
5321
5251
5181
5111
288
397
0
0
0
6261
6191
6121
6051
5981
5911
5841
3
1764
1694
1992
1922
1852
688
1103
1033
181
694
144
248
0
0
0
0
0
0
0
0
0
0
5
0
0
0
0
0
0
0
0
0
0
0
4
0
0
0
0
0
0
0
0
0
0
0
5
0
0
0
0
0
0
0
0
0
0
1
9
0
0
0
0
0
0
0
0
0
0
0
0
0
0
0
0
0
107
350
228
146
659
291
528
556
358
576
394
557
429
727
566
539
534
725
860
499
101
652
841
1432
1362
735
346
1807
1737
539
0
1502
1432
0
677
0
333
0
0
0
1
9
0
0
0
0
0
0
0
0
0
0
5
0
0
0
0
0
0
59
45
100
420
431
0
805
210
313
291
484
150
838
313
160
1192
1122
0
1749
1679
91
0
0
0
3710
3640
3570
3500
125
301
0
0
0
5016
4946
4876
4806
4736
4666
606
619
1319
1249
342
521
341
251
232
0
0
0
0
1
8
0
0
0
0
0
0
0
0
0
0
2
0
0
0
0
231
135
121
143
0
0
0
2
0
0
0
0
0
0
0
0
0
0
0
4
0
0
0
0
0
0
0
0
0
0
0
2
0
0
0
0
0
0
0
0
0
0
0
8
0
0
0
0
0
0
0
0
0
0
1
6
0
0
0
0
0
0
0
0
0
0
0
10
0
0
0
0
218
181
214
92
214
161
101
2
0
0
0
0
0
0
0
0
0
0
0
6
0
0
0
0
0
0
0
0
0
1
1
0
0
0
0
0
0
0
0
0
0
0
2
0
0
0
0
0
0
0
212
404
132
281
361
146
391
735
428
68
2231
2161
2091
18
0
0
3902
3832
3762
3692
60
240
0
0
0
6478
6408
6338
6268
6198
6128
6058
211
0
0
6511
6441
6371
6301
6231
6161
6091
79
0
3066
2996
2926
2856
2322
2252
2182
554
1642
1572
0
1446
1376
1009
939
610
439
413
160
7
0
0
0
0
0
0
0
0
0
0
0
8
0
0
0
0
0
0
0
0
0
0
0
5
0
0
0
0
0
0
0
0
0
0
1
0
0
0
0
0
0
0
0
0
0
0
4
0
0
0
0
0
0
0
0
0
0
0
3
0
0
0
0
0
0
0
0
0
0
2
2
0
0
0
0
0
0
0
0
0
0
1
8
0
0
0
0
0
0
0
0
0
0
6
3
0
0
0
0
0
0
0
0
0
0
0
0
0
0
0
0
0
0
0
0
0
0
3
0
0
0
0
0
0
0
0
0
0
0
8
0
0
0
0
0
0
0
0
0
0
0
3
0
0
0
0
0
0
0
0
0
0
2
8
0
0
0
0
0
0
0
0
0
0
5
8
0
0
0
0
0
0
0
0
0
0
0
0
0
0
0
0
0
0
0
0
0
0
4
0
0
0
0
0
0
0
0
0
0
0
6
0
0
0
0
0
0
0
0
0
0
0
9
0
0
0
0
0
0
0
0
0
0
0
6
0
0
0
0
0
0
0
0
0
0
0
7
0
0
0
0
0
0
0
0
0
0
3
0
0
0
0
0
0
0
0
0
0
0
0
0
0
0
0
0
0
0
0
0
0
0
1
0
0
0
0
0
0
0
0
0
0
0
5
0
0
0
0
0
0
0
0
0
0
1
6
0
0
0
0
0
0
0
0
0
0
2
6
0
0
0
0
0
0
0
0
0
0
2
0
0
0
0
0
0
0
0
0
0
0
5
0
0
0
0
0
0
0
0
0
0
0
7
0
0
0
0
0
0
0
0
0
0
0
5
0
0
0
0
0
0
0
0
0
0
3
6
0
0
0
0
0
0
0
0
0
0
1
6
0
0
0
0
0
0
0
0
0
0
2
0
0
0
0
0
0
0
0
0
0
0
4
0
0
0
0
0
0
0
0
0
0
0
2
0
0
0
0
0
0
0
0
0
0
0
5
0
0
0
0
0
0
0
0
0
0
3
5
0
0
0
0
0
0
0
0
0
0
0
5
0
0
0
0
0
0
0
0
0
0
4
0
0
0
0
0
0
0
0
0
0
0
2
0
0
0
0
0
0
0
0
0
0
0
3
0
0
0
0
0
0
0
0
0
0
0
6
0
0
0
0
0
0
0
0
0
0
0
6
0
0
0
0
0
0
0
0
0
0
0
5
0
0
0
0
0
0
0
828
1828
2828
3828
4757
5757
6757
7757
8757
9757
10757
11757
12757
13757
14757
15757
16757
17757
18757
0
4397
4327
4257
4187
4117
1801
1731
