3.6816
3.84
3.76
4.32
3.84
3.52
3.2
4.64
2.88
3.04
2.4
2.56
1.12
1.76
2.4
1.44
3.04
1.6
2.56
2.4
4
3.2
3.2
3.36
4
4
1.76
3.04
3.36
3.92
3.2
4.8
3.68
3.84
4.16
3.04
4.16
2.72
3.2
2.4
3.2
4.16
4
3.36
1.92
4.16
3.84
4
2.56
3.04
3.68
5.44
4.64
4.16
3.52
3.36
4
4.32
4.8
4.32
4.32
3.52
2.88
4.16
5.12
3.52
6.08
5.44
5.6
4.96
4.8
3.68
4.32
6.56
4.64
6.08
2.56
3.36
4.48
3.52
9.12
2.64
5.44
5.44
6.88
3.04
4.48
6.56
4
5.76
4.16
4.8
8.48
3.52
3.36
4.96
4.96
6.24
4.96
5.92
3.2
1.6
5.44
4.32
4.16
5.12
4.8
5.6
3.52
5.12
5.92
3.52
5.6
4.64
6.4
3.2
5.44
4.8
3.36
4.96
2.72
6.88
4.96
3.04
4.8
5.76
5.6
2.88
4.32
4.48
5.44
6.56
3.36
4.16
4.8
7.04
3.68
3.2
5.76
5.12
4.32
3.36
4
3.2
6.24
5.28
3.84
6.88
2.88
5.76
4.48
6.72
3.2
6.08
4
3.84
3.52
3.68
6.56
2.08
6.24
6.24
3.84
3.68
5.92
4.8
5.76
3.52
9.92
2.24
6.56
3.52
5.44
7.04
4.48
4.64
7.2
3.52
3.84
4
5.12
4.48
5.44
6.88
4.48
3.36
3.2
4.16
4.48
5.44
5.76
4
5.44
8.16
4.16
8.8
3.04
1.76
3.52
7.36
5.12
6.88
4.96
3.84
8.96
5.44
3.68
6.72
8.32
3.2
3.84
6.24
7.04
3.68
7.04
5.44
4.64
3.36
3.68
7.04
4.64
3.36
5.6
6.72
4.16
5.6
5.6
4.32
4.64
2.88
9.44
4.48
5.76
5.12
5.44
4.48
1.6
4.16
8.48
3.52
3.36
3.36
8.32
5.76
5.12
3.68
6.72
5.28
4.96
5.12
6.4
3.2
6.88
3.36
6.88
3.52
2.88
4.96
4.64
5.44
6.08
4.64
6.88
8.16
4
3.68
6.72
6.08
2.4
5.92
8.32
3.04
3.2
10.08
3.6
9.44
3.2
5.76
7.52
3.84
4.48
6.88
4.88
6.72
4.8
4.16
6.72
6.88
3.68
3.04
4.8
6.4
3.52
4.8
3.52
6.56
3.52
2.72
3.36
3.68
5.76
3.2
4.64
5.28
4.32
3.84
4.8
3.04
4.96
4.48
5.12
5.12
3.04
4.16
3.68
5.76
4.16
3.2
4.32
3.36
4.48
3.2
4.16
3.36
4.48
3.52
4.64
4.8
3.52
5.44
4.32
4.16
3.2
3.52
2.88
4
4.8
3.52
4.48
4.48
3.68
3.04
3.36
3.36
3.52
4
2.88
4.16
5.12
3.2
3.36
2.24
4.8
3.52
4.48
4.64
4.96
4.64
3.52
4.16
3.36
3.84
4.48
4.32
3.52
5.12
3.84
4.48
3.04
2.56
3.68
2.4
4.48
3.68
3.84
5.12
3.68
3.2
2.88
4.16
3.84
2.4
3.04
4.8
3.84
4.64
3.52
3.2
3.84
3.2
2.24
2.72
2.4
2.72
4.8
3.36
3.84
2.4
3.84
3.36
3.36
3.84
3.04
4.32
3.84
3.52
4.48
3.68
4.64
3.36
3.68
3.68
4.48
2.08
4
3.84
2.88
3.04
2.88
2.72
2.72
3.36
3.04
2.56
3.84
3.36
3.68
3.2
3.04
2.08
3.52
3.68
3.68
3.04
3.36
3.04
4.16
3.36
3.84
2.72
3.36
3.04
3.84
3.68
2.72
2.08
3.52
2.4
2.4
2.24
1.76
2.08
2.72
2.4
2.56
1.44
2.08
2.4
1.12
1.92
2.24
1.76
2.08
2.24
1.92
1.92
1.6
0.96
1.76
1.12
1.6
1.44
0.96
1.6
1.12
2.08
1.44
1.12
1.28
1.6
1.92
1.28
0.96
0.8
1.28
1.28
1.6
1.6
1.6
1.92
1.44
1.76
1.28
1.44
1.92
1.92
1.6
2.24
1.76
1.44
1.28
1.28
1.76
1.92
1.28
1.44
0.96
1.6
1.12
1.12
1.76
1.76
1.28
1.92
1.6
1.52
1.44
1.92
2.24
1.76
2.4
2.08
1.28
1.76
2.08
2.88
1.92
2.72
2.72
3.2
1.44
3.04
2.24
1.92
4.16
1.12
2.08
2.72
2.24
2.88
2.08
2.88
1.92
2.4
2.88
2.08
2.08
3.2
2.4
1.44
2.4
2.08
2.4
2.72
1.92
2.08
2.72
2.72
1.76
2.72
2.72
2.88
2.24
2.24
1.6
0.96
1.76
2.56
1.76
1.12
1.6
1.44
1.76
2.56
1.92
1.44
2.24
2.56
1.76
1.6
0.96
0.8
1.44
1.12
0.64
1.44
1.44
1.44
1.6
2.72
1.44
1.12
1.92
2.24
0.96
2.4
0.64
1.44
1.6
1.44
1.44
0.8
1.12
1.92
1.6
2.56
2.24
1.12
2.08
1.76
1.12
2.4
1.12
0.96
1.12
1.92
1.12
0.48
1.44
1.28
1.44
1.6
1.28
0.48
0.8
1.12
0.8
1.76
1.76
1.28
1.28
0.96
1.12
1.12
0.64
1.6
0.8
1.12
1.44
0.64
0.8
1.76
1.28
1.28
0.64
2.4
1.28
1.6
0.96
1.04
0.96
0.8
1.92
0.64
0.64
0.96
1.12
0.32
1.92
1.6
1.6
1.28
0.8
1.28
0.96
1.44
2.24
1.44
1.76
0.8
0.64
1.12
1.28
0.96
0.96
1.28
1.76
1.12
1.12
1.28
1.6
1.28
1.44
1.28
2.4
0.8
1.12
1.28
2.08
1.12
1.6
1.44
1.44
1.76
1.92
0.8
1.44
1.28
1.6
1.6
1.76
1.12
1.76
1.44
1.12
1.6
1.92
1.44
1.76
1.92
1.28
0.96
0.96
1.76
1.76
1.44
1.76
1.92
1.6
2.24
1.44
0.64
0.96
1.6
0.64
1.76
1.92
1.28
0.8
1.28
1.28
1.28
1.6
1.6
1.44
1.76
1.12
1.28
1.28
1.12
1.44
1.92
1.28
2.08
1.12
1.12
1.76
1.28
1.28
2.08
1.28
2.24
1.28
0.96
0.8
0.16
0.48
1.6
0.32
1.28
0.8
0.32
0.96
0
1.12
0.48
0.16
1.12
0.8
0.64
0.16
0
0
0.96
0.8
2.08
0.64
1.28
0.96
0.72
1.44
1.12
1.28
1.76
0.8
1.92
0.64
0.8
1.28
1.28
0.64
0.64
1.12
1.12
1.12
1.44
1.28
0.96
0.8
1.28
0.8
1.12
0.96
1.12
1.44
0.96
0.64
1.28
1.44
1.28
1.76
1.28
0.64
1.28
0.64
1.44
1.12
1.12
0.8
1.6
0.96
0.8
0.64
0.8
0.16
0.64
0.32
0.16
0.64
0.48
0.96
1.12
0.48
1.12
0.96
0.96
1.28
0.8
1.12
1.44
1.44
0.8
1.44
1.28
1.28
1.28
2.08
2.24
0.96
0.96
1.44
1.28
1.92
1.6
1.76
1.28
1.92
0.96
1.28
1.6
1.28
1.6
2.72
1.76
1.76
0.8
0.64
0.64
1.28
1.76
1.92
1.6
2.08
2.24
1.6
2.08
1.6
1.44
2.56
1.44
1.92
2.72
1.12
2.24
1.6
1.12
2.08
1.12
1.12
2.24
0.8
1.92
1.92
1.28
1.76
1.28
1.12
2.24
0.8
1.92
1.44
0.8
1.6
1.28
0.16
1.28
0.8
0
2.08
0.64
1.12
2.08
0.8
2.08
1.12
1.44
1.44
0.96
0.64
1.12
0.64
0.96
1.12
0.64
1.28
0.8
0.96
1.28
1.12
0.96
1.12
1.28
0.8
0.64
0.8
1.44
1.12
1.28
0.96
1.44
1.28
1.28
0.32
0.96
1.12
1.6
1.44
1.28
0.48
1.12
0.8
1.44
0.64
1.12
0.32
1.12
1.12
1.12
0.32
0.32
0.8
1.12
1.76
1.28
0.32
0.32
0.48
0.32
0.8
1.12
0.16
0.96
0.8
0.96
0.16
0.64
0.32
0.16
0.64
0.48
0.8
0.48
1.28
0.48
0.48
0.64
0.24
0.96
0.64
0.64
0.16
0
0.64
0.32
0.96
0.96
0.96
0.96
0.64
1.12
0.8
0.48
1.12
0.96
0.64
1.6
0.8
0.96
0.8
0.8
1.12
0.64
1.6
0.16
0.8
1.28
0.16
0.48
0.8
0.8
0.8
1.12
1.44
0.64
0.8
0.64
2.08
0
0.96
1.6
1.44
0.8
1.12
1.12
2.72
1.6
1.6
2.08
0.96
1.6
2.72
1.44
1.44
1.6
1.12
1.76
1.76
1.44
1.44
1.12
1.92
2.24
1.92
2.72
1.44
1.6
2.24
1.44
1.6
2.08
0.96
1.6
1.76
1.92
1.76
1.28
2.56
1.44
1.12
1.92
1.6
2.4
1.76
0.16
0.8
1.28
1.28
1.6
0.96
1.28
0.96
1.44
1.92
0.8
1.44
1.12
1.44
0.96
1.44
0.96
0.8
1.12
1.6
0.8
1.12
0.96
1.28
1.12
2.24
1.12
0.96
1.76
1.76
0.96
1.92
0.96
1.28
1.6
1.12
1.28
0.96
0.8
1.12
1.12
2.08
0.96
0.96
1.6
1.92
1.44
2.08
0.96
0.64
0.64
1.28
0.64
0.8
0.8
0.96
0.96
1.6
0.64
0.64
0.8
1.12
0.96
1.6
0.96
1.12
1.28
0.8
0.48
1.28
0.8
0.8
0.48
1.12
1.12
0.64
1.28
1.28
0.64
1.12
0.8
1.44
0.48
1.6
0.96
1.12
0.8
0.64
1.12
0.64
0.64
0.8
0.96
0.96
0.32
0.8
1.76
0.8
1.76
0.48
1.12
0.96
0.96
0.8
1.76
1.28
0.64
0.64
0.64
1.12
0.8
0.48
1.76
1.28
0.48
0.96
1.28
1.12
0.48
0.64
1.44
1.12
2.24
1.12
1.92
0.8
0.64
1.76
0.96
1.12
1.6
1.44
0.96
1.12
0.8
1.28
1.76
1.28
1.6
1.12
1.44
0.64
0.8
0.64
1.44
0.32
1.12
0.48
0.96
0.16
0.48
0.64
0.96
0.8
0.8
0.96
0.48
0.8
0.48
0.32
0.64
0.16
0.64
0.96
1.28
0.96
0.48
0.64
0.32
0.64
0.8
0.8
0.64
0.8
1.92
0.96
0.48
0.48
0.32
1.12
0.96
0.48
0.32
1.28
0.16
0.48
0.16
1.44
0.32
1.12
0.56
1.12
0.16
0.32
1.44
0.48
1.12
1.12
0.64
0.72
0.64
0.64
0.32
1.12
0.96
0.32
0.32
0.48
0.32
0.64
0.96
1.12
0.16
0.96
0.8
0.16
0.96
1.12
0.8
2.72
0.48
1.28
0.96
0.32
1.12
0.64
0.64
1.12
0.48
0.96
0.64
0.64
0.32
0.96
0.48
1.28
0.8
0.48
0.48
0.16
0.8
0.64
0.64
0.8
0.48
0.48
0.48
0.64
0.48
0.64
0.48
0.64
0.48
0.8
0.16
0.24
0.48
0.32
0
0.64
0.96
1.44
0.96
2.08
1.92
0.16
1.44
2.24
0.32
1.92
1.44
1.44
1.76
2.24
1.44
1.28
2.24
1.12
1.44
1.92
1.92
3.36
3.36
4.48
2.72
6.08
4.96
3.36
4.32
5.6
5.92
5.12
3.84
4.8
4.48
5.12
6.4
4.8
5.6
4.64
3.2
1.44
0.96
1.76
6.08
8.16
7.68
7.84
7.68
8.16
9.44
10.24
11.04
8.64
9.6
12.48
9.92
11.36
10.56
10.4
9.76
12.32
7.2
3.68
12.16
7.68
8.16
10.24
6.4
7.52
8.16
8.64
4.64
7.52
11.04
12
11.52
12
9.44
10.72
9.12
10.72
9.76
5.76
9.28
10.72
12
9.6
6.88
6.08
5.6
6.24
5.44
7.52
10.4
12.16
11.68
10.08
12
7.52
7.68
6.24
3.68
9.28
8
11.52
9.12
7.84
11.2
9.44
7.2
9.12
11.2
9.6
8.64
8.8
8.48
7.84
8.8
8.96
6.08
5.6
7.52
9.44
7.84
9.12
10.72
9.76
7.36
8.16
8.32
11.52
10.72
9.28
12.64
12.96
13.6
12
10.4
8
8.64
6.88
11.2
11.36
10.56
13.28
12.96
10.72
11.84
12.8
11.68
14.08
10.4
15.68
11.52
10.24
11.84
8.16
10.08
14.08
7.2
8.64
11.68
13.12
11.52
12.32
13.6
11.04
12.48
15.04
14.72
13.28
10.4
10.56
14.4
11.68
14.56
14.88
13.6
13.28
7.84
14.56
14.56
13.92
12.96
15.04
16.32
15.52
14.24
15.2
15.2
14.08
13.12
13.12
10.72
15.68
15.36
12.96
8.96
9.76
4.8
10.56
13.92
14.72
10.88
13.6
14.56
12.8
15.52
11.04
12.48
12.8
14.08
15.36
14.08
13.12
12.8
15.52
14.56
5.12
10.08
9.12
15.52
16.48
14.88
15.04
13.44
14.4
16
13.44
13.76
16.16
15.84
15.68
15.84
16.32
16.16
15.68
14.4
6.72
11.84
9.76
14.24
12.8
16.8
15.36
17.76
11.68
11.2
8
10.08
7.84
12.48
16
9.6
16.16
13.6
9.92
4.16
11.68
14.24
12.8
15.04
17.92
15.2
16.48
14.72
13.44
17.6
16
17.76
18.4
16.96
17.92
17.68
17.28
9.12
16.64
17.44
13.44
15.68
19.04
15.28
13.28
15.36
16.88
18.56
17.44
14.72
17.12
9.12
15.52
14.4
17.44
16.96
15.68
15.68
13.92
16.8
16.64
12.64
13.52
13.92
9.12
16.96
14.4
14.56
15.04
13.28
7.84
16.16
14.48
14.72
15.2
15.36
17.92
16.96
17.76
14.24
16.96
17.28
16.96
18.24
17.92
12.64
14.56
16.96
13.2
16.16
14.56
13.76
14.88
17.76
18.24
15.84
17.28
15.5733
12.8
10.24
12.64
15.52
14.88
11.36
4.8
15.52
17.28
12.72
19.04
14.9867
10.16
6.4
8.96
5.28
8
11.2
10.72
13.28
8.96
6.72
11.2
11.68
6.72
6.56
6.56
10.24
5.12
8.48
4.96
3.84
3.68
3.36
4.32
0.48
0.32
1.28
1.12
0.64
0.96
0.48
0.64
0.48
0.32
0.64
0.8
1.28
1.12
1.28
1.44
1.12
0.32
0.64
0.96
1.28
1.12
1.12
0.32
0.64
1.12
1.12
1.12
1.12
0.48
1.12
0.8
1.44
0.64
1.12
0.96
0.48
0.64
0.64
0.48
0.8
0.32
0.64
0.64
1.28
0.48
0
0.32
0.64
0.16
0
0.32
0.32
0.64
0.32
0.16
0.48
0.32
0
0.16
0.64
0.16
0.32
0.48
0.48
0.32
0.32
0.64
0.32
0.48
0.32
0.32
0.08
0
0.8
0.48
0.32
0.16
0.16
0.48
0.16
0.64
0
0
0.48
0.16
0.64
0.16
0.48
0.64
0.16
0.32
0.16
0.4
0
0.32
0.48
0.32
0.32
0.16
0.32
0
0.32
0.32
0.32
0.32
0.16
0.8
0.48
0.64
0.64
1.12
0.64
0.48
0.16
0.32
0.32
0.32
0.48
0
0.64
0.16
0.48
0.48
0.8
0
0.48
0.48
0.64
0.48
0.16
0.48
0.32
0.16
0.16
0.48
0.64
0.32
0.4
0.64
0.48
0.32
0.32
0.32
0.32
0.16
0.16
0.8
0.16
0.32
0.48
0.16
1.12
0
0.32
0.8
0.16
0.32
0.4
0.16
0.64
0.48
0.48
0.4
0.16
0.32
0.32
0.16
0.48
0.32
0.48
0.32
0.48
0.48
0.32
0.16
0.48
0.4
0.48
0.16
0.64
0.32
0
0.32
0.32
0.48
0.32
0.4
0.32
0.24
0.48
0.16
0.32
0
0.48
0.32
0.16
0.08
0.32
0.8
0
0.16
0
0.24
0
0.48
0.48
0.32
0.16
0
0.32
0
0.32
0.32
0.16
0.16
0.64
0.24
0.48
0.213333
0.4
0.32
0.32
0.32
0.48
0.32
0.48
0.32
0.16
0.8
0
0.16
0.16
0.32
0.16
0.64
0.16
0.32
0.48
0.32
0.32
0.24
0.48
0.4
0.32
0.8
0.32
0.16
