3.68306
4.48
3.46667
3.2
2.72
3.84
4.48
2.72
3.36
3.2
3.2
3.12
2.56
1.6
3.2
2.56
2.56
2.08
2.56
2.56
3.2
3.84
2.72
4.32
2.72
4.32
1.76
3.2
3.52
4
3.36
2.72
4.64
4
3.2
4
3.2
3.2
3.84
3.36
2.4
3.68
3.52
1.76
2.88
3.2
2.88
3.04
3.04
4.48
2.88
3.04
3.04
3.84
2.56
2.56
5.6
3.52
3.04
5.92
3.68
4.64
5.44
1.76
3.2
6.24
3.36
3.36
4.8
5.6
3.52
3.52
4.64
4.16
4.96
7.2
2.88
3.84
4.96
5.12
6.72
3.2
2.56
4.8
6.88
5.6
3.36
5.04
4.48
4.8
2.72
4.8
4.32
7.04
4
4.64
4.32
4.64
4.8
4.48
5.6
1.76
5.6
5.44
5.12
4.8
2.88
6.56
5.28
4.48
5.12
3.52
4.8
4.96
4.8
5.12
4.8
7.2
3.36
6.08
1.12
6.56
4.32
5.44
4.48
4.64
5.12
6.08
4.64
4
4.32
4.64
6.08
3.04
4.96
4.96
6.08
4.48
4.8
4.8
4.96
3.84
5.6
4.96
4.16
3.84
4.64
6.72
4.96
4.8
4.32
8.8
3.84
5.28
4.64
4.8
4.64
6.24
3.68
2.24
6.24
3.04
5.92
3.04
5.92
6.4
3.52
3.2
6.56
5.92
7.04
4.32
4.8
3.84
6.72
4.16
6.08
5.76
4.48
1.28
8.48
4.48
4
4.16
6.4
4.8
3.04
4.48
3.84
7.36
5.28
3.36
5.12
8.16
3.52
7.68
5.92
2.08
4.96
8.16
3.84
5.76
4.48
3.04
9.28
4.8
3.52
7.04
7.2
3.84
5.28
8.8
4.16
5.12
8
5.6
3.52
2.24
7.2
5.6
3.84
5.76
4.32
3.68
7.84
2.88
6.08
3.36
7.36
5.28
3.52
4.96
7.2
4.96
3.52
3.68
1.44
7.04
4.32
6.24
3.2
3.68
8.48
2.24
4.96
5.92
5.6
5.12
5.28
4.96
4.8
4.8
5.12
4.8
7.04
5.12
1.92
4.48
4.32
3.84
7.36
5.6
5.28
6.16
3.36
6.08
7.04
3.04
5.92
7.2
2.88
3.2
9.92
4
2.56
9.44
4
4.96
7.36
3.84
4.32
2.4
9.6
4.16
5.44
5.6
3.84
7.04
7.52
3.52
3.2
4.8
6.88
4
2.72
2.4
7.36
4.32
4
3.68
3.52
4.8
4.16
5.12
3.36
4.8
3.52
6.08
3.2
4.64
4.96
4.48
4.48
1.92
4.48
4.96
4.16
4
3.84
2.88
4.16
4.16
4.32
4.48
3.68
3.68
4.16
4.8
4.48
3.68
4.64
3.52
3.36
3.04
4.96
3.36
3.36
5.44
2.88
3.04
4.64
4.16
4.96
3.2
2.56
3.68
5.12
3.84
3.68
4.8
3.36
3.04
2.08
4.96
4.64
3.84
3.36
3.36
4.16
3.52
3.52
3.68
3.36
2.56
3.68
4.16
4.64
4.48
4.96
3.2
5.12
3.84
3.04
3.36
4.48
3.2
4.96
5.12
3.36
3.2
3.2
3.52
3.2
4.16
2.72
4.16
3.36
4.48
3.2
3.36
3.2
2.24
3.68
3.36
3.04
2.88
2.88
3.68
2.56
3.52
2.88
3.2
3.68
3.68
3.52
4.48
3.04
4.48
3.36
3.52
4.16
3.2
3.2
3.36
2.24
4.32
3.68
3.36
3.2
3.52
3.2
3.04
3.2
3.52
3.04
3.2
3.36
3.84
3.36
2.72
2.08
3.36
4.16
3.68
2.56
3.68
2.72
4.48
3.04
3.84
2.72
2.88
3.36
3.52
3.36
2.88
2.24
2.56
2.88
1.92
2.24
1.92
2.08
2.56
1.92
1.92
1.6
2.08
2.88
1.76
2.24
2.4
1.92
1.76
1.92
1.76
1.6
0.96
1.92
1.44
1.12
1.92
2.08
1.44
2.4
0.96
1.6
2.24
1.44
1.44
2.24
1.28
1.6
0.96
0.8
1.12
1.6
1.12
1.92
1.44
1.92
0.96
1.76
1.6
1.44
1.76
1.6
1.28
1.76
1.76
1.28
1.44
1.12
1.12
1.92
1.6
1.44
1.28
1.6
1.12
1.44
1.6
1.6
1.44
1.76
1.44
1.76
1.92
1.44
1.6
2.56
2.08
2.24
2.4
1.76
1.92
2.24
2.88
2.72
2.88
2.88
3.04
1.44
3.04
2.88
1.44
3.36
1.12
2.08
2.56
1.92
2.4
1.44
3.04
2.72
2.4
2.88
2.4
1.76
3.04
2.56
1.44
2.56
2.56
2.56
2.56
2.56
1.44
2.4
3.2
2.24
2.4
2.88
2.72
2.72
1.76
2.08
0.8
1.76
2.24
1.6
1.12
1.44
1.28
2.24
2.24
1.92
1.6
1.92
2.56
1.6
2.24
0.64
1.12
1.12
1.92
0.48
1.44
0.96
1.6
1.44
3.04
1.44
1.44
1.76
1.6
0.8
2.4
0.96
1.28
1.6
1.44
1.28
0.8
1.12
1.92
1.28
2.72
2.24
0.8
1.92
2.08
1.12
2.08
0.96
1.12
1.28
1.28
1.28
0.8
0.48
1.12
1.12
1.76
1.28
0.64
0.96
1.12
0.8
2.08
1.6
1.12
1.6
0.48
0.8
0.48
0.96
1.44
1.44
1.28
1.28
0.8
1.28
1.6
0.96
1.28
0.64
1.6
0.96
1.28
1.28
1.44
0.64
1.6
0.64
1.76
0.48
0.48
1.12
1.44
1.44
1.92
1.28
2.24
0.32
1.12
1.12
1.12
1.28
2.72
0.96
1.92
0.8
1.12
1.44
1.28
0.8
1.6
0.96
1.92
0.96
1.28
1.28
1.28
0.96
1.76
0.8
2.4
1.28
1.44
1.28
1.44
1.12
2.4
1.6
1.6
1.12
2.08
0.96
1.44
0.96
2.08
1.28
1.76
0.64
1.6
1.12
1.28
1.12
2.08
1.6
1.76
1.28
1.44
0.96
0.96
1.44
2.4
1.12
1.76
1.76
1.12
1.6
0.96
1.12
1.44
1.44
1.28
1.44
1.28
1.44
1.6
1.12
0.96
1.44
1.28
1.92
1.12
1.44
1.28
1.6
0.96
1.12
1.76
2.08
1.44
1.76
0.8
1.44
1.6
1.12
0.8
2.08
0.96
1.92
1.44
1.12
0.8
0.16
0.64
1.44
0.64
1.12
0.16
0.64
0.16
0.96
0.64
0.32
1.28
0.96
0.72
0.16
0
1.6
0.64
2.08
0.8
0.96
0.8
0.64
1.92
1.28
1.28
1.76
1.12
1.92
0.8
0.8
1.44
0.8
0.48
0.96
1.12
1.76
1.28
1.12
0.8
0.8
0.96
1.28
1.44
1.12
0.48
0.8
0.96
1.28
0.64
1.12
1.12
1.6
0.8
0.96
0.96
1.12
0.96
1.12
1.12
1.12
1.28
0.96
0.64
1.12
0.8
0.64
0.32
0.96
0.64
0.8
0.32
1.28
1.44
1.28
0.64
1.44
0.8
1.44
1.6
0.48
0.64
1.6
1.12
0.64
1.44
1.12
1.44
1.44
1.6
1.44
0.8
0.96
1.6
1.28
1.6
1.92
1.6
1.12
1.44
0.48
1.6
2.08
1.6
0.96
2.72
2.08
2.24
1.28
0.48
1.12
0.8
1.92
2.08
1.12
1.92
2.56
1.76
1.92
1.92
0.64
2.24
1.92
1.76
3.2
1.6
2.24
2.72
0.64
2.4
1.44
0.48
2.56
0.64
1.44
1.92
1.28
1.44
1.6
0.48
2.88
1.28
2.24
1.6
0.48
1.28
1.28
0.32
1.44
0.48
2.08
0.64
0.96
1.44
1.28
1.92
0.8
1.12
1.44
0.96
0.96
1.28
0.8
1.6
0.96
0.8
1.76
0.48
0.48
1.44
0.8
1.28
0.8
1.12
0.96
0.48
0.64
0.96
0.64
1.12
0.8
0.96
0.8
1.44
0.16
0.8
0.8
1.92
1.6
1.44
0.64
0.8
0.96
0.64
0.48
1.28
0.32
1.12
1.28
0.48
0.16
0.48
1.28
0.8
1.28
0.32
0.96
0.8
0.48
1.12
0.96
0.16
0.96
0.64
0.8
0.64
0.48
0.48
0.8
0.64
1.12
0.8
0.96
0.64
0.8
0.48
0.48
0.64
1.28
0.8
1.44
0.16
0.96
0.16
0.8
0.64
1.28
0.64
1.44
0.64
1.12
0.96
0.32
0.96
1.12
0.48
1.28
0.8
0.8
0.8
0.64
0.48
0.64
0.8
0.32
1.12
1.28
0.16
0.96
1.44
1.12
0.64
0.96
1.28
0.8
0.8
0.64
2.08
0.16
1.6
1.44
1.44
1.12
1.12
0.8
2.72
1.44
1.92
2.4
1.28
2.08
3.04
1.76
1.76
1.6
1.6
1.76
1.44
1.44
1.44
2.08
1.6
2.08
2.4
2.24
1.28
1.28
2.4
1.12
1.6
1.44
1.6
1.76
1.44
1.6
1.92
1.28
2.72
1.6
1.28
2.24
2.08
1.92
1.6
0.48
0.64
1.28
1.76
1.6
0.64
0.96
0.8
1.44
1.76
1.44
1.12
1.28
1.44
1.28
1.12
0.96
0.96
1.12
1.28
0.96
0.48
1.12
1.44
1.12
2.24
0.96
0.96
1.44
2.4
0.48
2.24
0.64
1.12
1.28
1.6
1.28
1.12
1.12
1.44
1.28
2.08
1.44
1.6
1.6
2.08
0.8
1.76
1.12
1.44
1.12
1.28
0.8
0.64
0.32
1.28
0.96
1.76
0.16
1.12
0.64
1.12
0.32
1.6
1.12
1.12
0.48
0.8
0.32
1.44
0.8
0.96
0.8
1.28
1.12
0.8
0.64
1.44
0.8
1.12
0.96
0.96
0.8
1.76
1.12
1.76
0.8
0.32
0.48
0.8
0.96
1.12
0.8
0.8
0.48
1.12
1.28
1.28
1.6
0.48
0.64
0.96
1.76
0.48
1.44
1.6
1.12
0.48
0.96
1.12
0.8
0.32
1.92
1.28
0.8
1.12
0.64
1.28
0.8
1.12
1.12
1.28
1.92
1.12
1.6
0.8
1.28
1.6
1.12
1.44
2.24
1.6
0.8
1.6
0.96
1.28
1.44
1.44
1.28
1.12
1.28
0.64
0.32
0.96
1.12
0.48
1.12
0.96
0.48
0.48
0.64
0.8
0.8
0.64
0.96
1.44
1.12
0.8
0.96
0.48
0.56
0.8
0.96
0.8
0.8
0.64
0.48
0.16
0.32
0.96
0.48
0.48
0.96
1.12
0.48
0.48
0.8
0.16
0.96
0.64
0.64
0.16
0.96
0.32
0.32
0.32
1.44
0.48
1.28
0.64
0.96
0.32
0.48
1.6
0.8
1.44
0.96
0.16
0.8
1.12
0.64
0.8
0.16
0.8
0.96
0.16
0.64
0.48
0.32
0.8
0.48
0.64
0.8
0.48
0.64
0.48
0
1.12
0.48
0.8
1.28
0.8
1.6
0.8
0.32
1.12
0.64
0.48
0.8
0.64
0.32
0.48
0
0.32
0.48
0.64
0.96
0.64
0.32
0.64
0.32
0.32
0.64
0.48
1.12
0.8
0.48
0.64
0.16
0.64
0.96
0.48
1.12
0.96
0.32
0.16
0.16
0
0.48
0.32
0.16
1.12
1.6
0.96
1.12
2.56
1.92
0.16
1.44
1.76
0.16
1.28
1.44
1.12
1.28
1.92
1.92
1.6
2.4
1.12
1.76
2.08
2.24
3.36
3.68
4
2.72
5.6
5.28
3.36
4.48
5.44
7.04
4.64
4.32
4.64
4.96
4.48
6.72
4.96
5.6
4.32
3.2
1.92
0.96
1.44
6.56
8
8.32
7.52
7.68
7.68
10.4
11.68
9.12
9.44
9.92
11.52
10.72
11.2
11.04
10.56
11.52
9.92
7.84
4
12
7.68
7.84
10.24
6.24
7.84
8.8
9.44
3.52
7.52
9.6
12.8
9.92
12.96
11.84
9.76
9.6
9.6
9.92
5.28
8.8
10.4
13.6
8.48
6.4
5.76
5.76
5.76
5.44
7.68
10.72
12
11.36
12.48
11.68
6.72
7.2
6.24
4
8.64
8.96
11.36
8.64
8.16
11.2
8.8
7.04
9.28
12
7.68
9.12
7.2
10.88
7.04
7.52
10.08
4.64
5.44
6.72
10.24
7.2
10.08
10.56
9.76
7.36
8.48
7.68
12.32
8.64
9.28
13.92
13.92
12.64
11.68
11.52
6.88
8.48
5.76
12.48
12.64
10.4
12.8
12.96
10.4
12.8
12.64
12
14.88
9.28
14.08
10.72
8.64
11.36
10.24
11.2
13.6
8.48
8.32
11.36
12.16
12.96
11.68
14.08
12.16
12.32
16.32
14.72
12.16
12.32
9.12
13.6
13.12
14.56
12.8
13.92
14.24
8
12.16
13.92
12.8
16.8
13.92
15.36
16.96
15.84
14.88
12.48
15.2
15.84
13.6
9.76
14.4
14.72
14.24
8.48
8.96
5.44
8.8
11.84
18.24
12.48
12.64
15.68
10.56
14.56
12.32
10.72
11.2
13.44
12
15.68
13.76
14.56
14.56
15.04
9.28
12.96
10.56
14.88
17.12
16.96
14.72
13.12
12.8
14.72
13.92
14.4
14.88
13.28
14.24
17.44
13.6
15.2
17.12
16
9.12
12.64
11.68
12.8
9.6
18.4
15.68
18.4
11.04
11.84
9.44
9.28
9.6
16.96
14.08
13.28
14.08
12.48
7.52
4.16
12.8
10.56
12.96
14.88
17.6
15.84
15.84
15.36
15.84
17.12
15.2
17.6
17.28
16.32
16.64
17.76
17.28
9.28
17.92
18.24
16.32
16.48
18.08
15.28
15.36
15.36
16.16
18.08
16.64
13.44
17.28
8.96
16.16
16.16
17.76
17.28
16.48
10.24
15.68
18.4
13.12
13.52
13.76
9.76
16
17.92
15.52
14.4
16
13.04
13.2
16.16
14.24
15.84
16.16
19.04
15.2
15.2
18.24
16.16
16.32
17.6
17.12
12
13.12
16.8
12.48
16.16
13.76
13.6
13.76
18.08
17.28
13.76
17.6
17.44
16.72
13.6
10.08
12.32
14.08
15.04
13.12
4.16
10.56
18.24
15.44
19.04
12.768
7.28
6.08
8.16
10.72
10.72
12.8
9.28
6.72
11.52
11.52
6.24
5.76
6.72
8.16
5.12
8
4.8
4.16
3.84
3.36
3.68
1.28
0.16
1.28
1.28
1.28
0.32
0.32
0.8
0.32
0.64
0.64
0.8
1.12
1.12
1.28
1.92
0.96
0.32
0.8
0.64
0.64
0.32
0.96
1.12
1.44
0.8
0.48
0.48
1.28
1.28
0.64
0.8
0.48
0.64
0.96
1.12
0.48
0.48
0.64
0.48
0.8
0.96
0.64
1.12
0.96
0
0.48
0.8
0.16
0.56
0.48
0.64
0.16
0.64
0.32
0.16
0.48
0.16
0.16
0.64
0.48
0.4
0.32
0.32
0.16
0.48
0.16
0
0.16
0.32
0.48
0
0.32
0.32
0.96
0.16
0.32
0
0.32
0
0.56
0.32
0.48
0.32
0.16
0.16
0.64
0.24
0.32
0.64
0.16
0.24
0.8
0
0.96
0.16
0.16
0
0.32
0.48
0.16
0.24
0.32
0.16
0.64
0.32
0.32
0.48
0
0.32
0.32
0
0.16
0.32
0.48
0.64
0.32
0
0.48
0.16
0.4
0.32
0.32
0.48
0.16
0.32
0.32
0.8
0.32
0
0.16
0.16
0
0.8
0.16
0.64
0.48
0.64
0.48
0.16
0.64
0.16
0.32
0.96
0.16
0.32
0.64
0.32
0.32
0.48
0.64
0.8
0.48
0.16
0.48
0.64
0.64
0.48
0.48
0.48
0.48
0.48
0.8
0.32
0.32
0
0.16
0.32
0.32
0.16
0.16
0
0.16
0.48
0.16
0.48
0.16
0.32
0.48
0.16
0.16
0.48
0.64
0.16
0.48
0.24
0.32
1.12
0.32
0.48
0.32
0.16
0.32
0.8
0.64
0.16
0.64
0.16
0.48
0.16
0.8
0.16
0
0
0.48
0.56
0.16
0.64
0.48
0.32
0.16
0.32
0.48
0
0.32
0.24
0.16
0.64
0.16
0.48
0.32
0.64
0.32
0.48
0.48
0.32
0.56
0.64
0.64
0.16
0.16
0
0.64
0.64
0
0
0.32
0.16
0.48
0.16
0.16
0.16
0.32
0.48
0.4
0.32
