3.76957
3.84
4.16
2.4
3.744
3.84
4.16
3.808
2.16
2.24
3.2
2.56
3.04
3.36
3.2
3.36
3.04
2.88
4.8
3.52
4.8
2.56
5.28
3.84
2.88
3.68
5.12
4.16
3.12
4.32
3.36
3.36
2.72
4.64
3.36
4.32
2.88
3.84
2.72
4.32
2.72
4.8
3.36
2.72
1.28
3.36
3.04
3.52
4.16
4.64
2.72
4.16
3.2
4.64
3.36
4.64
2.88
2.56
4.96
5.44
5.28
2.88
4.96
1.6
7.84
4
4.48
2.4
4.64
4.48
5.6
4.16
3.36
4.32
7.2
3.36
5.92
2.72
6.24
3.84
6.08
2.56
4.48
2.24
4.64
4.32
5.12
5.76
3.36
4.96
5.28
4.8
5.12
3.04
3.2
4
5.76
3.84
4
6.08
4.48
4.32
1.92
6.24
4.16
4.8
4
4.96
4
2.88
6.24
4
4.32
4.48
3.84
6.72
3.52
4.32
5.12
4
3.68
3.84
3.2
3.04
5.6
4.48
4.16
3.84
3.68
6.24
4.64
4.64
4.96
4
4.96
3.36
4.64
5.76
4.16
4.8
4.8
3.2
4.48
4.32
5.92
5.76
4.8
4
4.64
5.6
4.48
4.16
4.96
5.28
4.64
4.8
5.12
6.4
3.68
4.8
5.28
3.04
4.48
3.04
5.12
3.2
4.64
5.76
5.12
4.16
5.12
4.16
2.88
4.64
5.6
4.8
4.32
3.84
5.6
3.84
1.92
4.8
4.8
4.32
4.32
4.16
5.6
5.6
4.48
4.96
3.68
4.48
3.36
4.96
3.84
4.64
6.24
3.36
3.84
5.76
2.72
3.68
6.88
4.16
3.2
4
5.28
4.96
5.28
3.52
3.84
5.92
4.16
3.04
4.32
4.16
3.84
5.92
1.92
5.12
4.16
4.48
4.64
4.48
4.8
5.76
4.16
7.52
3.36
4.64
6.56
4.8
3.04
5.28
5.12
4.64
3.52
6.24
2.24
5.28
2.72
2.88
6.24
2.56
4.48
4.32
3.84
4.96
5.44
4.72
6.4
4.32
3.84
3.68
4.32
4.96
3.52
5.12
4.16
2.88
7.84
4.96
4.48
3.04
5.44
5.44
3.52
5.28
4.16
5.28
6.72
2.56
4.32
4.32
3.84
5.12
1.92
4.8
6.08
5.44
3.84
6.08
3.84
4.32
3.2
3.68
4.16
5.28
5.28
3.52
5.28
4.32
5.76
5.12
4.64
1.76
4.8
5.44
2.72
5.92
3.52
4.96
4.96
6.56
3.2
4.16
7.04
4.64
4.48
3.04
3.04
4.16
4.96
4
3.2
2.08
4.64
4.64
5.44
5.28
6.08
3.04
4.32
4
4.8
4.64
4.8
4.16
4.32
4.64
4.32
3.04
5.44
2.72
2.08
4.64
3.2
3.36
4.96
3.36
5.6
3.68
4.16
3.2
4.96
4.32
4.8
3.84
4.16
3.52
4.8
3.2
2.88
4.32
1.76
4.32
3.68
4.48
3.84
5.28
3.52
3.52
6.08
3.68
3.2
4
4
5.28
4.64
3.52
4.8
3.04
4.32
2.4
4
4.16
4.48
4.48
2.4
4
3.36
3.84
4.8
4.32
2.72
4.16
3.52
4.64
3.36
4.16
4.48
3.2
5.12
2.08
2.72
3.36
2.72
3.36
3.84
3.68
3.68
4.16
3.68
4.32
4.16
3.52
3.36
4.48
4.64
3.84
4
4.64
2.24
3.68
4.32
4.16
4.16
3.52
3.36
4.32
4.64
3.68
3.04
4
3.36
4.48
3.2
3.84
4
3.68
4
4.32
2.08
2.72
3.52
4.8
4
3.52
4
3.2
3.2
3.52
4.32
4.96
4
3.52
4.48
3.68
4.8
3.2
4.16
2.08
4.16
4
3.68
4.16
3.36
3.36
3.36
3.2
3.68
3.68
3.36
3.2
3.2
2.72
4
3.52
3.84
3.2
3.52
1.92
3.68
3.04
4.48
4
4.32
3.04
4.48
4.32
4
3.04
4
4
4.8
3.36
4.32
4.32
3.04
3.2
2.24
4.64
4.16
4
3.84
3.84
4.16
3.68
5.6
4.16
4
3.52
2.88
3.2
4.32
3.36
4
4
4
3.84
2.08
4.48
3.36
4.32
6.24
3.84
4.16
4
4
4.8
3.68
3.36
3.52
4
3.36
4.64
3.68
3.2
3.68
2.24
3.52
4.32
4.64
3.2
4.64
3.36
5.76
4.8
4
4.48
4.64
4.48
3.52
3.04
5.6
5.44
5.28
4.64
4.16
3.04
4.32
4.48
4.8
4
4.32
4.32
3.84
4.16
3.2
3.2
2.88
4.48
3.2
4.48
4.64
3.84
4
5.76
2.4
4.8
2.4
4.48
5.6
4.48
4
3.68
4.96
2.88
4.16
2.88
2.56
3.84
3.36
4.64
6.24
4.96
5.12
3.84
2.08
3.52
3.84
3.2
3.68
3.36
4.96
2.88
4.16
2.88
4.64
4
4.16
2.72
4.64
4.32
3.84
3.36
3.36
3.36
4.48
2.88
5.28
4.48
5.6
6.08
4.32
4.8
6.24
4.64
4.64
4.48
3.36
4.64
4.32
4.96
4.48
3.84
4.96
2.4
3.2
6.08
4.32
3.2
3.52
3.2
4.16
4.64
5.92
3.2
4.16
4.16
4.96
4.64
3.04
4.96
4.48
4.8
2.08
4.48
5.28
4.96
4.8
4.32
4
5.92
4
5.76
4.96
4.64
4
3.04
3.68
5.44
4.16
4.48
3.84
4.8
3.52
4.48
4.8
3.52
5.44
4.64
4.32
5.44
4.32
4.16
3.68
6.08
4.64
4
5.12
5.6
6.4
6.24
4.48
2.72
5.76
4.32
6.72
4.8
5.12
6.4
5.76
5.28
5.12
6.72
4.96
7.36
4.64
5.44
3.84
5.12
5.44
6.56
5.28
3.84
5.92
5.92
6.08
4.96
5.92
5.28
6.08
6.08
4.8
4.16
4.96
5.6
4.64
5.12
6.72
7.04
5.76
5.6
2.4
6.56
5.92
4.64
5.28
6.24
5.44
5.44
4.96
6.4
4
6.08
4.64
5.12
5.28
5.12
5.92
5.44
5.6
5.44
3.52
6.72
6.72
4.64
4.8
6.24
4.48
5.44
5.28
6.08
7.52
4.48
6.56
5.76
4.32
6.08
6.88
5.44
6.24
2.4
5.92
5.92
6.56
6.56
6.4
6.24
6.08
6.56
7.04
4.64
6.08
5.6
6.4
6.4
5.44
5.44
4.48
5.6
6.88
3.52
6.88
5.12
5.76
5.76
6.24
4.8
5.44
5.6
7.36
6.88
5.92
5.6
6.24
5.28
4.48
5.44
4.96
6.24
3.52
6.56
8
4.8
5.92
5.28
7.04
6.56
4.8
5.92
6.08
5.6
7.52
7.36
6.24
5.76
5.44
8.48
4.48
5.28
3.68
5.92
6.08
5.6
5.6
7.36
5.6
7.04
8
6.56
4.32
6.56
6.24
6.08
5.76
6.56
6.24
6.72
5.28
4.48
6.72
7.36
6.56
5.76
6.88
5.28
5.44
5.12
6.24
6.56
6.08
7.84
5.12
5.12
6.08
7.68
6.56
6.88
6.4
4
7.36
7.2
5.92
6.56
7.52
6.56
5.6
6.56
5.12
6.72
6.72
7.04
6.24
7.04
5.6
7.36
4.96
7.84
3.68
6.08
6.4
8
7.68
6.56
6.56
7.36
5.6
6.08
6.72
6.08
6.56
6.08
6.4
5.28
6.56
6.24
7.2
7.36
3.2
5.92
7.52
5.6
6.56
7.52
6.24
6.88
6.72
5.6
7.2
6.4
5.76
7.04
6.72
6.24
6.08
6.56
6.24
4.48
6.24
6.4
7.68
6.08
4.96
5.92
7.36
4.96
7.04
5.44
7.2
6.08
7.04
5.76
6.24
6.08
5.92
5.76
5.92
3.52
6.08
5.76
6.56
7.04
5.44
7.04
5.12
7.68
7.04
4.8
7.04
5.6
5.28
6.72
5.92
5.76
5.12
5.76
4.64
5.6
7.2
7.2
7.52
8.8
6.4
5.76
4.32
6.24
6.08
5.12
5.12
6.08
6.08
4.8
6.24
7.36
6.4
6.56
4.32
6.88
6.08
6.56
6.88
6.72
5.6
5.92
5.12
6.08
5.6
4.8
5.12
4.96
7.52
5.28
5.6
6.56
6.08
2.72
6.4
5.6
4.16
5.92
4.96
7.04
6.4
7.04
6.4
7.84
6.88
6.56
5.76
6.08
8.32
6.4
8.16
5.44
6.88
3.84
4.64
7.68
4.96
5.28
6.4
5.92
6.08
5.6
6.56
6.4
6.72
5.6
6.88
6.08
6.08
5.92
5.76
5.6
3.36
6.4
5.76
7.84
6.08
6.72
6.24
6.56
6.56
6.88
5.12
5.92
6.4
6.72
6.72
5.6
7.04
8.48
6.72
6.4
4
6.56
7.2
6.56
8.8
7.36
7.2
6.56
6.88
5.76
8
6.08
7.68
8.16
5.92
6.56
7.36
6.08
6.88
3.36
6.08
6.56
5.76
6.88
6.4
5.76
6.72
6.4
8
5.6
8
7.2
6.08
6.24
5.92
6.4
6.4
7.36
7.36
5.12
7.68
6.72
7.2
5.44
7.52
5.76
7.04
6.88
6.4
5.6
6.4
6.4
7.84
5.6
6.72
6.72
6.4
4.48
4
7.04
6.88
5.92
6.56
6.4
5.76
7.2
5.92
7.36
5.44
6.4
4.8
7.68
7.04
7.2
5.6
7.36
6.88
6.88
4.96
7.04
8.16
7.52
6.4
7.2
7.04
6.4
8
5.92
7.68
7.84
7.84
5.76
4.8
6.4
5.92
4.96
7.04
4.16
5.6
5.76
5.92
5.28
5.6
4.48
7.36
5.76
5.44
5.6
5.28
5.44
4.32
5.92
7.36
8.48
6.56
6.72
5.76
4.16
6.4
4.96
6.08
6.88
6.56
6.72
5.92
6.08
7.36
5.44
5.44
5.76
5.92
5.92
7.36
6.88
6.88
6.4
3.2
6.4
6.88
8.16
6.24
7.84
5.76
5.28
5.6
7.84
7.36
8.16
7.2
8.16
5.76
7.36
7.52
6.08
5.44
6.24
2.56
6.56
6.4
6.4
6.08
6.56
8
5.76
4.96
6.4
5.44
6.88
6.88
6.4
7.2
7.04
4.8
7.2
8.16
2.56
7.52
6.08
6.88
5.92
5.28
6.4
6.24
7.36
7.04
4.96
6.24
6.56
7.36
5.76
6.88
6.88
7.68
6.88
4.64
4.64
5.44
6.72
6.56
6.72
5.92
5.92
7.36
5.28
8
7.68
5.28
7.04
6.4
6.72
7.04
6.08
7.04
6.72
2.88
7.52
6.72
6.08
6.56
8.48
6.08
4.96
6.08
7.04
6.08
3.84
8.32
6.88
5.76
7.68
6.56
6.24
7.52
9.28
5.6
5.76
8
7.68
5.92
7.36
5.44
4.64
5.92
7.36
7.68
6.24
5.6
7.36
4.8
6.4
7.04
7.2
6.08
3.2
6.56
8.96
7.84
6.08
5.12
6.72
6.88
6.24
7.52
6.4
6.72
5.6
6.24
7.04
6.72
5.12
6.4
7.84
7.04
5.6
5.44
7.52
5.12
6.72
6.4
5.6
5.76
7.04
6.88
7.04
8.16
6.56
6.72
6.88
7.04
6.24
7.52
5.76
5.92
6.4
5.76
5.28
6.08
5.92
6.56
4.96
7.52
6.08
6.4
7.36
8.16
7.2
6.24
4.64
6.4
5.28
6.88
6.56
2.56
8.32
6.4
6.24
6.08
7.2
5.28
4.32
8.96
6.88
6.56
5.6
6.4
6.24
5.12
7.04
7.68
5.6
6.4
3.2
5.28
5.76
8.32
5.92
6.24
6.4
6.56
6.88
7.84
6.4
6.56
5.44
8
5.12
6.72
6.72
4.64
7.84
5.6
4.48
8
7.52
7.36
7.2
7.52
6.88
6.4
5.12
6.72
7.36
5.28
6.88
8.32
7.68
8.48
7.52
7.04
4.32
3.68
9.44
7.04
8.16
8.48
5.44
8.64
7.52
8.64
6.56
7.84
8.8
7.84
7.52
6.72
5.92
7.36
6.24
6.24
7.84
6.4
6.72
7.84
7.68
8.96
6.72
9.12
8.32
4.8
7.04
7.68
6.4
6.08
7.04
7.84
6.56
7.84
7.04
8.64
4
5.44
7.36
7.04
8.16
5.12
6.56
7.36
6.24
7.36
7.36
7.2
7.04
5.92
6.08
6.72
8.16
8.8
7.36
6.08
4.8
5.28
6.4
7.04
7.2
6.56
8
7.52
7.04
6.56
6.56
5.92
6.56
7.36
5.76
7.36
6.88
6.56
7.52
2.88
8.48
5.76
6.72
6.56
5.76
7.84
5.76
8.32
8
6.24
6.4
5.76
6.4
5.6
6.56
7.36
6.88
6.72
5.92
3.04
6.56
7.84
6.24
6.08
6.4
8.48
6.24
6.56
7.2
5.28
8.32
6.24
6.4
6.72
7.04
6.24
7.84
8.16
5.12
8.8
6.56
9.28
7.84
6.88
7.2
7.68
7.04
5.76
6.88
6.24
5.92
8.16
8.16
5.92
6.56
7.04
6.4
8.16
3.2
4.96
5.76
6.4
6.08
6.56
7.52
9.12
4.96
5.76
5.76
6.88
5.76
6.88
6.08
6.72
6.4
5.6
5.6
3.04
4
6.88
5.44
6.24
7.36
5.6
5.44
5.76
3.84
5.28
7.2
6.08
4.8
7.84
7.36
4.96
6.24
8.48
6.4
4
5.6
6.24
6.56
6.4
5.92
5.12
10.08
5.28
8
4.64
5.6
7.68
6.24
5.44
5.76
5.76
6.56
5.76
3.68
7.68
7.2
6.24
6.88
5.44
3.84
5.12
4.32
5.6
8.16
6.88
7.84
8.64
6.88
7.04
7.84
5.76
6.88
7.2
4.48
8
6.08
7.68
6.88
9.28
7.52
7.36
7.2
6.88
6.88
5.92
6.24
7.52
7.84
7.68
7.2
7.2
8.16
4.64
6.08
6.56
8
6.08
6.24
6.4
6.72
5.44
7.36
6.72
5.76
7.36
6.72
7.2
6.72
7.84
7.36
4.64
7.36
4.8
5.12
5.28
6.72
7.36
6.24
8.16
5.76
7.36
7.2
5.76
6.4
7.36
7.52
6.72
5.6
4.8
5.76
6.88
5.76
8.96
5.44
6.08
5.76
6.56
7.2
6.24
6.88
7.68
4.8
7.68
7.84
6.88
7.52
6.88
6.08
5.92
6.56
7.2
4.48
6.72
7.04
6.24
6.88
7.36
5.76
6.56
6.56
8.16
6.08
9.28
7.52
7.2
6.88
8
5.44
6.24
7.68
4.32
6.72
5.28
6.4
7.2
6.72
6.4
7.68
4.96
6.72
6.4
6.24
7.36
6.08
7.04
6.4
6.08
5.76
6.56
7.36
4
7.04
6.56
7.04
6.24
5.6
7.36
6.4
6.88
6.88
6.4
6.88
6.56
4.96
7.2
5.76
6.56
6.24
7.52
3.68
4.8
7.04
7.52
5.12
7.52
4.8
8
6.24
7.04
6.08
7.04
6.08
4.96
6.4
9.92
5.44
7.36
7.04
7.52
4.48
5.12
6.4
7.52
7.2
6.24
5.76
6.72
7.68
8.8
6.56
6.08
6.08
7.52
7.04
7.2
6.72
5.92
7.2
3.36
5.76
4.96
7.2
7.52
5.44
6.24
6.72
7.68
6.4
6.88
7.52
7.68
6.56
7.04
7.52
8
7.84
7.2
7.84
3.36
7.2
5.12
6.08
5.6
7.84
5.6
6.08
7.84
6.24
8.48
6.56
7.84
6.4
6.72
5.92
7.04
7.04
5.12
4.48
7.36
8.64
5.12
5.6
5.6
7.36
6.4
5.28
4.96
7.52
5.92
5.76
6.24
8.8
5.44
5.6
5.6
7.36
6.72
4.32
6.4
5.44
7.2
6.88
7.04
5.6
6.4
6.4
7.2
5.6
7.36
6.24
4.96
6.56
5.92
7.52
7.84
7.68
3.2
8.16
8.8
6.24
5.28
6.4
6.72
6.4
5.28
5.6
5.28
5.76
7.68
6.24
6.88
5.28
5.76
6.24
7.52
6.24
3.52
6.08
5.92
6.56
6.56
5.44
5.44
5.76
6.08
5.44
4.32
6.56
6.88
5.76
5.76
6.56
6.56
6.4
6.72
3.2
6.24
6.24
5.6
6.88
6.4
5.76
6.08
5.76
6.4
5.76
6.72
7.2
6.72
6.24
6.24
7.2
7.36
5.92
5.12
4.16
7.2
6.72
6.56
7.04
5.76
5.6
6.56
6.4
5.76
6.72
6.56
7.2
6.72
6.56
5.92
6.72
5.92
7.36
3.84
7.52
6.56
5.28
6.4
5.6
6.72
4.48
6.56
6.4
6.56
5.76
5.92
6.56
5.76
6.72
7.52
5.92
6.88
6.24
6.72
5.76
6.56
6.72
6.72
7.04
6.24
5.92
6.24
6.72
7.2
7.84
7.36
7.04
6.4
6.56
7.04
7.2
7.52
3.84
8.96
7.2
7.68
7.2
7.2
7.04
7.52
5.6
7.2
6.56
6.88
7.36
7.2
7.52
6.72
6.24
8.16
5.6
7.84
4.96
7.2
5.44
6.72
6.24
6.24
6.72
7.52
4.8
5.76
6.08
7.04
5.92
6.72
6.08
6.08
7.2
6.56
7.2
3.2
7.04
7.2
6.24
6.88
6.56
7.04
5.6
6.4
6.56
6.24
6.08
7.04
7.04
6.72
6.4
7.68
6.4
5.76
6.88
5.6
7.04
7.52
6.4
6.4
8
6.56
5.92
6.56
5.92
6.88
6.08
7.04
6.4
6.08
6.56
5.92
6.24
6.88
4
6.24
4.96
7.2
7.84
6.08
8
4.64
6.72
6.56
5.44
6.72
6.24
6.56
6.24
6.56
6.56
6.72
6.88
5.76
4.48
6.24
6.88
8.64
6.88
8.16
6.24
6.24
7.36
7.04
5.76
6.08
7.04
5.76
5.12
8.16
4.96
6.4
6.56
4.32
9.12
7.52
6.88
7.84
7.36
8.32
6.72
7.04
7.36
7.04
8.32
8.48
7.36
8
6.56
7.68
7.2
6.4
8.64
4.48
7.2
7.84
7.68
7.04
7.2
6.88
6.24
6.72
6.88
6.56
7.68
7.04
6.4
6.88
6.56
8.32
8.64
7.52
4.96
7.52
7.2
6.88
6.4
8.16
7.68
7.36
7.68
6.72
7.36
6.56
6.88
7.36
8
7.2
7.36
7.04
8.32
7.52
5.6
7.04
9.12
8.48
7.52
7.2
7.84
6.88
7.2
7.2
8.16
7.36
6.4
8.16
7.52
8.8
6.24
8.32
7.04
4.32
8.64
8.16
8.48
7.84
6.72
7.68
7.36
7.84
7.36
8.8
7.68
5.92
7.52
6.56
8
7.36
7.84
6.72
7.04
5.6
7.2
8.16
7.2
7.52
5.76
8.16
6.24
7.68
6.88
7.68
6.88
6.72
7.04
7.04
8.16
6.88
7.52
8
5.76
8.32
7.84
8
8.8
7.36
7.36
6.4
7.2
6.72
7.52
7.68
8.32
7.52
7.52
5.92
7.04
8.48
7.52
7.68
5.92
8.48
7.2
8.8
5.92
8
8.16
7.68
7.04
8
7.68
7.52
7.36
9.12
5.44
7.84
7.36
7.04
8.32
5.6
8.48
7.84
8.8
7.04
8.32
8.48
7.2
8.16
9.76
5.76
7.36
6.56
6.72
8.64
8.16
7.04
8
6.56
6.4
5.44
6.72
6.72
7.68
6.56
7.36
6.56
8.8
5.76
6.72
6.72
5.6
7.52
7.04
7.36
6.88
7.68
5.76
5.6
3.52
5.92
6.24
5.76
5.6
5.92
6.4
5.6
5.76
5.6
4.64
5.12
5.76
5.28
7.2
5.12
6.24
5.12
4.8
5.12
3.04
6.08
4.8
4
4.96
6.24
5.12
4.96
4.96
5.28
5.28
4.8
5.6
5.44
5.12
5.12
6.72
4.64
5.44
3.2
6.4
5.44
5.28
5.28
5.76
5.44
4.96
4.96
5.12
4.64
4.64
4.32
5.6
4.8
4.64
5.6
4.96
4.32
4.8
3.68
5.6
5.44
6.4
5.12
4.16
5.12
4.64
5.92
4.16
4.48
4.8
4.48
6.08
5.12
5.92
5.44
6.4
3.04
3.2
6.56
5.92
5.28
6.08
4.8
3.52
4.32
3.36
4.64
3.2
4.16
3.68
4.64
4.8
4.8
3.52
4.8
4.96
2.08
2.72
3.52
4.8
5.12
3.68
3.68
4.64
3.68
3.84
3.36
4
3.36
3.04
4.48
3.36
4.64
2.4
2.72
2.24
2.56
2.56
2.88
3.36
2.24
2.24
2.88
2.08
3.68
2.72
1.6
3.36
2.24
2.24
1.6
3.2
2.72
2.56
2.88
2.4
2.88
3.04
3.04
2.24
3.36
2.24
3.36
2.4
3.2
3.2
3.52
3.04
3.2
3.04
3.2
3.2
2.4
2.72
2.88
2.24
2.4
1.6
3.36
2.24
3.04
2.72
2.08
2.08
3.2
1.76
3.04
2.88
3.2
2.88
3.04
2.4
3.68
2.24
2.88
3.36
3.84
3.2
3.2
3.68
3.36
3.04
3.04
2.24
2.56
3.04
3.2
2.08
2.56
3.04
2.56
3.2
2.56
13.76
4
12.48
13.12
10.72
13.6
12
13.92
16.8
15.36
12.8
12.48
11.68
17.44
17.76
16.64
15.2
15.52
18.24
15.36
16
8.64
18.08
15.2
16.8
16.96
16.16
17.6
13.44
18.56
17.12
18.24
16.8
15.04
14.4
15.68
14.88
16.48
18.08
18.4
9.28
17.12
18.72
16
15.04
15.68
17.12
17.44
17.12
15.84
16
16.64
19.04
15.84
15.84
17.28
18.72
18.72
16.8
13.76
8.64
18.56
16.4
14.08
15.2
11.2
17.92
16.16
17.92
18.08
18.88
15.2
16.96
18.56
17.28
19.2
19.2
19.04
9.28
16.64
17.92
14.4
15.68
14.24
18.4
19.2
19.2
15.36
19.04
17.28
18.72
19.04
14.88
17.12
18.24
19.2
18.24
19.04
9.44
17.92
19.2
18.88
16.8
18.88
15.04
17.92
19.2
19.2
15.84
7.52
13.12
17.28
19.2
19.2
17.6
17.76
8.16
18.08
15.84
15.68
17.6
17.12
18.88
16.96
14.08
14.24
13.44
11.36
7.84
9.12
16.8
15.52
16.48
18.08
14.72
12.32
8.48
16.8
17.12
12.96
17.76
17.6
15.84
14.72
9.44
12.32
12.48
14.24
18.56
15.36
18.08
15.84
16.32
12
18.24
9.28
17.92
14.08
12.48
14.08
12.4
9.76
9.6
9.04
14.88
13.28
14.24
15.2
11.52
11.2
12
9.92
10.6133
15.52
12.08
10.4
10.88
12
12.24
13.92
13.84
10.24
12.16
14.08
17.12
11.92
8.64
12.96
15.2
14.08
13.12
10.72
14.08
9.28
10
8.48
14.08
10.24
8.26667
10.56
6.08
12.16
9.76
11.04
8.48
10.08
10.8
8.48
9.92
14.88
16
13.1733
8.85333
11.52
10.56
12.96
12
12.64
9.96
5.76
7.6
9.6
11.84
10.64
11.36
9.2
10.96
11.04
9.92
9.49333
7.52
10.4
9.76
12.32
15.68
12
11.68
8.32
9.76
9.54667
10.8
12.64
11.92
14.4
10.6667
10.88
13.44
8.8
9.6
9.76
11.2
12.32
11.68
9.12
8
9.12
11.68
11.84
12.16
12.8
17.28
8
16.32
13.6
12.96
14.56
14.56
14.72
15.8667
15.68
13.92
18.08
7.36
8.64
14.24
13.28
7.84
15.2
12.16
7.68
6.88
7.2
9.76
13.6
14.32
16.16
12.64
16.96
16.96
9.6
17.92
15.52
14.432
16.8
8.96
16.48
15.04
9.92
16.5333
17.8133
16.88
15.7333
18.592
15.36
9.12
17.76
18.88
16.96
17.6
18
17.12
17.92
16.64
16.32
16.16
16
14.08
17.6
17.12
16.64
18.24
17.6
8.32
17.76
16.96
14.56
17.76
10.56
11.04
15.84
16
16.96
16.96
16.48
18.56
14.72
18.24
17.44
16.96
16.64
17.92
16.64
9.44
17.44
15.84
16
16.48
14.88
12.8
7.84
7.68
8.16
18.24
18.08
9.6
10.56
13.12
17.92
17.6
17.6
16.16
9.28
17.6
15.52
16.48
13.12
18.24
18.4
14.72
17.2
18.24
18.64
18.24
19.36
18.4
18.88
18.72
9.44
18.72
16.8
14.88
14.08
16.48
16.48
13.6
14.24
14.56
18.88
18.24
18.4
19.04
18.4
16.16
16
17.6
16.96
8.64
16
17.12
17.28
17.92
18.08
18.24
18.4
14.08
13.76
17.44
18.24
15.52
16.96
16.64
16.48
17.28
18.56
18.88
17.44
7.84
15.36
14.24
9.92
7.84
7.04
10.72
11.68
12.8
13.28
9.6
8.64
7.36
12.48
11.52
8.32
7.36
7.04
4.48
6.4
9.28
13.44
14.88
11.36
8.64
11.04
3.18981
1.76
2.4
1.44
2.24
2.96
3.04
4.48
4.48
5.36
3.05514
2.8
4
3.2
4.42667
4
3.36
3.2
3.14667
3.424
1.12
1.92
3.2
4
3.84
2.72
2.4
1.28
1.92
1.76
0.8
1.76
3.36
3.2
2.88
3.68
1.92
1.6
1.12
1.76
1.28
2.08
1.76
1.76
2.56
2.56
2.56
1.92
2.24
1.76
1.6
1.76
2.24
2.56
1.6
1.2
1.44
1.92
1.76
2.4
2.56
1.44
2.56
2.72
2.08
1.44
2.08
2.24
2.4
1.2
1.92
2.72
1.44
2.72
2.24
1.12
0.96
1.28
1.68
1.76
2.4
3.04
1.6
3.04
2.88
2.56
2.08
1.76
1.76
2.56
2.08
4.16
3.68
3.2
2.08
2.08
1.28
2.88
2.08
1.44
1.6
3.36
2.72
2.88
3.04
2.88
2.72
3.2
1.12
2.4
2.24
2.56
2.08
2.24
3.36
3.2
3.04
1.44
3.52
1.92
2.72
2.72
2.4
1.12
2.08
2.08
1.28
2.56
1.44
1.92
1.12
2.08
1.92
1.44
1.76
1.44
2.88
1.76
1.92
2.24
1.28
1.92
1.28
2.08
1.44
0.96
1.12
1.44
1.04
1.12
1.76
0.48
1.28
1.28
0.8
1.76
1.2
1.44
1.28
1.6
1.44
1.92
1.12
0.8
1.12
1.44
1.12
1.44
1.44
1.76
1.6
0.8
1.12
1.76
1.92
1.28
0.8
0.64
1.76
1.28
1.76
1.6
1.76
0.8
1.28
0.64
1.12
0.8
1.28
2.56
1.28
1.44
1.12
1.28
1.76
0.8
1.12
1.6
1.12
0.8
1.36
0.96
1.44
1.12
1.28
1.92
1.76
1.44
1.76
1.28
2.08
1.6
1.44
2.08
1.6
0.8
1.6
1.12
1.44
2.24
1.28
0.48
1.6
0.8
1.44
1.12
1.44
0.96
1.12
0.8
1.6
0.8
1.68
1.76
0.8
1.44
1.44
2.24
1.28
0.64
1.28
0.8
0.8
1.28
1.28
1.28
1.44
0.8
0.96
1.92
0.8
1.44
1.12
1.12
1.28
0.96
0.64
1.28
1.12
1.12
0.48
1.44
1.76
1.44
1.28
2.08
2.08
1.28
0.96
1.12
1.76
1.28
0.8
0.8
1.6
1.6
1.28
1.44
1.12
1.12
0.64
0.64
0.96
1.6
1.44
1.28
1.6
1.6
0.96
1.76
1.76
1.12
1.92
1.28
1.12
1.28
1.76
0.8
1.12
1.04
1.28
1.28
1.44
1.92
1.44
1.28
1.92
1.6
0.64
0.64
1.92
1.44
0.96
2.24
1.44
1.28
2.08
1.28
0.8
1.12
1.92
1.28
0.8
1.28
1.12
1.28
1.44
1.28
0.96
1.6
1.76
1.44
0.96
2.08
1.92
1.44
1.92
1.92
0.8
0.96
1.12
1.12
1.12
0.96
0.96
1.44
1.28
1.76
2.24
1.44
1.28
1.44
1.6
2.08
1.12
2.08
2.08
0.96
0.8
2.24
1.12
2.24
0.48
1.28
2.24
