0
60000
0
0
0
1000
0
611
394
486
509
0
929
0
73
0
572
1
429
672
325
0
0
0
0
0
0
0
186
821
0
0
0
0
0
0
0
0
0
437
564
0
0
0
0
0
0
991
0
0
0
1005
0
1000
0
0
2995
1354
1
0
1647
0
0
998
0
0
0
0
1004
0
0
0
0
1002
0
0
0
999
0
0
0
0
998
1002
997
1001
0
1000
1001
1001
1001
998
1002
996
1001
710
293
999
999
1001
1001
998
1003
2995
0
1000
2001
999
1000
2001
0
2001
0
998
1002
0
438
561
1001
1001
1046
1246
454
411
1000
2999
2000
1000
0
0
1001
0
1006
999
998
1353
572
1002
1000
4998
1000
2000
1000
0
1001
0
0
1001
134
866
0
999
765
236
1000
1001
1000
1001
998
629
998
2001
1597
1402
614
385
1000
1001
0
2001
998
1000
1002
0
1000
367
96
3998
1000
0
6000
0
0
1000
0
0
0
1
403
601
708
995
1003
998
1000
1000
243
689
2004
0
1997
999
0
6000
4000
0
1000
0
1002
0
0
999
0
2999
708
293
0
0
999
0
0
1
1003
1000
997
1000
309
269
1997
999
1000
1002
0
1002
1000
3996
0
1
999
1001
4669
330
0
0
0
1000
1004
0
998
475
277
1001
0
1002
998
2000
0
364
1001
0
1001
1000
999
1002
1997
1000
1000
1003
0
2001
996
1170
831
0
1003
0
998
1001
424
1575
380
623
998
2266
733
1000
755
1100
292
709
1000
713
1998
998
654
348
335
99
1001
1000
0
1001
0
1001
1001
3922
75
0
865
138
999
999
1000
1000
1000
847
1004
0
1155
842
584
567
947
155
1001
0
1002
1001
2996
1000
0
1000
200
804
997
1003
999
416
586
940
1002
0
1001
0
1000
1000
1001
1511
489
2998
0
334
23
1003
2182
715
0
1002
0
999
3999
1000
0
0
1000
1
1002
2000
0
1002
0
1002
999
2997
2000
510
1491
999
3000
3000
0
422
0
580
0
0
0
261
742
1004
0
1003
995
1000
1001
369
1566
4000
0
1000
0
1002
999
1000
0
0
1003
0
1000
999
1002
131
999
1000
1003
996
1000
1001
1001
1000
1001
1000
1000
998
345
993
211
995
87
1002
0
1003
996
1001
1001
1000
1000
1001
999
776
1000
1005
0
566
823
540
465
583
872
1096
0
744
1006
0
1005
423
1007
0
1003
1002
673
1012
0
1000
998
999
1002
1000
1000
998
1002
1000
1000
998
1002
1000
1000
998
1002
1000
1000
998
1002
1000
1000
998
1002
1000
1000
998
1002
1000
1027
971
1002
1000
1000
998
1002
1027
973
1027
973
1000
1000
998
1000
1000
1032
996
972
1000
1028
1001
1004
994
1075
925
1000
1075
926
1041
1108
2235
0
0
980
790
1027
1039
1037
1742
1159
0
1009
0
1029
986
1014
971
1000
1028
975
1026
1003
968
1028
973
1000
1000
1031
997
972
1026
977
998
999
1001
1002
998
999
1001
1026
974
999
1001
1026
974
999
1001
1002
998
999
1001
1002
998
999
1001
1002
998
999
1000
1003
997
999
1001
1003
997
999
1001
1003
997
1000
1000
1003
995
1000
1000
998
1001
1000
998
999
1001
1000
999
999
1001
999
1000
1000
1000
1000
1000
1000
1000
1000
1000
1001
0
1001
999
1000
1000
1001
999
1000
1000
1001
999
1000
1000
1001
999
1000
1001
0
1001
1000
999
1002
999
1000
999
1002
999
1000
999
1002
999
1000
999
1002
998
1000
1001
0
1000
1000
1000
1000
1344
1118
971
1028
337
789
974
704
365
1257
763
343
2133
0
1780
0
1375
1601
0
2878
0
231
724
532
658
550
1192
1235
0
1558
0
1444
997
1002
1106
0
1586
2345
0
0
2969
0
232
0
846
2851
0
0
1241
0
530
857
1063
1073
485
1797
0
1202
3093
0
0
0
908
1036
1909
1676
0
873
72
268
920
1000
3332
0
244
423
85
2513
0
1338
0
1001
1016
0
1791
751
551
1248
685
609
363
1334
1613
0
1914
0
1577
508
713
948
1034
0
1213
434
2043
0
1326
199
1007
0
614
465
1503
0
1100
0
2242
0
0
833
928
1689
1076
1051
1643
0
1249
999
1004
0
1061
1392
375
1853
0
1036
0
1000
1518
383
1
1966
1070
0
999
1860
1969
0
1006
0
1040
0
1006
991
1465
2712
0
0
1901
0
889
1032
1705
1853
0
1358
0
1007
0
1035
1033
1141
377
115
1221
1552
738
3270
0
0
1073
0
1007
0
1019
1012
1108
929
999
1001
2283
0
0
905
854
1178
645
804
1245
0
784
1028
571
2033
0
1502
0
1037
0
1004
1001
849
1062
1457
1165
2199
0
0
837
971
1101
926
1239
801
1000
1629
2270
0
1023
1011
0
1000
998
1001
1179
923
930
1044
1308
1153
1195
304
1042
0
1001
995
999
1005
1002
994
1148
992
2549
0
0
1071
1113
1274
0
1010
0
1001
1000
998
1028
1005
1000
1108
929
699
1324
1443
0
862
1000
859
1012
980
1006
2885
0
0
1135
0
1033
0
1008
1135
1632
2042
0
1148
94
2550
0
0
1497
0
1037
0
1005
2113
0
0
2421
0
972
533
760
1038
0
1036
1000
4661
0
0
0
0
1076
1270
0
1010
0
1029
999
1007
1147
266
146
2772
0
1919
0
1125
1036
1056
0
1053
967
1038
1304
840
2163
0
962
1430
223
964
1005
1030
1003
1033
2039
0
0
395
2251
0
0
760
1030
1036
1001
1837
1416
0
1341
0
1067
0
2989
0
0
1159
0
896
1782
1173
3474
0
0
0
963
1427
1176
0
1045
0
541
1000
5631
0
0
0
0
0
889
492
698
1044
0
968
1032
1616
2185
0
1301
0
1237
0
721
3716
0
0
0
1298
0
1045
0
991
1009
1192
1066
376
2627
0
0
2028
0
1308
1155
2499
0
0
1223
1862
0
1527
0
651
425
1054
1347
0
620
354
3796
0
0
0
1243
2495
0
0
992
1302
1246
0
1185
0
1139
158
1881
0
1208
0
1000
2730
0
0
2968
0
0
2144
0
1167
0
1038
0
1037
967
2773
0
0
1880
0
1470
0
480
1024
1333
947
1132
0
2786
0
278
1443
1387
1002
1000
1000
5520
0
0
0
0
0
1640
0
1265
0
59
989
698
1887
0
510
2749
0
0
2360
0
770
1265
1345
2417
0
0
1042
994
1083
2919
0
0
946
953
1154
911
1962
0
1137
0
1043
0
1000
4592
0
0
0
0
1421
0
1010
0
1028
1036
1038
1237
71
160
2197
0
3311
0
0
1080
0
968
120
1415
976
227
1851
0
2494
0
1102
0
1030
1310
1107
1399
0
2269
0
4196
0
0
0
1382
0
1010
0
1028
1077
2034
0
0
2888
0
2784
0
0
1329
0
1042
0
1031
1720
2087
0
1234
0
722
975
1501
0
1571
0
1231
1292
1426
4226
0
0
0
0
786
1032
1000
1119
898
1522
2072
0
1345
1351
0
1143
2007
0
1397
1690
0
1390
0
1658
2462
0
0
1498
0
1349
224
1041
0
1256
747
1000
3939
0
0
0
1216
0
1240
0
1823
0
2804
0
0
1279
1156
0
1041
0
1033
1543
1197
1489
0
2075
0
1666
0
158
1356
0
1091
751
572
1450
471
2026
0
1540
0
1038
0
1000
1170
903
1441
1265
3575
0
0
0
1379
53
997
1009
0
1002
999
999
1038
1138
2738
0
0
1272
0
1009
0
1000
1037
1029
1166
598
2142
0
1304
0
1038
0
1003
1108
581
2056
0
1399
0
1037
0
972
1020
1012
1001
2160
0
0
1208
2107
0
1047
986
1488
2770
0
0
1241
0
1011
0
1001
997
1028
1001
983
1056
964
970
1030
1090
906
1008
992
700
1796
0
1367
0
400
648
927
1042
0
1596
1178
1190
0
1042
0
1077
926
1044
1969
0
1188
0
734
498
1017
1085
653
1082
0
399
2405
0
1204
0
1035
0
976
1000
1031
1003
966
1027
1206
0
1010
0
1187
2041
0
0
1334
1008
1730
0
889
1004
997
1543
482
544
741
363
846
1474
1363
0
1009
0
1002
997
1002
999
1001
1052
1090
885
1920
1603
0
1037
1204
208
998
1011
0
998
1001
998
1002
999
1001
998
1002
999
1001
998
1034
1027
1110
829
1069
1093
840
999
1227
772
1002
1138
1242
947
1013
1346
883
1195
1232
0
1010
0
1000
1000
1001
998
1003
996
1004
1062
1084
883
1312
1298
463
349
940
998
2112
0
0
1019
881
1025
1259
745
614
439
2391
0
1178
0
1011
0
998
999
1004
998
998
1038
996
968
999
1029
1112
977
988
828
808
1023
800
1567
1395
0
1009
0
1021
978
1000
1000
1029
971
1000
1000
1002
998
1000
1000
1002
998
1000
1000
1001
999
999
1000
1002
998
999
1001
1002
998
998
1000
999
1000
1000
1001
999
1000
1000
1001
999
1000
1000
999
1000
1000
1000
1000
1000
1000
1000
1000
1001
999
1000
1000
1000
1000
1000
1000
1000
1000
1000
1000
1000
999
1001
1000
1000
999
1001
1000
1000
999
1001
1000
1000
999
1001
1000
1000
999
1001
1000
1000
999
1001
1000
1000
999
1001
1000
1000
999
1001
1000
1000
999
1001
1000
1000
999
1001
1000
1000
999
1001
1000
1000
999
1001
1000
1000
999
1001
1000
1001
999
1001
1000
1000
999
1001
1000
1000
999
1001
1000
1000
999
1001
1000
1000
999
1001
1000
1000
999
1001
1000
1000
999
1001
1000
1000
999
1001
1000
1000
999
1001
1000
1000
999
1001
1000
1000
999
1001
1000
1000
999
1001
1000
1000
1051
1048
0
1003
0
1001
1000
1000
999
1001
1000
1000
999
1001
1000
1000
999
1001
1000
1000
999
1001
1000
1000
999
1001
1001
998
999
1002
1000
999
999
1002
1000
999
999
1002
1000
999
999
1002
1000
999
999
1002
1000
999
999
1002
999
999
1000
999
1001
999
1001
138999
1000
1000
1001
999
1001
999
1002
998
1000
1000
1001
999
845
1156
999
1000
1000
1000
926
894
1180
1000
1001
1000
1999
1000
1001
999
1000
1984
1016
1000
1000
2001
999
1000
1000
1000
1001
999
1000
1000
1001
999
1000
1000
1001
999
1000
1001
869
1130
1000
1000
1001
999
1000
1000
1001
1000
999
1000
1001
999
1000
1000
1001
999
1000
1000
1001
999
1000
1000
1001
999
1001
999
1001
1000
999
1000
1001
999
1000
1000
1001
838
1161
1000
725
1275
1000
1000
1001
999
966
926
915
1193
1000
1000
1001
999
1000
1000
1001
999
1001
999
1001
999
1000
1000
1001
999
1000
1000
1001
999
1000
1000
1001
1000
201999
1000
1000
1000
1000
1000
1000
1000
1000
1001
999
1000
1000
1000
1000
1000
1001
999
1000
1001
999
1000
1000
1000
1000
1000
1000
1000
1000
1000
1000
1000
1000
1000
1000
1000
1000
1001
999
1000
1000
1000
1000
1000
1000
1000
1000
1000
1000
1000
1000
1000
1000
1000
1000
1000
1000
1000
1000
1000
1000
1000
1000
1000
1000
1000
1000
1000
937
1063
1000
1000
1000
1000
1000
1000
1000
1000
1000
1000
1000
1000
1000
1000
1000
1000
1000
1000
980
1020
1002
998
1000
1000
1000
1000
1000
1000
1000
1000
1000
1000
1000
1000
1000
1000
1000
1000
1000
1000
1000
1000
1000
1000
1000
1000
1000
1000
204905
1096
999
1000
1000
952
1048
735
1265
1000
1001
999
1000
1000
1001
999
1001
999
1001
999
1000
1000
1001
999
1000
1001
1000
999
1000
1000
867
1133
1000
995
1006
999
1001
999
1001
999
1000
1000
1001
999
1000
1000
1001
999
1000
1000
1001
999
1001
999
1001
999
1000
1000
1001
999
1000
944
1056
1000
1000
1000
956
1044
787
1213
1000
1000
952
1050
998
1000
1000
1000
1001
999
1000
1000
1001
999
1000
1000
1001
999
1000
1000
1001
999
1000
1000
1001
999
1000
1000
1001
999
1000
1000
1001
999
1000
1000
1001
999
1000
1000
1001
999
1000
1000
1001
999
1000
1001
1000
999
1000
1000
1001
999
1000
1000
800
1200
1000
1000
1001
749
1078
1170
1002
12000
1000
1001
999
1001
1000
1000
999
1001
999
1001
999
1001
999
1001
999
1001
999
1001
999
1001
999
1001
999
1001
999
1001
999
1001
999
1001
1000
1000
0
999
0
1002
0
1000
0
1000
0
2000
0
998
1002
0
998
0
1003
0
998
0
1002
0
998
0
1002
0
998
1002
0
997
0
1002
0
1000
0
1000
0
1000
0
1000
0
1000
0
1000
1000
0
999
281
720
0
999
0
1000
0
1001
363
637
999
0
999
0
1002
0
1000
0
1000
0
1000
0
1000
0
1000
0
1000
0
1000
0
1000
0
1000
0
1000
0
1000
0
1000
0
1000
0
1000
0
1000
0
1000
0
1000
0
1000
0
1000
0
1000
0
1000
0
1000
0
1000
0
999
0
1000
0
1001
0
1000
0
1000
0
1000
0
1000
1000
0
999
0
1000
0
1002
0
998
0
1002
0
998
0
1002
0
998
0
1002
0
998
0
1002
0
998
0
1002
0
887
114
957
39
1002
0
963
37
998
1001
999
1001
999
1001
999
1001
999
1001
999
1001
999
1001
999
1001
890
1109
1000
1002
998
1001
999
1001
999
1001
999
1001
999
1001
999
1001
999
1001
1000
1000
999
1001
999
0
0
0
0
0
0
0
0
1
0
0
0
0
0
0
0
0
0
0
0
0
0
0
0
0
0
0
0
0
0
0
0
0
0
0
0
0
0
0
0
0
0
0
0
0
0
0
0
0
0
0
0
0
10
0
0
0
0
0
0
0
0
0
0
0
0
1768
1693
1618
1543
1468
1393
1318
1243
1168
1093
1018
943
868
793
718
643
568
493
418
343
268
193
118
43
0
0
0
344
269
194
119
44
0
0
0
0
0
0
0
0
851
776
701
626
551
476
401
326
251
176
101
26
0
729
654
579
504
429
354
279
204
129
54
0
0
0
0
0
0
0
0
0
0
0
0
0
0
0
0
0
0
0
0
0
0
0
0
0
0
0
0
0
0
0
0
0
0
0
0
0
0
0
0
0
0
0
0
0
0
0
0
0
0
0
0
0
0
0
0
9521
9446
9371
9296
9221
9146
9071
8996
8921
8846
8771
8696
8621
8546
8471
8396
8321
8246
8171
8096
8021
7946
7871
7796
7721
7646
7571
7496
7421
7346
7271
7196
7121
7046
6971
6896
6821
6746
6671
6596
6521
6446
6371
6296
6221
6146
6071
5996
5921
5846
5771
5696
5621
5546
5471
5396
5321
5246
5171
5096
5021
4946
4871
4796
4721
4646
4571
4496
4421
4346
4271
4196
4121
4046
3971
3896
3821
3746
3671
3596
3521
3446
3371
3296
3221
3146
3071
2996
2921
2846
2771
2696
2621
2546
2471
2396
2321
2246
2171
2096
2021
1946
1871
1796
1721
1646
1571
1496
1421
1346
1271
1196
1121
1046
971
896
821
746
671
596
521
446
371
296
221
146
71
0
0
0
0
0
0
0
0
0
0
0
0
0
0
0
0
0
0
0
0
0
0
0
0
0
0
0
0
0
0
0
6443
6368
6293
6218
6143
6068
5993
5918
5843
5768
5693
5618
5543
5468
5393
5318
5243
5168
5093
5018
4943
4868
4793
4718
4643
4568
4493
4418
4343
4268
4193
4118
4043
3968
3893
3818
3743
3668
3593
3518
3443
3368
3293
3218
3143
3068
2993
2918
2843
2768
2693
2618
2543
2468
2393
2318
2243
2168
2093
2018
1943
1868
1793
1718
1643
1568
1493
1418
1343
1268
1193
1118
1043
968
893
818
743
668
593
518
443
368
293
218
143
68
0
0
0
0
0
0
242
167
92
17
0
0
0
0
0
0
0
0
0
748
673
598
523
448
373
298
223
148
73
0
0
0
1169
1094
1019
944
869
794
719
644
569
494
419
344
269
194
119
44
0
0
0
0
0
0
0
0
0
0
7181
7106
7031
6956
6881
6806
6731
6656
6581
6506
6431
6356
6281
6206
6131
6056
5981
5906
5831
5756
5681
5606
5531
5456
5381
5306
5231
5156
5081
5006
4931
4856
4781
4706
4631
4556
4481
4406
4331
1461
1386
0
8172
8097
8022
7947
7872
7797
7722
7647
7572
3479
3404
3329
3254
3428
3353
3278
3203
5769
5694
5619
5544
5469
5394
0
12136
12061
11986
11911
11836
11761
11686
11611
11536
11461
11386
11311
11236
0
9667
9592
9517
9442
9367
9292
9217
9142
9067
8992
0
13832
13757
13682
13607
13532
13457
13382
13307
13232
13157
13082
13007
12932
12857
5132
5710
5635
5560
5485
5410
5335
3480
3405
3330
3255
5067
4992
4917
4842
4767
4692
6601
6526
6451
6376
6301
6226
6151
4091
4016
3941
3866
3791
4365
4290
4215
4140
4065
14907
14832
14757
14682
14607
14532
14457
14382
14307
14232
14157
14082
14007
13932
13857
10247
10172
5282
5207
5132
5057
4982
4907
846
0
2992
2917
2842
2767
27097
27022
26947
26872
26797
26722
26647
26572
26497
26422
26347
26272
26197
26122
26047
25972
25897
25822
25747
25672
25597
25522
25447
25372
25297
25222
25147
25072
0
0
3972
3897
3822
3747
3672
24484
24409
24334
24259
24184
24109
24034
23959
23884
23809
23734
23659
23584
23509
23434
23359
23284
23209
23134
23059
22984
22909
22834
22759
22684
0
0
0
18860
18785
18710
18635
18560
18485
18410
18335
18260
18185
18110
18035
17960
17885
17810
17735
17660
17585
17510
12310
632
903
1944
1869
1026
951
0
17460
17385
17310
17235
17160
17085
17010
16935
16860
16785
16710
16635
16560
16485
16410
16335
16260
16185
305
642
893
7008
6933
6858
6783
6708
6633
6558
6483
1462
1387
5190
5115
5040
4965
4890
4815
3988
3913
3838
3763
3688
2631
2556
2481
0
10019
9944
9869
9794
9719
9644
9569
9494
9419
9344
9269
0
10375
10300
10225
10150
10075
10000
9925
9850
9775
9700
9625
7513
7438
7363
7288
7213
7138
7063
6988
0
10608
10533
10458
10383
10308
10233
10158
10083
10008
9933
9858
0
0
12477
12402
12327
12252
12177
12102
12027
11952
11877
11802
11727
11652
11577
4288
4213
4138
4063
3988
3966
3891
3816
3741
3170
956
770
571
769
2623
2548
2473
1926
1851
0
3688
3613
3538
3463
1492
1417
2269
2194
2119
1082
1007
2524
2449
2374
0
1443
1368
26
0
0
0
0
0
0
0
0
0
0
0
0
1
0
0
0
0
0
0
0
0
0
0
0
0
520
17
770
208
83
935
316
163
1129
1054
480
921
94
492
0
0
0
0
0
0
77
634
592
70
1374
1299
1833
1758
620
0
2587
2512
2437
0
0
7719
7644
7569
7494
7419
7344
7269
7194
186
622
5897
5822
5747
5672
5597
5522
3665
1722
1647
577
954
0
4845
4770
4695
4620
4545
0
3663
3588
3513
3438
3711
3636
3561
3486
279
2312
2237
2162
2804
2729
2654
1512
1437
0
4793
4718
4643
4568
4493
1721
1646
2763
2688
2613
0
2733
2658
2583
2699
2624
2549
0
3002
2927
2852
2777
3897
3822
3747
3672
4368
4293
4218
4143
3844
2871
2796
2721
0
7795
7720
7645
7570
7495
7420
7345
7270
1072
997
831
0
3641
3566
3491
3416
4574
4499
4424
4349
4274
432
1132
1057
0
5974
5899
5824
5749
5674
5599
5524
727
1607
1532
949
915
431
1323
1248
0
5119
5044
4969
4894
4819
4744
508
618
831
683
497
306
728
771
245
822
0
1820
1745
233
0
1078
1003
0
0
0
1
0
0
0
0
0
0
0
0
0
0
0
0
6
0
0
0
0
0
4
0
0
0
0
0
0
0
0
0
0
0
0
1
0
0
0
0
0
2
0
0
0
0
0
0
0
66
0
157
678
171
283
0
0
0
0
0
0
0
0
0
0
0
0
8
0
0
0
0
0
1
0
0
0
0
0
0
0
0
0
0
0
0
0
0
0
0
0
0
2
0
0
0
0
0
0
0
0
0
78
147
192
447
309
266
426
0
431
309
0
0
0
0
0
0
0
0
0
0
0
0
7
0
0
0
0
0
5
0
0
0
0
0
0
0
0
0
0
0
0
8
0
0
0
0
0
2
0
0
0
0
0
0
0
0
0
0
0
0
9
0
0
0
0
0
4
0
0
0
0
0
1
0
0
0
0
0
0
10
0
0
0
0
0
6
0
0
0
0
0
2
0
0
0
0
0
0
9
0
0
0
0
0
7
0
0
0
0
0
1
0
0
0
0
0
0
8
0
0
0
0
0
5
0
0
0
0
0
0
0
0
0
0
0
3
11
0
0
0
0
0
6
0
0
0
0
0
0
0
0
0
0
0
0
7
0
0
0
0
0
3
0
0
0
0
0
4
0
0
0
0
0
0
8
0
0
0
0
0
4
0
0
0
0
0
0
0
0
0
0
0
0
0
0
0
0
0
0
5
0
0
0
0
0
0
0
0
0
0
0
0
5
0
0
0
0
0
2
0
0
0
0
0
119
226
454
265
111
463
145
861
42
626
210
325
1400
1325
646
617
372
385
312
594
158
0
0
0
0
0
0
0
0
0
0
0
7
65
530
423
137
367
415
211
257
203
111
0
0
0
0
0
0
0
0
3
0
0
0
0
0
1
0
0
0
0
0
0
0
0
0
0
0
0
1
0
0
0
0
0
5
0
0
0
0
0
0
0
0
0
0
0
0
5
0
0
0
0
0
2
0
0
0
0
0
0
0
0
0
0
0
0
6
0
0
0
0
0
0
0
0
0
0
0
0
0
0
0
0
0
0
6
0
0
0
0
0
0
0
0
136
401
612
400
527
620
810
267
774
746
56
0
1231
1156
246
0
3171
3096
3021
2946
0
1544
1469
48
141
0
0
0
0
3
0
0
0
0
0
0
0
0
0
0
0
0
0
0
0
0
0
0
10
0
0
0
0
0
1
0
0
0
0
0
0
0
0
0
0
0
0
5
0
0
0
0
0
3
0
0
0
0
0
0
0
0
0
0
0
0
3
0
0
0
0
0
0
0
0
0
0
0
0
58
247
315
349
9
5
364
232
0
0
0
0
2
0
0
0
0
0
0
0
0
0
0
0
0
3
0
0
0
0
0
0
0
0
0
0
0
0
0
0
0
0
0
0
3
0
0
0
0
0
3
0
0
0
0
0
0
0
0
0
0
0
0
3
0
0
0
0
0
3
0
0
0
0
0
0
0
0
0
0
0
0
5
0
0
0
0
0
0
0
0
0
0
0
2
0
0
0
0
0
0
5
0
0
0
0
0
2
0
0
0
0
0
0
0
0
0
0
0
0
5
0
0
0
0
0
3
0
0
0
0
0
0
0
0
435
272
181
420
338
214
264
69
0
80
2
0
0
0
0
0
0
0
0
0
0
0
0
3
0
0
0
0
0
0
0
0
0
0
0
0
0
0
0
0
0
0
3
0
0
0
0
0
1
0
0
0
0
0
0
0
0
0
0
0
0
2
0
0
0
0
0
4
0
0
0
0
0
0
0
0
0
0
0
0
5
0
0
0
0
0
1
0
0
0
0
0
0
0
0
0
0
0
0
4
0
0
0
0
0
2
0
0
0
0
0
0
0
0
0
0
0
0
6
0
0
0
0
0
0
0
0
0
0
0
0
0
0
0
0
0
0
5
0
0
0
0
0
1
0
0
0
0
0
2
0
0
0
0
0
0
4
0
0
0
0
0
4
0
0
0
0
0
0
0
0
0
0
0
0
6
0
0
0
0
0
4
0
0
0
0
0
0
0
0
0
0
0
0
6
0
0
0
0
0
3
0
0
0
0
0
2
0
0
0
0
0
0
6
0
0
0
0
0
0
0
0
0
0
0
0
0
0
0
0
0
0
5
0
0
0
0
0
4
0
0
0
0
0
0
0
0
0
0
0
0
8
0
0
0
0
0
2
0
0
0
0
0
0
0
0
0
0
0
0
5
0
0
0
0
0
0
0
0
0
0
0
2
0
0
0
0
0
0
2
0
0
0
0
0
2
0
0
0
0
0
0
0
0
0
0
0
0
3
0
0
0
0
0
2
0
0
0
0
0
0
0
0
0
0
0
0
6
0
0
0
0
0
0
0
0
0
0
0
1
0
0
0
0
0
0
6
0
0
0
0
0
1
0
0
0
0
0
0
0
0
0
0
0
0
8
0
0
0
0
0
0
0
0
0
0
0
0
0
0
0
0
0
0
10
0
0
0
0
0
0
0
0
0
0
0
1
0
0
0
0
0
0
4
0
0
0
0
0
0
0
0
0
0
0
0
0
0
0
0
0
0
8
0
0
0
0
0
5
0
0
0
0
0
1
0
0
0
0
0
0
4
0
0
0
0
0
0
0
0
0
0
0
3
0
0
0
0
0
0
6
0
0
0
0
0
3
0
0
0
0
0
0
0
0
0
0
0
0
5
0
0
0
0
0
3
0
0
0
0
0
0
0
0
0
0
0
0
11
0
0
0
0
0
0
0
0
0
0
0
0
0
0
0
0
0
0
6
0
0
0
0
0
5
0
0
0
0
0
0
0
0
0
0
0
0
8
0
0
0
0
0
2
0
0
0
0
0
0
0
0
0
0
0
0
6
0
0
0
0
0
0
0
0
0
0
0
0
0
0
0
0
0
0
10
0
0
0
0
0
2
0
0
0
0
0
0
0
0
0
0
0
0
3
0
0
0
0
0
1
0
0
0
0
0
0
0
0
0
0
0
0
6
0
0
0
0
0
0
0
0
0
0
0
0
0
0
0
0
0
0
10
0
0
0
0
0
1
0
0
0
0
0
0
0
0
0
0
0
0
8
0
0
0
0
0
3
0
0
0
0
0
0
0
0
0
0
0
0
6
0
0
0
0
0
3
0
0
0
0
0
0
0
0
0
0
0
0
3
0
0
0
0
0
2
0
0
0
0
0
1
0
0
0
0
0
0
11
0
0
0
0
0
6
0
0
0
0
0
0
0
0
0
0
0
0
2
0
0
0
0
0
1
0
0
0
0
0
0
0
0
0
0
0
0
4
0
0
0
0
0
0
0
0
0
0
0
0
0
0
0
0
0
0
6
0
0
0
0
0
4
0
0
0
0
0
0
0
0
0
0
0
0
5
0
0
0
0
0
3
0
0
0
0
0
0
0
0
0
0
0
0
3
0
0
0
0
0
0
0
0
0
0
0
0
0
0
0
0
0
0
3
0
0
0
0
0
5
0
0
0
0
0
0
0
0
0
0
0
0
8
0
0
0
0
0
0
0
0
0
0
0
0
0
0
0
0
0
0
7
0
0
0
0
0
2
0
0
0
0
0
2
0
0
0
0
0
0
4
0
0
0
0
0
1
0
0
0
0
0
0
0
0
0
0
0
0
6
0
0
0
0
0
0
0
0
0
0
0
0
0
0
0
0
0
0
7
0
0
0
0
0
5
0
0
0
0
0
0
0
0
0
0
0
0
5
0
0
0
0
0
1
0
0
0
0
0
0
0
0
0
0
0
0
8
0
0
0
0
0
1
0
0
0
0
0
0
0
0
0
0
0
0
7
0
0
0
0
0
1
0
0
0
0
0
0
0
0
0
0
0
0
7
0
0
0
0
0
2
0
0
0
0
0
0
0
0
0
0
0
0
3
0
0
0
0
0
4
0
0
0
0
0
0
0
0
0
0
0
0
0
0
0
0
0
0
0
0
0
0
0
0
0
0
0
0
0
0
0
3
0
0
0
0
0
4
0
0
0
0
0
0
0
0
0
0
0
0
1
0
0
0
0
0
3
0
0
0
0
0
0
0
0
0
0
0
0
6
0
0
0
0
0
0
0
0
0
0
0
0
0
0
0
0
0
0
7
0
0
0
0
0
4
0
0
0
0
0
0
0
0
0
0
0
0
7
0
0
0
0
0
0
0
0
0
0
0
0
0
0
0
0
0
0
8
0
0
0
0
0
2
0
0
0
0
0
0
0
0
0
0
0
0
6
0
0
0
0
0
4
0
0
0
0
0
0
0
0
0
0
0
0
7
0
0
0
0
0
4
0
0
0
0
0
0
0
0
0
0
0
0
4
0
0
0
0
0
0
0
0
0
0
0
0
0
0
0
0
0
0
2
0
0
0
0
0
0
0
0
0
0
0
0
0
0
0
0
0
0
4
0
0
0
0
0
4
0
0
0
0
0
0
0
0
0
0
0
0
5
0
0
0
0
0
4
0
0
0
0
0
0
0
0
0
0
0
0
7
0
0
0
0
0
0
0
0
0
0
0
0
0
0
0
0
0
0
4
0
0
0
0
0
2
0
0
0
0
0
0
0
0
0
0
0
0
7
0
0
0
0
0
0
0
0
0
0
0
0
0
0
0
0
0
0
6
0
0
0
0
0
0
0
0
0
0
0
0
0
0
0
0
0
0
4
0
0
0
0
0
2
0
0
0
0
0
0
0
0
0
0
0
0
7
0
0
0
0
0
0
0
0
0
0
0
0
0
0
0
0
0
0
4
0
0
0
0
0
1
0
0
0
0
0
0
0
0
0
0
0
0
8
0
0
0
0
0
0
0
0
0
0
0
0
0
0
0
0
0
0
8
0
0
0
0
0
1
0
0
0
0
0
0
0
0
0
0
0
0
5
0
0
0
0
0
2
0
0
0
0
0
0
0
0
0
0
0
0
6
0
0
0
0
0
3
0
0
0
0
0
0
0
0
0
0
0
0
2
0
0
0
0
0
3
0
0
0
0
0
0
0
0
0
0
0
0
3
0
0
0
0
0
3
0
0
0
0
0
0
0
0
0
0
0
0
5
0
0
0
0
0
5
0
0
0
0
0
0
0
0
0
0
0
0
6
0
0
0
0
0
1
0
0
0
0
0
0
0
0
0
0
0
0
7
0
0
0
0
0
2
0
0
0
0
0
0
0
0
0
0
0
0
1
0
0
0
0
0
0
0
0
0
0
0
0
0
0
0
0
0
0
9
0
0
0
0
0
0
0
0
0
0
0
0
0
0
0
0
0
0
2
0
0
0
0
0
1
0
0
0
0
0
0
0
0
0
0
0
0
3
0
0
0
0
0
0
0
0
0
0
0
0
0
0
0
0
0
0
5
0
0
0
0
0
0
0
0
0
0
0
0
0
0
0
0
0
0
1
0
0
0
0
0
2
0
0
0
0
0
2
0
0
0
0
0
0
4
0
0
0
0
0
5
0
0
0
0
0
0
0
0
0
0
0
0
7
0
0
0
0
0
0
0
0
0
0
0
0
0
0
0
0
0
0
3
0
0
0
0
0
4
0
0
0
0
0
0
0
0
0
0
0
0
2
0
0
0
0
0
0
0
0
0
0
0
0
0
0
0
0
0
0
3
0
0
0
0
0
0
0
0
0
0
0
0
0
0
0
0
0
0
5
0
0
0
0
0
1
0
0
0
0
0
3
0
0
0
0
0
0
3
0
0
0
0
0
0
0
0
0
0
0
0
0
0
0
0
0
0
5
0
0
0
0
0
4
0
0
0
0
0
0
0
0
0
0
0
0
4
0
0
0
0
0
0
0
0
0
0
0
0
0
0
0
0
0
0
4
0
0
0
0
0
0
0
0
0
0
0
0
0
0
0
0
0
0
2
0
0
0
0
0
1
0
0
0
0
0
0
0
0
0
0
0
0
5
0
0
0
0
0
4
0
0
0
0
0
4
0
0
0
0
0
0
5
0
0
0
0
0
3
0
0
0
0
0
0
0
0
0
0
0
0
2
0
0
0
0
0
0
0
0
0
0
0
0
0
0
0
0
0
0
7
0
0
0
0
0
1
0
0
0
0
0
0
0
0
0
0
0
0
2
0
0
0
0
0
1
0
0
0
0
0
0
0
0
0
0
0
0
5
0
0
0
0
0
1
0
0
0
0
0
0
0
0
0
0
0
0
10
0
0
0
0
0
3
0
0
0
0
0
0
0
0
0
0
0
0
8
0
0
0
0
0
3
0
0
0
0
0
0
0
0
0
0
0
0
7
0
0
0
0
0
1
0
0
0
0
0
0
0
0
0
0
0
0
6
0
0
0
0
0
5
0
0
0
0
0
0
0
0
0
0
0
0
5
0
0
0
0
0
0
0
0
0
0
0
0
0
0
0
0
0
0
4
0
0
0
0
0
1
0
0
0
0
0
0
0
0
0
0
0
0
3
0
0
0
0
0
4
0
0
0
0
0
0
0
0
0
0
0
0
7
0
0
0
0
0
0
0
0
0
0
0
0
0
0
0
0
0
0
6
0
0
0
0
0
3
0
0
0
0
0
0
0
0
0
0
0
0
7
0
0
0
0
0
1
0
0
0
0
0
1
0
0
0
0
0
0
6
0
0
0
0
0
0
0
0
0
0
0
0
0
0
0
0
0
0
7
0
0
0
0
0
3
0
0
0
0
0
0
0
0
0
0
0
0
4
0
0
0
0
0
4
0
0
0
0
0
0
0
0
0
0
0
0
6
0
0
0
0
0
0
0
0
0
0
0
0
0
0
0
0
0
0
5
0
0
0
0
0
2
0
0
0
0
0
0
0
0
788
497
1344
0
4
0
0
417
1340
592
301
0
253
1248
0
0
0
0
0
0
0
0
0
6
0
860
266
1264
2264
3264
4264
5264
6264
5744
0
0
