0
52000
0
355
647
0
998
1001
0
0
0
1000
0
0
0
1003
601
399
0
996
0
1
0
1000
0
0
1002
0
0
0
0
0
0
0
0
1000
0
1006
0
0
992
0
0
0
1001
1003
0
0
0
570
429
997
1000
0
0
0
999
0
0
0
1003
0
0
0
0
1000
0
0
0
1001
0
0
0
0
999
1004
998
996
1000
169
990
1056
947
1437
1
915
645
1000
161
933
1002
0
1125
0
1001
1002
0
854
996
1999
1000
1003
0
1227
772
27
93
998
1001
1000
999
1000
1002
1004
422
1524
999
320
376
1000
1001
0
194
1995
1000
1
1000
1002
1000
1002
997
1004
0
1001
998
998
501
800
1200
0
2000
1303
177
716
56
1001
0
1002
1000
1000
1000
999
888
1998
998
1001
0
1002
1001
998
1998
972
29
1921
80
1000
0
1000
1002
999
1001
1001
999
1000
1003
0
999
998
1000
1001
1000
998
1001
2119
0
3000
0
1000
0
1001
1006
993
1000
1003
0
402
990
1000
1001
999
1000
476
527
1003
0
1003
995
1001
309
634
999
1001
999
179
1004
0
1001
997
1000
1002
1002
996
1000
2000
0
1000
387
1076
590
1302
1
791
14
1214
1000
1000
1004
0
1001
997
727
997
1004
995
1000
1002
2997
1000
1001
0
0
1003
0
1001
1000
999
999
1003
0
707
1003
0
997
2006
0
1001
0
2999
0
301
1564
160
1001
0
138
2983
0
1000
1001
1001
0
1004
0
252
991
770
27
253
1901
102
0
1002
0
1001
1004
2129
0
249
335
459
60
658
493
363
1005
0
1003
1226
1000
1009
0
1000
1000
999
1003
998
1000
1001
1001
998
1002
998
1004
996
1003
997
1003
998
1001
1000
1003
996
1001
1001
999
996
1000
1002
998
999
1000
1002
999
999
1000
1247
0
1004
0
1000
7
998
1000
1002
999
1000
999
492
1439
655
121
1005
0
999
1001
1001
1001
997
1002
998
1001
385
368
1094
0
1007
0
42
276
485
222
80
973
1000
1004
314
988
1003
1004
999
999
761
1286
0
1008
0
1000
1000
1000
1001
999
1004
997
1000
999
1001
1001
452
129
848
997
1009
998
1001
1212
0
687
1323
0
1008
0
1297
0
239
120
1006
0
1004
1000
999
1004
996
1252
0
790
172
1156
0
1009
0
1002
998
252
387
144
911
995
1012
273
990
994
1009
999
999
1001
1002
999
998
1002
1000
1000
998
1000
308
985
995
1008
787
1477
0
1011
0
999
1262
0
88
288
1271
49
588
701
167
1130
1000
1009
0
571
488
471
417
754
1010
0
1000
1000
999
1003
997
1001
809
1320
188
476
993
998
1006
1004
998
999
999
1002
1000
1000
1000
1000
170
987
619
269
564
466
997
1002
1003
1002
997
999
1002
1213
0
365
722
255
994
1004
318
452
219
1008
0
1002
1004
996
999
1001
1002
837
1162
0
1305
0
1009
0
1005
997
1000
998
1003
1274
0
1012
0
999
1001
997
700
113
988
267
991
997
1005
879
1168
0
195
939
1202
0
1009
0
1004
999
997
1001
1002
998
998
200
979
1009
0
1002
1001
999
998
1003
1000
997
1002
999
1003
996
1000
1001
1001
1002
996
1001
999
1002
999
1000
1000
169
644
1265
1000
1009
0
1004
997
735
1334
0
1012
0
997
1001
999
1001
1000
1271
0
1050
748
1137
0
1012
0
262
978
323
994
634
1214
1000
1011
0
998
1002
1000
998
1000
1001
1000
1000
1000
1001
1000
1001
998
1001
1000
1000
999
33
981
1003
1006
999
1003
1152
1081
0
1010
0
999
1001
1002
998
999
1250
0
218
1383
0
937
1114
0
696
1316
0
138
446
433
999
1009
0
679
731
51
1175
1000
1009
0
1003
998
999
1000
311
982
1276
0
1010
0
1000
1001
1000
1000
1076
0
1010
0
999
1003
1000
1255
0
1011
0
1000
999
999
1003
1000
69
977
1004
1004
1002
89
800
1209
0
1009
0
1001
767
507
1000
1011
0
1000
999
999
1002
684
312
79
1010
0
1001
1306
0
1009
0
1001
1004
998
997
1001
1002
1000
997
1001
1003
1210
0
705
1304
0
705
313
989
1276
0
1009
0
1005
998
997
1000
1002
1001
997
1000
1002
1000
998
1003
325
612
997
1003
1005
1001
997
1000
1001
999
999
724
540
96
199
477
81
31
1001
0
1008
1000
1002
999
1302
0
281
317
997
1012
0
998
303
475
994
1010
0
999
1002
1000
998
1000
1002
999
999
1001
1001
999
1001
302
982
997
1007
1001
1001
1000
999
999
1002
998
1004
998
1000
808
293
219
302
526
131
95
81
163
988
760
367
1001
0
719
711
410
314
105
990
1000
1009
39
985
266
998
994
1007
999
505
539
376
124
297
214
1000
997
1265
0
1011
0
1000
999
1002
1000
1002
997
999
1001
1000
1000
303
741
1269
0
676
1190
791
662
294
61
247
999
302
1253
0
645
187
345
90
1061
1000
1010
0
310
989
1012
0
542
911
1491
0
1011
0
806
527
63
56
516
553
456
1195
0
1009
0
1000
1002
703
1171
671
1265
1000
836
1170
0
1009
0
1002
999
998
1001
1001
999
1001
826
746
729
995
1003
1004
1002
96
410
218
1163
0
706
1430
1000
674
287
1158
1000
1009
0
1002
1000
999
1000
999
1001
1000
999
1001
1000
1000
999
1001
1000
1000
999
1002
999
1000
1000
1000
1000
1000
999
1001
1000
1000
999
1001
1000
346
157
993
1008
1001
999
1002
1000
999
998
1002
275
981
1006
1002
1001
999
1000
1001
999
1000
998
1003
999
1303
0
555
250
984
995
1009
1003
998
997
1002
1000
1000
999
1001
1002
997
1000
1001
999
1000
1000
1002
998
1000
1000
1001
1000
999
1000
1003
997
1000
1000
1001
999
1002
246
988
644
1274
0
598
1301
0
674
1457
1000
1009
0
755
748
634
269
559
65
485
185
238
120
985
1085
728
282
992
1008
1000
1000
841
442
1005
201
206
224
1008
0
1003
999
1001
998
1003
265
341
305
1004
998
1007
1000
313
980
692
149
68
1003
0
707
595
70
355
8
710
1008
0
143
777
510
1006
1087
0
1011
0
999
1231
0
1010
0
1000
1000
858
752
1416
0
693
404
989
1000
333
988
994
1007
1001
1000
999
1001
999
1003
999
999
690
1220
724
1185
679
1083
0
1009
0
1002
999
1000
999
628
369
405
992
1002
1006
1000
1004
995
1000
1001
1001
998
1000
999
1004
997
999
1001
746
661
17
873
997
1006
999
1000
1002
997
1001
738
1194
1000
1005
0
1002
998
1001
1001
967
1271
0
1006
0
1156
646
260
507
124
653
526
128
328
210
998
999
1002
1002
1002
998
999
691
652
850
1004
0
265
500
353
40
801
73
92
1000
1000
1001
289
998
1001
999
1000
260
765
633
854
1185
674
765
688
742
1092
1360
0
1001
0
0
0
0
5
0
0
0
1
0
0
0
0
5
0
0
0
0
0
0
0
0
0
0
0
0
5
0
0
0
10
0
0
0
4
0
0
0
0
9
0
0
0
4
0
0
0
0
0
0
0
0
5
0
0
0
3
0
0
0
3
0
0
0
0
9
0
0
0
0
0
0
0
2
0
0
0
0
12
0
0
0
3
0
0
0
0
0
0
0
0
8
0
0
0
6
0
0
0
6
0
0
0
0
12
0
0
0
9
0
0
0
3
0
0
0
0
10
0
0
0
4
0
0
0
3
0
0
0
0
11
0
0
0
2
0
0
0
10
0
0
0
1
20
0
0
0
6
0
0
0
2
0
0
0
0
8
0
0
0
2
0
0
0
0
0
0
0
0
14
0
0
0
0
0
0
0
2
0
0
0
0
13
0
0
0
10
0
0
0
4
0
0
0
1
10
0
0
0
7
0
0
0
7
0
0
0
0
10
0
0
0
6
0
0
0
2
0
0
0
0
5
0
0
0
6
0
0
0
3
0
0
0
0
8
0
0
0
9
0
0
0
0
0
0
0
0
14
0
0
0
10
0
0
0
5
0
0
0
0
11
0
0
0
5
0
0
0
0
0
0
0
0
15
0
0
0
6
0
0
0
4
0
0
0
0
11
0
0
0
6
0
0
0
2
0
0
0
0
15
0
0
0
4
0
0
0
2
0
0
0
0
10
0
0
0
5
0
0
0
6
0
0
0
0
13
0
0
0
7
0
0
0
4
0
0
0
0
8
0
0
0
5
0
0
0
0
0
0
0
0
20
0
0
0
3
0
0
0
0
0
0
0
0
5
0
0
0
3
0
0
0
1
0
0
0
0
9
0
0
0
10
0
0
0
3
0
0
0
1
10
0
0
0
7
0
0
0
4
0
0
0
0
8
0
0
0
6
0
0
0
0
0
0
0
0
8
0
0
0
4
0
0
0
0
0
0
0
0
14
0
0
0
6
0
0
0
0
0
0
0
0
15
0
0
0
5
0
0
0
3
0
0
0
0
10
0
0
0
3
0
0
0
3
0
0
0
0
17
0
0
0
10
0
0
0
4
0
0
0
0
14
0
0
0
5
0
0
0
0
0
0
0
1
15
0
0
0
5
0
0
0
5
0
0
0
0
8
0
0
0
5
0
0
0
0
0
0
0
0
13
0
0
0
5
0
0
0
8
0
0
0
0
9
0
0
0
4
0
0
0
7
0
0
0
0
12
0
0
0
3
0
0
0
7
0
0
0
0
13
0
0
0
5
0
0
0
0
0
0
0
0
14
0
0
0
4
0
0
0
2
0
0
0
0
10
0
0
0
15
0
0
0
0
0
0
0
0
9
0
0
0
13
0
0
0
5
0
0
0
0
10
0
0
0
7
0
0
0
0
0
0
0
0
9
0
0
0
6
0
0
0
2
0
0
0
0
8
0
0
0
5
0
0
0
1
0
0
0
0
10
0
0
0
7
0
0
0
0
0
0
0
0
10
0
0
0
5
0
0
0
4
0
0
0
0
12
0
0
0
2
0
0
0
1
0
0
0
0
13
0
0
0
8
0
0
0
1
0
0
0
0
13
0
0
0
13
0
0
0
4
0
0
0
0
12
0
0
0
4
0
0
0
0
0
0
0
0
14
0
0
0
6
0
0
0
0
0
0
0
0
11
0
0
0
6
0
0
0
0
0
0
0
0
11
0
0
0
8
0
0
0
3
0
0
0
0
2
0
0
0
11
0
0
0
2
0
0
0
0
15
0
0
0
4
0
0
0
1
0
0
0
0
10
0
0
0
3
0
0
0
11
0
0
0
0
9
0
0
0
11
0
0
0
3
0
0
0
0
11
0
0
0
7
0
0
0
7
0
0
0
0
5
0
0
0
10
0
0
0
0
0
0
0
0
10
0
0
0
4
0
0
0
6
0
0
0
0
16
0
0
0
0
0
0
0
0
0
0
0
0
11
0
0
0
9
0
0
0
1
0
0
0
0
11
0
0
0
2
0
0
0
3
0
0
0
0
15
0
0
0
6
0
0
0
1
0
0
0
0
18
0
0
0
4
0
0
0
1
0
0
0
0
12
0
0
0
5
0
0
0
1
0
0
0
0
10
0
0
0
9
0
0
0
0
0
0
0
0
8
0
0
0
10
0
0
0
0
0
0
0
1
10
0
0
0
1
0
0
0
2
0
0
0
2
8
0
0
0
3
0
0
0
0
0
0
0
0
10
0
0
0
7
0
0
0
7
0
0
0
0
16
0
0
0
0
0
0
0
1
0
0
0
0
11
0
0
0
1
0
0
0
2
0
0
0
0
8
0
0
0
5
0
0
0
0
0
0
0
0
12
0
0
0
7
0
0
0
4
0
0
0
0
14
0
0
0
8
0
0
0
0
0
0
0
0
6
0
0
0
3
0
0
0
0
0
0
0
0
6
0
0
0
6
0
0
0
3
0
0
0
0
13
0
0
0
8
0
0
0
1
0
0
0
0
14
0
0
0
3
0
0
0
0
0
0
0
0
11
0
0
0
6
0
0
0
3
0
0
0
0
12
0
0
0
9
0
0
0
1
0
0
0
0
10
0
0
0
10
0
0
0
5
0
0
0
0
8
0
0
0
5
0
0
0
5
0
0
0
0
8
0
0
0
1
0
0
0
3
0
0
0
0
10
0
0
0
11
0
0
0
4
0
0
0
5
6
0
0
0
5
0
0
0
0
0
0
0
0
9
0
0
0
9
0
0
0
0
0
0
0
0
6
0
0
0
7
0
0
0
4
0
0
0
0
7
0
0
0
4
0
0
0
0
0
0
0
0
8
0
0
0
8
0
0
0
4
0
0
0
0
10
0
0
0
7
0
0
0
1
0
0
0
0
12
0
0
0
2
0
0
0
0
0
0
0
0
10
0
0
0
5
0
0
0
1
0
0
0
0
5
0
0
0
5
0
0
0
3
0
0
0
0
10
0
0
0
6
0
0
0
1
0
0
0
0
9
0
0
0
8
0
0
0
7
0
0
0
0
13
0
0
0
7
0
0
0
2
0
0
0
0
11
0
0
0
4
0
0
0
2
0
0
0
0
14
0
0
0
6
0
0
0
0
0
0
0
0
11
0
0
0
9
0
0
0
2
0
0
0
0
7
0
0
0
9
0
0
0
2
0
0
0
0
8
0
0
0
1
0
0
0
5
0
0
0
0
11
0
0
0
5
0
0
0
2
0
0
0
0
8
0
0
0
3
0
0
0
6
0
0
0
0
12
0
0
0
6
0
0
0
6
0
0
0
0
11
0
0
0
5
0
0
0
6
0
0
0
0
9
0
0
0
7
0
0
0
5
0
0
0
0
13
0
0
0
7
0
0
0
0
0
0
0
0
6
0
0
0
8
0
0
0
5
0
0
0
3
12
0
0
0
5
0
0
0
1
0
0
0
0
13
0
0
0
6
0
0
0
6
0
0
0
0
5
0
0
0
4
0
0
0
0
0
0
0
5
7
0
0
0
4
0
0
0
3
0
0
0
0
12
0
0
0
6
0
0
0
3
0
0
0
1
7
0
0
0
11
0
0
0
4
0
0
0
0
13
0
0
0
8
0
0
0
0
0
0
0
0
6
0
0
0
4
0
0
0
0
0
0
0
0
11
0
0
0
4
0
0
0
1
0
0
0
0
6
0
0
3
3
0
0
0
4
0
0
0
0
11
0
0
0
5
0
0
0
1
0
0
0
0
8
0
0
0
7
0
0
0
0
0
0
0
0
8
0
0
0
4
0
0
0
6
0
0
0
0
7
0
0
0
3
0
0
0
0
0
0
0
0
13
0
0
0
6
0
0
0
3
0
0
0
0
4
0
0
0
5
0
0
0
5
0
0
0
0
17
0
0
0
3
0
0
0
5
0
0
0
0
15
0
0
0
5
0
0
0
5
0
0
0
0
7
0
0
0
7
0
0
0
4
0
0
0
0
9
0
0
0
4
0
0
0
0
0
0
0
0
10
0
0
0
9
0
0
0
0
0
0
0
0
5
0
0
0
8
0
0
0
1
0
0
0
0
8
0
0
0
7
0
0
0
3
0
0
0
0
5
0
0
0
7
0
0
0
0
0
0
0
0
10
0
0
0
3
0
0
0
0
0
0
0
1
12
0
0
0
11
0
0
0
1
0
0
0
0
8
0
0
0
6
0
0
0
0
0
0
0
0
8
0
0
0
13
0
0
0
0
0
0
0
0
9
0
0
0
1
0
0
0
2
0
0
0
0
15
0
0
0
0
0
0
0
0
0
0
0
0
7
0
0
0
7
0
0
0
3
0
0
0
0
7
0
0
0
9
0
0
0
0
0
0
0
0
7
0
0
0
5
0
0
0
0
0
0
0
0
10
0
0
0
2
0
0
0
3
0
0
0
0
12
0
0
0
0
0
0
0
1
0
0
0
0
8
0
0
0
5
0
0
0
0
0
0
0
0
9
0
0
0
4
0
0
0
4
0
0
0
0
10
0
0
0
0
0
0
0
2
0
0
0
0
16
0
0
0
4
0
0
0
0
0
0
0
0
8
0
0
0
5
0
0
0
1
0
0
0
2
9
0
0
0
4
0
0
0
5
0
0
0
0
9
0
0
0
5
0
0
0
0
0
0
0
0
10
0
0
0
5
0
0
0
0
0
0
0
0
7
0
0
0
11
0
0
0
0
0
0
0
0
9
0
0
2
0
0
0
0
3
0
0
0
0
13
0
0
0
4
0
0
0
0
0
0
0
0
11
0
0
0
6
0
0
0
0
0
0
0
0
6
0
0
0
10
0
0
0
3
0
0
0
0
9
0
0
0
9
0
0
0
5
0
0
0
1
8
0
0
0
5
0
0
0
6
0
0
0
2
9
0
0
0
4
0
0
0
1
0
0
0
0
12
0
0
0
12
0
0
0
1
0
0
0
0
10
0
0
0
4
0
0
0
2
0
0
0
0
8
0
0
0
3
0
0
0
2
0
0
0
0
4
0
0
0
3
0
0
0
6
0
0
0
0
16
0
0
0
2
0
0
0
5
0
0
0
0
6
0
0
0
0
0
0
0
3
0
0
0
0
9
0
0
0
6
0
0
0
0
0
0
0
0
6
0
0
0
5
0
0
0
5
0
0
0
0
12
0
0
0
4
0
0
0
5
0
0
0
0
11
0
0
0
7
0
0
0
0
0
0
0
0
11
0
0
0
3
0
0
0
0
0
0
0
0
15
0
0
0
7
0
0
0
3
0
0
0
0
6
0
0
0
6
0
0
0
0
0
0
0
0
8
0
0
0
0
0
0
0
0
0
0
0
0
10
0
0
0
8
0
0
0
0
0
0
0
0
10
0
0
0
10
0
0
0
3
0
0
0
0
12
0
0
0
2
0
0
0
2
0
0
0
0
7
0
0
0
4
0
0
0
2
0
0
0
0
4
0
0
0
4
0
0
0
8
0
0
0
0
10
0
0
0
6
0
0
0
7
0
0
0
0
12
0
0
0
5
0
0
0
0
0
0
0
0
6
0
0
0
1
0
0
0
2
0
0
0
0
6
0
0
0
2
0
0
0
8
0
0
0
0
12
0
0
0
8
0
0
0
2
0
0
0
0
7
0
0
0
6
0
0
0
5
0
0
0
0
13
0
0
0
0
0
0
0
0
0
0
0
0
9
0
0
0
7
0
0
0
0
0
0
0
0
5
0
0
0
6
0
0
0
0
0
0
0
0
9
0
0
0
9
0
0
0
2
0
0
0
3
5
0
0
0
9
0
0
0
3
0
0
0
0
11
0
0
0
8
0
0
0
4
0
0
0
0
5
0
0
0
9
0
0
0
0
0
0
0
0
13
0
0
0
9
0
0
0
3
0
0
0
0
12
0
0
0
6
0
0
0
5
0
0
0
0
11
0
0
0
4
0
0
0
0
0
0
0
5
12
0
0
0
4
0
0
0
3
0
0
0
0
4
0
0
0
3
0
0
0
0
0
0
0
0
8
0
0
0
9
0
0
0
0
0
0
0
0
8
0
0
0
5
0
0
0
2
0
0
0
0
5
0
0
0
4
0
0
0
0
0
0
0
0
12
0
0
0
0
0
0
0
0
0
0
0
0
11
0
0
0
1
0
0
0
0
0
0
0
0
2
0
0
0
3
0
0
0
3
0
0
0
0
10
0
0
0
4
0
0
0
1
0
0
0
0
11
0
0
0
10
0
0
0
3
0
0
0
1
8
0
0
0
4
0
0
0
0
0
0
0
3
11
0
0
0
0
0
0
0
0
0
0
0
0
7
0
0
0
3
0
0
0
3
0
0
0
0
2
0
0
0
4
0
0
0
4
0
0
0
0
11
0
0
0
9
0
0
0
1
0
0
0
0
9
0
0
0
1
0
0
0
0
0
0
0
0
10
0
0
0
4
0
0
0
0
0
0
0
0
9
0
0
0
4
0
0
0
0
0
0
0
0
9
0
0
0
3
0
0
0
3
0
0
0
0
11
0
0
0
7
0
0
0
0
0
0
0
0
8
0
0
0
5
0
0
0
1
0
0
0
0
7
0
0
0
7
0
0
0
0
0
0
0
0
1
0
0
0
3
0
0
0
0
0
0
0
0
7
0
0
0
4
0
0
0
1
0
0
0
0
10
0
0
0
6
0
0
0
0
0
0
0
0
8
0
0
0
2
0
0
0
0
0
0
0
2
10
0
0
0
0
0
0
0
0
0
0
0
0
5
0
0
0
7
0
0
0
4
0
0
0
0
4
0
0
0
5
0
0
0
3
0
0
0
1
12
0
0
0
8
0
0
0
0
0
0
0
0
10
0
0
0
8
0
0
0
0
0
0
0
0
8
0
0
0
2
0
0
0
0
0
0
0
0
9
0
0
0
4
0
0
0
0
0
0
0
0
9
0
0
0
6
0
0
0
2
0
0
0
0
5
0
0
0
0
0
0
0
0
0
0
0
1
9
0
0
0
6
0
0
0
0
0
0
0
0
6
0
0
0
4
0
0
0
0
0
0
0
0
3
0
0
0
6
0
0
0
0
0
0
0
0
5
0
0
0
3
0
0
0
0
0
0
0
0
13
0
0
0
5
0
0
0
1
0
0
0
0
3
0
0
0
3
0
0
0
8
0
0
0
0
9
0
0
0
0
0
0
0
0
0
0
0
0
8
0
0
0
6
0
0
0
0
0
0
0
0
5
0
0
0
2
0
0
0
0
0
0
0
1
4
0
0
0
5
0
0
0
0
0
0
0
0
12
0
0
0
2
0
0
0
0
0
0
0
0
5
0
0
0
5
0
0
0
1
0
0
0
0
5
0
0
0
0
0
0
0
4
0
0
0
0
11
0
0
0
4
0
0
0
0
0
0
0
0
10
0
0
0
5
0
0
0
2
0
0
0
0
4
0
0
0
7
0
0
0
2
0
0
0
0
9
0
0
0
4
0
0
0
1
0
0
0
2
9
0
0
0
1
0
0
0
0
0
0
0
0
14
0
0
0
0
0
0
0
0
0
0
0
0
9
0
0
0
4
0
0
0
0
0
0
0
0
12
0
0
0
10
0
0
0
1
0
0
0
0
9
0
0
0
6
0
0
0
0
0
0
0
0
10
0
0
0
6
0
0
0
0
0
0
0
0
3
0
0
0
4
0
0
0
0
0
0
0
0
9
0
0
0
5
0
0
0
3
0
0
0
0
4
0
0
0
3
0
0
0
0
0
0
0
0
5
0
0
0
6
0
0
0
0
0
0
0
0
9
0
0
0
2
0
0
0
0
0
0
0
0
3
0
0
0
2
0
0
0
0
0
0
0
0
2
0
0
0
3
0
0
0
1
0
0
0
0
10
0
0
0
0
0
0
0
0
0
0
0
0
4
0
0
0
3
0
0
0
0
0
0
0
0
6
0
0
0
7
0
0
0
0
0
0
0
0
13
0
0
0
2
0
0
0
0
0
0
0
0
9
0
0
0
1
0
0
0
0
0
0
0
0
4
0
0
0
3
0
0
0
0
0
0
0
0
4
0
0
0
1
0
0
0
0
0
0
0
0
6
0
0
0
5
0
0
0
3
0
0
0
0
1
0
0
0
2
0
0
0
0
0
0
0
0
8
0
0
0
2
0
0
0
2
0
0
0
0
3
0
0
0
619
1618
2618
3618
4566
5410
5581
4967
5342
6342
6719
7042
6537
7014
7028
8026
8818
9091
9675
10259
10790
11066
11439
12438
13438
14438
15438
16438
