0
50000
0
88
914
998
3000
0
1
999
1002
0
0
0
0
0
0
999
0
0
0
0
1005
0
0
0
0
1001
0
0
920
1
84
0
0
0
0
989
0
0
0
0
1003
1001
0
2388
1608
0
999
0
0
1002
0
0
933
72
367
626
0
0
835
168
0
0
0
0
997
0
0
0
1005
0
998
1000
0
395
352
257
0
556
999
1003
494
1004
0
999
1997
1000
869
137
3000
0
0
698
305
998
1001
675
214
194
812
1004
0
873
138
999
70
996
1003
1996
1000
1001
0
1000
1003
2996
1000
1000
0
1002
1000
683
289
200
1000
1000
1000
1000
1001
1004
1994
1000
1002
1005
994
0
444
1004
0
1997
999
972
29
551
2997
0
1000
51
956
2002
0
757
244
747
1997
1841
359
522
1039
1001
0
1001
1000
999
540
301
995
1001
1000
0
2564
1223
114
0
1100
0
340
664
806
201
1002
0
1005
998
62
1001
0
38
2997
0
1000
1003
0
1001
1000
997
1003
0
181
1033
0
978
24
2000
996
4
1001
1002
0
1
1003
998
1002
326
999
2003
0
0
1004
0
3996
0
0
1000
1005
0
1421
576
998
1002
1002
3995
0
699
305
0
1004
986
12
1003
0
1002
1000
1996
0
842
168
1997
993
1004
0
998
1001
350
196
455
1996
0
1002
999
94
907
1007
996
0
1111
0
1003
0
220
754
997
1002
72
1001
0
893
997
1001
406
1004
1996
0
1
845
1155
1000
1913
77
15
1000
1005
0
1000
1000
999
1001
999
998
21
1003
999
0
2001
0
999
1251
0
178
834
68
994
1001
603
521
351
233
1001
0
1006
998
1001
997
1002
1000
1002
0
1000
1001
1003
995
1000
999
1005
998
998
1003
1003
998
1006
996
998
1001
1004
997
999
1000
997
1000
1001
1001
999
1001
999
1002
999
1002
999
1001
999
783
1010
0
1001
1000
1000
999
999
1002
999
1002
997
1000
1000
1000
998
998
998
1001
1000
999
1001
1000
999
1000
1000
1001
999
1000
1000
1001
1000
1002
997
1001
999
1000
1000
1001
1000
1028
1002
0
1002
485
1008
0
1000
998
1002
1000
1000
1000
1000
1000
1018
0
999
1003
999
999
1000
1001
1001
1000
999
1000
1000
999
64
1008
0
1003
999
1002
996
1000
1001
1000
1000
1167
0
1009
0
1116
0
1009
0
1004
998
999
999
1001
999
1001
1000
999
1001
1000
1000
999
1000
1000
1000
1000
1001
999
1001
999
1001
999
1001
999
1001
1001
999
999
1001
999
1001
999
1001
32
1001
997
1003
999
1001
999
1003
997
1002
997
1001
1000
1001
999
1000
1077
0
1010
0
1002
109
897
1128
0
991
1017
0
999
1002
999
1001
1000
1000
999
1001
131
983
998
1007
1001
1000
999
1000
1000
1001
999
1000
1000
1001
999
1000
1000
918
150
999
994
1009
1113
0
933
786
1159
1128
0
1011
0
1001
999
1001
1252
0
961
60
985
1011
0
1001
999
1001
1001
999
1001
1000
1000
999
1000
1000
1000
1001
999
1000
1001
1001
1143
0
1012
0
1001
997
1002
999
999
1000
1002
999
999
1001
1001
999
1003
996
1003
998
999
1000
1029
912
1010
1085
0
1009
0
1002
1002
996
1001
1000
1001
999
1000
999
1002
999
1000
999
1002
1000
999
999
1002
1002
997
999
1002
1001
998
999
1002
1033
57
1009
0
1006
995
1000
1001
1003
998
1000
1000
1003
997
1001
1000
1002
996
1003
1000
1001
971
1155
0
1010
0
1004
1063
0
1013
0
999
1002
997
1003
28
1001
994
1006
1000
1000
997
1003
999
1001
997
1003
999
1001
997
1003
999
1001
997
1003
999
109
1011
0
1001
1001
996
1003
999
1000
998
1004
998
1000
998
1004
998
1000
998
1004
998
1000
998
1004
998
1000
998
1004
998
1000
998
993
1069
0
1014
0
997
1002
1025
0
998
1001
996
1005
997
1002
996
1170
0
1009
0
1004
1000
997
1000
1002
999
999
1001
1003
998
999
1000
1003
998
998
1000
1002
1088
0
1012
0
999
999
1001
969
810
1252
0
1012
0
998
1000
1004
998
999
998
1003
999
1000
1136
0
1010
0
1001
999
1000
1000
999
1001
999
1001
999
1001
999
1001
1226
0
1010
0
1059
948
1021
1054
0
1009
0
1002
999
14
996
1001
999
1001
999
1001
999
1001
999
154
29
1218
0
1009
0
1003
999
999
999
1001
1000
1000
999
1001
1000
1000
999
1001
1000
1000
998
1003
1000
999
999
1003
999
999
999
1003
999
999
1000
1002
998
1000
1002
1000
1013
0
1000
1063
0
1008
0
1004
1000
998
1000
1004
1000
999
996
1001
1000
999
1000
685
1381
0
995
1015
0
999
1139
0
1009
0
995
768
981
1330
0
910
1097
0
1011
0
14
998
999
1003
998
1134
0
806
1202
0
1117
0
83
1010
0
1097
0
1010
0
1002
1000
999
999
1001
999
999
1003
999
999
999
1001
1001
1277
0
1011
0
1001
997
1058
0
1009
0
1091
0
1009
0
1001
1001
999
1085
0
1010
0
1002
1000
999
999
1184
0
1010
0
1000
1123
0
1009
0
1001
1002
1000
997
1002
1115
0
1010
0
1001
1000
999
1000
1014
0
998
984
1053
0
1010
0
1001
1000
1000
999
1002
286
985
995
1008
999
1001
999
1001
999
1001
999
1001
184
985
996
1138
0
1009
0
1003
1068
0
697
1150
943
1216
0
1011
0
1001
998
1001
999
1000
1054
0
1011
0
1072
0
1011
0
1001
1001
998
1001
999
1000
1000
1001
999
1000
1000
1001
999
125
988
931
91
986
994
1009
999
1000
1000
1001
999
1000
1000
1001
999
1000
1000
1001
999
1000
1000
1001
999
1000
1000
1001
999
1000
1000
1034
0
1000
1000
1001
999
1000
1000
1001
1129
0
1012
0
1001
998
1000
1001
999
1000
1000
1001
999
999
1005
996
999
1000
1002
999
999
1000
1002
999
999
1000
1002
999
999
1000
1157
0
1010
0
1004
1067
0
1012
0
999
999
1000
873
1298
0
1012
0
999
1001
998
1002
952
120
998
998
1009
999
56
1014
1009
0
1000
1184
0
1010
0
1001
1002
999
999
1000
1001
999
1000
1000
1001
14
1000
999
58
988
1011
0
1001
997
1003
999
1001
997
1003
999
1001
997
1003
999
1001
997
1003
999
1001
997
1003
999
1001
997
1003
999
1001
997
1003
999
1001
997
1003
999
1001
997
1003
999
1001
997
1003
81
1052
0
888
1120
0
1014
0
999
999
998
1004
998
102
988
1012
0
1002
996
1004
998
1000
1033
995
844
181
990
1012
0
1002
996
1006
995
1002
996
1005
997
1002
996
1005
997
1002
1047
1088
0
1084
0
1019
1008
0
1002
1000
1000
238
990
1009
0
1002
996
1001
1147
0
1009
0
1001
999
999
1001
999
999
1135
1138
0
1007
0
254
994
1034
1007
0
1001
998
1000
1002
999
999
1093
0
1007
0
1128
0
1096
0
954
1051
0
1177
0
1084
0
1006
0
1001
1000
1001
1000
939
1068
0
789
1216
0
1005
0
1000
1003
999
998
999
38
190
1000
215
1005
1004
0
1000
20
23
1002
0
131
1074
999
1004
0
999
999
1000
1001
1000
999
1001
999
1000
1001
0
1001
1074
1000
1000
1001
999
1000
1000
1001
999
758
1112
932
1009
1189
0
0
0
7
17
0
0
6
14
0
0
1
0
0
0
4
0
0
0
17
0
0
5
12
0
0
7
13
0
0
6
15
0
0
0
6
0
0
10
20
0
3
6
0
0
7
13
0
0
1
10
0
0
0
7
0
0
1
12
0
0
5
13
0
1
8
12
0
3
7
17
0
2
3
0
0
0
5
0
0
4
6
0
0
5
10
0
0
6
10
0
0
8
14
0
0
3
8
0
0
12
11
0
0
9
0
0
4
10
0
0
2
9
0
0
0
4
0
0
2
8
0
0
9
17
0
0
12
19
0
5
11
17
0
0
5
0
0
4
5
0
0
5
14
0
0
2
10
0
0
9
15
0
0
7
13
0
0
2
11
0
0
8
18
0
1
10
0
0
8
8
0
0
2
13
0
0
3
5
0
0
6
11
0
0
2
17
0
1
10
12
0
0
6
14
0
0
8
0
0
2
11
0
0
5
12
0
0
5
13
0
0
5
12
0
1
4
6
0
0
2
13
0
1
6
17
0
0
10
0
0
2
12
0
0
8
10
0
0
0
10
0
0
0
13
0
0
5
14
0
5
13
12
0
2
12
19
0
0
2
0
0
2
12
0
0
5
10
0
0
9
15
0
0
10
9
0
0
2
11
0
0
3
14
0
0
7
19
0
3
9
715
15
248
12
0
0
5
11
0
0
0
9
0
0
5
13
0
0
7
19
0
0
6
15
0
4
7
12
0
0
4
13
0
0
10
0
0
5
11
0
0
8
12
0
0
7
8
0
0
0
9
0
0
5
10
0
0
5
17
0
2
7
18
0
0
10
0
0
0
5
0
0
0
10
0
0
4
14
0
0
7
16
0
0
8
14
0
0
8
12
0
0
4
15
0
5
9
0
0
5
6
0
0
0
10
0
64
155
6
0
0
0
6
0
0
6
11
0
1
3
16
0
0
3
14
0
0
5
0
0
1
4
0
0
0
7
0
0
0
8
0
0
3
12
0
0
4
17
0
1
0
7
0
0
5
12
0
0
7
0
0
0
9
0
0
0
6
0
0
0
7
0
0
1
7
0
0
4
14
0
0
4
14
0
0
4
16
0
0
6
0
0
0
6
0
0
0
4
0
0
2
5
0
0
0
9
0
0
6
9
0
0
1
8
10
676
3
517
19
391
366
783
304
627
824
256
576
972
645
400
317
199
224
167
176
26
7
0
0
2
6
0
0
1
7
0
0
28
8
0
138
22
139
20
0
3
0
0
0
5
0
0
0
1
0
0
0
505
889
451
879
534
0
1908
1878
1966
1936
1745
176
884
841
689
657
1713
1683
827
512
640
953
948
980
866
848
786
616
406
528
971
1267
574
570
882
604
866
1457
1427
886
1667
1637
700
0
6972
6942
6912
6882
6852
7515
7485
7455
506
246
0
13478
13448
13418
13388
13358
13328
13298
13268
13238
13208
13178
13148
13118
13088
620
799
843
978
1383
3658
3628
3598
3568
3880
3850
3820
3790
5083
5053
5023
4993
2971
2402
2372
2342
2674
2644
2614
6830
6800
6770
6740
6710
6680
6650
6801
6771
6741
6711
6681
7980
7950
360
6837
6807
6777
6747
6717
6687
6657
4075
4045
9198
9168
9138
9108
9078
9048
9018
8988
8565
8535
8505
8475
8445
8415
8385
8355
8325
1773
1743
776
536
8180
8150
8120
8090
8060
8030
8000
7970
7940
21903
21873
21843
21813
21783
21753
21723
21693
21663
21633
21603
21573
21543
21513
21483
21453
21423
21393
21363
21333
21303
21273
29100
29070
29040
29010
28980
28950
28920
28890
28860
28830
30645
30615
30585
27347
21864
21834
20108
6775
6745
6715
6432
6402
6372
6342
6312
6282
6252
18980
18950
18920
18890
18860
25734
25704
25674
25644
25614
25584
25554
25524
25494
25464
25434
25404
25374
25344
25314
25284
25254
25224
25194
25164
25134
25757
25727
25697
26648
26618
26588
26558
28672
28642
28612
28582
28552
28522
28492
28462
31584
31554
31524
31494
33104
33074
27622
23651
23621
23854
23824
23794
23764
23734
23704
23674
23644
23614
23584
23554
23524
23494
23464
23434
23404
23374
22575
22545
22515
22485
22455
22425
22395
22365
22335
22305
22275
22245
22215
22185
25286
25256
25226
25196
25166
27821
27791
27761
27731
27701
27671
27641
27611
27581
27551
27521
34659
34629
34599
34569
34539
34509
34479
34449
34419
34389
34632
34602
34572
34542
34512
34482
34452
34422
34392
36291
36261
36231
36201
36171
36141
36111
36081
36051
36021
35991
35961
35931
35901
35871
35841
35811
35781
35751
31059
31029
30999
28629
28599
28569
48492
48462
48432
48402
48372
48342
48312
48282
48252
48222
48192
48162
48132
48102
48072
48042
48012
47982
47952
47922
47892
47862
47832
47802
47772
47742
47712
47682
47652
47622
47592
47562
47532
47502
47472
47442
47412
47382
50170
50140
50110
50080
50050
50020
67341
67311
67281
67251
67221
67191
67161
67131
67101
67071
67041
67011
66981
66951
66921
66891
66861
66831
66801
66771
66741
66711
66681
66651
57783
57753
57723
57693
57663
81859
81829
81799
81769
81739
81709
81679
81649
81619
81589
81559
81529
81499
81469
81439
81409
81379
81349
81319
81289
81259
81229
81199
81169
81139
81109
81079
81049
81019
80989
80959
80929
80899
80869
80839
80809
80779
80749
80719
82664
82634
82604
82574
82544
82514
82484
82454
82424
82394
71757
71727
71697
71667
71637
71607
71577
71547
71517
103759
103729
103699
103669
103639
103609
103579
103549
103519
103489
103459
103429
103399
103369
103339
103309
103279
103249
103219
103189
103159
103129
103099
103069
103039
103009
102979
102949
102919
102889
102859
102829
102799
102769
102739
102709
102679
102649
102619
102589
102559
102529
102499
102469
102439
102409
102379
105399
105369
105339
105309
105279
120609
120579
120549
120519
120489
120459
120429
120399
120369
120339
120309
120279
120249
120219
120189
120159
120129
120099
120069
120039
120009
119979
119949
119919
119889
119859
119829
119799
119769
119739
119709
119679
119649
119619
119589
119559
119529
119499
119469
119439
120015
119985
119955
119925
119895
119865
119835
119805
119775
119745
119715
119685
119655
132344
132314
132284
132254
132224
132194
132164
132134
132104
132074
132044
132014
131984
131954
131924
131894
131864
131834
131804
131774
131744
131714
131684
131654
131624
131594
131605
131575
131545
131515
131485
160205
160175
160145
160115
160085
160055
160025
159995
159965
159935
159905
159875
159845
159815
159785
159755
159756
159757
159758
159728
159698
159668
159638
159608
159578
159579
159580
159581
159582
159583
159584
191811
191812
191813
191814
191815
191816
191817
191818
191819
191820
191821
191822
191823
191824
191825
191826
191827
191828
210689
210659
210629
210599
210569
210539
210509
210479
210449
210419
210389
210359
210329
210299
210269
210239
210209
210179
210149
210119
210089
210059
210029
209999
209969
209939
209909
209879
209849
209819
209789
209759
209729
207395
206870
206871
209267
209268
211219
211220
220437
220438
220439
220440
220441
220442
221460
221461
221462
221463
221464
225395
225396
225397
227271
227272
227446
228446
229446
230446
231446
232446
233446
234446
235446
236446
237446
238446
239446
240446
239493
