0
41000
2000
0
1000
1003
999
0
1999
0
1620
0
381
0
0
0
999
0
1003
0
1
997
0
0
0
0
999
1003
0
996
0
1001
0
0
0
825
0
179
0
996
1000
1999
0
1000
0
0
0
1001
1003
0
981
17
0
0
0
0
998
0
0
0
0
0
0
496
12
502
0
0
0
1003
2997
0
0
1000
1002
0
1004
998
42
122
880
998
1004
997
2001
2997
21
979
0
1000
1004
1001
0
1003
0
1004
1001
996
2996
0
1000
1002
2998
0
1000
0
1001
0
2001
339
1
1001
0
1003
999
144
692
1000
1004
1001
995
1001
1001
300
2995
1000
0
1001
0
1002
1000
1001
999
1000
1000
1000
1000
1001
999
1000
2997
0
1000
1003
0
998
1002
1998
0
151
776
900
104
1002
1998
1000
0
1000
4000
1000
0
0
1000
1002
998
1
368
631
1000
1004
999
1000
997
1003
998
1002
1997
0
2999
1000
0
1
1003
1002
790
1001
0
2999
0
1
1001
1001
0
1001
0
3999
0
0
1000
1005
0
999
997
1000
1001
591
176
1003
0
1002
1000
1000
1000
999
1002
1946
50
2000
3000
1000
0
1000
0
0
1001
0
1002
2001
0
1003
0
1002
1003
994
1000
1001
1002
1997
0
1000
2000
405
0
445
558
318
1781
218
1000
1001
0
1002
998
1003
0
1000
998
1
1004
0
997
1000
1000
1004
997
1002
1001
0
1000
1005
997
1003
997
999
999
1003
1003
1001
1996
1000
1000
1000
1000
1000
0
1001
0
1006
998
335
673
1008
0
997
997
1998
1000
2000
0
1000
1002
1000
0
1003
0
2000
0
695
422
32
991
10
2325
675
0
1001
1002
698
470
210
1007
0
999
928
1005
0
1001
996
1005
1000
1000
998
1001
999
1000
1000
1002
999
1000
1002
998
1001
1000
1001
1002
997
1033
1013
948
2600
0
1433
0
1007
0
1037
964
117
1074
897
1292
1710
0
992
1008
999
999
1001
1002
998
998
1000
999
1001
999
1001
999
1000
1000
1000
1000
1000
999
1001
999
1001
1000
1000
999
1001
999
1001
999
1001
999
1002
999
1000
1000
999
1001
999
1001
1000
1001
999
1000
1003
1001
1000
999
1000
1002
999
1002
998
999
1001
1001
999
1002
999
1001
1000
998
1000
999
1000
999
1000
1003
999
999
999
1000
1002
999
999
999
1002
1000
999
999
1002
1000
999
999
1002
1000
999
999
1002
1000
999
999
1002
1000
1001
997
1002
1000
999
999
1002
1000
999
999
1004
1124
0
996
1008
1001
999
1000
1000
1000
1002
999
998
1001
1001
1001
999
1002
997
1001
1000
1000
410
985
1007
1000
999
1002
1000
1000
999
1001
1000
1000
999
1001
1000
1000
999
1001
999
1000
1001
1000
1000
999
1001
1000
1001
999
1001
999
1000
1000
1000
1002
998
1004
995
1001
1000
1000
1000
999
1003
999
1002
996
1003
1001
998
1000
999
1001
1000
999
1000
1002
999
999
1000
1001
1000
1002
997
1002
999
1000
999
1002
999
999
1000
1001
1000
999
1000
1001
1000
999
1000
1001
1000
999
1000
1001
1000
1002
997
1004
997
1000
999
1003
998
999
1000
1001
1000
999
1000
1001
1003
996
1000
1001
1000
999
1000
1001
1000
999
1002
999
1000
999
1000
1000
1001
999
1000
1000
1001
999
1000
999
1005
997
1000
998
1001
1001
1000
998
1001
1001
999
999
1002
999
1000
999
1002
999
1243
0
992
1011
999
1000
1001
999
1000
1000
999
1000
1000
100
983
1006
1004
1000
1000
1000
999
1003
996
1002
1000
999
1000
1001
998
1002
998
1002
1000
998
1000
1001
998
1001
1002
999
375
987
1002
1005
998
1000
1000
1001
1000
1000
999
1003
998
1001
998
1001
1001
999
1000
1002
998
999
1002
999
1000
1000
1001
999
1000
1001
1000
999
1000
1000
1001
999
1000
1002
999
999
1000
1000
1001
999
1000
1000
1003
997
1000
1000
1002
998
1000
1005
996
1003
996
1000
1000
1000
999
1001
1000
1001
998
1000
1001
1001
998
1004
997
1003
996
1000
1001
1001
998
1000
1001
1001
998
999
1005
998
998
999
1003
1000
998
999
1002
1001
999
999
1001
1001
999
999
1001
1002
998
1002
998
1001
999
998
1002
1000
1002
1000
998
1002
997
1000
1001
1000
999
1000
1002
999
1002
1000
998
1000
999
1000
1001
1000
999
1002
1039
0
1009
1000
1001
1000
999
1000
1001
1000
999
1000
1001
1000
998
1001
1000
1001
999
1001
1000
1003
996
1002
999
999
1002
1000
999
999
1000
1002
999
1000
999
1002
999
999
1000
1002
999
999
1000
1002
999
999
1000
1002
999
999
1000
1004
997
1005
996
1000
1000
998
1002
998
1000
1000
1000
1000
1000
1000
1000
1001
999
1000
1000
1001
999
1000
1000
1001
999
1000
1000
1001
1000
1000
1000
1000
1000
1000
1000
1000
999
1002
999
1000
1000
1001
999
999
1001
1000
999
999
1002
1000
999
999
1001
1001
999
999
1001
1001
998
1001
1000
1001
1001
999
1001
999
999
1001
999
1001
999
1001
999
1001
999
1004
996
1001
999
1001
999
1001
999
1001
999
1001
999
1001
999
1001
999
1002
999
1000
1000
244
987
992
1009
1002
1002
996
1001
1000
1001
998
1000
1001
1001
998
1000
1001
1001
998
52
981
1004
1005
1000
1001
1001
998
1000
1001
1001
998
1000
1001
1001
998
1000
1001
1000
999
1000
1000
1000
1000
1000
1001
999
1002
999
1000
1000
1001
998
1001
1000
1000
999
1001
1000
1000
1000
1001
999
1001
1001
998
1000
1000
1001
999
1000
1000
1000
1001
999
1000
1000
1000
999
1002
998
1000
1000
1001
1000
999
1003
998
1001
998
999
1002
999
1001
999
1000
1000
1001
999
1000
1000
1001
999
1000
1002
999
999
1000
1000
1001
999
1000
1000
1001
1000
999
1002
999
999
1000
1000
1001
999
1000
1000
1001
999
1000
1000
1001
999
1001
1000
1000
999
1000
1000
1001
999
1000
1000
1001
999
1000
1000
1002
998
1000
1000
1001
1000
1003
996
1003
997
1000
1003
998
1000
999
1000
1004
996
1001
1002
998
1000
1001
999
1000
999
1003
996
1001
1000
1001
998
1005
996
1001
999
1000
1000
1000
1000
1110
0
992
1009
1003
998
1000
1000
1000
1000
999
1001
1000
1000
999
1001
1001
999
999
1003
997
1001
1003
998
998
1001
999
1001
999
999
1003
1000
998
999
1001
1000
1000
1000
1001
999
1000
1000
1002
998
1000
1000
1001
999
1001
999
1001
999
1000
1000
1001
999
1000
1000
1001
999
1000
1000
1001
999
1000
1000
1001
1000
1000
1000
1001
1000
1000
999
1000
999
1000
1001
1000
999
1000
1001
1000
999
1000
1001
1000
999
1000
1001
1000
999
1000
1001
1000
999
1001
1000
1000
999
1000
1001
1000
999
1000
1002
999
999
1000
1000
1000
1000
1000
1002
1001
997
1000
1002
999
999
1000
1002
999
999
1000
1002
1201
0
991
1010
1000
1001
998
1000
999
999
1002
999
1002
997
1001
1000
999
1000
1001
999
1000
1000
1001
999
1000
1000
1001
999
1000
1000
1000
1000
1001
998
1021
0
1005
1001
1001
126
991
998
1005
1000
999
1003
998
1000
999
1000
1001
1000
999
1000
1001
999
1000
1000
1000
1001
998
1000
1000
1000
999
1002
999
1000
999
1000
1001
1000
998
1000
1000
1001
1001
999
1000
1000
999
1000
1002
999
999
1000
1001
1001
998
1000
1001
1000
999
1000
1001
1000
1002
997
1001
1000
999
1000
1001
1000
999
1000
1001
1000
1000
1001
999
1000
999
1001
999
1002
998
1001
999
1001
999
1001
999
1005
995
1001
999
1001
1000
1001
998
1001
1001
999
999
1001
998
1001
1001
998
999
999
1000
1001
1000
999
1000
1002
998
1000
1000
1002
998
1000
1001
1000
999
1000
1000
1001
1000
999
1000
1002
998
0
0
0
0
5
0
0
0
0
1
0
0
0
0
0
0
0
6
0
0
0
0
3
0
0
0
0
4
0
0
0
0
0
0
0
7
0
0
0
0
6
0
0
0
0
4
0
0
0
0
3
0
0
0
0
1
0
0
3
0
0
0
0
7
0
0
0
0
0
0
0
0
0
0
0
0
8
0
0
0
0
3
0
0
0
0
4
0
0
0
0
0
0
0
0
0
2
0
0
6
0
0
0
0
6
0
0
0
0
3
0
0
0
0
0
0
0
6
0
0
0
0
1
0
0
0
0
4
0
0
0
0
6
0
0
0
0
3
0
0
6
0
0
0
0
1
0
0
0
0
0
0
0
0
0
2
0
0
10
0
0
0
0
5
0
0
0
0
6
0
0
0
0
1
0
0
0
0
3
0
0
5
0
0
0
0
2
0
0
0
0
2
0
0
0
0
0
0
0
8
0
0
0
0
1
0
0
0
0
2
0
0
0
0
2
0
0
0
0
0
0
0
10
0
0
0
0
0
0
0
0
0
4
0
0
0
0
1
0
0
8
0
0
0
0
6
0
0
0
0
3
0
0
0
0
3
0
0
0
0
0
0
0
6
0
0
0
0
0
0
0
0
0
3
0
0
0
0
4
0
0
7
0
0
0
0
3
0
0
0
0
1
0
1
0
0
0
0
0
0
0
1
0
0
2
0
0
0
0
4
0
0
0
0
4
0
0
0
0
3
0
0
7
0
0
0
0
6
0
0
0
0
0
0
0
0
0
1
0
0
0
0
0
0
0
7
0
0
0
0
5
0
0
0
0
1
0
0
0
0
0
0
0
7
0
0
0
0
4
0
0
0
0
2
0
0
0
0
1
0
0
0
0
0
0
0
10
0
0
0
0
3
0
0
0
0
2
0
0
0
0
1
0
0
6
0
0
0
0
5
0
0
0
0
2
0
0
0
0
3
0
0
0
0
0
0
0
7
0
0
0
0
4
0
0
0
0
0
0
0
0
0
0
0
0
6
0
0
0
0
4
0
0
0
0
1
0
0
0
0
0
0
0
0
0
0
0
0
5
0
0
0
0
4
0
0
0
0
2
0
0
0
0
0
0
0
6
0
0
0
0
3
0
0
0
0
0
0
0
0
0
0
0
0
0
0
0
0
0
4
0
0
0
0
4
0
0
0
0
0
0
543
939
421
486
256
0
330
57
247
477
689
598
498
518
869
644
420
31
1640
1600
2353
2313
2273
199
914
0
20
0
0
4
0
0
0
0
0
0
0
0
0
0
0
0
0
0
1
0
0
5
0
0
0
0
4
0
0
0
358
0
0
4945
4905
4865
4825
4785
3867
460
548
3525
3485
3445
3405
256
0
4909
4869
4829
4789
4749
2755
914
779
890
185
104
53
147
0
524
406
223
574
217
496
299
893
498
57
850
915
777
0
1619
1579
64
92
197
245
279
148
101
4
4
0
0
0
0
3
0
0
0
0
821
0
918
256
0
1518
1478
0
0
2513
2473
2433
0
0
3721
3681
3641
3601
261
239
0
6411
6371
6331
6291
6251
6211
6171
0
4554
4514
4474
4434
4394
137
0
4392
4352
4312
4272
4232
424
1863
1823
595
0
1651
1611
202
305
1211
1171
494
345
283
807
490
361
537
541
584
480
526
1358
1318
21
0
3
0
393
0
0
46
0
0
0
0
1
0
210
680
162
248
265
0
6
0
0
0
215
568
687
688
643
717
893
161
101
0
0
3
0
0
0
0
1
0
0
0
0
0
0
0
8
0
0
0
0
5
0
0
0
0
1
0
0
0
0
0
0
0
5
0
0
0
0
3
0
0
91
174
219
359
235
689
712
405
896
0
1679
1639
979
547
1140
1100
1045
1005
1755
1715
534
476
912
1379
1339
674
346
0
2730
2690
2650
0
789
2411
2371
2331
383
1934
1894
579
395
716
1627
1587
349
361
1793
1753
214
129
2224
2184
2144
546
0
2931
2891
2851
1196
601
1353
1313
2725
2685
2645
569
0
5822
5782
5742
5702
5662
5622
107
725
885
2863
2823
2783
558
1415
1375
773
966
2082
2042
2610
2570
2530
1521
1481
0
7672
7632
7592
7552
7512
7472
7432
7392
180
860
842
899
2876
2836
2796
1949
1909
674
1972
1932
1664
0
7900
7860
7820
7780
7740
7700
7660
7620
7499
7459
7419
4821
1383
1343
0
13526
13486
13446
13406
13366
13326
13286
13246
13206
13166
13126
13086
13046
13006
14049
14050
14051
15512
16531
18256
18257
18682
19682
20682
21682
22682
23682
19599
18537
19459
20280
19310
21176
21177
21178
21784
23134
23848
24850
25161
26161
27161
28161
29161
30161
31161
32161
33161
34161
35161
31938
32938
34723
35160
35938
36938
37938
38938
39938
