0
57000
0
0
0
0
0
0
938
70
0
0
0
0
0
992
1009
0
0
0
991
1003
0
0
997
0
0
0
1004
0
0
0
0
0
999
0
0
1004
0
0
997
0
1550
448
0
0
2000
0
998
0
0
0
0
0
1001
0
0
0
0
0
1003
0
0
0
0
1
999
0
1002
0
998
0
0
997
0
0
0
1001
0
1001
0
998
2001
0
1001
0
800
998
609
664
1002
0
1000
1001
998
1000
1001
0
1006
997
2000
0
1000
1002
0
1002
1000
1001
999
999
999
999
1001
0
1001
1001
1999
998
330
673
998
1001
999
1000
999
1727
273
687
315
1000
1001
998
1359
1177
1000
1
1001
2234
1000
0
1000
1001
0
1000
1000
1002
999
1001
2002
0
1001
0
1002
998
1000
1002
0
1002
1000
999
1000
1000
1001
0
1001
1000
1001
999
907
999
1002
1998
0
1001
0
1004
999
1996
880
125
996
1005
999
1000
467
573
1001
1999
0
1000
1001
1001
0
999
1001
1000
999
1002
0
1003
0
999
1000
1000
1001
998
1000
1000
392
1002
999
999
1001
0
1001
1001
1000
999
1002
1000
1000
1000
1002
0
1001
1314
4
1000
719
285
997
921
996
1000
1003
0
478
996
1001
1000
1000
1002
998
1000
1001
1000
998
1001
1000
1000
1000
1000
999
1000
1000
1004
999
997
1002
1000
1002
1001
0
1001
1002
1999
446
552
2999
0
1000
1005
0
1001
357
994
1002
0
999
927
1007
0
994
1001
1001
1004
2627
2001
0
0
999
1003
0
2002
0
1002
0
285
995
1003
1000
1001
0
1003
1000
1000
309
1000
1000
229
1008
0
997
997
1005
997
997
1001
1001
1001
1176
1000
1002
0
1002
1001
1000
998
730
996
10
997
1001
0
1323
0
1002
0
1001
1002
1001
1000
999
1000
1000
998
1004
999
999
997
1001
1003
999
999
1001
1000
1002
1001
996
1002
97
1004
0
1000
998
1003
1000
997
1003
1003
1000
1002
993
1002
1002
1000
999
1001
313
1153
0
891
400
1001
997
1006
398
269
990
1004
1000
1003
999
1004
998
1001
109
1010
0
1000
92
214
997
1009
1000
996
377
981
671
598
994
1008
505
977
1008
1000
1003
996
1002
1187
0
1252
0
991
276
1000
992
1012
1000
998
1000
1000
1003
995
1002
999
1003
997
1003
999
1001
996
1002
1002
1000
998
1000
999
1003
996
1002
999
1003
996
1002
1256
0
1010
0
1005
99
985
639
1556
0
307
999
992
1010
1000
1277
0
197
990
1003
1005
1000
1000
1001
1326
0
1010
0
1001
1002
998
1000
1000
1000
1000
999
1000
999
62
1000
1008
0
1003
1000
143
1303
0
661
250
219
76
996
1005
1004
761
223
259
179
689
762
249
659
1001
1001
1004
1002
999
998
1001
1243
0
1013
0
997
1000
1000
739
417
362
303
1007
0
737
1171
0
1010
0
999
1002
999
1004
995
1001
1000
1000
1000
1000
1000
999
1000
1001
998
1002
1000
1000
999
1002
998
1001
999
1002
998
1001
724
384
992
1010
999
1001
999
1001
1000
999
1002
999
999
1000
1001
999
1003
997
1002
997
1001
999
1001
551
382
988
119
510
778
695
292
38
114
53
994
585
1169
1000
1010
0
1003
999
999
999
1002
999
1000
998
1003
998
1001
998
1002
1000
1000
998
1002
999
1001
998
1002
999
1001
998
1002
999
1001
998
1002
999
1001
998
1003
1194
0
1012
0
189
982
998
1008
999
1002
998
1001
997
1001
1001
1000
1000
1001
999
1002
998
999
1001
1001
999
999
1001
1002
998
999
1001
1001
998
1000
1000
1001
999
1000
266
197
999
1000
1006
1001
999
1001
1000
1000
998
1001
1000
999
1001
1000
1001
1000
1000
999
1001
1000
285
1190
0
1252
0
799
223
986
165
442
341
79
582
750
270
981
1110
0
1011
0
1002
998
1000
655
36
1003
0
1008
1000
1000
1001
1001
998
998
1003
998
1000
999
206
985
995
265
305
609
998
1008
1001
1002
998
1002
998
1002
997
1002
334
491
995
169
372
684
365
308
238
376
998
1000
1007
1001
295
73
985
1002
681
228
1008
0
1003
1001
1002
996
1002
999
1003
996
1002
1000
1002
996
1002
1000
1005
992
1005
999
1001
996
1003
998
1003
995
1004
998
1003
995
1004
1150
150
238
664
348
295
982
1003
1008
1001
999
1000
1001
998
1001
1000
1000
1000
998
1001
1000
999
1002
1000
1000
276
419
857
486
101
1009
0
996
1007
1000
999
1002
998
1000
999
1001
1001
83
974
1001
1008
1000
1001
1001
997
1281
0
1011
0
999
1000
1001
999
1015
0
1006
1002
1001
1002
999
998
1001
1000
1001
1000
999
1000
289
986
996
1009
1284
0
1012
0
999
1000
1000
999
571
963
1468
0
1009
0
738
521
997
1255
0
1012
0
999
1283
0
1010
0
1002
999
1000
999
1003
1000
997
1000
773
1208
650
385
301
25
224
524
71
1190
0
1009
0
1005
996
1001
998
1003
998
1001
998
1003
997
1001
999
1005
996
999
1000
1007
992
1003
1001
1000
999
998
1001
1001
1002
999
998
1000
1002
997
1003
999
999
999
1001
1001
999
1001
1001
999
1000
1228
0
1010
0
1001
999
999
1001
999
1002
998
1001
999
1002
998
1001
1000
1001
999
1002
998
1265
16
1010
0
1000
1000
1001
999
1001
1000
1000
1000
1314
0
1010
0
999
1001
1001
999
1000
999
1005
996
1003
998
1001
192
1101
694
107
904
1000
716
478
641
186
992
996
1008
496
957
146
1001
0
1010
1001
1000
997
1001
999
318
452
455
486
1045
213
1009
0
1000
1004
998
999
999
1002
999
1000
999
1002
999
406
982
1007
1002
1001
998
1003
211
974
1003
1008
999
1000
998
1003
999
171
984
1004
882
980
1008
461
375
852
875
347
281
740
572
552
1157
0
1009
0
1003
998
1003
996
165
1006
0
1005
1000
1001
1001
996
1005
996
1004
995
1002
1001
1000
997
1002
1245
681
350
992
679
581
995
997
1008
1000
999
1000
1001
1000
999
1000
1001
1000
999
1000
1002
345
1300
0
178
992
1006
1001
1001
1001
1000
999
1001
89
329
993
1008
1002
1000
999
999
429
983
1007
1000
1003
1000
392
1141
0
1271
0
1013
0
997
999
1000
1006
995
1002
998
1003
998
998
1000
1005
662
343
184
1008
0
1002
1004
996
1001
1001
1000
998
1001
999
1003
998
998
1002
1001
998
999
1001
1000
999
1000
1003
1000
997
1002
999
1002
997
1002
256
447
1009
0
1001
1001
998
1002
998
1000
998
1000
1001
1001
1000
998
1002
1001
998
1000
1000
1002
999
999
1002
1000
999
999
1002
1000
747
522
991
1008
1001
999
1001
1000
264
989
995
1009
998
1000
1002
998
607
367
832
551
1410
1000
1007
0
1001
1000
998
1001
1000
1001
997
312
990
730
212
1003
0
1004
232
331
242
874
1000
1003
1001
1000
1001
998
1099
0
614
84
987
88
251
1282
0
1005
0
1000
999
1002
1000
998
999
999
999
1000
1000
1000
1000
0
0
0
3
0
0
0
5
0
0
0
0
5
0
0
0
2
0
0
0
0
0
0
0
0
6
0
0
0
9
0
0
0
4
0
0
0
1
15
0
0
0
0
0
0
0
0
0
0
0
0
15
0
0
1
6
0
0
0
4
0
0
0
0
10
0
0
0
6
0
0
0
8
0
0
0
0
13
0
0
0
11
0
0
0
0
0
0
0
0
6
0
0
0
4
0
0
0
2
0
0
0
0
12
0
0
0
1
0
0
0
0
0
0
0
0
12
0
0
0
8
0
0
0
3
0
0
0
4
10
0
0
0
12
0
0
0
2
0
0
0
0
11
0
0
0
2
0
0
0
3
0
0
0
4
9
0
0
0
6
0
0
0
1
0
0
0
0
10
0
0
0
6
0
0
0
4
0
0
0
1
6
0
0
0
2
0
0
0
2
0
0
0
0
11
0
0
0
6
0
0
0
2
0
0
0
5
9
0
0
0
8
0
0
0
5
0
0
0
0
6
0
0
0
2
0
0
0
0
0
0
0
0
9
0
0
0
10
0
0
0
0
0
0
0
2
10
0
0
0
4
0
0
0
1
0
0
0
0
12
0
0
0
10
0
0
0
0
0
0
0
0
11
0
0
0
10
0
0
0
6
0
0
0
3
14
0
0
0
4
0
0
0
4
0
0
0
0
16
0
0
0
6
0
0
0
3
0
0
0
0
2
0
0
0
3
0
0
0
4
0
0
0
0
13
0
0
0
6
0
0
0
0
0
0
0
0
9
0
0
2
7
0
0
2
0
0
0
0
0
9
0
0
0
4
0
0
0
1
0
0
0
0
17
0
0
0
6
0
0
0
2
0
0
0
0
11
0
0
0
6
0
0
0
0
0
0
0
4
9
0
0
0
0
0
0
0
0
0
0
0
0
14
0
0
0
9
0
0
0
3
0
0
0
0
7
0
0
0
5
0
0
0
4
0
0
0
0
13
0
0
0
8
0
0
0
0
0
0
0
0
10
0
0
0
9
0
0
0
0
0
0
0
0
9
0
0
0
8
0
0
0
0
0
0
0
0
10
0
0
0
12
0
0
0
1
0
0
0
1
7
0
0
0
13
0
0
0
3
0
0
0
0
10
0
0
0
5
0
0
0
0
0
0
0
0
12
0
0
0
6
0
0
0
0
0
0
0
3
6
0
0
0
9
0
0
0
0
0
0
0
0
9
0
0
0
3
0
0
0
2
0
0
0
0
9
0
0
0
8
0
0
0
6
0
0
0
0
11
0
0
0
2
0
0
0
0
0
0
0
0
13
0
0
0
11
0
0
0
5
0
0
0
0
11
0
0
0
3
0
0
0
3
0
0
0
1
15
0
0
0
6
0
0
0
5
0
0
0
0
12
0
0
0
3
0
0
0
3
0
0
0
0
12
0
0
0
4
0
0
0
1
0
0
0
0
9
0
0
0
2
0
0
0
0
0
0
0
0
11
0
0
0
7
0
0
0
0
0
0
0
0
6
0
0
0
10
0
0
0
3
0
0
0
0
9
0
0
0
5
0
0
0
3
0
0
0
0
15
0
0
0
7
0
0
0
1
0
0
0
0
7
0
0
0
13
0
0
0
5
0
0
0
0
11
0
0
0
7
0
0
0
2
0
0
0
0
13
0
0
0
5
0
0
0
0
0
0
0
3
9
0
0
0
1
0
0
0
8
0
0
0
0
14
0
0
0
7
0
0
0
0
0
0
0
0
6
0
0
0
8
0
0
0
4
0
0
0
0
8
0
0
0
6
0
0
0
0
0
0
0
0
12
0
0
0
5
0
0
0
1
0
0
0
0
7
0
0
0
7
0
0
0
0
0
0
0
0
10
0
0
0
6
0
0
0
2
0
0
0
0
12
0
0
0
6
0
0
0
0
0
0
0
0
11
0
0
0
6
0
0
0
4
0
0
0
3
12
0
0
0
4
0
0
0
3
0
0
0
0
5
0
0
0
5
0
0
0
0
0
0
0
0
12
0
0
0
6
0
0
0
0
0
0
0
0
13
0
0
0
11
0
0
0
0
0
0
0
0
9
0
0
0
5
0
0
0
8
0
0
0
0
11
0
0
0
4
0
0
0
0
0
0
0
0
16
0
0
0
5
0
0
0
8
0
0
0
2
11
0
0
0
4
0
0
0
0
0
0
0
0
10
0
0
0
10
0
0
0
0
0
0
0
0
10
0
0
0
9
0
0
0
0
0
0
0
0
11
0
0
0
4
0
0
0
9
0
0
0
0
11
0
0
0
9
0
0
0
0
0
0
0
0
11
0
0
0
3
0
0
0
0
0
0
0
0
10
0
0
0
5
0
0
0
0
0
0
0
0
12
0
0
0
8
0
0
0
5
0
0
0
0
10
0
0
0
15
0
0
0
6
0
0
0
0
8
0
0
0
1
0
0
0
0
0
0
0
0
12
0
0
0
7
0
0
0
1
0
0
0
0
5
0
0
0
6
0
0
0
1
0
0
0
0
11
0
0
0
7
0
0
0
0
0
0
0
0
7
0
0
0
9
0
0
0
1
0
0
0
1
13
0
0
0
12
0
0
0
1
0
0
0
0
6
0
0
0
9
0
0
0
6
0
0
0
0
8
0
0
0
3
0
0
0
5
0
0
0
0
11
0
0
0
4
0
0
0
3
0
0
0
0
9
0
0
0
4
0
0
0
1
0
0
0
0
8
0
0
0
6
0
0
0
0
0
0
0
0
13
0
0
0
4
0
0
0
0
0
0
0
0
10
0
0
0
5
0
0
0
3
0
0
0
1
8
0
0
0
1
0
0
0
10
0
0
0
0
12
0
0
0
11
0
0
0
0
0
0
0
0
5
0
0
0
9
0
0
0
0
0
0
0
0
11
0
0
0
4
0
0
0
2
0
0
0
0
5
0
0
0
6
0
0
0
1
0
0
0
0
10
0
0
0
5
0
0
0
0
0
0
0
0
9
0
0
0
5
0
0
0
3
0
0
0
0
10
0
0
0
11
0
0
0
6
0
0
0
3
9
0
0
0
14
0
0
0
3
0
0
0
2
8
0
0
0
8
0
0
0
2
0
0
0
0
11
0
0
0
4
0
0
0
8
0
0
0
0
15
0
0
0
7
0
0
0
0
0
0
0
0
11
0
0
0
15
0
0
0
0
0
0
0
0
6
0
0
0
3
0
0
0
0
0
0
0
0
9
0
0
0
0
0
0
0
2
0
0
0
0
8
0
0
0
5
0
0
0
0
0
0
0
3
13
0
0
0
5
0
0
0
0
0
0
0
0
12
0
0
0
7
0
0
0
0
0
0
0
0
10
0
0
0
0
0
0
0
4
0
0
0
0
11
0
0
0
6
0
0
0
2
0
0
0
1
7
0
0
0
0
0
0
0
4
0
0
0
0
12
0
0
0
5
0
0
0
4
0
0
0
0
9
0
0
0
6
0
0
0
0
0
0
0
3
10
0
0
0
9
0
0
0
1
0
0
0
0
9
0
0
0
8
0
0
0
3
0
0
0
0
7
0
0
0
7
0
0
0
1
0
0
0
0
14
0
0
0
0
0
0
0
4
0
0
0
1
9
0
0
0
4
0
0
0
5
0
0
0
0
10
0
0
0
11
0
0
0
0
0
0
0
0
10
0
0
0
7
0
0
0
0
0
0
0
0
16
0
0
0
4
0
0
0
1
0
0
0
0
14
0
0
0
5
0
0
0
5
0
0
0
0
11
0
0
0
9
0
546
1072
1759
1669
1682
2211
2175
2290
2560
3298
3833
4570
4742
5323
6010
6700
7178
8126
8866
9868
10866
11866
