0
52000
0
0
0
1000
0
1004
0
0
997
0
1001
0
753
0
247
0
473
528
0
0
0
0
0
0
0
0
997
1
1006
0
874
122
997
0
0
1000
0
1002
0
0
1000
0
0
1001
0
0
0
0
999
77
925
0
0
0
2000
996
0
0
1002
0
0
1001
0
0
0
0
0
842
165
0
992
1001
0
0
997
1002
0
1003
1003
1993
0
1
1001
1001
1003
2994
0
1000
2000
1000
0
1001
0
1000
1002
998
1002
1001
1004
0
998
821
1002
999
999
1000
1001
0
135
361
1004
1
1001
995
1002
1002
2995
1000
1000
0
1001
0
1002
2001
0
329
999
2001
0
1001
999
1000
1700
1
1299
0
1003
1998
0
0
1003
0
1002
997
1002
1000
2996
0
1000
4000
0
0
1000
0
3000
1000
0
0
1
1003
1
1001
997
1001
1001
997
1999
1000
1000
865
138
998
1001
1001
1999
0
1002
0
1001
1000
998
1001
1003
0
2000
997
1003
0
1001
1003
999
995
1003
998
2997
3000
0
0
1000
0
1002
0
1002
999
999
999
1000
1000
1001
1004
0
2004
996
1000
0
1000
1
1001
1001
1001
999
1002
999
1996
1000
1000
2002
897
0
1002
0
2004
996
0
1000
1001
2999
0
0
1
1005
0
1004
994
999
144
1000
1002
1000
998
695
1000
1001
0
1002
336
1001
0
1004
1000
1001
1002
0
999
1002
999
1132
869
1003
0
1000
1005
659
1002
0
1002
999
1004
1000
1994
1978
1021
1000
0
1001
0
1004
998
2001
0
63
332
674
1003
998
1000
0
1003
0
998
1001
1002
998
1004
1001
0
1003
0
1006
995
997
1002
999
1005
0
110
98
784
2001
0
999
619
270
999
1001
0
215
1006
0
996
1001
1001
999
1002
1003
1003
998
1001
1003
999
1201
1000
1007
0
1000
998
1001
1001
998
999
1003
1000
1000
1000
999
1001
1000
998
1002
1000
1001
999
1002
1001
999
998
1002
1000
1002
998
1002
999
998
1001
999
1000
1000
1002
1000
1000
1000
999
998
1000
1001
1001
999
1000
1060
0
1007
0
1004
1001
997
1000
1002
1001
997
1002
998
1002
1000
1000
1000
1003
995
1002
1000
1000
998
1002
998
1001
1001
998
1002
1001
997
1254
0
1010
0
1000
998
1003
1000
999
1000
1001
999
999
1000
1003
999
24
999
997
1005
999
999
1001
1001
999
999
1001
1003
997
999
1001
1001
999
999
1005
997
1170
0
1011
0
999
1001
1000
1000
999
1000
1001
999
1000
999
609
1065
1000
1009
0
1003
999
1000
999
1002
998
1000
999
13
999
996
1006
998
999
1001
1000
1004
995
1003
1000
85
982
1003
1004
1003
998
999
1000
1000
1000
1002
999
999
999
1001
1001
999
637
982
1008
1000
1002
998
1001
1000
1000
1001
1000
998
1057
0
1009
0
1001
1000
1000
1000
1002
998
1000
999
1001
1000
1144
0
1011
0
1001
996
1002
1003
998
999
1000
1000
1000
1000
1000
1000
1001
998
1001
1000
1000
999
1001
1000
1000
998
1009
993
1000
1003
999
997
1001
998
1004
997
1001
1128
0
1012
0
996
1004
997
1001
1000
1002
999
1000
997
1004
997
1005
994
1003
998
1000
999
1005
996
1000
999
1003
998
1000
1000
1002
997
1001
1001
1001
997
1004
997
1002
997
1001
1000
1002
997
1001
1001
1000
999
1000
1000
1002
998
1000
1001
998
1004
999
999
998
1001
1000
1001
998
1001
1000
1001
998
1002
1001
999
998
1004
998
1001
997
1003
999
1001
997
1002
1000
1000
998
1001
1001
1000
1002
997
1005
998
996
1001
1024
0
997
1002
1003
999
999
999
1001
1001
999
1000
1000
1000
1001
999
1003
997
304
980
1007
1002
1000
1000
1001
1118
0
1011
0
1094
0
1011
0
1001
1002
996
1001
1000
1001
997
1002
1001
1000
999
1000
1000
1001
997
1004
998
1001
997
1002
999
1001
998
1002
999
1001
1002
1003
993
1002
998
1001
1188
0
1010
0
1000
1002
997
1001
1000
1002
998
1000
998
1003
1001
998
999
1001
999
1001
999
1002
997
1002
1001
998
1000
1001
999
1000
999
1002
999
1002
1000
999
999
1000
1000
1000
1002
999
998
1001
1002
999
999
1000
1000
1000
1001
1000
999
999
1002
999
1001
1001
1001
1001
999
997
1001
1000
1000
1000
1000
1000
999
1003
998
1001
999
1003
1001
997
999
1006
993
1002
1001
1001
997
1001
1000
1004
997
999
999
1003
999
999
998
1007
995
1000
997
1007
996
1000
997
1005
998
1000
998
1005
997
1000
997
1006
997
1002
995
102
985
995
1008
1001
1000
1000
998
1002
1000
1000
999
1001
999
1000
1002
997
1002
1000
1001
998
1000
1002
1179
0
988
751
1268
0
1010
0
1001
999
1000
1000
999
999
1003
1002
997
999
1001
1000
1002
1000
999
999
1000
999
1001
999
1000
1000
1001
1000
999
1002
999
1000
999
1001
1000
1000
999
1001
999
1001
999
1002
998
1001
999
1002
1003
1001
994
1002
1000
999
999
1001
999
1003
997
1001
999
1001
1002
997
1000
1002
999
1000
1000
1001
999
1062
106
992
1006
1001
1002
1000
1000
999
999
1001
1003
1000
997
1000
1002
1003
996
999
1001
999
951
1320
0
1009
0
1001
1003
999
998
1000
1002
998
923
151
998
1010
0
1000
1000
1000
998
1002
1000
59
980
999
1008
1003
1280
0
1009
0
1003
998
245
987
996
83
988
995
1010
998
1000
1001
999
1001
1000
999
953
83
1316
1000
1010
0
1001
1000
999
1000
1000
1000
1001
1001
1003
997
1002
999
12
1001
998
1002
999
1002
998
1004
997
999
1003
997
999
1002
1003
996
999
1001
1001
1147
0
1010
0
1000
1001
1000
1000
1001
999
1000
1179
0
1009
0
1001
1001
998
1003
1000
998
999
1002
1001
998
999
1001
1000
1002
996
1006
997
1001
996
1004
997
1001
998
1006
997
999
998
1004
997
1002
1001
1000
997
1001
1000
1002
997
1003
996
1005
996
1001
998
1004
996
1004
999
1000
999
1003
995
1003
999
999
1001
1001
999
1002
996
1003
70
984
1000
1006
997
1001
1000
1002
999
999
1002
999
1094
0
1009
0
1000
1001
1000
998
1001
1000
1001
998
1001
1002
999
998
1001
41
1003
0
1006
1002
999
998
1001
1001
1000
1000
999
1001
1001
998
1000
1001
1000
998
1001
1001
1000
998
1034
0
994
1001
999
1001
1000
1001
998
1004
999
998
999
1002
1000
999
1000
1002
998
1001
999
1003
997
1001
999
1002
998
1000
1001
1000
1002
445
978
1011
999
1002
998
1000
1000
1003
997
1000
1000
1001
997
1002
1000
1001
997
1004
998
1001
999
1000
1000
1001
997
1002
999
1001
998
1004
996
1002
998
1008
992
1002
998
1001
999
1002
999
1002
997
1005
995
1003
998
1001
999
1000
998
1002
1000
999
998
1001
1000
999
1003
997
999
1001
1000
1000
998
1000
1004
996
1000
1000
1000
999
27
1004
0
1000
1002
997
1002
1008
19
1002
0
1000
1001
1000
1000
999
1001
1000
999
1000
1000
999
1001
1000
93
999
1002
0
999
1000
1001
999
1000
1000
1001
999
1000
1000
1001
999
1000
1000
1001
999
1000
1000
1001
999
1000
1001
1000
1000
0
6
5
5
7
6
8
8
7
10
3
7
3
4
5
4
6
0
4
4
2
5
3
7
1
3
6
9
3
10
10
3
8
6
13
4
9
7
3
9
6
2
5
5
4
3
7
4
11
7
10
13
8
8
8
8
12
6
7
10
8
7
6
4
8
2
6
4
7
12
6
8
2
7
8
10
5
8
9
6
9
6
8
9
5
7
2
3
8
2
5
11
13
4
6
7
8
7
6
4
7
5
4
8
5
7
6
7
3
7
4
7
2
3
10
8
8
7
6
6
7
10
6
9
9
8
10
6
8
5
5
6
8
7
7
9
13
8
3
8
7
8
4
7
10
6
13
5
8
6
5
6
5
7
6
7
8
6
5
10
7
14
9
4
12
3
11
4
4
6
5
3
5
6
11
8
8
4
9
8
4
7
11
4
11
8
9
6
10
8
7
4
4
7
8
6
11
14
6
2
6
5
8
7
8
10
7
9
4
5
4
6
5
9
4
8
5
4
7
4
8
8
7
11
9
8
6
5
9
6
7
8
3
10
6
3
7
6
8
3
8
9
9
7
6
3
10
10
6
5
9
7
8
5
4
7
9
6
5
8
7
11
7
6
8
12
8
4
3
4
10
8
3
5
6
2
8
4
9
2
13
9
13
7
14
2
8
16
2
12
7
5
9
5
6
4
5
6
6
4
10
8
8
8
9
8
9
6
6
7
6
12
2
4
7
4
6
3
3
5
5
4
11
9
3
11
8
11
7
7
4
6
3
9
3
10
6
5
7
5
7
7
9
7
6
7
7
7
5
11
11
6
10
8
5
3
3
9
8
6
7
7
6
9
9
7
5
5
9
9
8
6
8
8
4
12
9
9
3
5
3
6
8
4
3
8
9
10
7
4
10
10
6
9
6
13
6
8
4
5
9
6
7
9
6
7
4
6
9
5
7
11
9
6
9
6
3
8
3
4
7
6
4
8
8
9
8
7
8
4
6
6
8
5
5
8
9
5
13
5
8
8
8
6
8
9
8
7
7
3
9
8
9
8
5
5
10
10
8
4
6
6
13
3
10
4
14
5
7
5
5
9
11
7
10
10
8
7
10
6
8
7
8
3
4
3
6
9
10
9
8
13
6
6
9
7
11
4
8
8
7
7
4
11
6
8
3
4
8
5
5
6
5
7
4
11
11
11
3
4
5
3
6
2
4
6
7
7
6
6
13
2
5
5
5
7
7
10
4
12
9
9
3
7
4
3
9
7
4
9
9
4
6
6
3
10
7
6
10
4
5
12
6
9
11
5
7
9
3
13
6
11
8
5
5
5
7
5
7
9
9
12
10
8
6
6
5
7
6
6
5
6
9
9
6
7
10
7
6
9
8
5
5
7
9
5
7
3
7
7
4
6
8
5
6
8
9
9
11
10
3
6
6
9
4
3
7
5
7
6
5
6
7
5
7
7
8
10
4
6
9
8
3
7
7
10
6
9
10
10
4
9
7
8
6
9
10
11
9
5
6
4
6
6
11
7
5
3
6
15
3
6
4
9
7
6
8
10
7
4
13
8
4
3
10
7
6
4
8
6
10
5
7
5
10
7
8
4
11
4
7
5
10
7
11
3
3
7
8
5
4
5
7
8
5
9
4
6
4
6
10
5
7
8
7
2
5
4
7
5
7
6
12
4
7
8
8
7
5
13
10
9
5
4
2
5
4
10
8
12
5
4
5
2
4
7
9
4
9
4
8
7
7
6
9
12
3
5
6
9
4
5
5
8
6
12
6
8
4
7
4
8
8
6
7
4
6
10
11
10
7
9
4
8
2
8
11
5
8
4
7
12
5
5
5
3
5
7
7
6
5
9
12
6
8
3
7
6
7
4
7
11
5
3
3
5
3
5
5
5
5
8
7
7
4
11
4
10
6
8
5
3
6
7
5
0
5
3
4
7
2
7
3
8
3
6
9
5
10
7
5
10
4
5
2
3
6
4
6
11
8
13
7
9
6
6
3
6
9
7
10
4
3
5
2
8
6
6
11
5
8
7
8
4
6
4
9
3
7
7
6
9
6
11
10
6
6
3
12
5
6
12
6
3
7
6
5
4
2
7
7
5
4
6
5
11
8
11
7
8
4
4
10
5
4
4
10
5
5
7
4
10
5
8
7
6
9
7
4
6
3
9
3
4
6
4
6
5
6
10
5
8
9
4
11
9
7
6
11
5
10
13
2
4
4
6
7
7
6
4
5
8
5
7
11
5
4
3
7
3
5
6
6
5
5
6
6
7
9
8
8
7
8
11
7
6
13
5
9
6
8
8
7
6
6
10
7
6
7
8
7
4
9
5
9
10
4
5
9
3
2
10
3
6
4
5
6
4
9
6
10
7
11
9
7
4
6
9
4
7
8
6
6
3
5
8
4
4
7
8
11
14
5
5
7
9
9
5
8
4
9
7
5
6
6
3
4
10
7
5
8
5
10
4
7
7
6
4
4
4
9
4
7
6
4
5
5
4
9
7
5
7
9
4
8
1
9
7
5
7
8
9
4
5
2
8
5
5
6
4
5
10
10
4
8
10
2
7
8
6
8
6
12
8
6
5
3
7
12
8
6
5
3
5
8
6
10
6
3
2
5
6
2
4
7
8
7
10
7
9
6
5
6
9
7
6
3
6
11
7
8
4
6
3
7
6
5
3
12
2
9
7
4
4
6
5
4
6
5
6
9
6
5
7
3
10
7
8
5
2
4
7
10
5
6
8
4
7
9
7
3
8
6
6
7
7
1
7
13
7
7
7
8
6
7
8
5
3
5
3
4
8
2
5
7
4
3
4
7
8
9
8
7
4
3
3
4
9
6
7
3
10
4
10
7
5
5
6
11
9
7
7
8
7
5
5
14
6
8
7
9
5
2
5
5
6
6
6
5
5
8
8
6
7
5
6
9
6
8
9
3
4
5
4
6
5
2
6
9
2
9
10
8
6
7
2
9
3
5
7
9
7
7
8
6
5
7
8
6
5
6
10
4
8
8
7
9
6
4
4
4
5
9
5
7
4
4
7
3
10
3
6
8
8
12
9
7
5
6
5
6
5
5
6
9
4
8
4
5
7
4
8
9
5
4
2
10
6
11
7
6
9
6
4
8
3
7
10
4
11
9
7
7
7
7
3
6
4
9
6
9
5
11
4
9
8
8
7
9
11
202
1198
2198
3198
4198
5198
6198
7198
88
249
848
1548
2348
3098
3948
4948
5948
6948
6698
7698
2603
